2.457546871495999862e+06 2.644670714745345322e+04 1.386343058883674360e+02
2.457546871501940768e+06 2.604777109015241513e+04 1.377680801690462715e+02
2.457546871507881675e+06 2.621819861539898557e+04 1.381764271819168926e+02
2.457546871513822582e+06 2.619767210846501985e+04 1.380949530363275244e+02
2.457546871519763488e+06 2.609978633574341438e+04 1.378646916369920348e+02
2.457546871525704395e+06 2.614984690068190685e+04 1.379775984203691905e+02
2.457546871531644836e+06 2.602558100843285501e+04 1.376760874764379423e+02
2.457546871537585743e+06 2.608319858562067384e+04 1.378286117720497543e+02
2.457546871543526649e+06 2.635135899551541661e+04 1.384153924582256820e+02
2.457546871549467556e+06 2.618543955527067010e+04 1.380263033339767276e+02
2.457546871555408463e+06 2.635126253376135719e+04 1.384345118026996033e+02
2.457546871561349370e+06 2.611588452429970857e+04 1.379203658719629573e+02
2.457546871567290276e+06 2.609469973129226491e+04 1.378911639139332692e+02
2.457546871573231183e+06 2.593683735412403621e+04 1.374913983369594348e+02
2.457546871579172090e+06 2.587587688684179375e+04 1.373351695538248123e+02
2.457546871585112996e+06 2.586783033010699364e+04 1.373512027818402146e+02
2.457546871591053437e+06 2.600598046225016151e+04 1.376245366698065595e+02
2.457546871596994344e+06 2.627539556782260843e+04 1.382376680307164918e+02
2.457546871602935251e+06 2.633861008140368722e+04 1.383936785565237244e+02
2.457546871608876158e+06 2.588645260236782633e+04 1.373616403539066084e+02
2.457546871614817064e+06 2.582867694800821846e+04 1.372762028640420056e+02
2.457546871620757971e+06 2.648917043434173320e+04 1.387581144606766088e+02
2.457546871626698878e+06 2.664770096758370710e+04 1.391171804022633296e+02
2.457546871632639784e+06 2.644993235598475803e+04 1.386732816732269953e+02
2.457546871638580691e+06 2.642234280793947983e+04 1.385851483407816147e+02
2.457546871644521598e+06 2.626574825683485324e+04 1.382416953830308159e+02
2.457546871650462504e+06 2.635384459358044842e+04 1.384368459086218479e+02
2.457546871656402946e+06 2.606192024928527098e+04 1.377993316654508362e+02
2.457546871662343852e+06 2.593330048172846000e+04 1.374829628251556812e+02
2.457546871668284759e+06 2.638543455398738297e+04 1.385312541597464531e+02
2.457546871674225666e+06 2.621768155786551506e+04 1.381677213551493537e+02
2.457546871680166572e+06 2.596622107372894243e+04 1.375754087782200656e+02
2.457546871686107479e+06 2.596709031676414452e+04 1.375855899069772477e+02
2.457546871692048386e+06 2.615027139836559581e+04 1.380246240368408621e+02
2.457546871697989292e+06 2.610774582967533570e+04 1.378963534909018165e+02
2.457546871703930199e+06 2.613852408087030199e+04 1.379261725400790795e+02
2.457546871709871106e+06 2.627354750903623426e+04 1.382465275252014294e+02
2.457546871715812013e+06 2.590267967393363142e+04 1.373896146192576566e+02
2.457546871721752454e+06 2.623275297669788779e+04 1.381780093575735862e+02
2.457546871727693360e+06 2.634928919189202134e+04 1.384193011930977661e+02
2.457546871733634267e+06 2.659996509705458448e+04 1.389783309267118909e+02
2.457546871739575174e+06 2.620299031766354165e+04 1.381783499913077264e+02
2.457546871745516080e+06 2.590194651421392700e+04 1.373680668913830516e+02
2.457546871751456987e+06 2.592195619964889920e+04 1.374242410685129983e+02
2.457546871757397894e+06 2.634324029204209728e+04 1.383778595699897096e+02
2.457546871763338801e+06 2.612988027533469358e+04 1.379590965509863167e+02
2.457546871769279707e+06 2.619161460037645884e+04 1.380950633254604725e+02
2.457546871775220614e+06 2.589258575195231970e+04 1.374140298959414679e+02
2.457546871781161055e+06 2.586559768553699905e+04 1.373307901796103181e+02
2.457546871787101962e+06 2.613493592583047575e+04 1.379712583523083254e+02
2.457546871793042868e+06 2.610105558530882263e+04 1.378260760049037685e+02
2.457546871798983775e+06 2.612259901369525323e+04 1.378871028302079651e+02
2.457546871804924682e+06 2.599024526161983886e+04 1.375663557600300635e+02
2.457546871810865588e+06 2.606495529088139665e+04 1.377844492300427248e+02
2.457546871816806495e+06 2.638483741851770901e+04 1.384972632106169499e+02
2.457546871822747402e+06 2.625131521844279632e+04 1.382317879158863150e+02
2.457546871828688309e+06 2.553084863402172050e+04 1.365112589792903748e+02
2.457546871834629215e+06 2.594767127448316751e+04 1.375308181662433924e+02
2.457546871840570122e+06 2.617550200149602097e+04 1.380792565355468469e+02
2.457546871846510563e+06 2.595216612442161568e+04 1.375662309406222334e+02
2.457546871852451470e+06 2.605581645896664122e+04 1.378296047793598689e+02
2.457546871858392376e+06 2.588604100874741562e+04 1.374302129378671395e+02
2.457546871864333283e+06 2.595008062993075509e+04 1.375384923513026081e+02
2.457546871870274190e+06 2.593822037847328102e+04 1.375169036223531975e+02
2.457546871876215097e+06 2.592866486243319741e+04 1.374880514763154338e+02
2.457546871882156003e+06 2.583434848701962619e+04 1.372992933347609892e+02
2.457546871888096910e+06 2.604955587893511984e+04 1.377770407488695241e+02
2.457546871894037817e+06 2.627074437998517169e+04 1.382530441289497389e+02
2.457546871899978723e+06 2.605978623291747863e+04 1.377664310126696137e+02
2.457546871905919630e+06 2.608714105334686610e+04 1.378355575016898058e+02
2.457546871911860071e+06 2.617582101924348899e+04 1.380836927913364605e+02
2.457546871917800978e+06 2.607520993928413009e+04 1.378488372837825864e+02
2.457546871923741885e+06 2.631550424204979208e+04 1.383445752200907748e+02
2.457546871929682791e+06 2.615289426853546320e+04 1.380724770675687694e+02
2.457546871935623698e+06 2.624824435621562588e+04 1.382393364086605061e+02
2.457546871941564605e+06 2.632288725604469437e+04 1.383933190868947349e+02
2.457546871947505511e+06 2.599521433755616090e+04 1.376461246287146025e+02
2.457546871953446418e+06 2.608509403682428820e+04 1.378621270285270555e+02
2.457546871959387325e+06 2.634619905232372548e+04 1.384449800637668488e+02
2.457546871965328231e+06 2.585391455323774062e+04 1.372797864246503252e+02
2.457546871971268672e+06 2.606861292474172660e+04 1.378430691501631316e+02
2.457546871977209579e+06 2.619492896269250559e+04 1.381281397875096104e+02
2.457546871983150486e+06 2.573494185572133574e+04 1.370734116366623994e+02
2.457546871989091393e+06 2.613037109771766700e+04 1.380011253626972803e+02
2.457546871995032299e+06 2.629645855274072164e+04 1.383802454553452321e+02
2.457546872000973206e+06 2.597046143594683963e+04 1.375757474842030774e+02
2.457546872006914113e+06 2.605403857470976800e+04 1.377923413796954151e+02
2.457546872012855019e+06 2.625699777909704426e+04 1.382681197756729716e+02
2.457546872018795926e+06 2.594415342895815775e+04 1.375515115126247565e+02
2.457546872024736833e+06 2.571801633862122617e+04 1.370202376837701479e+02
2.457546872030677740e+06 2.614093257731947233e+04 1.379654203250161686e+02
2.457546872036618181e+06 2.648447512376911254e+04 1.387910571638988415e+02
2.457546872042559087e+06 2.633697346502579603e+04 1.384647007577372619e+02
2.457546872048499994e+06 2.609166031946404109e+04 1.378824392656356110e+02
2.457546872054440901e+06 2.576813300367804914e+04 1.371314042413083314e+02
2.457546872060381807e+06 2.619563525628715433e+04 1.381391522067213486e+02
2.457546872066322714e+06 2.605103680354277094e+04 1.377600147763931773e+02
2.457546872072263621e+06 2.609035617881899088e+04 1.378212251530126480e+02
2.457546872078204527e+06 2.552081032829928881e+04 1.365889593285682224e+02
2.457546872084145434e+06 2.465894988672123873e+04 1.345263254054213746e+02
2.457546872090086341e+06 2.401429198606570571e+04 1.330159140439232885e+02
2.457546872096027248e+06 2.396488399728411241e+04 1.328978831537822600e+02
2.457546872101967689e+06 2.415182232435002516e+04 1.333009132488677437e+02
2.457546872107908595e+06 2.405202730240816163e+04 1.331174093575197617e+02
2.457546872113849502e+06 2.399614819515452473e+04 1.329555901375184703e+02
2.457546872119790409e+06 2.393047511519046020e+04 1.328195558083104686e+02
2.457546872125731315e+06 2.397373569484465042e+04 1.328980743279971364e+02
2.457546872131672222e+06 2.391151300537746283e+04 1.327236931997096576e+02
2.457546872137613129e+06 2.443262465838050412e+04 1.340102525038126089e+02
2.457546872143554036e+06 2.425837165893351266e+04 1.335719401239018680e+02
2.457546872149494942e+06 2.425533642831292309e+04 1.330320912909311062e+02
2.457546872155435849e+06 2.477397766724544999e+04 1.334913372714527213e+02
2.457546872161376290e+06 2.491253247552146058e+04 1.329387807323497270e+02
2.457546872167317197e+06 2.525408763066912434e+04 1.329976940333252173e+02
2.457546872173258103e+06 2.474553484705448136e+04 1.310485674772739060e+02
2.457546872179199010e+06 1.965164034773651656e+04 1.179170159322781473e+02
2.457546872185139917e+06 1.376083832214619360e+04 1.007941640756620245e+02
2.457546872191080824e+06 7.744367642299596810e+03 7.959354137797440387e+01
