5.730822304230000009e+04 1.067217582954368700e+05 3.244869798245163111e+02
5.730822304344335862e+04 1.080863206152822822e+05 3.250981813226119925e+02
5.730822304458671715e+04 1.094677439419240691e+05 3.253574165050043803e+02
5.730822304573007568e+04 1.103941053399931698e+05 3.256267321216012078e+02
5.730822304687343421e+04 1.112836737230252475e+05 3.265892989219818219e+02
5.730822304801679275e+04 1.099586151307013497e+05 3.258726830049682803e+02
5.730822304916015128e+04 1.108833972497918876e+05 3.265637479566628940e+02
5.730822305030350981e+04 1.123671756483470526e+05 3.274766924004048860e+02
5.730822305144686834e+04 1.113716113513855089e+05 3.275536755217859763e+02
5.730822305259022687e+04 1.107384751796612691e+05 3.286545444778176943e+02
5.730822305373358540e+04 1.095068992220542859e+05 3.286391766499800724e+02
5.730822305487694393e+04 1.100856548830735992e+05 3.285518325907773942e+02
5.730822305602030247e+04 1.119165765314472665e+05 3.294922970311467907e+02
5.730822305716366100e+04 1.117160438906607742e+05 3.296177234585485394e+02
5.730822305830701953e+04 1.135126887610513513e+05 3.298460085605274230e+02
5.730822305945037806e+04 1.159408338751466654e+05 3.293997704896510186e+02
5.730822306059373659e+04 1.196063162449661177e+05 3.289884201182876495e+02
5.730822306173709512e+04 1.215180469444023474e+05 3.290123365509992368e+02
5.730822306288045365e+04 1.225786724212804547e+05 3.294271927122056809e+02
5.730822306402381219e+04 1.220501869526694354e+05 3.297017784861080827e+02
5.730822306516717072e+04 1.222862770634948101e+05 3.302148766984636268e+02
5.730822306631052925e+04 1.229443783664715156e+05 3.310611247672948139e+02
5.730822306745388778e+04 1.220910166595886694e+05 3.307094819775190899e+02
5.730822306859724631e+04 1.237083027923941700e+05 3.308453943558542960e+02
5.730822306974060484e+04 1.241907072459744813e+05 3.310209480612555808e+02
5.730822307088396337e+04 1.252035292169127497e+05 3.323735515411484585e+02
5.730822307202732190e+04 1.236242930045029498e+05 3.328119384104873006e+02
5.730822307317068044e+04 1.239852317585799319e+05 3.323684503670565960e+02
5.730822307431403897e+04 1.274615338024342491e+05 3.330516843404917608e+02
5.730822307545739750e+04 1.269231452705312986e+05 3.333488906351529977e+02
5.730822307660075603e+04 1.268098775840468297e+05 3.335386156033882230e+02
5.730822307774411456e+04 1.252586519710729917e+05 3.337752661601550699e+02
5.730822307888747309e+04 1.244808414535925112e+05 3.329533956802087573e+02
5.730822308003083162e+04 1.263204077246645757e+05 3.331051282794618373e+02
5.730822308117419016e+04 1.258906348389537307e+05 3.326902953986096918e+02
5.730822308231754869e+04 1.259583790452354588e+05 3.328114791981387270e+02
5.730822308346090722e+04 1.266560201785238169e+05 3.346372571961684343e+02
5.730822308460426575e+04 1.255248558796918660e+05 3.340187693352195879e+02
5.730822308574762428e+04 1.255859103897504683e+05 3.344285224200647804e+02
5.730822308689098281e+04 1.263014476067085343e+05 3.348106778146209308e+02
5.730822308803434134e+04 1.287795586639486864e+05 3.350522990136505541e+02
5.730822308917769988e+04 1.283434948183445667e+05 3.351145747625606646e+02
5.730822309032105841e+04 1.293655905722618481e+05 3.355308242024814263e+02
5.730822309146441694e+04 1.298287431151997007e+05 3.365944617250770534e+02
5.730822309260778275e+04 1.297223003684429277e+05 3.368074083520089630e+02
5.730822309375114128e+04 1.304823424530425691e+05 3.372330197172205430e+02
5.730822309489449981e+04 1.303851621115499001e+05 3.376228227919518190e+02
5.730822309603785834e+04 1.302529011352823873e+05 3.385021733954920364e+02
5.730822309718121687e+04 1.320541723024006060e+05 3.389235783525389820e+02
5.730822309832457540e+04 1.322161367319441633e+05 3.395134052062994670e+02
5.730822309946793393e+04 1.325504688738676487e+05 3.395499066098978460e+02
5.730822310061129247e+04 1.335667470404319174e+05 3.404028270536999798e+02
5.730822310175465100e+04 1.334088323344450328e+05 3.409303829575300711e+02
5.730822310289800953e+04 1.352871091963381914e+05 3.420597788060095468e+02
5.730822310404136806e+04 1.370007378583312675e+05 3.428762608767390248e+02
5.730822310518472659e+04 1.378364448455265374e+05 3.433148074075291447e+02
5.730822310632808512e+04 1.390820729252641904e+05 3.443797840657339293e+02
5.730822310747144365e+04 1.383426787396390864e+05 3.446000095032898685e+02
5.730822310861480219e+04 1.392943472318966524e+05 3.458825530578660619e+02
5.730822310975816072e+04 1.395089521984697203e+05 3.464534022347291398e+02
5.730822311090151925e+04 1.391414310876482050e+05 3.466660271948702530e+02
5.730822311204487778e+04 1.391231446050360682e+05 3.468142458360043747e+02
5.730822311318823631e+04 1.405534501731903874e+05 3.462829442754818956e+02
5.730822311433159484e+04 1.424572540771461790e+05 3.467381743935879399e+02
5.730822311547495337e+04 1.415621265656169562e+05 3.467955826873589444e+02
5.730822311661831191e+04 1.399870644584773981e+05 3.473306373088003625e+02
5.730822311776167044e+04 1.394158888507687661e+05 3.475434853605572698e+02
5.730822311890502897e+04 1.409334241373030527e+05 3.473033248080602675e+02
5.730822312004838750e+04 1.425677211558691924e+05 3.474463789779802028e+02
5.730822312119174603e+04 1.429904922941609111e+05 3.480525305137886107e+02
5.730822312233510456e+04 1.412913138546032715e+05 3.473433224392959460e+02
5.730822312347846309e+04 1.423399385139393853e+05 3.489147387718014102e+02
5.730822312462182163e+04 1.424083419519820891e+05 3.491111846014898674e+02
5.730822312576518016e+04 1.427408424469904858e+05 3.491839381692873872e+02
5.730822312690853869e+04 1.439109768517279008e+05 3.504500107008987584e+02
5.730822312805189722e+04 1.443755508891986392e+05 3.508131895374502847e+02
5.730822312919525575e+04 1.443748158585004858e+05 3.502083451959052240e+02
5.730822313033861428e+04 1.450390192334046587e+05 3.503577770099294639e+02
5.730822313148197281e+04 1.447278395066957455e+05 3.511240090525074038e+02
5.730822313262533135e+04 1.463790609982722672e+05 3.520371706753074363e+02
5.730822313376868988e+04 1.445871450021307101e+05 3.506491961280399892e+02
5.730822313491204841e+04 1.423003448369518737e+05 3.488253962535602000e+02
5.730822313605540694e+04 1.390409339437288290e+05 3.471611941683811438e+02
5.730822313719876547e+04 1.392698327795416990e+05 3.474444899176118611e+02
5.730822313834212400e+04 1.404820195013502380e+05 3.477275093326761635e+02
5.730822313948548253e+04 1.407563962575740588e+05 3.476985739135014342e+02
5.730822314062884107e+04 1.418880925093200640e+05 3.483413650644162658e+02
5.730822314177219960e+04 1.428536266067079559e+05 3.488584290939151629e+02
5.730822314291555813e+04 1.430754005463319190e+05 3.493952207003974877e+02
5.730822314405891666e+04 1.442266878325450816e+05 3.490479879615604091e+02
5.730822314520227519e+04 1.443011704524531960e+05 3.497778315259118358e+02
5.730822314634563372e+04 1.445095460040562321e+05 3.508910976806382678e+02
5.730822314748899225e+04 1.450023125613126031e+05 3.507466084199763827e+02
5.730822314863235079e+04 1.451029256153236493e+05 3.510397815402172910e+02
5.730822314977570932e+04 1.454847744078082906e+05 3.511922878153647503e+02
5.730822315091906785e+04 1.453497462888339069e+05 3.517227598640467363e+02
5.730822315206242638e+04 1.469496822481264244e+05 3.524281974560414596e+02
5.730822315320578491e+04 1.472980249286696780e+05 3.526754494088519891e+02
5.730822315434914344e+04 1.466361790899714688e+05 3.525781361541503998e+02
5.730822315549250197e+04 1.475218877116957738e+05 3.533858668029754426e+02
5.730822315663586051e+04 1.503033613307752530e+05 3.533429572409513071e+02
5.730822315777921904e+04 1.552048963008677238e+05 3.523727340056409503e+02
5.730822315892257757e+04 1.578757368288119615e+05 3.517583552009888308e+02
5.730822316006593610e+04 1.596199032563191722e+05 3.526856967974378563e+02
5.730822316120929463e+04 1.604305856375442527e+05 3.531618358906702042e+02
5.730822316235265316e+04 1.604164257679282746e+05 3.532251604943751886e+02
5.730822316349601169e+04 1.613183513982237491e+05 3.539331689649173995e+02
5.730822316463937022e+04 1.611351911403055419e+05 3.537764938193731723e+02
5.730822316578272876e+04 1.618841690835549962e+05 3.544026650855835214e+02
5.730822316692608729e+04 1.619679664558836957e+05 3.544527638527437716e+02
5.730822316806944582e+04 1.627629912656511588e+05 3.551399743001142610e+02
5.730822316921280435e+04 1.626472582188511733e+05 3.551197742261772419e+02
5.730822317035616288e+04 1.637932031535074639e+05 3.562354570927667510e+02
5.730822317149952141e+04 1.638884142526561045e+05 3.562820499324850516e+02
5.730822317264287994e+04 1.637388944959674554e+05 3.561221217285246325e+02
5.730822317378623848e+04 1.639068193418326555e+05 3.564233653356976674e+02
5.730822317492959701e+04 1.646581300346299540e+05 3.571404828968399556e+02
5.730822317607295554e+04 1.653134939229448210e+05 3.577226853792373049e+02
5.730822317721631407e+04 1.656526613855751639e+05 3.581498261699446175e+02
5.730822317835967260e+04 1.653955510026150441e+05 3.581462759109615490e+02
5.730822317950303113e+04 1.659892641136590973e+05 3.590628940985893678e+02
5.730822318064638966e+04 1.654725594328977459e+05 3.592976823444644197e+02
5.730822318178974820e+04 1.629854990440788970e+05 3.594439827457320575e+02
5.730822318293310673e+04 1.567438221423571813e+05 3.612042950362063607e+02
5.730822318407646526e+04 1.374324560549061280e+05 3.652410927477412770e+02
5.730822318521982379e+04 1.096083014295926841e+05 3.700387687164797512e+02
5.730822318636318232e+04 9.254641614150803071e+04 3.725500758201638405e+02
5.730822318750654085e+04 7.625757674687191320e+04 3.753159065902244151e+02
5.730822318864989938e+04 5.856356034693220863e+04 3.784235756966873510e+02
5.730822318979325792e+04 6.310700058115707361e+04 3.879886999521525013e+02
5.730822319093661645e+04 4.954646989487131941e+04 3.807108426341291647e+02
5.730822319207998225e+04 4.688351827722895541e+04 3.812501365847139709e+02
5.730822319322334079e+04 5.008719573318885523e+04 3.814417126138227445e+02
5.730822319436669932e+04 4.758270779158698861e+04 3.814506310535969078e+02
5.730822319551005785e+04 5.650227393190737348e+04 3.811821857453434177e+02
5.730822319665341638e+04 6.935664004752726760e+04 3.796804970379150177e+02
5.730822319779677491e+04 6.292102237121557118e+04 3.811435628919750798e+02
5.730822319894013344e+04 4.926896563810686348e+04 3.838080087594706242e+02
5.730822320008349197e+04 5.509629104901943356e+04 3.837583046237951976e+02
5.730822320122685051e+04 6.207233729525358649e+04 3.819094747071432039e+02
5.730822320237020904e+04 6.503397487561995513e+04 3.821867073417366214e+02
5.730822320351356757e+04 5.450321273049418232e+04 3.841205474094315377e+02
5.730822320465692610e+04 3.768731570525042480e+04 3.866561285063913829e+02
5.730822320580028463e+04 3.185032655845096451e+04 3.882725499731873811e+02
5.730822320694364316e+04 4.245279742820456158e+04 3.877267438307799239e+02
5.730822320808700169e+04 4.915303985415192437e+04 3.860606900422959029e+02
5.730822320923036023e+04 4.627592655920752441e+04 3.880723533517376609e+02
5.730822321037371876e+04 5.117574610393904732e+04 3.877771863429999257e+02
5.730822321151707729e+04 5.739365791074265144e+04 3.869720911042527405e+02
5.730822321266043582e+04 6.161057233063504100e+04 3.869342189150055447e+02
5.730822321380379435e+04 7.622472334586569923e+04 3.859614744349030389e+02
5.730822321494715288e+04 7.438991204132069834e+04 3.856980877819526086e+02
5.730822321609051141e+04 7.028657844067615224e+04 3.868362713538685966e+02
5.730822321723386995e+04 6.752090364700095961e+04 3.877425248314198143e+02
5.730822321837722848e+04 5.856411566445496283e+04 3.891269227289211585e+02
5.730822321952058701e+04 6.409263874027077691e+04 3.896818746160834053e+02
5.730822322066394554e+04 7.491223058838155703e+04 3.875811025759333006e+02
5.730822322180730407e+04 7.778063022457857733e+04 3.879012289382951053e+02
5.730822322295066260e+04 6.352214549039734993e+04 3.897514849950092639e+02
5.730822322409402113e+04 5.450903077482708613e+04 3.917577614669521608e+02
5.730822322523737967e+04 7.470429421262885444e+04 3.890688043792578128e+02
5.730822322638073820e+04 7.856430663945965352e+04 3.888203861952824241e+02
5.730822322752409673e+04 7.600261763603502186e+04 3.899535604465485221e+02
5.730822322866745526e+04 7.141639782197147724e+04 3.903096513103386087e+02
5.730822322981081379e+04 6.336665282072455739e+04 3.923312315397898260e+02
5.730822323095417232e+04 7.108481519603403285e+04 3.917245344771065447e+02
5.730822323209753085e+04 8.141274854579317616e+04 3.910685030225423020e+02
5.730822323324088939e+04 7.920663186188583495e+04 3.917057404079150160e+02
5.730822323438424792e+04 7.687758831251203083e+04 3.918576352058531711e+02
5.730822323552760645e+04 7.073752170582435792e+04 3.928030958256923100e+02
5.730822323667096498e+04 7.023676927530264948e+04 3.938844716557239849e+02
5.730822323781432351e+04 6.094103793606549152e+04 3.947640671871604923e+02
5.730822323895768204e+04 6.300545755092101172e+04 3.949301954066925191e+02
5.730822324010104057e+04 7.667666250598797342e+04 3.933706703282535386e+02
5.730822324124439911e+04 7.398456306850331021e+04 3.939287639172613353e+02
5.730822324238775764e+04 7.677466629184599151e+04 3.942424334502347278e+02
5.730822324353111617e+04 8.075709751771687297e+04 3.945310535247670032e+02
5.730822324467447470e+04 7.840461315607980941e+04 3.951514527479413914e+02
5.730822324581783323e+04 7.834036754152461071e+04 3.948991731420039741e+02
5.730822324696119176e+04 7.334630043903892511e+04 3.970578179348091226e+02
5.730822324810455029e+04 7.448828316957649076e+04 3.968596760523097373e+02
5.730822324924790883e+04 7.370597309170468361e+04 3.965811402303243085e+02
5.730822325039126736e+04 7.849100922659318894e+04 3.964814162950588070e+02
5.730822325153462589e+04 7.712797448833435192e+04 3.967255723299015244e+02
5.730822325267798442e+04 7.042023949387369794e+04 3.986004394916609499e+02
5.730822325382134295e+04 7.703203273021616042e+04 3.979784752809023871e+02
5.730822325496470148e+04 7.995549108671935392e+04 3.982590425896061106e+02
5.730822325610806001e+04 8.693955294453844544e+04 3.965312171711457268e+02
5.730822325725141854e+04 9.399134718570273253e+04 3.966471565449782020e+02
5.730822325839477708e+04 8.683905666165167349e+04 3.976823691281948072e+02
5.730822325953813561e+04 7.967080982768774265e+04 3.984941254735140888e+02
5.730822326068149414e+04 7.785354795793886296e+04 3.997917863560577416e+02
5.730822326182485267e+04 7.215747302059206413e+04 4.008182838383906983e+02
5.730822326296821120e+04 7.658916778208568576e+04 4.010635369861402637e+02
5.730822326411156973e+04 7.980983482813480077e+04 4.004518649613495427e+02
5.730822326525492826e+04 9.234758502427417261e+04 3.983207742415593202e+02
5.730822326639828680e+04 9.464891311035395483e+04 3.976074314997096621e+02
5.730822326754164533e+04 8.208081723717620480e+04 4.000489216636370884e+02
5.730822326868500386e+04 6.996401862421786063e+04 4.032598016691324574e+02
5.730822326982836239e+04 6.152146160790789872e+04 4.041305086810362468e+02
5.730822327097172092e+04 9.322959060440125177e+04 3.998125498465259398e+02
5.730822327211507945e+04 1.013495588206928951e+05 3.990026551310843956e+02
5.730822327325843798e+04 8.919938142928160960e+04 4.017343786572469071e+02
5.730822327440179652e+04 7.820458281164304935e+04 4.031521858830376459e+02
5.730822327554515505e+04 8.057044044998398749e+04 4.030362120759802451e+02
5.730822327668851358e+04 7.979634193419240182e+04 4.040316108832431041e+02
5.730822327783187211e+04 7.953746478347410448e+04 4.037957185686786943e+02
5.730822327897523064e+04 8.798917780955167837e+04 4.028440281623931014e+02
5.730822328011858917e+04 8.902005938740997226e+04 4.029825302147379489e+02
5.730822328126194770e+04 9.121738276494911406e+04 4.033626241498310492e+02
5.730822328240530624e+04 8.884683481834697886e+04 4.035747730350553297e+02
5.730822328354866477e+04 8.890061852338278550e+04 4.034582921551311756e+02
5.730822328469202330e+04 8.295739713327938807e+04 4.058924515587103201e+02
5.730822328583538183e+04 8.180463115794796613e+04 4.065332088388271359e+02
5.730822328697874036e+04 8.542222898264796822e+04 4.055669861798856459e+02
5.730822328812209889e+04 7.001943474893033272e+04 4.083894584484560824e+02
5.730822328926545742e+04 8.011701060097684967e+04 4.074925948235144801e+02
5.730822329040881596e+04 8.472672295091112028e+04 4.070357260103922385e+02
5.730822329155218176e+04 8.316470981928790570e+04 4.074325136666790286e+02
5.730822329269554029e+04 8.649423961283650715e+04 4.078541402146761357e+02
5.730822329383889883e+04 8.789847743864907534e+04 4.076993271030065671e+02
5.730822329498225736e+04 9.740047094278779696e+04 4.065205610724655685e+02
5.730822329612561589e+04 9.771044197682911181e+04 4.063582977428983440e+02
5.730822329726897442e+04 8.946625029536522925e+04 4.080450450830546174e+02
5.730822329841233295e+04 8.879744406586993136e+04 4.078775095784739619e+02
5.730822329955569148e+04 9.399153961513232207e+04 4.069125930457565801e+02
5.730822330069905001e+04 9.922935883741598809e+04 4.064984465536640528e+02
5.730822330184240855e+04 9.077431963654080755e+04 4.076890802658523967e+02
5.730822330298576708e+04 8.913957177855167538e+04 4.073119197673048006e+02
5.730822330412912561e+04 9.703484576420744997e+04 4.065162799892429462e+02
5.730822330527248414e+04 9.376123557011818048e+04 4.069176452064522209e+02
5.730822330641584267e+04 8.580587336706067435e+04 4.085946077321648318e+02
5.730822330755920120e+04 1.016039273796314665e+05 4.062920304138535244e+02
5.730822330870255973e+04 1.427402861350661260e+05 4.000275319907696598e+02
5.730822330984591827e+04 1.877142052934108069e+05 3.946046553890529935e+02
5.730822331098927680e+04 1.995956926474583743e+05 3.922684376156562394e+02
5.730822331213263533e+04 2.021859446785296605e+05 3.915848988834972033e+02
5.730822331327599386e+04 2.030970205102563777e+05 3.913342470009112617e+02
5.730822331441935239e+04 2.040383978847721592e+05 3.916592000245196346e+02
5.730822331556271092e+04 2.044218454586314911e+05 3.917241284195829962e+02
5.730822331670606945e+04 2.039980945629876223e+05 3.912646415321210611e+02
5.730822331784942799e+04 2.043484547845650231e+05 3.914952403584857734e+02
5.730822331899278652e+04 2.042526116871882114e+05 3.913975665930297509e+02
5.730822332013614505e+04 2.035355339077899698e+05 3.908640737030196419e+02
5.730822332127950358e+04 2.040718907538097992e+05 3.913155248481982085e+02
5.730822332242286211e+04 2.040082169427895569e+05 3.911863972431997354e+02
5.730822332356622064e+04 2.043889438169475761e+05 3.915425353902958250e+02
5.730822332470957917e+04 2.043976068120933487e+05 3.915165417342009846e+02
5.730822332585293771e+04 2.043149871635684394e+05 3.915351856753769084e+02
5.730822332699629624e+04 2.049044167435867421e+05 3.918711155689517796e+02
5.730822332813965477e+04 2.053258714320752188e+05 3.923886210908078169e+02
5.730822332928301330e+04 2.045804704614309594e+05 3.917610742267444266e+02
5.730822333042637183e+04 2.057937334908908233e+05 3.926996270889345624e+02
5.730822333156973036e+04 2.055443401134797896e+05 3.924992209850744302e+02
5.730822333271308889e+04 2.050304412009340595e+05 3.921636484516293990e+02
5.730822333385644743e+04 2.053550612074423407e+05 3.924021071845764368e+02
5.730822333499980596e+04 2.048210318397334777e+05 3.920655676845464654e+02
5.730822333614316449e+04 2.055313955793829227e+05 3.926531742932232305e+02
5.730822333728652302e+04 2.050740441162774223e+05 3.922835833699747923e+02
5.730822333842988155e+04 2.041205564648863801e+05 3.916103916482012437e+02
5.730822333957324008e+04 2.042928472461686470e+05 3.918139211062517688e+02
5.730822334071659861e+04 2.044752089492878004e+05 3.919706794951717370e+02
5.730822334185995715e+04 2.042693320129736094e+05 3.917437807019639422e+02
5.730822334300331568e+04 2.040265882782756235e+05 3.915931014396920773e+02
5.730822334414667421e+04 2.039064897129209421e+05 3.916220981594100294e+02
5.730822334529003274e+04 2.042120198455724749e+05 3.918093298061568817e+02
5.730822334643339127e+04 2.042055510768679378e+05 3.918547685988542639e+02
5.730822334757674980e+04 2.043804780791267694e+05 3.920504621460315775e+02
5.730822334872010833e+04 2.046337575083160482e+05 3.922545336848314150e+02
5.730822334986346686e+04 2.043346799758898851e+05 3.920621724994666693e+02
5.730822335100682540e+04 2.048538955066849594e+05 3.924640737168365945e+02
5.730822335215018393e+04 2.039061605130486423e+05 3.917353578013565425e+02
5.730822335329354246e+04 2.035440162853792426e+05 3.914992340190440814e+02
5.730822335443690099e+04 2.128138916716963868e+05 3.988154996311498053e+02
5.730822335558025952e+04 2.118976296027729113e+05 3.982015043794872895e+02
5.730822335672361805e+04 2.100913483670941205e+05 3.967910251491949793e+02
5.730822335786697658e+04 2.025295127114665229e+05 3.909571827368385470e+02
5.730822335901033512e+04 2.034048951410640148e+05 3.916516934460857442e+02
5.730822336015369365e+04 2.033713948645360069e+05 3.914757150674086006e+02
5.730822336129705218e+04 2.035539563878932968e+05 3.917087151039717128e+02
5.730822336244041071e+04 2.032644692401549255e+05 3.915824770118227889e+02
5.730822336358376924e+04 2.036152006918680854e+05 3.918481721202128938e+02
5.730822336472712777e+04 2.030066612495606532e+05 3.914879101542559283e+02
5.730822336587048630e+04 2.033181181725100032e+05 3.918346104840001658e+02
5.730822336701384484e+04 2.030846345627336414e+05 3.914236989479830413e+02
5.730822336815720337e+04 2.026851133639278705e+05 3.912078504352525101e+02
5.730822336930056190e+04 2.029366934818762238e+05 3.915108745393830532e+02
5.730822337044392043e+04 2.031805900899521075e+05 3.918825430527152776e+02
5.730822337158727896e+04 2.021736320703666133e+05 3.910874343949926697e+02
5.730822337273063749e+04 2.025413337635295757e+05 3.913209035540800755e+02
5.730822337387399602e+04 2.020401655782216403e+05 3.908694535826650167e+02
5.730822337501735456e+04 2.029320966325638292e+05 3.916097450547374024e+02
5.730822337616071309e+04 2.029033162009824591e+05 3.917337138593887289e+02
5.730822337730407162e+04 2.028537397738365398e+05 3.916859471765014860e+02
5.730822337844743015e+04 2.028761920937406830e+05 3.917431751599597760e+02
5.730822337959078868e+04 2.025820748906832887e+05 3.916566613605359066e+02
5.730822338073414721e+04 2.021504217302422621e+05 3.912471347732111440e+02
5.730822338187750574e+04 2.028211777449492365e+05 3.918733609298109286e+02
5.730822338302086428e+04 2.030043398458733864e+05 3.919489610499789478e+02
5.730822338416422281e+04 2.023576978828375577e+05 3.914846822082224094e+02
5.730822338530758134e+04 2.019159343907680595e+05 3.912145150218650542e+02
5.730822338645093987e+04 2.024522180426518607e+05 3.916937233966115173e+02
5.730822338759429840e+04 2.022075627595444384e+05 3.915581052165144342e+02
5.730822338873765693e+04 2.029265244155688561e+05 3.921268851044898156e+02
5.730822338988102274e+04 2.025791645972898696e+05 3.919348989967116950e+02
5.730822339102438127e+04 2.024687047112035798e+05 3.919312881907565043e+02
5.730822339216773980e+04 2.019127175921197631e+05 3.915180471900513339e+02
5.730822339331109833e+04 2.018429936707716261e+05 3.916566015659340678e+02
5.730822339445445687e+04 2.026079829224988644e+05 3.922347459356098511e+02
5.730822339559781540e+04 2.041436103878587601e+05 3.939269550247328766e+02
5.730822339674117393e+04 2.085762490279782796e+05 3.977342418150564640e+02
5.730822339788453246e+04 2.197311028849533468e+05 4.064576967269574084e+02
5.730822339902789099e+04 2.301339453216992551e+05 4.145855048824107598e+02
5.730822340017124952e+04 2.329155513362776546e+05 4.167132217175977189e+02
5.730822340131460805e+04 2.409472912610651401e+05 4.227295770722184898e+02
5.730822340245796659e+04 2.463558626234777912e+05 4.267743226334213205e+02
5.730822340360132512e+04 2.474929233494031942e+05 4.276763001254544179e+02
5.730822340474468365e+04 2.456392721438811277e+05 4.265195388912129602e+02
5.730822340588804218e+04 2.453369008853189007e+05 4.263986045847726700e+02
5.730822340703140071e+04 2.436202126732681645e+05 4.251451177240996344e+02
5.730822340817475924e+04 2.413995686599415494e+05 4.242065427159442379e+02
5.730822340931811777e+04 2.381251596768484742e+05 4.215055181750423117e+02
5.730822341046147631e+04 2.367453412539194105e+05 4.203723726474308933e+02
5.730822341160483484e+04 2.405521135944134730e+05 4.231172520734257887e+02
5.730822341274819337e+04 2.424808908445407578e+05 4.244559648621676615e+02
5.730822341389155190e+04 2.403478884757638443e+05 4.228781544237436378e+02
5.730822341503491043e+04 2.395958877173459623e+05 4.221710231641604878e+02
5.730822341617826896e+04 2.416661447006021626e+05 4.237856884265743247e+02
5.730822341732162749e+04 2.471132401789506548e+05 4.279030020551179518e+02
5.730822341846498603e+04 2.501466110235463711e+05 4.303788983006698459e+02
5.730822341960834456e+04 2.461544216914432764e+05 4.276050460107035747e+02
5.730822342075170309e+04 2.390287620304268785e+05 4.225227508863167145e+02
5.730822342189506162e+04 2.364547377287646814e+05 4.211497555168292024e+02
5.730822342303842015e+04 2.347022599203328136e+05 4.200075604521697414e+02
5.730822342418177868e+04 2.313198940169752459e+05 4.171604180691132910e+02
5.730822342532513721e+04 2.338484139595229935e+05 4.189812514362938032e+02
5.730822342646849575e+04 2.345960601152995660e+05 4.191902830420241912e+02
5.730822342761185428e+04 2.341545562233628007e+05 4.188946342405595828e+02
5.730822342875521281e+04 2.354131261326295789e+05 4.197820318001587907e+02
5.730822342989857134e+04 2.331429099435085664e+05 4.181296129586452821e+02
5.730822343104192987e+04 2.339833427019194933e+05 4.191844522789543817e+02
5.730822343218528840e+04 2.339015460724600707e+05 4.191864980184717524e+02
5.730822343332864693e+04 2.329250051368493587e+05 4.184343378260078907e+02
5.730822343447200547e+04 2.285529325310265413e+05 4.149498876855659546e+02
5.730822343561536400e+04 2.301611762680120883e+05 4.164630082987691821e+02
5.730822343675872253e+04 2.345190531700105057e+05 4.199940838401659562e+02
5.730822343790208106e+04 2.339495260252484004e+05 4.193071273252899118e+02
5.730822343904543959e+04 2.311559979753733205e+05 4.172672334728046621e+02
5.730822344018879812e+04 2.297121818785080395e+05 4.164596553372355743e+02
5.730822344133215665e+04 2.308483742034531897e+05 4.173948717283562360e+02
5.730822344247551518e+04 2.297308565571457148e+05 4.167639058067989595e+02
5.730822344361887372e+04 2.274707047306268942e+05 4.152217804383155340e+02
5.730822344476223225e+04 2.254750827693208412e+05 4.137828224583783481e+02
5.730822344590559078e+04 2.255324918341912562e+05 4.136849519830496433e+02
5.730822344704894931e+04 2.258774202958192618e+05 4.139351435106723898e+02
5.730822344819230784e+04 2.276051367940227501e+05 4.155970405692968370e+02
5.730822344933566637e+04 2.286473653663719015e+05 4.162850852791300440e+02
5.730822345047902490e+04 2.270371901243016182e+05 4.151718595444161224e+02
5.730822345162238344e+04 2.261248458288018301e+05 4.146199954910638326e+02
5.730822345276574197e+04 2.245698698616030160e+05 4.132222871092052401e+02
5.730822345390910050e+04 2.227178055543001101e+05 4.118503670868133213e+02
5.730822345505245903e+04 2.234565457544970850e+05 4.125014772754230989e+02
5.730822345619581756e+04 2.262687829322831822e+05 4.146586949208088413e+02
5.730822345733917609e+04 2.277335866324831732e+05 4.155273988540918140e+02
5.730822345848253462e+04 2.253959778170202626e+05 4.137213433025503377e+02
5.730822345962589316e+04 2.270259355887129786e+05 4.152800058280874396e+02
5.730822346076925169e+04 2.267093039459215361e+05 4.151311095489652416e+02
5.730822346191261022e+04 2.275767071944734198e+05 4.157243828700561039e+02
5.730822346305596875e+04 2.260882747119388659e+05 4.145594080557997358e+02
5.730822346419932728e+04 2.235477291396649671e+05 4.127275627564071101e+02
5.730822346534268581e+04 2.263680377450211090e+05 4.150598788022761596e+02
5.730822346648604434e+04 2.276334877644877415e+05 4.160185849722482772e+02
5.730822346762940288e+04 2.267870536335179058e+05 4.153294466178810467e+02
5.730822346877276141e+04 2.270397617563274980e+05 4.154187573999144547e+02
5.730822346991611994e+04 2.251667452146622818e+05 4.141114418944790145e+02
5.730822347105947847e+04 2.231342023771486711e+05 4.126592463777355988e+02
5.730822347220283700e+04 2.236288890511901118e+05 4.132020247332696385e+02
5.730822347334619553e+04 2.253683799266606802e+05 4.147708590609849466e+02
5.730822347448955406e+04 2.250099442607516539e+05 4.147394345299907741e+02
5.730822347563291260e+04 2.240760784151866683e+05 4.142493489449340132e+02
5.730822347677627113e+04 2.213202804628314043e+05 4.121232085618586325e+02
5.730822347791962966e+04 2.198676872436817794e+05 4.106950615606198198e+02
5.730822347906298819e+04 2.175956338948716875e+05 4.089918605279693224e+02
5.730822348020634672e+04 2.211166879613258061e+05 4.118683324403434654e+02
5.730822348134970525e+04 2.242849300649254583e+05 4.148694521247597891e+02
5.730822348249306378e+04 2.288889375331219344e+05 4.182739132121049579e+02
5.730822348363642232e+04 2.264247085866171110e+05 4.155455350175783451e+02
5.730822348477978085e+04 2.216537933341981261e+05 4.118444550126149579e+02
5.730822348592313938e+04 2.238703965892991982e+05 4.140539056750350824e+02
5.730822348706649791e+04 2.248928691016332887e+05 4.156309194990406013e+02
5.730822348820985644e+04 2.249653248756886169e+05 4.161218406701016193e+02
5.730822348935322225e+04 2.250135433417707682e+05 4.162988711191707694e+02
5.730822349049658078e+04 2.220706643620147370e+05 4.143055520039812336e+02
5.730822349163993931e+04 2.223865545186540694e+05 4.146755830827112845e+02
5.730822349278329784e+04 2.237823844719361514e+05 4.158204697405895445e+02
5.730822349392665637e+04 2.245056512645397452e+05 4.162790140907921455e+02
5.730822349507001491e+04 2.247302708242211957e+05 4.164225187932572112e+02
5.730822349621337344e+04 2.257269496348236571e+05 4.172241047433295762e+02
5.730822349735673197e+04 2.240202058468539617e+05 4.160831749252604368e+02
5.730822349850009050e+04 2.262034414019679243e+05 4.177294368665544653e+02
5.730822349964344903e+04 2.266819131504097313e+05 4.182877693625110851e+02
5.730822350078680756e+04 2.251514126628127997e+05 4.172993504534034628e+02
5.730822350193016609e+04 2.256481331228844356e+05 4.177283555222890641e+02
5.730822350307352463e+04 2.244305873781839327e+05 4.166471375976273634e+02
5.730822350421688316e+04 2.231658823144076159e+05 4.158142322046082313e+02
5.730822350536024169e+04 2.237012865651668399e+05 4.165704961344902131e+02
5.730822350650360022e+04 2.233742453051848861e+05 4.161332679766036335e+02
5.730822350764695875e+04 2.207507158263100719e+05 4.137963811391673516e+02
5.730822350879031728e+04 2.196232088602276635e+05 4.130506074263658434e+02
5.730822350993367581e+04 2.221271880998307024e+05 4.155294475571817543e+02
5.730822351107703435e+04 2.221060561561007053e+05 4.154860271858226497e+02
5.730822351222039288e+04 2.212596681143795722e+05 4.146587543469344155e+02
5.730822351336375141e+04 2.204602070621538733e+05 4.141835113774487809e+02
5.730822351450710994e+04 2.180018954035376082e+05 4.128953132637815884e+02
5.730822351565046847e+04 2.208838983997254109e+05 4.146795683230093346e+02
5.730822351679382700e+04 2.200366095279278234e+05 4.136942247207187506e+02
5.730822351793718553e+04 2.157997824990685622e+05 4.104455687218562048e+02
5.730822351908054407e+04 2.180209341773575579e+05 4.126720257185325522e+02
5.730822352022390260e+04 2.182159649608113687e+05 4.125206553578279340e+02
5.730822352136726113e+04 2.137604589071631490e+05 4.079712977862162688e+02
5.730822352251061966e+04 2.052824792600215878e+05 4.001615941208376057e+02
5.730822352365397819e+04 2.019531118951731187e+05 3.970875359879561302e+02
5.730822352479733672e+04 1.997111221110718325e+05 3.953760751740289265e+02
5.730822352594069525e+04 1.995666719923979836e+05 3.954990268719104165e+02
5.730822352708405379e+04 2.002533139337074244e+05 3.958474609484583766e+02
5.730822352822741232e+04 2.005343110952157585e+05 3.961177701912496900e+02
5.730822352937077085e+04 1.996091952225824934e+05 3.954317489529173599e+02
5.730822353051412938e+04 1.993306805007942021e+05 3.950504015017562551e+02
5.730822353165748791e+04 2.014794412745642185e+05 3.961190262967854210e+02
5.730822353280084644e+04 2.023498777470103814e+05 3.958372086020619349e+02
5.730822353394420497e+04 2.016345748770044884e+05 3.944473329438610563e+02
5.730822353508756350e+04 2.035110337177298788e+05 3.952193242367952166e+02
5.730822353623092204e+04 2.040266947787196550e+05 3.949047400905692484e+02
5.730822353737428057e+04 2.051205510299963353e+05 3.949050124503553434e+02
5.730822353851763910e+04 2.055821116732753289e+05 3.944913929853537411e+02
5.730822353966099763e+04 2.066915024206394446e+05 3.947051308412789012e+02
5.730822354080435616e+04 2.071470414558491611e+05 3.943717557216586442e+02
5.730822354194771469e+04 2.079982557876365026e+05 3.941863171994439199e+02
5.730822354309107322e+04 2.028777500843134767e+05 3.898657460593904034e+02
5.730822354423443176e+04 1.952414270553000970e+05 3.837150360467515497e+02
5.730822354537779029e+04 1.885967649081581039e+05 3.783776837121390599e+02
5.730822354652114882e+04 1.818334858907133748e+05 3.726122720613944921e+02
5.730822354766450735e+04 1.742327689518486150e+05 3.661026353666970294e+02
5.730822354880786588e+04 1.669637880880998564e+05 3.598209238890376014e+02
5.730822354995122441e+04 1.598116291827093810e+05 3.536203478080270770e+02
5.730822355109458294e+04 1.524824855985207832e+05 3.470595802007488828e+02
5.730822355223794148e+04 1.456669045383409830e+05 3.407612671722729374e+02
5.730822355338130001e+04 1.381865550530280452e+05 3.338377567810570667e+02
5.730822355452465854e+04 1.310744949934332981e+05 3.273714773948114498e+02
5.730822355566801707e+04 1.247732524650093692e+05 3.211647241033454634e+02
5.730822355681137560e+04 1.167410873381913989e+05 3.132312753992825378e+02
5.730822355795473413e+04 1.140083508864558389e+05 3.105246078089979278e+02
5.730822355909809266e+04 1.026861187570138136e+05 2.987136349789702194e+02
5.730822356024145120e+04 9.454521339511971746e+04 2.901248969002925833e+02
5.730822356138480973e+04 8.748064753528768779e+04 2.825740558799435007e+02
5.730822356252816826e+04 8.031331632721926144e+04 2.744228801436080403e+02
5.730822356367152679e+04 7.204512594810366863e+04 2.650097846032329585e+02
5.730822356481488532e+04 6.415432706627223524e+04 2.557962825586143936e+02
5.730822356595824385e+04 5.787463775094041921e+04 2.476085513604198525e+02
5.730822356710160238e+04 5.006646174342449376e+04 2.373968748125209913e+02
5.730822356824496092e+04 4.267841287901495525e+04 2.274594193572946494e+02
5.730822356938831945e+04 3.501347971364851401e+04 2.171859251980133081e+02
5.730822357053167798e+04 2.834761914237534802e+04 2.073445893365422990e+02
5.730822357167503651e+04 2.092732947096087082e+04 1.959582569081395604e+02
5.730822357281839504e+04 9.442005990796729748e+03 1.760126549059169179e+02
5.730822357396175357e+04 2.159493216883809509e+03 1.624748295013126835e+02
5.730822357510511210e+04 -5.006865860066325695e+03 1.482284471661243686e+02
5.730822357624847064e+04 -1.249102056313472713e+04 1.319956563361780582e+02
5.730822357739182917e+04 -1.951834061280429887e+04 1.138665624665352993e+02
5.730822357853518770e+04 -2.661825689703284661e+04 9.201462526477865822e+01
5.730822357967854623e+04 -2.758653276334545080e+04 8.624290674161470349e+01
5.730822358082190476e+04 -2.664039172216384031e+04 8.557952525859965931e+01
5.730822358196526329e+04 -2.593056378782144020e+04 8.509958696885173879e+01
5.730822358310862182e+04 -2.492531562787091389e+04 8.441489218295505736e+01
5.730822358425198036e+04 -2.423013401215642079e+04 8.393812261409060227e+01
5.730822358539533889e+04 -2.334566137618172070e+04 8.332759039670055756e+01
5.730822358653869742e+04 -2.250480930698414886e+04 8.274299148653634006e+01
5.730822358768205595e+04 -2.068303101633334154e+04 8.146201772979796374e+01
5.730822358882542176e+04 -1.940423898414142968e+04 8.055067445232685941e+01
5.730822358996878029e+04 -1.843706598120247145e+04 7.985450189793809272e+01
5.730822359111213882e+04 -1.773939359695384337e+04 7.934852425723451574e+01
5.730822359225549735e+04 -1.671029714137264818e+04 7.859624002376176577e+01
5.730822359339885588e+04 -1.590319171670511787e+04 7.800115799338122713e+01
5.730822359454221441e+04 -1.507648760939532076e+04 7.738688189316975752e+01
5.730822359568557295e+04 -1.432907398295365783e+04 7.682729462630705086e+01
5.730822359682893148e+04 -1.346617352567333546e+04 7.617613021228395098e+01
5.730822359797229001e+04 -1.258908399759901840e+04 7.550850389322019396e+01
5.730822359911564854e+04 -1.168612176548930802e+04 7.481496004741313754e+01
5.730822360025900707e+04 -1.086353016081716305e+04 7.417750276739354831e+01
5.730822360140236560e+04 -1.002547141415685837e+04 7.352237586149865933e+01
5.730822360254572413e+04 -9.196727146112030823e+03 7.286873840296365756e+01
5.730822360368908267e+04 -8.407647516323260788e+03 7.224088866449086765e+01
5.730822360483244120e+04 -7.529829202616465409e+03 7.153595736135375205e+01
5.730822360597579973e+04 -6.701054279280099763e+03 7.086397491158064099e+01
5.730822360711915826e+04 -5.915427108635378318e+03 7.022104043228313230e+01
5.730822360826251679e+04 -5.040796891597050490e+03 6.949827204491781174e+01
5.730822360940587532e+04 -4.249973509580210703e+03 6.883822660700749907e+01
5.730822361054923385e+04 -3.352315924584517688e+03 6.808126029264013823e+01
5.730822361169259239e+04 -2.465692911676446784e+03 6.732524499820492281e+01
5.730822361283595092e+04 -1.636423415153772567e+03 6.661036897788515887e+01
5.730822361397930945e+04 -7.757299204230774876e+02 6.586019803742090062e+01
5.730822361512266798e+04 -6.748569476905585418e+01 6.523643069937287464e+01
5.730822361626602651e+04 -9.697337832613475705e-02 6.517676884085982181e+01
5.730822361740938504e+04 -1.168500593126297043e-03 6.517668398219521464e+01
5.730822361855274357e+04 4.573876482610339137e-05 nan
5.730822361969610211e+04 -3.680485351952625313e-07 6.517668294752729707e+01
5.730822362083946064e+04 -6.192247605366431474e-09 6.517668294720678546e+01
5.730822362198281917e+04 1.073411819779033805e-10 nan
5.730822362312617770e+04 -5.672467783537030088e-13 6.517668294720130007e+01
5.730822362426953623e+04 -1.444526429075464326e-14 6.517668294720130007e+01
5.730822362541289476e+04 1.184089016947990842e-16 nan
5.730822362655625329e+04 6.173215386884775426e-19 nan
5.730822362769961182e+04 0.000000000000000000e+00 6.517668294720130007e+01
5.730822362884297036e+04 0.000000000000000000e+00 6.517668294720130007e+01
5.730822362998632889e+04 0.000000000000000000e+00 6.517668294720130007e+01
5.730822363112968742e+04 0.000000000000000000e+00 6.517668294720130007e+01
5.730822363227304595e+04 0.000000000000000000e+00 6.517668294720130007e+01
5.730822363341640448e+04 0.000000000000000000e+00 6.517668294720130007e+01
5.730822363455976301e+04 0.000000000000000000e+00 6.517668294720130007e+01
5.730822363570312154e+04 0.000000000000000000e+00 6.517668294720130007e+01
5.730822363684648008e+04 0.000000000000000000e+00 6.517668294720130007e+01
5.730822363798983861e+04 0.000000000000000000e+00 6.517668294720130007e+01
5.730822363913319714e+04 0.000000000000000000e+00 6.517668294720130007e+01
5.730822364027655567e+04 0.000000000000000000e+00 6.517668294720130007e+01
5.730822364141991420e+04 0.000000000000000000e+00 6.517668294720130007e+01
5.730822364256327273e+04 0.000000000000000000e+00 6.517668294720130007e+01
5.730822364370663126e+04 0.000000000000000000e+00 6.517668294720130007e+01
5.730822364484998980e+04 0.000000000000000000e+00 6.517668294720130007e+01
5.730822364599334833e+04 0.000000000000000000e+00 6.517668294720130007e+01
5.730822364713670686e+04 0.000000000000000000e+00 6.517668294720130007e+01
5.730822364828006539e+04 0.000000000000000000e+00 6.517668294720130007e+01
5.730822364942342392e+04 0.000000000000000000e+00 6.517668294720130007e+01
5.730822365056678245e+04 0.000000000000000000e+00 6.517668294720130007e+01
5.730822365171014098e+04 0.000000000000000000e+00 6.517668294720130007e+01
5.730822365285349952e+04 0.000000000000000000e+00 6.517668294720130007e+01
5.730822365399685805e+04 0.000000000000000000e+00 6.517668294720130007e+01
5.730822365514021658e+04 0.000000000000000000e+00 6.517668294720130007e+01
5.730822365628357511e+04 0.000000000000000000e+00 6.517668294720130007e+01
5.730822365742693364e+04 0.000000000000000000e+00 6.517668294720130007e+01
5.730822365857029217e+04 0.000000000000000000e+00 6.517668294720130007e+01
5.730822365971365070e+04 0.000000000000000000e+00 6.517668294720130007e+01
5.730822366085700924e+04 0.000000000000000000e+00 6.517668294720130007e+01
5.730822366200036777e+04 0.000000000000000000e+00 6.517668294720130007e+01
5.730822366314372630e+04 0.000000000000000000e+00 6.517668294720130007e+01
5.730822366428708483e+04 0.000000000000000000e+00 6.517668294720130007e+01
5.730822366543044336e+04 0.000000000000000000e+00 6.517668294720130007e+01
5.730822366657380189e+04 0.000000000000000000e+00 6.517668294720130007e+01
5.730822366771716042e+04 0.000000000000000000e+00 6.517668294720130007e+01
5.730822366886051896e+04 0.000000000000000000e+00 6.517668294720130007e+01
5.730822367000387749e+04 0.000000000000000000e+00 6.517668294720130007e+01
5.730822367114723602e+04 0.000000000000000000e+00 6.517668294720130007e+01
5.730822367229059455e+04 0.000000000000000000e+00 6.517668294720130007e+01
5.730822367343395308e+04 0.000000000000000000e+00 6.517668294720130007e+01
5.730822367457731161e+04 0.000000000000000000e+00 6.517668294720130007e+01
5.730822367572067014e+04 0.000000000000000000e+00 6.517668294720130007e+01
5.730822367686402868e+04 0.000000000000000000e+00 6.517668294720130007e+01
5.730822367800738721e+04 0.000000000000000000e+00 6.517668294720130007e+01
5.730822367915074574e+04 0.000000000000000000e+00 6.517668294720130007e+01
5.730822368029410427e+04 0.000000000000000000e+00 6.517668294720130007e+01
5.730822368143746280e+04 0.000000000000000000e+00 6.517668294720130007e+01
5.730822368258082133e+04 0.000000000000000000e+00 6.517668294720130007e+01
5.730822368372417986e+04 0.000000000000000000e+00 6.517668294720130007e+01
5.730822368486753840e+04 0.000000000000000000e+00 6.517668294720130007e+01
5.730822368601089693e+04 0.000000000000000000e+00 6.517668294720130007e+01
5.730822368715425546e+04 0.000000000000000000e+00 6.517668294720130007e+01
5.730822368829762127e+04 0.000000000000000000e+00 6.517668294720130007e+01
5.730822368944097980e+04 0.000000000000000000e+00 6.517668294720130007e+01
5.730822369058433833e+04 0.000000000000000000e+00 6.517668294720130007e+01
5.730822369172769686e+04 0.000000000000000000e+00 6.517668294720130007e+01
5.730822369287105539e+04 0.000000000000000000e+00 6.517668294720130007e+01
5.730822369401441392e+04 0.000000000000000000e+00 6.517668294720130007e+01
5.730822369515777245e+04 0.000000000000000000e+00 6.517668294720130007e+01
5.730822369630113099e+04 0.000000000000000000e+00 6.517668294720130007e+01
5.730822369744448952e+04 0.000000000000000000e+00 6.517668294720130007e+01
5.730822369858784805e+04 0.000000000000000000e+00 6.517668294720130007e+01
5.730822369973120658e+04 0.000000000000000000e+00 6.517668294720130007e+01
5.730822370087456511e+04 0.000000000000000000e+00 6.517668294720130007e+01
5.730822370201792364e+04 0.000000000000000000e+00 6.517668294720130007e+01
5.730822370316128217e+04 0.000000000000000000e+00 6.517668294720130007e+01
5.730822370430464071e+04 0.000000000000000000e+00 6.517668294720130007e+01
5.730822370544799924e+04 0.000000000000000000e+00 6.517668294720130007e+01
5.730822370659135777e+04 0.000000000000000000e+00 6.517668294720130007e+01
5.730822370773471630e+04 0.000000000000000000e+00 6.517668294720130007e+01
5.730822370887807483e+04 0.000000000000000000e+00 6.517668294720130007e+01
5.730822371002143336e+04 0.000000000000000000e+00 6.517668294720130007e+01
5.730822371116479189e+04 0.000000000000000000e+00 6.517668294720130007e+01
5.730822371230815043e+04 0.000000000000000000e+00 6.517668294720130007e+01
5.730822371345150896e+04 0.000000000000000000e+00 6.517668294720130007e+01
5.730822371459486749e+04 0.000000000000000000e+00 6.517668294720130007e+01
5.730822371573822602e+04 0.000000000000000000e+00 6.517668294720130007e+01
5.730822371688158455e+04 0.000000000000000000e+00 6.517668294720130007e+01
5.730822371802494308e+04 0.000000000000000000e+00 6.517668294720130007e+01
5.730822371916830161e+04 0.000000000000000000e+00 6.517668294720130007e+01
5.730822372031166014e+04 0.000000000000000000e+00 6.517668294720130007e+01
5.730822372145501868e+04 0.000000000000000000e+00 6.517668294720130007e+01
5.730822372259837721e+04 0.000000000000000000e+00 6.517668294720130007e+01
5.730822372374173574e+04 0.000000000000000000e+00 6.517668294720130007e+01
5.730822372488509427e+04 0.000000000000000000e+00 6.517668294720130007e+01
5.730822372602845280e+04 0.000000000000000000e+00 6.517668294720130007e+01
5.730822372717181133e+04 0.000000000000000000e+00 6.517668294720130007e+01
5.730822372831516986e+04 0.000000000000000000e+00 6.517668294720130007e+01
5.730822372945852840e+04 0.000000000000000000e+00 6.517668294720130007e+01
5.730822373060188693e+04 0.000000000000000000e+00 6.517668294720130007e+01
5.730822373174524546e+04 0.000000000000000000e+00 6.517668294720130007e+01
5.730822373288860399e+04 0.000000000000000000e+00 6.517668294720130007e+01
5.730822373403196252e+04 0.000000000000000000e+00 6.517668294720130007e+01
5.730822373517532105e+04 0.000000000000000000e+00 6.517668294720130007e+01
5.730822373631867958e+04 0.000000000000000000e+00 6.517668294720130007e+01
5.730822373746203812e+04 0.000000000000000000e+00 6.517668294720130007e+01
