5.736348108979999961e+04 2.965775691861841915e+04 1.772553373145186129e+02
5.736348109311024018e+04 2.989991878650447688e+04 1.778076566782679322e+02
5.736348109642048075e+04 2.954788654000846145e+04 1.772938284569728751e+02
5.736348109973072133e+04 2.964845339800020884e+04 1.773090328295011204e+02
5.736348110304096190e+04 2.955306551163711993e+04 1.771569075259276929e+02
5.736348110635120247e+04 2.974784336901970892e+04 1.777114774066915857e+02
5.736348110966144304e+04 2.986489332268091675e+04 1.777982303314993828e+02
5.736348111297168361e+04 2.966575313283463765e+04 1.772914737675373829e+02
5.736348111628192419e+04 2.967264477825424910e+04 1.773170461465083747e+02
5.736348111959216476e+04 3.022587905743398733e+04 1.782313462188571407e+02
5.736348112290240533e+04 2.979741864912503297e+04 1.773731905521592012e+02
5.736348112621264590e+04 2.979644649535609642e+04 1.774383164208295796e+02
5.736348112952288648e+04 2.982056660311163432e+04 1.773765297178704543e+02
5.736348113283312705e+04 2.985918207116081248e+04 1.776313275739927064e+02
5.736348113614336035e+04 2.984196221679459995e+04 1.776131474699980402e+02
5.736348113945360092e+04 2.979501723921125813e+04 1.774331502629961221e+02
5.736348114276384149e+04 3.005724864933095887e+04 1.779482450222792238e+02
5.736348114607408206e+04 2.983769778998319816e+04 1.775948244200402542e+02
5.736348114938432263e+04 2.988667897869330773e+04 1.776698575282994170e+02
5.736348115269456321e+04 2.985495994359270117e+04 1.774905885824004486e+02
5.736348115600480378e+04 2.987711140268795862e+04 1.776050482973754470e+02
5.736348115931504435e+04 3.009448391531289599e+04 1.778966362759915967e+02
5.736348116262528492e+04 2.989648641715051053e+04 1.777592692690762988e+02
5.736348116593552550e+04 3.018756350554910387e+04 1.781179912723566190e+02
5.736348116924576607e+04 3.020287270761196123e+04 1.780189738300775844e+02
5.736348117255600664e+04 3.020921108148008352e+04 1.782673106961525775e+02
5.736348117586624721e+04 3.003466222558246227e+04 1.779550621325863631e+02
5.736348117917648779e+04 3.001309837626604713e+04 1.779893307058227947e+02
5.736348118248672836e+04 3.043696347667264490e+04 1.785794240508473365e+02
5.736348118579696893e+04 3.021550780056085932e+04 1.781421925881950585e+02
5.736348118910720950e+04 3.033194027640647982e+04 1.784512917444667721e+02
5.736348119241745007e+04 3.033652489212780347e+04 1.784110362673558541e+02
5.736348119572769065e+04 3.030747485895413047e+04 1.781096055467308190e+02
5.736348119903793122e+04 3.020293077974038897e+04 1.781934825597932956e+02
5.736348120234817179e+04 3.025267901179177716e+04 1.783968446758293567e+02
5.736348120565841236e+04 3.045682869336162548e+04 1.785272488662807007e+02
5.736348120896865294e+04 3.037057651810490643e+04 1.784522872936412625e+02
5.736348121227889351e+04 3.017424941581301391e+04 1.779821974876795707e+02
5.736348121558913408e+04 3.010921655532167642e+04 1.780282354165817083e+02
5.736348121889937465e+04 3.044263710422044824e+04 1.784894423290888028e+02
5.736348122220960795e+04 3.037967053347667388e+04 1.784377813797664771e+02
5.736348122551984852e+04 3.008020320197108958e+04 1.779075500862303159e+02
5.736348122883008909e+04 3.034783170952726505e+04 1.784214909680752612e+02
5.736348123214032967e+04 3.011176056111380240e+04 1.780017376451139057e+02
5.736348123545057024e+04 2.964754901977742702e+04 1.783072569637734830e+02
5.736348123876081081e+04 2.958363580378721235e+04 1.784181194115612072e+02
5.736348124207105138e+04 3.008096747831349057e+04 1.778654378356127381e+02
5.736348124538129196e+04 2.996967826662160951e+04 1.778084624054306744e+02
5.736348124869153253e+04 3.012123301058720244e+04 1.779704889487955768e+02
5.736348125200177310e+04 3.015780293829985749e+04 1.780548330662870171e+02
5.736348125531201367e+04 3.015825128172038239e+04 1.779870151957667872e+02
5.736348125862225424e+04 3.030753773526379882e+04 1.782350491624943629e+02
5.736348126193249482e+04 3.024639261131075182e+04 1.781014751841515249e+02
5.736348126524273539e+04 3.043432777529409213e+04 1.785197488979556510e+02
5.736348126855297596e+04 3.070171052826120285e+04 1.790769824010140781e+02
5.736348127186321653e+04 3.109561721635235153e+04 1.796840372914021771e+02
5.736348127517345711e+04 3.095608932852543876e+04 1.794273000677831362e+02
5.736348127848369768e+04 3.075081594883933576e+04 1.791847392606418339e+02
5.736348128179393825e+04 3.055349560240251594e+04 1.789514100627315258e+02
5.736348128510417882e+04 3.041560148490558277e+04 1.791386542060368754e+02
5.736348128841441940e+04 3.037719785378346569e+04 1.791189103331485626e+02
5.736348129172465997e+04 3.068421567430051800e+04 1.796901439941215699e+02
5.736348129503490054e+04 3.058919105977144500e+04 1.793566951174926487e+02
5.736348129834514111e+04 3.044764878827319626e+04 1.790613514575561567e+02
5.736348130165538169e+04 3.057237733236122585e+04 1.794262778273305514e+02
5.736348130496562226e+04 3.055291472725780477e+04 1.794263968381414713e+02
5.736348130827585555e+04 3.104155384825771398e+04 1.801775103822143649e+02
5.736348131158609613e+04 3.059419329056155402e+04 1.794673724303232234e+02
5.736348131489633670e+04 3.017785811995234690e+04 1.786622314423030389e+02
5.736348131820657727e+04 3.034281990919054078e+04 1.790501880947706184e+02
5.736348132151681784e+04 3.041924567055144871e+04 1.791586325090104026e+02
5.736348132482705842e+04 3.031752130947689875e+04 1.788568571445555051e+02
5.736348132813729899e+04 3.042889869247184834e+04 1.791227583873602214e+02
5.736348133144753956e+04 3.029241100553377692e+04 1.790038374881803520e+02
5.736348133475778013e+04 3.056782587765334029e+04 1.792889311901504072e+02
5.736348133806802070e+04 3.067538287368652527e+04 1.793934555543034435e+02
5.736348134137826128e+04 3.068478366063379508e+04 1.795160734167410794e+02
5.736348134468850185e+04 3.035474110047685463e+04 1.790143608739386138e+02
5.736348134799874242e+04 3.044406015457968169e+04 1.792117589749002775e+02
5.736348135130898299e+04 3.003649740937353272e+04 1.793991503098557416e+02
5.736348135461922357e+04 3.040176907355510411e+04 1.792016001134904286e+02
5.736348135792946414e+04 3.061274392719333991e+04 1.793126719315556841e+02
5.736348136123970471e+04 3.084258527079260239e+04 1.796416568179374735e+02
5.736348136454994528e+04 3.071816979547397568e+04 1.794943369975405290e+02
5.736348136786018586e+04 3.052316495651771402e+04 1.793197404981465297e+02
5.736348137117042643e+04 3.053857516500932979e+04 1.792186881320591283e+02
5.736348137448066700e+04 3.067265446531626003e+04 1.795248611666827685e+02
5.736348137779090757e+04 3.058463822891268501e+04 1.793029271431998382e+02
5.736348138110114814e+04 3.070318347835634268e+04 1.794601691518118116e+02
5.736348138441138872e+04 3.098485868835168731e+04 1.801039724162281175e+02
5.736348138772162929e+04 3.082030137189126981e+04 1.798844288138792820e+02
5.736348139103186986e+04 3.080821341276422754e+04 1.802405039668652194e+02
5.736348139434210316e+04 3.029084763978598494e+04 1.794876845184476508e+02
5.736348139765234373e+04 3.050320890289114686e+04 1.796075914084326257e+02
5.736348140096258430e+04 3.052309437257937680e+04 1.797630379229811979e+02
5.736348140427282488e+04 3.031778312176938198e+04 1.792967234425517518e+02
5.736348140758306545e+04 3.044615364699254133e+04 1.795290204594650731e+02
5.736348141089330602e+04 3.048917477869731374e+04 1.796753788606184798e+02
5.736348141420354659e+04 3.049090259899317607e+04 1.796933770295219404e+02
5.736348141751378716e+04 3.077371146400099315e+04 1.802051313580039107e+02
5.736348142082402774e+04 3.047009800775362237e+04 1.796532749208826090e+02
5.736348142413426831e+04 3.038565678722293887e+04 1.796230290054888314e+02
5.736348142744450888e+04 3.019572005796073063e+04 1.794011736760720908e+02
5.736348143075474945e+04 3.011669999245863437e+04 1.796019897576868800e+02
5.736348143406499003e+04 3.010766559378361853e+04 1.798367032025861647e+02
5.736348143737523060e+04 2.974607615991549392e+04 1.799442203069750690e+02
5.736348144068547117e+04 3.000840159414263690e+04 1.804079463510942105e+02
5.736348144399571174e+04 3.008943867307927576e+04 1.806255592600748230e+02
5.736348144730595232e+04 2.963789420645836071e+04 1.796102667422833008e+02
5.736348145061619289e+04 3.006986100769342374e+04 1.802491060791677171e+02
5.736348145392643346e+04 2.995568924574243647e+04 1.803978574801914192e+02
5.736348145723667403e+04 2.937802491681441097e+04 1.798135895706350880e+02
5.736348146054691460e+04 2.916438902350943681e+04 1.800639662545890189e+02
5.736348146385715518e+04 2.825710351113850993e+04 1.803139546199348899e+02
5.736348146716739575e+04 2.691505975456318993e+04 1.815635003039921855e+02
5.736348147047763632e+04 2.607991881624350208e+04 1.816311095826190467e+02
5.736348147378787689e+04 2.649101418948197534e+04 1.817087231034925594e+02
5.736348147709811747e+04 2.644648703565441247e+04 1.820945668169468661e+02
5.736348148040835804e+04 2.644405774642542383e+04 1.809687630561727758e+02
5.736348148371859133e+04 2.642456946546826657e+04 1.809762750708051442e+02
5.736348148702883191e+04 2.635060340962426199e+04 1.811030697224285007e+02
5.736348149033907248e+04 2.593642808925793361e+04 1.809876043105699637e+02
5.736348149364931305e+04 2.642281151020636389e+04 1.814791923086319798e+02
5.736348149695955362e+04 2.665118251080266782e+04 1.813441135783205027e+02
5.736348150026979420e+04 2.584144437182734328e+04 1.812630096427620572e+02
5.736348150358003477e+04 2.547888068368978202e+04 1.821612051023408583e+02
5.736348150689027534e+04 2.601687729367889551e+04 1.812693672733035157e+02
5.736348151020051591e+04 2.662048121619187805e+04 1.811534913725791966e+02
5.736348151351075649e+04 2.624171507416184613e+04 1.812022201689381689e+02
5.736348151682099706e+04 2.671514764901387753e+04 1.811396916454970381e+02
5.736348152013123763e+04 2.678628479198171772e+04 1.809288508214484921e+02
5.736348152344147820e+04 2.647701802948384284e+04 1.805815402202779296e+02
5.736348152675171877e+04 2.641958232856029281e+04 1.807015800631720026e+02
5.736348153006195935e+04 2.669461029433831209e+04 1.813388035556887132e+02
5.736348153337219992e+04 2.594685093700418292e+04 1.812125243891662478e+02
5.736348153668244049e+04 2.588091631862496070e+04 1.817116586324411855e+02
5.736348153999268106e+04 2.598670424487629134e+04 1.809169598939418790e+02
5.736348154330292164e+04 2.636192544176216325e+04 1.804352708963382952e+02
5.736348154661316221e+04 2.661256043497671271e+04 1.810502891711593350e+02
5.736348154992340278e+04 2.653524849285424352e+04 1.810712104850405240e+02
5.736348155323364335e+04 2.616060438261087984e+04 1.813353463182385212e+02
5.736348155654388393e+04 2.601857580611104640e+04 1.809178043400877414e+02
5.736348155985412450e+04 2.599454295590453694e+04 1.806857100701650722e+02
5.736348156316436507e+04 2.627611861784278517e+04 1.810735751466742727e+02
5.736348156647460564e+04 2.604611740306325009e+04 1.814522605588763327e+02
5.736348156978483894e+04 2.468886121121237011e+04 1.818295433609133624e+02
5.736348157309507951e+04 2.198993227996222413e+04 1.829246595586766375e+02
5.736348157640532008e+04 1.961600705692263364e+04 1.843692250401263664e+02
5.736348157971556066e+04 1.940166876602057891e+04 1.844674469188801140e+02
5.736348158302580123e+04 1.886756576696646880e+04 1.845290961665419047e+02
5.736348158633604180e+04 1.883940514595912100e+04 1.840122270122808459e+02
5.736348158964628237e+04 2.104966621217779903e+04 1.836955789913823480e+02
5.736348159295652295e+04 2.081639240858610719e+04 1.840376913335887537e+02
5.736348159626676352e+04 1.954465714904194465e+04 1.836169053499287145e+02
5.736348159957700409e+04 1.858641884648911218e+04 1.841236276469210509e+02
5.736348160288724466e+04 1.824837100064123661e+04 1.844683890966411184e+02
5.736348160619748523e+04 1.739264253686289521e+04 1.850560432328846616e+02
5.736348160950772581e+04 1.572698308210748655e+04 1.860697792677732707e+02
5.736348161281796638e+04 1.504321460080673205e+04 1.861222483243779777e+02
5.736348161612820695e+04 1.842791238060410251e+04 1.843111497070009364e+02
5.736348161943844752e+04 1.943357538164943253e+04 1.835425577686546603e+02
5.736348162274868810e+04 1.793774901536309335e+04 1.829959367254611777e+02
5.736348162605892867e+04 1.890322684819287679e+04 1.830332390556398821e+02
5.736348162936916924e+04 1.876395388639653902e+04 1.833724052306589840e+02
5.736348163267940981e+04 1.795558599885791045e+04 1.835006945669695710e+02
5.736348163598965039e+04 1.834123722413585347e+04 1.834361266951550817e+02
5.736348163929989096e+04 1.824289205041600144e+04 1.831366091785103833e+02
5.736348164261013153e+04 1.686540302965709998e+04 1.836422990665139139e+02
5.736348164592037210e+04 1.716845165305698902e+04 1.837963111031610879e+02
5.736348164923061267e+04 1.853613664619700648e+04 1.835985430920725037e+02
5.736348165254085325e+04 1.951078519943859646e+04 1.829828992204784299e+02
5.736348165585108654e+04 1.959144782443901931e+04 1.824152056705249549e+02
5.736348165916132712e+04 1.769769161506312957e+04 1.835313204854437004e+02
5.736348166247156769e+04 1.607437105839615833e+04 1.849200069135447393e+02
5.736348166578180826e+04 1.710678782759810565e+04 1.835855843049311318e+02
5.736348166909204883e+04 1.762752965789477457e+04 1.837662229409186523e+02
5.736348167240228940e+04 1.831882822008079165e+04 1.834320465618990568e+02
5.736348167571252998e+04 1.782840426496423970e+04 1.832614829898994344e+02
5.736348167902277055e+04 1.645169244010957846e+04 1.833991311898857930e+02
5.736348168233301112e+04 1.741080728824517064e+04 1.838584314661532062e+02
5.736348168564325169e+04 1.770437038361252780e+04 1.839996464933331310e+02
5.736348168895349227e+04 1.649042741204546837e+04 1.838586897467928054e+02
5.736348169226373284e+04 1.538226352054465315e+04 1.840503775239385504e+02
5.736348169557397341e+04 1.744144381474703914e+04 1.835680431454685220e+02
5.736348169888421398e+04 1.921094696339448274e+04 1.829710133682785624e+02
5.736348170219445456e+04 1.859885830779367461e+04 1.821918343759028858e+02
5.736348170550469513e+04 1.774899750881492946e+04 1.835580103773532414e+02
5.736348170881493570e+04 1.664141478798338721e+04 1.838115599344871214e+02
5.736348171212517627e+04 1.670268197515786960e+04 1.838922698908225755e+02
5.736348171543541685e+04 1.781056997611281258e+04 1.830009733650835528e+02
5.736348171874565742e+04 1.809359536255164130e+04 1.834099634722900021e+02
5.736348172205589799e+04 1.761803236185701826e+04 1.832810488376685214e+02
5.736348172536613856e+04 1.834908965744084344e+04 1.830982902292582537e+02
5.736348172867637913e+04 1.752655365951801650e+04 1.839673472876197309e+02
5.736348173198661971e+04 1.840930206007161541e+04 1.852837455359102137e+02
5.736348173529686028e+04 1.937369797548586575e+04 1.876636575794873636e+02
5.736348173860710085e+04 2.012169991324664807e+04 1.911947568697592601e+02
5.736348174191733415e+04 1.889399030545297501e+04 1.927987776251306116e+02
5.736348174522757472e+04 1.948896623464378717e+04 1.918865653630272163e+02
5.736348174853781529e+04 1.904373710389991174e+04 1.916285222678282594e+02
5.736348175184805586e+04 1.928647154505708750e+04 1.902830328796267167e+02
5.736348175515829644e+04 2.072136284905235880e+04 1.907753789856093078e+02
5.736348175846853701e+04 1.945093816860354491e+04 1.920928075804711739e+02
5.736348176177877758e+04 2.083993150534819142e+04 1.914762124637841225e+02
5.736348176508901815e+04 2.185184715349922408e+04 1.908340209877531208e+02
5.736348176839925873e+04 1.882366291659942362e+04 1.916285232304243777e+02
5.736348177170949930e+04 1.934270148042737856e+04 1.926042196613238957e+02
5.736348177501973987e+04 2.040276755747660354e+04 1.932118122698719276e+02
5.736348177832998044e+04 1.911112473205857532e+04 1.918779615764222228e+02
5.736348178164022102e+04 1.903132359284288032e+04 1.915743755036601215e+02
5.736348178495046159e+04 1.919303638477991262e+04 1.913488045328911085e+02
