5.745938577490000171e+04 5.885396500682842088e+03 6.604606393693768496e+01
5.745938578005097952e+04 7.238382623448807863e+03 7.218464755538956013e+01
5.745938578520195733e+04 1.006606104444495395e+04 8.352236205006448699e+01
5.745938579035293515e+04 1.527509211169066111e+04 1.011549276743911321e+02
5.745938579550391296e+04 2.272064079417704124e+04 1.220415079765651711e+02
5.745938580065489077e+04 2.916115561296706437e+04 1.375601154525062952e+02
5.745938580580586859e+04 3.454150032147967431e+04 1.492933540327221920e+02
5.745938581095684640e+04 4.104603024159920460e+04 1.623332491883831494e+02
5.745938581610782421e+04 4.651034639192293253e+04 1.725257275801383230e+02
5.745938582125879475e+04 5.060284130807096517e+04 1.798033025296948040e+02
5.745938582640977256e+04 5.160259049676328868e+04 1.815208108494178703e+02
5.745938583156075038e+04 5.167359200589414831e+04 1.816487791432997483e+02
5.745938583671172819e+04 4.912728534291053074e+04 1.772120193964314296e+02
5.745938584186270600e+04 4.649742434182191209e+04 1.725048325692650053e+02
5.745938584701368382e+04 4.539716069808636530e+04 1.705073170463105612e+02
5.745938585216466163e+04 4.380259776475416584e+04 1.675716251775097305e+02
5.745938585731563944e+04 4.211111939084147161e+04 1.643894758265395808e+02
5.745938586246661725e+04 4.047200184742412966e+04 1.612416636407183432e+02
5.745938586761759507e+04 3.988880619577034668e+04 1.600971393782242558e+02
5.745938587276857288e+04 4.070298837412925786e+04 1.616857427709477690e+02
5.745938587791955069e+04 4.105812783911889710e+04 1.623926367723904320e+02
5.745938588307052851e+04 3.931520450276312476e+04 1.589892636544989273e+02
5.745938588822150632e+04 3.910956601562639844e+04 1.585728982680727484e+02
5.745938589337248413e+04 3.992786829625273094e+04 1.601852942559978601e+02
5.745938589852346195e+04 3.844568274938590184e+04 1.572773137532276451e+02
5.745938590367443976e+04 3.755210212350097572e+04 1.554827373991264494e+02
5.745938590882541030e+04 3.982327978709553281e+04 1.599776460961747375e+02
5.745938591397638811e+04 4.353634826013831480e+04 1.670878371986291882e+02
5.745938591912736592e+04 4.625072382742326590e+04 1.720804528285658819e+02
5.745938592427834374e+04 4.514538258687439520e+04 1.700661301519448614e+02
5.745938592942932155e+04 4.244042768343121861e+04 1.650282353137827727e+02
5.745938593458029936e+04 4.012436335701596545e+04 1.605638633920757172e+02
5.745938593973127718e+04 4.041065483337541082e+04 1.611328669316887670e+02
5.745938594488225499e+04 4.208367634757046471e+04 1.643593886807393858e+02
5.745938595003323280e+04 4.350972377595848957e+04 1.670326961679930093e+02
5.745938595518421062e+04 4.385686340745204507e+04 1.676868210159494765e+02
5.745938596033518843e+04 4.303089187850136659e+04 1.661460674197413141e+02
5.745938596548616624e+04 4.147887965821526450e+04 1.632034000410109229e+02
5.745938597063714406e+04 4.174010986086705816e+04 1.636984665340943650e+02
5.745938597578812187e+04 4.254364246289839502e+04 1.652284905238377632e+02
5.745938598093909968e+04 4.428744922895266791e+04 1.684877431595866710e+02
5.745938598609007749e+04 4.523167953364130517e+04 1.702136659572138342e+02
5.745938599124105531e+04 4.483828224557682552e+04 1.694942872247175103e+02
5.745938599639202585e+04 4.473793500910308649e+04 1.693112627972155906e+02
5.745938600154300366e+04 4.479831941120722331e+04 1.694269690067421266e+02
5.745938600669398147e+04 4.270271257695730310e+04 1.655255792612418588e+02
5.745938601184495928e+04 3.930817774677391571e+04 1.589976591831112671e+02
5.745938601699593710e+04 3.874956625160509429e+04 1.578966478917788834e+02
5.745938602214691491e+04 4.044272324672319519e+04 1.611992981421428510e+02
5.745938602729789272e+04 4.211129344231582945e+04 1.643932236085917964e+02
5.745938603244887054e+04 4.395276599338042433e+04 1.678478436030269734e+02
5.745938603759984835e+04 4.302929388267897593e+04 1.661239046680496472e+02
5.745938604275082616e+04 4.139128043981019437e+04 1.630086573738047377e+02
5.745938604790180398e+04 4.132333651229640964e+04 1.628818277347954222e+02
5.745938605305278179e+04 4.249419759479764616e+04 1.651111531658116860e+02
5.745938605820375960e+04 4.212055736429183162e+04 1.643948724258727054e+02
5.745938606335473742e+04 4.041687439732139319e+04 1.611292136951227860e+02
5.745938606850571523e+04 3.828247969263269624e+04 1.569446405208269653e+02
5.745938607365669304e+04 3.834012739585017698e+04 1.570496573280184123e+02
5.745938607880767086e+04 4.073254888721249154e+04 1.617273770107085795e+02
5.745938608395864139e+04 4.147238129263059818e+04 1.631599062247984762e+02
5.745938608910961921e+04 4.115702146001219080e+04 1.625436881312384969e+02
5.745938609426059702e+04 4.127717677454473596e+04 1.627942505703213669e+02
5.745938609941157483e+04 4.134453900643067755e+04 1.629313480296788441e+02
5.745938610456255265e+04 4.197166303345663619e+04 1.641284814917243295e+02
5.745938610971353046e+04 4.365528595843145013e+04 1.672962269089541678e+02
5.745938611486450827e+04 4.372543635416320467e+04 1.674270527880940449e+02
5.745938612001548609e+04 4.237560215914435685e+04 1.648767220327413838e+02
5.745938612516646390e+04 4.208915699289604527e+04 1.643443177204829055e+02
5.745938613031744171e+04 4.308137115723638999e+04 1.662280219685307259e+02
5.745938613546841952e+04 4.495214291425873671e+04 1.696979090291126795e+02
5.745938614061939734e+04 4.561935968315807986e+04 1.709320486657499316e+02
5.745938614577037515e+04 4.347076879101643135e+04 1.669474368069004413e+02
5.745938615092135296e+04 4.025144348898392491e+04 1.608107036519322719e+02
5.745938615607233078e+04 3.982038140725932317e+04 1.599846486340700835e+02
5.745938616122330859e+04 4.199571945419986878e+04 1.641833698238193620e+02
5.745938616637427913e+04 4.251327065139174374e+04 1.651667719027022940e+02
5.745938617152525694e+04 4.124027723445113224e+04 1.627424736705762029e+02
5.745938617667623475e+04 4.059156079687486636e+04 1.614528120220663538e+02
5.745938618182721257e+04 4.103342785553116846e+04 1.623175719354645139e+02
5.745938618697819038e+04 4.272807331264711684e+04 1.655393545392766725e+02
5.745938619212916819e+04 4.305594351789875509e+04 1.661584702698075091e+02
5.745938619728014601e+04 4.255710005104649463e+04 1.652341174755474356e+02
5.745938620243112382e+04 4.529832913629830000e+04 1.703440814139060535e+02
5.745938620758210163e+04 4.842773919085691887e+04 1.759895154796303416e+02
5.745938621273307945e+04 4.920676000127223233e+04 1.773547637684157223e+02
5.745938621788405726e+04 4.779210490031577501e+04 1.748623483282862878e+02
5.745938622303503507e+04 4.579288577292401897e+04 1.712578977360220733e+02
5.745938622818601289e+04 4.508728487015028804e+04 1.699493781670585122e+02
5.745938623333699070e+04 4.477839585805022216e+04 1.694002230614421194e+02
5.745938623848796851e+04 4.544778523829181358e+04 1.706223314113859431e+02
5.745938624363894633e+04 4.611170881457283394e+04 1.718291120687832745e+02
5.745938624878992414e+04 4.612358041578358097e+04 1.718523232886241203e+02
5.745938625394089468e+04 4.447344633039680775e+04 1.688282900565598368e+02
5.745938625909187249e+04 4.215663497212692164e+04 1.644824873691391360e+02
5.745938626424285030e+04 4.012267296786546649e+04 1.605649265807748520e+02
5.745938626939382812e+04 4.040054636430382379e+04 1.611134055594820325e+02
5.745938627454480593e+04 4.210541417449762230e+04 1.643612488198297683e+02
5.745938627969578374e+04 4.359855982111494814e+04 1.671928662371234111e+02
5.745938628484676155e+04 4.568997899769106152e+04 1.710496728526075287e+02
5.745938628999773937e+04 4.574068450092512649e+04 1.711364910148341778e+02
5.745938629514871718e+04 4.314464183322882309e+04 1.663386471178642125e+02
5.745938630029969499e+04 4.072630816677663825e+04 1.617448261132978473e+02
5.745938630545067281e+04 3.937749570349779242e+04 1.591135407446190300e+02
5.745938631060165062e+04 3.936650461257701681e+04 1.590820803417119009e+02
5.745938631575262843e+04 4.204040950016023999e+04 1.642493640022785826e+02
5.745938632090360625e+04 4.596924402971303789e+04 1.715733460511094961e+02
5.745938632605458406e+04 4.856571891722863802e+04 1.762315404770813245e+02
5.745938633120556187e+04 4.901396857395410916e+04 1.770347446933741651e+02
5.745938633635653969e+04 4.581453400075165700e+04 1.712830062236637048e+02
5.745938634150751022e+04 4.295712612299318425e+04 1.659914463458850662e+02
5.745938634665848804e+04 4.058010269667331886e+04 1.614478508300663293e+02
5.745938635180946585e+04 4.039494898193466361e+04 1.610805130533906890e+02
5.745938635696044366e+04 4.290091297164140997e+04 1.658742785197272838e+02
5.745938636211142148e+04 4.431621494844451081e+04 1.685219670628375184e+02
5.745938636726239929e+04 4.535497368910655496e+04 1.704293995444049301e+02
5.745938637241337710e+04 4.613858945766028774e+04 1.718598516293701550e+02
5.745938637756435492e+04 4.619445322101246711e+04 1.719660037025305712e+02
5.745938638271533273e+04 4.429481438538030488e+04 1.684777819246549768e+02
5.745938638786631054e+04 3.920803564875709708e+04 1.587666301704973932e+02
5.745938639301728836e+04 3.463468712906131259e+04 1.494864826583885815e+02
5.745938639816826617e+04 3.364304152798544965e+04 1.473829718110114300e+02
5.745938640331924398e+04 3.597020803853523830e+04 1.522508886456283221e+02
5.745938640847022180e+04 3.974318412544416060e+04 1.598041069086661423e+02
5.745938641362119961e+04 4.257223629983195133e+04 1.652424428891929153e+02
5.745938641877217742e+04 4.145788407567932154e+04 1.631215077282819550e+02
5.745938642392315523e+04 3.375084951534214633e+04 1.476132983714963700e+02
5.745938642907412577e+04 2.301520625198623020e+04 1.227872159158522862e+02
5.745938643422510359e+04 1.418311443521820911e+04 9.777429509267801677e+01
5.745938643937608140e+04 9.298529804001664161e+03 8.060671929390150581e+01
5.745938644452705921e+04 6.857919716285103277e+03 7.048774402782055404e+01
5.745938644967803702e+04 5.826213652601063586e+03 6.574071090017673669e+01
5.745938645482901484e+04 5.257498805138372518e+03 6.291777504702551482e+01
5.745938645997999265e+04 4.865537494490145036e+03 6.098063565544554621e+01
5.745938646513097046e+04 4.597173460604224601e+03 5.961140268316738400e+01
5.745938647028194828e+04 4.618693768097949942e+03 5.969657350636695270e+01
