5.745938108420000208e+04 4.591315192459525861e+03 6.487662161484708179e+01
5.745938108896360791e+04 4.723400961920816371e+03 6.546008702168806792e+01
5.745938109372720646e+04 4.710524168796358936e+03 6.539129907539623332e+01
5.745938109849081229e+04 4.730804428694559647e+03 6.549228225560295868e+01
5.745938110325441812e+04 4.770294418062438126e+03 6.567468879961506900e+01
5.745938110801801668e+04 4.614758660086335112e+03 6.501178054902182168e+01
5.745938111278162251e+04 4.634793354330131478e+03 6.500248652688729578e+01
5.745938111754522834e+04 4.553978612145689112e+03 6.462335725790187269e+01
5.745938112230882689e+04 4.594229871726255624e+03 6.490653711491749789e+01
5.745938112707243272e+04 4.630940028000611164e+03 6.498841504608638786e+01
5.745938113183603855e+04 4.686839109841493155e+03 6.530594939422495315e+01
5.745938113659963710e+04 4.689065798838940282e+03 6.525910022493728491e+01
5.745938114136324293e+04 4.663114978268292361e+03 6.520359341198742698e+01
5.745938114612684876e+04 4.726646289899041221e+03 6.554909072407154724e+01
5.745938115089044732e+04 4.808845103582962111e+03 6.592579487063720478e+01
5.745938115565405315e+04 4.885193276766841336e+03 6.619981801790002862e+01
5.745938116041765898e+04 5.165398957554494700e+03 6.748988660402832807e+01
5.745938116518126481e+04 5.519786610275098610e+03 6.902266816607297528e+01
5.745938116994486336e+04 6.158617680251276397e+03 7.190230721283103321e+01
5.745938117470846919e+04 6.516734361657510817e+03 7.352209473354216129e+01
5.745938117947207502e+04 6.522422220769338310e+03 7.348150258272110591e+01
5.745938118423567357e+04 6.253357431236362572e+03 7.243406075498361929e+01
5.745938118899927940e+04 6.242611750894381657e+03 7.240003480100655509e+01
5.745938119376288523e+04 6.215581282690378430e+03 7.228437487618357693e+01
5.745938119852648379e+04 6.367269950893773057e+03 7.299727553092681376e+01
5.745938120329008962e+04 6.664622459153833915e+03 7.414175180736529569e+01
5.745938120805369545e+04 6.573804808214103105e+03 7.378507451922746441e+01
5.745938121281729400e+04 6.332148749762980515e+03 7.277501606429770220e+01
5.745938121758089983e+04 6.372285619850657895e+03 7.284721258775033448e+01
5.745938122234450566e+04 6.339227594878602758e+03 7.275025885094390787e+01
5.745938122710810421e+04 6.099933863933888460e+03 7.178348183875652921e+01
5.745938123187171004e+04 6.274689062966062920e+03 7.242774883380145923e+01
5.745938123663531587e+04 6.196472787813824652e+03 7.216263283957212593e+01
5.745938124139891443e+04 6.219018864000014219e+03 7.231199336739986450e+01
5.745938124616252026e+04 6.052942187044277489e+03 7.158604411763759856e+01
5.745938125092612609e+04 6.213809702420460781e+03 7.226383316943255863e+01
5.745938125568972464e+04 6.305019226347210861e+03 7.264466435053974180e+01
5.745938126045333047e+04 6.214613014813995505e+03 7.221842051221133829e+01
5.745938126521693630e+04 6.221694169079384665e+03 7.231689387442139605e+01
5.745938126998053485e+04 6.287845244728387115e+03 7.262144349516098885e+01
5.745938127474414068e+04 6.340036392620321749e+03 7.282107719473323471e+01
5.745938127950774651e+04 6.440580014535362352e+03 7.330735413355259311e+01
5.745938128427134507e+04 6.661301343428234759e+03 7.421014191199773791e+01
5.745938128903495090e+04 6.682611197514963351e+03 7.425114512502732111e+01
5.745938129379855673e+04 6.550105141842810553e+03 7.370195541293287533e+01
5.745938129856216256e+04 6.477972119986386133e+03 7.336664564156261292e+01
5.745938130332576111e+04 6.458606007495643098e+03 7.328770725809117437e+01
5.745938130808936694e+04 6.597776064077977026e+03 7.391025692078486031e+01
5.745938131285297277e+04 6.669011614833639214e+03 7.423994842433802432e+01
5.745938131761657132e+04 6.674434836084779818e+03 7.422564570891235292e+01
5.745938132238017715e+04 6.536888755801669504e+03 7.359400662373353441e+01
5.745938132714378298e+04 6.495865329917694908e+03 7.345576320757098188e+01
5.745938133190738154e+04 6.367384058440917215e+03 7.285806690715995160e+01
5.745938133667098737e+04 6.456790652554652297e+03 7.331925061649447173e+01
5.745938134143459320e+04 6.223373906941345012e+03 7.232027737714805937e+01
5.745938134619819175e+04 6.096493240519450410e+03 7.166581878406081785e+01
5.745938135096179758e+04 6.204703501546903681e+03 7.218509461694897311e+01
5.745938135572540341e+04 6.244967627565451949e+03 7.239691835508648410e+01
5.745938136048900196e+04 6.101579185239249455e+03 7.179719230071442837e+01
5.745938136525260779e+04 6.201791358784505974e+03 7.221011162551239693e+01
5.745938137001621362e+04 6.434860432737893461e+03 7.315193749100991738e+01
5.745938137477981218e+04 6.560974107224687032e+03 7.374147440964701161e+01
5.745938137954341801e+04 6.567308213813144903e+03 7.378438764333694166e+01
5.745938138430702384e+04 6.577909178291629360e+03 7.380286197133818860e+01
5.745938138907062239e+04 6.579964030607544373e+03 7.380797745701040924e+01
5.745938139383422822e+04 6.700903447071560549e+03 7.428464120962817674e+01
5.745938139859783405e+04 6.627680641661801019e+03 7.387293502280097357e+01
5.745938140336143260e+04 6.403379778225106747e+03 7.298582193501138704e+01
5.745938140812503843e+04 6.610615939217698724e+03 7.397279209077905193e+01
5.745938141288864426e+04 6.652732908534593662e+03 7.409572024386511657e+01
5.745938141765224282e+04 6.459912205659244137e+03 7.323084267363650213e+01
5.745938142241584865e+04 6.452509504262870905e+03 7.326283368449465172e+01
5.745938142717945448e+04 6.499719729408366220e+03 7.351853792832041279e+01
5.745938143194305303e+04 6.538211003352675107e+03 7.362010004311335365e+01
5.745938143670665886e+04 6.712281375461652715e+03 7.430482230278605016e+01
5.745938144147026469e+04 6.887472392628546004e+03 7.508915626864830983e+01
5.745938144623387052e+04 6.888335319927243290e+03 7.513288866591965132e+01
5.745938145099746907e+04 6.687047890536512568e+03 7.428509612483425428e+01
5.745938145576107490e+04 6.653353809225781333e+03 7.414914856885127392e+01
5.745938146052468073e+04 6.595359826953097581e+03 7.386766442394036858e+01
5.745938146528827929e+04 6.470143625718811563e+03 7.328671861178004576e+01
5.745938147005188512e+04 6.488417960675660652e+03 7.338542894260625360e+01
5.745938147481549095e+04 6.474394738188248994e+03 7.334701629709533677e+01
5.745938147957908950e+04 6.388069769962304235e+03 7.293359884386242697e+01
5.745938148434269533e+04 6.264748972525401769e+03 7.248492828753656170e+01
5.745938148910630116e+04 6.408167958752465893e+03 7.306846580192336660e+01
5.745938149386989971e+04 6.376834725312653063e+03 7.291060925058361875e+01
5.745938149863350554e+04 6.436559065297532470e+03 7.311973451024478265e+01
5.745938150339711137e+04 6.489280173325892974e+03 7.340088622938655760e+01
5.745938150816070993e+04 6.592902440208085864e+03 7.390988140553865549e+01
5.745938151292431576e+04 6.599853241165179497e+03 7.390962592075847226e+01
5.745938151768792159e+04 6.656365707199282042e+03 7.411266871574721904e+01
5.745938152245152014e+04 6.551228820540587549e+03 7.368795929866837469e+01
5.745938152721512597e+04 6.434408755623718207e+03 7.320430041079576711e+01
5.745938153197873180e+04 6.269815044905083596e+03 7.246626791778770382e+01
5.745938153674233035e+04 6.264806682987194108e+03 7.245744344465011011e+01
5.745938154150593618e+04 6.465967014968998228e+03 7.326313599448261016e+01
5.745938154626954201e+04 6.338609705229226165e+03 7.282103890000229285e+01
5.745938155103314057e+04 6.243002422023425424e+03 7.235332794183527483e+01
5.745938155579674640e+04 6.176777136460051224e+03 7.201545034231290288e+01
5.745938156056035223e+04 6.073491505258404686e+03 7.162101806466591825e+01
5.745938156532395078e+04 6.003632423236172144e+03 7.132043729046830549e+01
5.745938157008755661e+04 6.256759930733092915e+03 7.235432193237612353e+01
5.745938157485116244e+04 6.236280005627146238e+03 7.233932153243206642e+01
5.745938157961476827e+04 6.484993392104300256e+03 7.338870394882586368e+01
5.745938158437836682e+04 6.489935877525652359e+03 7.334458820958163017e+01
5.745938158914197265e+04 6.425357444828947337e+03 7.308036037495287474e+01
5.745938159390557848e+04 6.468206254933185846e+03 7.328487585939619464e+01
5.745938159866917704e+04 6.386638045265510300e+03 7.291843516276928483e+01
5.745938160343278287e+04 6.509593510649875498e+03 7.342448417856934384e+01
5.745938160819638870e+04 6.447865120420479798e+03 7.326695735175394475e+01
5.745938161295998725e+04 6.346518990273504642e+03 7.279828611019800633e+01
5.745938161772359308e+04 6.405077371139797833e+03 7.312995009829452897e+01
5.745938162248719891e+04 6.412431397356548587e+03 7.306279746337348513e+01
5.745938162725079746e+04 6.552011406679071115e+03 7.360572082806284300e+01
5.745938163201440329e+04 6.462522106925121989e+03 7.325887833075822186e+01
5.745938163677800912e+04 6.291685793092347012e+03 7.257718183225954078e+01
5.745938164154160768e+04 6.307102864226964812e+03 7.264584161570056153e+01
5.745938164630521351e+04 6.407717566943121710e+03 7.305997753908152959e+01
5.745938165106881934e+04 6.492157094028764732e+03 7.340793177729769070e+01
5.745938165583241789e+04 6.506055252920105886e+03 7.352527651528797037e+01
5.745938166059602372e+04 6.512651941481623908e+03 7.346380818585494410e+01
5.745938166535962955e+04 6.481090889564167810e+03 7.331996700050892457e+01
5.745938167012322810e+04 6.208002775345293230e+03 7.217295916537742073e+01
5.745938167488683393e+04 6.173930419260197596e+03 7.208212375816925999e+01
5.745938167965043976e+04 6.265224002137482785e+03 7.243936347816185162e+01
5.745938168441403832e+04 6.419294925291069376e+03 7.313029881972227031e+01
5.745938168917764415e+04 6.386551288177997776e+03 7.297121638140561117e+01
5.745938169394124998e+04 6.401770910931111757e+03 7.309437155622853766e+01
5.745938169870484853e+04 6.333468937019534678e+03 7.270940530842476335e+01
5.745938170346845436e+04 6.135009465496427765e+03 7.187997538760276939e+01
5.745938170823206019e+04 6.187070529305902710e+03 7.215673342240604882e+01
5.745938171299566602e+04 6.019526836773858122e+03 7.132782614244931096e+01
5.745938171775926457e+04 5.679522389627428311e+03 6.993514450191872811e+01
5.745938172252287040e+04 5.197794992829855801e+03 6.771313422685314265e+01
5.745938172728647623e+04 4.999074026168368619e+03 6.681150177857855965e+01
5.745938173205007479e+04 4.773941409009908966e+03 6.575474001377351385e+01
5.745938173681368062e+04 4.652345920493065933e+03 6.510489320422593096e+01
5.745938174157728645e+04 4.702586508436451368e+03 6.529892842883496940e+01
5.745938174634088500e+04 4.691895302854741203e+03 6.531443926991983062e+01
5.745938175110449083e+04 4.609988449342728018e+03 6.490403469690750171e+01
5.745938175586809666e+04 4.574788433077976151e+03 6.473473245070364612e+01
5.745938176063169522e+04 4.649076957642468187e+03 6.503580510203585163e+01
5.745938176539530104e+04 4.665133900679475119e+03 6.504507053739233413e+01
5.745938177015890687e+04 4.574454033042115952e+03 6.464397289656633916e+01
5.745938177492250543e+04 4.578739068722723459e+03 6.472083978945691740e+01
5.745938177968611126e+04 4.622179613770224933e+03 6.496501657727489487e+01
