2.996723886205864051e+00 3.699487302447876687e+02 9.000000182920121006e+01 2.936933641596987741e+02 3.515999637759097368e+03 1.952551366840670426e+03 6.540000000000000568e+01 2.420500500000000000e+06
2.998326758599199060e+00 3.699762669862428197e+02 9.000000314235450105e+01 3.197774834343604198e+02 4.111999453114714015e+03 2.132740663122633578e+03 6.540000000000000568e+01 2.867542750000000000e+06
2.999985839190379089e+00 3.699998728257546077e+02 9.000000310412188753e+01 3.325531561189230274e+02 4.118999506781190576e+03 2.594997694350228812e+03 6.540000000000000568e+01 2.521900750000000000e+06
2.588624386001844080e+00 3.380611373619142341e+02 8.859379364386988698e+01 7.098328328968491405e+02 5.046106140848805808e+03 2.453000000000000000e+03 6.540000000000000568e+01 3.500506750000000000e+06
2.999316889909027672e+00 3.699911516655409400e+02 9.000000475059229643e+01 3.436773866864168667e+02 3.990999391838845440e+03 2.109893135643917049e+03 6.540000000000000568e+01 3.056141000000000000e+06
2.993502857091491887e+00 3.698950823436553605e+02 9.000000262156358133e+01 3.467977007514301704e+02 3.031999569121972854e+03 2.412999968017881656e+03 6.540000000000000568e+01 2.808006000000000000e+06
2.999998242923086256e+00 3.558009544467723799e+02 9.000000009596429607e+01 3.021231717148566531e+02 3.519999592703845792e+03 2.525000000000000000e+03 6.540000000000000568e+01 2.513365250000000000e+06
2.999998423378886780e+00 3.556054389336338204e+02 9.000000053146797541e+01 3.034698753515096996e+02 4.051999525091322084e+03 1.857999999991139248e+03 6.540000000000000568e+01 2.536072500000000000e+06
2.999998199720929737e+00 3.555334418561157008e+02 9.000000053529218746e+01 3.052633073244501247e+02 3.664999568091846868e+03 2.627000000006348273e+03 6.540000000000000568e+01 2.533163250000000000e+06
2.999997957502487100e+00 3.559328442237350600e+02 9.000000052087587221e+01 3.034773266709358381e+02 3.541999594094451368e+03 2.410999999991307504e+03 6.540000000000000568e+01 2.478600500000000000e+06
2.999997920419914976e+00 3.551462770580620827e+02 9.000000052834457165e+01 3.081502229300477893e+02 3.860999532839171479e+03 1.749999999990952574e+03 6.540000000000000568e+01 2.575036000000000000e+06
2.999997880372653025e+00 3.559403734156060750e+02 8.999999886438816077e+01 2.967993276298476530e+02 3.313999619750352849e+03 1.735000000000000000e+03 6.540000000000000568e+01 2.536052500000000000e+06
2.999998333855004251e+00 3.563021431299795267e+02 9.000000155646384314e+01 2.905830425785497368e+02 3.552999604364544666e+03 2.217999946064017877e+03 6.540000000000000568e+01 2.526371000000000000e+06
2.977562838656556465e+00 3.695272654132618868e+02 9.000000242721687016e+01 3.338402146513773232e+02 3.797999490366974896e+03 2.036596027686238813e+03 6.540000000000000568e+01 2.791162750000000000e+06
2.999997909174215494e+00 3.535843502329545913e+02 9.000000058161755589e+01 3.243654687210014913e+02 3.104999584490518828e+03 2.274999999989604021e+03 6.540000000000000568e+01 2.696987500000000000e+06
2.623237269082673073e+00 3.402335645201995362e+02 8.912269617676055589e+01 6.711695009845643654e+02 4.087813856929279154e+03 2.307000000000000000e+03 6.540000000000000568e+01 3.460616000000000000e+06
2.999997892346191630e+00 3.541993336683286770e+02 9.000000054548068817e+01 3.189350836805022027e+02 3.272999578904460577e+03 2.199999999990339802e+03 6.540000000000000568e+01 2.642904250000000000e+06
2.999997724737849314e+00 3.537733827223205481e+02 9.000000011780548448e+01 3.093427735088940835e+02 3.325999559855456027e+03 2.310000000000000000e+03 6.540000000000000568e+01 2.802968000000000000e+06
2.999997720266398549e+00 3.542056963333471344e+02 9.000000059014543297e+01 3.342278957775162098e+02 3.464999553223179191e+03 2.368999999978441792e+03 6.540000000000000568e+01 2.515216500000000000e+06
2.980945086893278972e+00 3.565192428927321657e+02 9.000000082492823594e+01 2.956602185112731718e+02 3.420999610326893162e+03 2.563135737511799107e+03 6.540000000000000568e+01 2.547587000000000000e+06
2.999998468345129066e+00 3.543607027244953542e+02 9.000000137472089534e+01 3.211846788899501348e+02 3.566999545404216860e+03 2.463999999981157089e+03 6.540000000000000568e+01 2.597358000000000000e+06
2.615076806558566780e+00 3.414076801420742981e+02 8.871421413875110318e+01 6.535041689197302048e+02 4.983365117116725742e+03 2.323000000000000000e+03 6.540000000000000568e+01 3.474633500000000000e+06
2.992595985384685520e+00 3.492154875257171511e+02 9.000000091666915125e+01 3.030890220711282836e+02 3.595999384357306553e+03 1.634012768494156944e+03 6.540000000000000568e+01 3.707093000000000000e+06
2.999997928961375848e+00 3.546572095955431223e+02 9.000000055218639261e+01 3.145070575804234636e+02 3.382999576829351099e+03 2.549000000000000000e+03 6.540000000000000568e+01 2.603057750000000000e+06
2.999998153177904303e+00 3.548994054607308044e+02 9.000000137596649097e+01 3.138111991433710841e+02 3.789999534100888923e+03 2.338000000000000000e+03 6.540000000000000568e+01 2.568658500000000000e+06
2.999996368734925145e+00 3.413891143263566050e+02 9.000000173576857776e+01 4.310441324122813853e+02 3.036999285829699602e+03 2.246000000000000000e+03 6.540000000000000568e+01 3.481960250000000000e+06
2.992030751606276517e+00 3.528147010761798583e+02 9.000000092929366247e+01 3.216711394069134826e+02 3.193999547729611095e+03 2.051676430049924875e+03 6.540000000000000568e+01 2.876253000000000000e+06
2.570539911415051559e+00 3.365757563811577597e+02 8.909831896704113774e+01 7.413749069867686785e+02 3.634449939203503163e+03 2.283000000000000000e+03 6.540000000000000568e+01 3.584456750000000000e+06
2.999997778651317670e+00 3.529115749614338142e+02 9.000000105782038418e+01 3.240606622148360429e+02 3.337999534573707024e+03 2.543000000015720616e+03 6.540000000000000568e+01 2.811269250000000000e+06
2.609674946084777680e+00 3.338975176822133335e+02 8.914937390588121957e+01 7.525049413581383533e+02 5.549347577325481325e+03 1.596645553642215646e+03 6.540000000000000568e+01 3.143321250000000000e+06
2.542726805256227074e+00 3.335703980882007045e+02 8.910539594586182943e+01 8.339959127035009487e+02 4.228056027568172794e+02 1.622000000000000000e+03 6.540000000000000568e+01 4.097038000000000000e+06
2.966104281389801756e+00 3.544847425523436755e+02 9.000000074035800424e+01 3.205346198567751799e+02 3.589999507393844851e+03 1.959217968942780772e+03 6.540000000000000568e+01 2.847117500000000000e+06
2.999981323951169898e+00 3.699998872534130783e+02 9.000003934075972722e+01 5.426378636546296548e+02 3.700998137646040959e+03 2.138998216482555563e+03 6.540000000000000568e+01 6.284536500000000000e+06
2.881449608110590699e+00 3.597751534234657242e+02 9.000000191094659385e+01 3.218476879834605029e+02 3.811999533415078076e+03 2.046159484285145936e+03 6.540000000000000568e+01 2.847041250000000000e+06
2.911073486274160516e+00 3.596002817971503873e+02 9.000000170609202144e+01 3.000048612279277904e+02 3.778999587489695841e+03 2.019153918699730639e+03 6.540000000000000568e+01 2.643786000000000000e+06
2.965296992742919358e+00 3.575925098017215760e+02 9.000000086823641254e+01 2.922428528919809310e+02 3.631999600119944716e+03 1.965013199354189283e+03 6.540000000000000568e+01 2.579615500000000000e+06
2.708206407227197854e+00 3.475405656263458809e+02 8.922564951731767735e+01 4.452895628867917708e+02 5.383168509291963346e+03 1.645000000000000000e+03 6.540000000000000568e+01 2.343041000000000000e+06
2.670654371900084811e+00 3.442061670855127886e+02 8.901954157087713781e+01 5.112703530742594467e+02 5.551559999999999491e+03 2.311000000000000000e+03 6.540000000000000568e+01 2.793918500000000000e+06
2.693500331630399813e+00 3.457741458154918064e+02 8.917460403004676550e+01 4.899924021234361931e+02 4.807101889814363858e+03 1.919000000000000000e+03 6.540000000000000568e+01 2.671705000000000000e+06
2.705819487184760952e+00 3.477443416390539710e+02 8.929656699147110999e+01 4.627070156165947310e+02 4.090045785683726081e+03 2.378000000000000000e+03 6.540000000000000568e+01 2.666331500000000000e+06
2.678202639588917577e+00 3.442742983149814791e+02 8.927764289975125678e+01 5.196855429921863561e+02 5.355843480222807557e+03 1.754000000000000000e+03 6.540000000000000568e+01 2.949886500000000000e+06
2.637667506643656345e+00 3.425856322828285556e+02 8.913309227320063144e+01 5.516225947791776889e+02 4.642842022082475523e+03 2.705000000000000000e+03 6.540000000000000568e+01 2.955565750000000000e+06
2.672278138788859447e+00 3.428110628161091427e+02 8.950712984930149219e+01 5.644091476223389918e+02 5.371535937997548899e+03 2.542000000000000000e+03 6.540000000000000568e+01 3.227125750000000000e+06
2.954419861323145824e+00 3.688193336956288135e+02 9.000000150516267183e+01 2.679678332275125285e+02 3.166999673078668366e+03 1.826088010658351095e+03 6.540000000000000568e+01 2.649218000000000000e+06
2.583356084701494915e+00 3.764032161267552965e+02 1.087489761882246455e+02 9.553953919102432337e+02 2.425701521763441178e+03 1.526355266283251694e+03 6.540000000000000568e+01 5.547532000000000000e+06
2.727033173643923725e+00 3.447506085888556981e+02 8.947316502139365468e+01 4.306968859155282416e+02 4.870352017736455309e+03 2.006806428278176554e+03 6.540000000000000568e+01 3.345792500000000000e+06
2.537651771952318391e+00 2.663695856853186115e+02 9.000009374904666970e+01 9.673178480239648707e+02 3.677994251951374736e+03 1.797519260388960447e+03 6.540000000000000568e+01 8.445320000000000000e+06
2.999793776414256374e+00 2.094205294907502548e+02 9.472778975610020780e+01 1.532161722570823713e+03 3.215956778043785562e+03 2.452000000000000000e+03 6.540000000000000568e+01 2.005358000000000000e+07
