5.743145937109999795e+04 1.459220795739842113e+06 1.074856917713081202e+03
5.743145937937642884e+04 1.438671240206185728e+06 1.068891800195829546e+03
5.743145938765285246e+04 1.410930612644026522e+06 1.060750974959121095e+03
5.743145939592928335e+04 1.475564887780472636e+06 1.079710056531570672e+03
5.743145940420570696e+04 1.498095402607640717e+06 1.086053686380980253e+03
5.743145941248213785e+04 1.497176064554275945e+06 1.086159946887199112e+03
5.743145942075856146e+04 1.498794075303214369e+06 1.086464327191290749e+03
5.743145942903499235e+04 1.540337151258337777e+06 1.098872424986737997e+03
5.743145943731141597e+04 1.544155747180108447e+06 1.097981373454869072e+03
5.743145944558784686e+04 1.603964319572467357e+06 1.111581110816125602e+03
5.743145945386427047e+04 1.672204277486357139e+06 1.127055134098922963e+03
5.743145946214070136e+04 1.687076073029107880e+06 1.130000562580277801e+03
5.743145947041712498e+04 1.719559964432988781e+06 1.138208361715603814e+03
5.743145947869355587e+04 1.796538112810796592e+06 1.156002207502652482e+03
5.743145948696997948e+04 1.858011952395390021e+06 1.169461306593316976e+03
5.743145949524641037e+04 1.865185505973316496e+06 1.168255879487258881e+03
5.743145950352284126e+04 1.893274992025469197e+06 1.174103333678279569e+03
5.743145951179926487e+04 1.890239288902364206e+06 1.173355716011555160e+03
5.743145952007569576e+04 1.889968838432382327e+06 1.173654238948080547e+03
5.743145952835211938e+04 1.889656356094602030e+06 1.173836641998335381e+03
5.743145953662855027e+04 1.888685575318379793e+06 1.173380725121780415e+03
5.743145954490497388e+04 1.890196096058216179e+06 1.173926177834681539e+03
5.743145955318140477e+04 1.887018344466342125e+06 1.173453894431329900e+03
5.743145956145782839e+04 1.885747972513643792e+06 1.173759943566490392e+03
5.743145956973425928e+04 1.883871711461490951e+06 1.173498298118635603e+03
5.743145957801068289e+04 1.884581569663431495e+06 1.173778634751014124e+03
5.743145958628711378e+04 1.886726381989083486e+06 1.173833952108520634e+03
5.743145959456353739e+04 1.902117793132206425e+06 1.173312242639341093e+03
5.743145960283996828e+04 1.905871252410551300e+06 1.172662407611191838e+03
5.743145961111639917e+04 1.904091078684050124e+06 1.172062751095574868e+03
5.743145961939282279e+04 1.914647685385080986e+06 1.171909340435655395e+03
5.743145962766925368e+04 1.916698510733777191e+06 1.172162483768255470e+03
5.743145963594567729e+04 1.917645149378410075e+06 1.171982119576649211e+03
5.743145964422210818e+04 1.916564121664644219e+06 1.171641221994073703e+03
5.743145965249853180e+04 1.925100033292903798e+06 1.170986709893344141e+03
5.743145966077496269e+04 1.938675742828986142e+06 1.170471725648529628e+03
5.743145966905138630e+04 1.932729142237719148e+06 1.170500269657118679e+03
5.743145967732781719e+04 1.935668914796845987e+06 1.170389983808828674e+03
5.743145968560424080e+04 1.928041211036991328e+06 1.170244579295432004e+03
5.743145969388067169e+04 1.929517786021830514e+06 1.170706755943388998e+03
5.743145970215709531e+04 1.933404962067931425e+06 1.170362593770071271e+03
5.743145971043352620e+04 1.937881371543358779e+06 1.170346938321384187e+03
5.743145971870995709e+04 1.933853675257731229e+06 1.171073917366887599e+03
5.743145972698638070e+04 1.941203324105517706e+06 1.170308707632642381e+03
5.743145973526281159e+04 1.956114553850817960e+06 1.169383347080568456e+03
5.743145974353923521e+04 1.982363024999999208e+06 1.167423265373596905e+03
5.743145975181566610e+04 1.997877842025468824e+06 1.162681280559724428e+03
5.743145976009208971e+04 2.010028142116433475e+06 1.157598998226071444e+03
5.743145976836852060e+04 2.043365763947846135e+06 1.161264497281377771e+03
5.743145977664494421e+04 2.046369389698301209e+06 1.155649680544669991e+03
5.743145978492137510e+04 1.966089413856882602e+06 1.131552314900136935e+03
5.743145979319779872e+04 1.800507492093693465e+06 1.085198319722567931e+03
5.743145980147422961e+04 1.610111414251060924e+06 1.026287124327908259e+03
5.743145980975065322e+04 1.527328795607185923e+06 9.918232030055725090e+02
5.743145981802708411e+04 1.456907763777288841e+06 9.648218602266024391e+02
5.743145982630350773e+04 1.364366531223477097e+06 9.340735209292582795e+02
5.743145983457993862e+04 1.272363454119920731e+06 9.013040138979279163e+02
5.743145984285636951e+04 1.087434384301091079e+06 8.366075707971004931e+02
5.743145985113279312e+04 9.934823506519098300e+05 8.022613862179505304e+02
5.743145985940922401e+04 9.153894793890233850e+05 7.708908232155215501e+02
5.743145986768564762e+04 7.832529690873256186e+05 7.202468615549552169e+02
5.743145987596207851e+04 6.500656435604911530e+05 6.648004101978036715e+02
5.743145988423850213e+04 5.376404167298362590e+05 6.153646786384205143e+02
5.743145989251493302e+04 3.798803234801398939e+05 5.327347519042916701e+02
5.743145990079135663e+04 3.057301998067011009e+05 4.864821717874249316e+02
5.743145990906778752e+04 2.334839283353549545e+05 4.365605680819983263e+02
5.743145991734421114e+04 1.388319334047154407e+05 3.700926712687643203e+02
5.743145992562064203e+04 7.100004024219757412e+03 2.480545830622406811e+02
5.743145993389706564e+04 -4.187949687073607492e+04 1.617658881038346692e+02
5.743145994217349653e+04 -2.322247752236213273e+04 1.565369267824625581e+02
5.743145995044992014e+04 -9.757289568014908582e+03 1.429234559484223723e+02
5.743145995872635103e+04 1.426780666194472178e+04 1.234600377857479288e+02
5.743145996700278192e+04 1.593710768576600094e+04 1.168630467254490810e+02
5.743145997527920554e+04 1.455389098933065179e+04 1.132101807327841954e+02
5.743145998355563643e+04 1.350307326457322779e+04 1.096574852021878570e+02
5.743145999183206004e+04 1.256503064973089568e+04 1.061940496251053787e+02
5.743146000010849093e+04 1.182772007596934054e+04 1.034170061103682769e+02
5.743146000838491454e+04 1.107419214959824785e+04 1.005684624413330965e+02
5.743146001666134543e+04 1.042110722218010778e+04 9.791349350142502317e+01
5.743146002493776905e+04 1.005947013140065974e+04 9.632554561941323357e+01
5.743146003321419994e+04 9.619801949690270703e+03 9.437032345176636738e+01
5.743146004149062355e+04 9.298233750450079242e+03 9.299716361024046307e+01
5.743146004976705444e+04 8.868504031444243083e+03 9.122424472576106780e+01
5.743146005804347806e+04 8.589109918890231711e+03 8.972769927654942990e+01
5.743146006631990895e+04 8.135752021703490755e+03 8.788386595923327604e+01
