5.745938235379999969e+04 4.999397140160661365e+03 6.953118549714068308e+01
5.745938235856344545e+04 4.983735562508458315e+03 6.939083125422588694e+01
5.745938236332689121e+04 5.060724166263224106e+03 6.977579782639068640e+01
5.745938236809033697e+04 4.949182356314709068e+03 6.931201489806105087e+01
5.745938237285378273e+04 5.109062348476318220e+03 6.998503293888549592e+01
5.745938237761722121e+04 4.996784755763717840e+03 6.950955780224776959e+01
5.745938238238066697e+04 5.001048398405743683e+03 6.953614594628162138e+01
5.745938238714411273e+04 5.109385548396063314e+03 6.997451497735089276e+01
5.745938239190755849e+04 5.128065835885064189e+03 7.008853626661954195e+01
5.745938239667100424e+04 5.083605386847832051e+03 6.999225583921882787e+01
5.745938240143445000e+04 5.106101538096158038e+03 7.004972722011743258e+01
5.745938240619789576e+04 5.131920339186303863e+03 7.027932749992035610e+01
5.745938241096134152e+04 5.221205534999075098e+03 7.061179965390856239e+01
5.745938241572478728e+04 5.274348972202637924e+03 7.071695770818122639e+01
5.745938242048822576e+04 5.416911084840343392e+03 7.143345946478218877e+01
5.745938242525167152e+04 5.427634348638623123e+03 7.146422333620495237e+01
5.745938243001511728e+04 5.379251482934028900e+03 7.123873514387530292e+01
5.745938243477856304e+04 5.581461702433300161e+03 7.223843843674485754e+01
5.745938243954200880e+04 5.747529921933627520e+03 7.287298856395612745e+01
5.745938244430545456e+04 5.884694216002288158e+03 7.346584533011416340e+01
5.745938244906890031e+04 5.918563311742987025e+03 7.359648543696727074e+01
5.745938245383234607e+04 5.903249534069668698e+03 7.351222682728432289e+01
5.745938245859579183e+04 6.051909383978741971e+03 7.416058774108932994e+01
5.745938246335923031e+04 6.074075802093275342e+03 7.429026403013263291e+01
5.745938246812267607e+04 6.053237018398828695e+03 7.428527119312687432e+01
5.745938247288612183e+04 5.961256518490870803e+03 7.391973846581868202e+01
5.745938247764956759e+04 6.033047670235248006e+03 7.417247419641749673e+01
5.745938248241301335e+04 6.077176782728723992e+03 7.448068723553600989e+01
5.745938248717645911e+04 6.109808380460974149e+03 7.453586280779798301e+01
5.745938249193990487e+04 6.083833325086297918e+03 7.436658352758682611e+01
5.745938249670335063e+04 6.064091439837167854e+03 7.434926485509959093e+01
5.745938250146679638e+04 6.055013737553919782e+03 7.420703735590777228e+01
5.745938250623023487e+04 6.113381262068856813e+03 7.445736800598926663e+01
5.745938251099368063e+04 6.102769454603629129e+03 7.438257098957126345e+01
5.745938251575712638e+04 6.107773651839354898e+03 7.448382219102738588e+01
5.745938252052057214e+04 6.137014427093047743e+03 7.459974609256521205e+01
5.745938252528401790e+04 6.166553977643597136e+03 7.478130622208102807e+01
5.745938253004746366e+04 6.147667428341477716e+03 7.453899764488789970e+01
5.745938253481090942e+04 6.166209736897866605e+03 7.463077348958388768e+01
5.745938253957435518e+04 6.195253240934464884e+03 7.478639458429880449e+01
5.745938254433780094e+04 6.240693143957376378e+03 7.499261388483500923e+01
5.745938254910124670e+04 6.226403560582469254e+03 7.495244991928090883e+01
5.745938255386468518e+04 6.236804362305141694e+03 7.496575154206003333e+01
5.745938255862813094e+04 6.335556794023435941e+03 7.554228892839959997e+01
5.745938256339157670e+04 6.307945792843914205e+03 7.533758938507861558e+01
5.745938256815502245e+04 6.200820916534467869e+03 7.489190479280034651e+01
5.745938257291846821e+04 6.216891884127670892e+03 7.501268685066325759e+01
5.745938257768191397e+04 6.304097149777649975e+03 7.528317730985742173e+01
5.745938258244535973e+04 6.250397895706855707e+03 7.506648621663377696e+01
5.745938258720880549e+04 6.222083386757679364e+03 7.498999408251891907e+01
5.745938259197225125e+04 6.244100427131331344e+03 7.517416372031345873e+01
5.745938259673568973e+04 6.156974016044542623e+03 7.489480362238344924e+01
5.745938260149913549e+04 6.207260309736453564e+03 7.521885352269610792e+01
5.745938260626258125e+04 6.270794830670398369e+03 7.554579515924592670e+01
5.745938261102602701e+04 6.100132584663791022e+03 7.514978770329295799e+01
5.745938261578947277e+04 6.024188952756624531e+03 7.524288368719521714e+01
5.745938262055291852e+04 6.050799190501423254e+03 7.558481663866253086e+01
5.745938262531636428e+04 5.935335811719687626e+03 7.524070248457709909e+01
5.745938263007981004e+04 5.857383504824536431e+03 7.496123665223259991e+01
5.745938263484325580e+04 5.919886725868524081e+03 7.536141991238949345e+01
5.745938263960669428e+04 5.991376288525110795e+03 7.563030237204885964e+01
5.745938264437014004e+04 5.936878755031731998e+03 7.541468868528328073e+01
5.745938264913358580e+04 5.934805661699943812e+03 7.542394397179943155e+01
5.745938265389703156e+04 6.019279908177260040e+03 7.568130600162538713e+01
5.745938265866047732e+04 5.852715271630184361e+03 7.504440193301026341e+01
5.745938266342392308e+04 5.953821647018978183e+03 7.558256741085932617e+01
5.745938266818736884e+04 5.988037058208222334e+03 7.585137692635527173e+01
5.745938267295081459e+04 6.000812877654534532e+03 7.568581416263826611e+01
5.745938267771426035e+04 6.017228736626964746e+03 7.560823125824855140e+01
5.745938268247769884e+04 6.043614597394196608e+03 7.586671406142592389e+01
5.745938268724114459e+04 5.957102721772598670e+03 7.552360247100912716e+01
5.745938269200459035e+04 6.028217838536315867e+03 7.570482363879182230e+01
5.745938269676803611e+04 6.012387230959233420e+03 7.571627841878007814e+01
5.745938270153148187e+04 5.963143549207892647e+03 7.552456466458095008e+01
5.745938270629492763e+04 5.919229455397697166e+03 7.535636189704970889e+01
5.745938271105837339e+04 5.930852038146900668e+03 7.542965963072506952e+01
5.745938271582181915e+04 5.974661920272388670e+03 7.563208051181257474e+01
5.745938272058526491e+04 6.038524322929311893e+03 7.599043052149897903e+01
5.745938272534870339e+04 5.964414103263785364e+03 7.574806546791505468e+01
5.745938273011214915e+04 5.962220491981288433e+03 7.579823629378414296e+01
5.745938273487559491e+04 5.829182965150061136e+03 7.515956815497077059e+01
5.745938273963904066e+04 5.868870638958008385e+03 7.521106888287721404e+01
5.745938274440248642e+04 5.926080373894992590e+03 7.541607834975434344e+01
5.745938274916593218e+04 5.903785913845935283e+03 7.531788921453870955e+01
5.745938275392937794e+04 5.875198607487801382e+03 7.526562574495599733e+01
5.745938275869282370e+04 5.901291159175486428e+03 7.554678967703567594e+01
5.745938276345626946e+04 5.863109568296866200e+03 7.558122987429398165e+01
5.745938276821970794e+04 5.815449667630738077e+03 7.534111312640109759e+01
5.745938277298315370e+04 5.890853728339982808e+03 7.555070274820029397e+01
5.745938277774659946e+04 5.880507277558316673e+03 7.547891007920978268e+01
5.745938278251004522e+04 5.902989260736447250e+03 7.540460751956385366e+01
5.745938278727349098e+04 5.892246873067939305e+03 7.541932016705817432e+01
5.745938279203693673e+04 5.965021141906167941e+03 7.575728738155646624e+01
5.745938279680038249e+04 5.870852740398917376e+03 7.536161603030699041e+01
5.745938280156382825e+04 5.791579312818308608e+03 7.520228781903915660e+01
5.745938280632727401e+04 5.961814884691061707e+03 7.577165958975069771e+01
5.745938281109071249e+04 5.895283067560504605e+03 7.541229755355476527e+01
5.745938281585415825e+04 5.916588632175851671e+03 7.554299235218583419e+01
5.745938282061760401e+04 5.753840362957344041e+03 7.486108284752582165e+01
5.745938282538104977e+04 5.932390815270571693e+03 7.566185595036988332e+01
5.745938283014449553e+04 5.922443559963166081e+03 7.558160613284020712e+01
5.745938283490794129e+04 5.825976253539492973e+03 7.517787287595547241e+01
5.745938283967138705e+04 5.865234307054822239e+03 7.535637838195903271e+01
5.745938284443483280e+04 5.689642272371960644e+03 7.516686476463996769e+01
5.745938284919827856e+04 5.825823660454755554e+03 7.557501639267242410e+01
5.745938285396171705e+04 5.886144604114662798e+03 7.542647566007205739e+01
5.745938285872516281e+04 5.941904330247838516e+03 7.577444158435852728e+01
5.745938286348860856e+04 5.849226736620268639e+03 7.539267321476768302e+01
5.745938286825205432e+04 5.796410419440438091e+03 7.513822422706202531e+01
5.745938287301550008e+04 5.922426741423299973e+03 7.563004117601921905e+01
5.745938287777894584e+04 5.945388401582115875e+03 7.579958959548693542e+01
5.745938288254239160e+04 5.826289917570928083e+03 7.524698977064693395e+01
5.745938288730583736e+04 5.824800426332862116e+03 7.517141760611110612e+01
5.745938289206928312e+04 5.820003716916872690e+03 7.509311712714369946e+01
5.745938289683272887e+04 5.836979375104197970e+03 7.520249916017071712e+01
5.745938290159616736e+04 5.788762161557719992e+03 7.509373162619648667e+01
5.745938290635961312e+04 5.762439127749880754e+03 7.497639032978121065e+01
5.745938291112305888e+04 5.869880213059990638e+03 7.535741291934377273e+01
5.745938291588650463e+04 5.777987598309897294e+03 7.496427049077138349e+01
5.745938292064995039e+04 5.716819183027882900e+03 7.460312542011618575e+01
5.745938292541339615e+04 5.692980748946412859e+03 7.450388449904646393e+01
5.745938293017684191e+04 5.713332999553910668e+03 7.468581733263916078e+01
5.745938293494028767e+04 5.754643715884128142e+03 7.491751938552610568e+01
5.745938293970373343e+04 5.839194387594597174e+03 7.525621675074488337e+01
5.745938294446717191e+04 5.798699771191658328e+03 7.488223712706940205e+01
5.745938294923061767e+04 5.777307247640510468e+03 7.467584602162465046e+01
5.745938295399406343e+04 5.671273273294278624e+03 7.424428604196802439e+01
5.745938295875750919e+04 5.597337140004785397e+03 7.405238364722855238e+01
5.745938296352095495e+04 5.512848828204754682e+03 7.379252406931443886e+01
5.745938296828440070e+04 5.353831443507599033e+03 7.311634113799327395e+01
5.745938297304784646e+04 5.209582333285434288e+03 7.250167025227609940e+01
5.745938297781129222e+04 5.186909493172566727e+03 7.228478455423277182e+01
5.745938298257473798e+04 5.154616084807770676e+03 7.201504914445894201e+01
5.745938298733817646e+04 5.019592820364818181e+03 7.142682594033502141e+01
5.745938299210162222e+04 4.985879442173609277e+03 7.139213274414163379e+01
5.745938299686506798e+04 4.876789253284578081e+03 7.111338408372554909e+01
5.745938300162851374e+04 4.746860723381605567e+03 7.061063832731657897e+01
5.745938300639195950e+04 4.822284932655875309e+03 7.085574344988401663e+01
5.745938301115540526e+04 4.764709722684987355e+03 7.049523414362703022e+01
5.745938301591885102e+04 4.804381557382610481e+03 7.047610434392429113e+01
5.745938302068229677e+04 4.697637521104663392e+03 6.987280533400783611e+01
5.745938302544574253e+04 4.684897545324870407e+03 6.991753642701863214e+01
5.745938303020918102e+04 4.647092056882942416e+03 6.975227180823502238e+01
5.745938303497262677e+04 4.695179711444259738e+03 7.002187929473927852e+01
5.745938303973607253e+04 4.671321567388913536e+03 7.010572378448588893e+01
5.745938304449951829e+04 4.670428955354098434e+03 7.027747693575908272e+01
5.745938304926296405e+04 4.678580597517187016e+03 7.027744455317026961e+01
