5.745938794449999841e+04 1.000347667927087605e+04 9.206916280308996647e+01
5.745938794936313207e+04 1.000020431254135474e+04 9.198157026426602556e+01
5.745938795422626572e+04 1.002689831003107247e+04 9.211004821267786724e+01
5.745938795908939937e+04 9.829285513815168088e+03 9.149167154756501930e+01
5.745938796395254030e+04 9.933252273933929246e+03 9.173052720349718925e+01
5.745938796881567396e+04 9.890472175429445997e+03 9.156759510513721523e+01
5.745938797367880761e+04 1.005738512867294412e+04 9.228885732310854451e+01
5.745938797854194127e+04 1.001396845595033119e+04 9.213185910490474839e+01
5.745938798340507492e+04 9.988454534681690347e+03 9.196907514855207921e+01
5.745938798826820857e+04 9.972987954406025892e+03 9.185624117441970782e+01
5.745938799313134223e+04 1.015063162091363847e+04 9.251179563267626804e+01
5.745938799799447588e+04 1.031479053941270831e+04 9.302875440227657577e+01
5.745938800285761681e+04 1.050174127075265642e+04 9.367351737437216741e+01
5.745938800772075047e+04 1.120259455879664529e+04 9.595511323469284548e+01
5.745938801258388412e+04 1.159833128665184631e+04 9.726295973852762700e+01
5.745938801744701777e+04 1.183133048184282598e+04 9.801500204423449247e+01
5.745938802231015143e+04 1.207054208871034643e+04 9.875837119961857979e+01
5.745938802717328508e+04 1.227585196164860099e+04 9.937321137339806398e+01
5.745938803203641874e+04 1.226725911217338944e+04 9.950862684529862179e+01
5.745938803689955239e+04 1.224326653236280072e+04 9.934313166276594131e+01
5.745938804176269332e+04 1.204157257056295930e+04 9.869713669203970596e+01
5.745938804662582697e+04 1.184041139012675012e+04 9.806599445869595399e+01
5.745938805148896063e+04 1.203229542634716199e+04 9.865579397117417670e+01
5.745938805635209428e+04 1.212429155562680535e+04 9.894149891914037198e+01
5.745938806121522794e+04 1.197087903969487525e+04 9.854578063491440787e+01
5.745938806607836159e+04 1.203380087702948003e+04 9.867334938952738810e+01
5.745938807094149524e+04 1.203883542150258290e+04 9.866982005015768209e+01
5.745938807580462890e+04 1.207872065809942796e+04 9.880022585917434697e+01
5.745938808066776983e+04 1.175110676123684425e+04 9.776456643371787436e+01
5.745938808553090348e+04 1.158522395325722027e+04 9.724544960660699644e+01
5.745938809039403714e+04 1.177876324580306937e+04 9.786500248244043121e+01
5.745938809525717079e+04 1.184999626197080579e+04 9.815682717192731843e+01
5.745938810012030444e+04 1.204856763667280939e+04 9.880608868063698935e+01
5.745938810498343810e+04 1.198841937763035276e+04 9.851330599361345719e+01
5.745938810984657175e+04 1.200896685078904193e+04 9.858189860611123834e+01
5.745938811470970541e+04 1.199334729319617145e+04 9.865210999080521503e+01
5.745938811957284634e+04 1.193353906392296813e+04 9.839311813306686361e+01
5.745938812443597999e+04 1.204639677438180479e+04 9.871314874681708318e+01
5.745938812929911364e+04 1.177977356784056428e+04 9.786625476232383392e+01
5.745938813416224730e+04 1.169489324692075388e+04 9.763733225579299813e+01
5.745938813902538095e+04 1.167592993456010481e+04 9.755379479137327792e+01
5.745938814388851461e+04 1.177683536870574608e+04 9.789074187344411371e+01
5.745938814875164826e+04 1.167347516708081639e+04 9.752334242352728211e+01
5.745938815361478191e+04 1.184930070587641967e+04 9.806222237110198137e+01
5.745938815847792284e+04 1.194767916056111790e+04 9.825751688740727730e+01
5.745938816334105650e+04 1.223705697232561943e+04 9.932329333538680771e+01
5.745938816820419015e+04 1.201283060150571691e+04 9.864376236925004093e+01
5.745938817306732381e+04 1.183666997673073274e+04 9.805989995765020240e+01
5.745938817793045746e+04 1.178958843993120172e+04 9.793092401205514363e+01
5.745938818279359111e+04 1.204417636466406475e+04 9.866242802548731561e+01
5.745938818765672477e+04 1.186150999533910544e+04 9.809398614227437463e+01
5.745938819251985842e+04 1.181647368964265297e+04 9.800360290110769768e+01
5.745938819738299935e+04 1.186064318935061601e+04 9.813209241472819144e+01
5.745938820224613301e+04 1.185806605644035153e+04 9.817510943026431391e+01
5.745938820710926666e+04 1.176169591779280017e+04 9.783752815251119728e+01
5.745938821197240031e+04 1.177762214557723928e+04 9.793280485734649687e+01
5.745938821683553397e+04 1.199720575808666399e+04 9.850625049683603152e+01
5.745938822169866762e+04 1.210825563509021595e+04 9.893861883337837071e+01
5.745938822656180128e+04 1.207225272871102788e+04 9.879389480779013866e+01
5.745938823142493493e+04 1.161540533149499061e+04 9.737512409627073851e+01
5.745938823628807586e+04 1.154497840889802319e+04 9.710307700912125028e+01
5.745938824115120951e+04 1.194261746316283643e+04 9.832297590052849046e+01
5.745938824601434317e+04 1.227981368133005890e+04 9.945429311753289880e+01
5.745938825087747682e+04 1.216146455717615390e+04 9.910981968741279502e+01
5.745938825574061048e+04 1.172858553208158082e+04 9.766014289349972444e+01
5.745938826060374413e+04 1.189926654727752248e+04 9.821211137703059535e+01
5.745938826546687778e+04 1.223687838984461632e+04 9.926488981708470760e+01
5.745938827033001144e+04 1.214254328407358662e+04 9.899980091374779079e+01
5.745938827519315237e+04 1.204918266579901319e+04 9.872718488911615964e+01
5.745938828005628602e+04 1.217477512995460347e+04 9.907943311561334099e+01
5.745938828491941968e+04 1.226938515853236095e+04 9.940407966478784374e+01
5.745938828978255333e+04 1.189241620433950447e+04 9.821269080220716319e+01
5.745938829464568698e+04 1.162165958735580352e+04 9.729961041592936510e+01
5.745938829950882064e+04 1.182954748497478613e+04 9.798821530426732807e+01
5.745938830437195429e+04 1.215484801083167986e+04 9.897754857239368675e+01
5.745938830923508795e+04 1.188477990283708641e+04 9.818838270204284413e+01
5.745938831409822888e+04 1.198912080600991612e+04 9.852408843015548712e+01
5.745938831896136253e+04 1.233043355576445902e+04 9.961233374005060170e+01
5.745938832382449618e+04 1.242540206608238077e+04 9.996818865221675310e+01
5.745938832868762984e+04 1.245434618700039937e+04 9.995802568020506840e+01
5.745938833355076349e+04 1.233760174764235308e+04 9.972136581788799958e+01
5.745938833841389715e+04 1.215315065845321078e+04 9.906438658099258987e+01
5.745938834327703080e+04 1.205199573579622847e+04 9.869533801936307782e+01
5.745938834814016445e+04 1.227749830781146193e+04 9.942164552101388608e+01
5.745938835300330538e+04 1.221679499709386073e+04 9.924908190323186830e+01
5.745938835786643904e+04 1.211727201433071059e+04 9.896410566702842004e+01
5.745938836272957269e+04 1.194438777657963874e+04 9.839928701683754753e+01
5.745938836759270635e+04 1.206165505145524003e+04 9.873095556699391295e+01
5.745938837245584000e+04 1.177548357426021721e+04 9.786748504346498123e+01
5.745938837731897365e+04 1.158501482416967883e+04 9.723541439235111739e+01
5.745938838218210731e+04 1.165792768656478438e+04 9.748372571798944364e+01
5.745938838704524096e+04 1.190717825687659024e+04 9.833121308948867068e+01
5.745938839190838189e+04 1.192828137117386905e+04 9.838088175900909960e+01
5.745938839677151554e+04 1.200820399769287360e+04 9.861981759775251533e+01
5.745938840163464920e+04 1.171353767001995584e+04 9.762175335830545464e+01
5.745938840649778285e+04 1.189872154304027390e+04 9.822283915037975532e+01
5.745938841136091651e+04 1.191061108434754533e+04 9.830308723400332838e+01
5.745938841622405016e+04 1.184988767009573166e+04 9.809987919724619587e+01
5.745938842108718381e+04 1.186231642182458017e+04 9.813489454505527476e+01
5.745938842595031747e+04 1.185440065104815403e+04 9.810421622639620409e+01
5.745938843081345840e+04 1.205132734355588218e+04 9.877839451981071761e+01
5.745938843567659205e+04 1.210652868736801975e+04 9.898354918169947325e+01
5.745938844053972571e+04 1.192482522884793434e+04 9.832472768094480386e+01
5.745938844540285936e+04 1.160495332745085943e+04 9.724589517135746064e+01
5.745938845026599301e+04 1.169961343162746562e+04 9.763114445564060873e+01
5.745938845512912667e+04 1.195669458906899490e+04 9.837901204220689522e+01
5.745938845999226032e+04 1.234976679474672892e+04 9.964597191634017292e+01
5.745938846485539398e+04 1.224400761991077525e+04 9.937195902383638213e+01
5.745938846971853491e+04 1.208020588852816218e+04 9.885659176709370399e+01
5.745938847458166856e+04 1.184761344571633708e+04 9.806503928781278034e+01
5.745938847944480221e+04 1.160331223604377192e+04 9.736228591573110691e+01
5.745938848430793587e+04 1.166249626560420438e+04 9.757365517466519123e+01
5.745938848917106952e+04 1.191957519889872128e+04 9.833047832823893941e+01
5.745938849403420318e+04 1.192894409698269010e+04 9.831832313500260057e+01
5.745938849889733683e+04 1.188864745988532013e+04 9.825993356291891700e+01
5.745938850376047048e+04 1.181092037733933648e+04 9.791352526541456314e+01
5.745938850862361141e+04 1.206010818083670711e+04 9.874598679011326396e+01
5.745938851348674507e+04 1.210123384663176512e+04 9.888232415868979786e+01
5.745938851834987872e+04 1.198520641414478632e+04 9.847069206244472639e+01
5.745938852321301238e+04 1.211526220199593081e+04 9.886991203967743047e+01
5.745938852807614603e+04 1.234963736991823680e+04 9.967360598072718858e+01
5.745938853293927968e+04 1.235898159116271199e+04 9.967931402579539224e+01
5.745938853780241334e+04 1.183568953759035139e+04 9.801215364471261182e+01
5.745938854266554699e+04 1.151901166940128314e+04 9.698245855787956771e+01
5.745938854752868792e+04 1.166107550463974258e+04 9.749078641390063638e+01
5.745938855239182158e+04 1.186543239258209360e+04 9.809411435661600365e+01
5.745938855725495523e+04 1.226065826726198793e+04 9.934282379131907703e+01
5.745938856211808888e+04 1.230147050860546733e+04 9.954208651147806108e+01
5.745938856698122254e+04 1.204878302018940667e+04 9.863767118554885371e+01
5.745938857184435619e+04 1.192867899965601646e+04 9.826022669360418149e+01
5.745938857670748985e+04 1.171244549119274780e+04 9.762753646297262833e+01
5.745938858157062350e+04 1.150171394856456754e+04 9.697126026577532798e+01
5.745938858643376443e+04 1.097294098139473681e+04 9.522098980020051329e+01
5.745938859129689808e+04 1.047958015096243798e+04 9.358921531134865290e+01
5.745938859616003174e+04 1.024300178363805026e+04 9.284064537034750231e+01
5.745938860102316539e+04 1.014732125508791796e+04 9.246706296900019595e+01
5.745938860588629905e+04 1.000916218663955806e+04 9.206052116840811550e+01
5.745938861074943270e+04 1.002537988694748128e+04 9.201463038144314055e+01
5.745938861561256635e+04 9.988260527475451454e+03 9.196408209500199860e+01
5.745938862047570001e+04 1.005958483298353349e+04 9.224614947069170512e+01
5.745938862533884094e+04 1.009369738061252610e+04 9.227107781699795908e+01
5.745938863020197459e+04 9.912303799343300852e+03 9.173583226701886417e+01
5.745938863506510825e+04 9.964376806286340070e+03 9.185901615366076101e+01
5.745938863992824190e+04 9.982260602969217871e+03 9.192363595340869153e+01
