5.737343407350000052e+04 4.830588145122583228e+03 7.690937696019818759e+01
5.737343408453376469e+04 4.895842710513708880e+03 7.728472793530563933e+01
5.737343409556753613e+04 5.074612369735868924e+03 7.797052434137918908e+01
5.737343410660130030e+04 5.281492131953671560e+03 7.886739986021015625e+01
5.737343411763507174e+04 5.453896349161432227e+03 7.941194256850968713e+01
5.737343412866883591e+04 5.670235730013610009e+03 8.018116182424220995e+01
5.737343413970260008e+04 5.767149571341786213e+03 8.044794179305843329e+01
5.737343415073637152e+04 5.741035821316987494e+03 8.046186407940562901e+01
5.737343416177013569e+04 5.719764350621899212e+03 8.028976521079836459e+01
5.737343417280389986e+04 5.609743612585078154e+03 8.001227314203656249e+01
5.737343418383767130e+04 5.613155612578231739e+03 8.007312560018721115e+01
5.737343419487143547e+04 5.584549559115999728e+03 7.992245129892134514e+01
5.737343420590520691e+04 5.739259313935436694e+03 8.047260567806881681e+01
5.737343421693897108e+04 5.842237304690819656e+03 8.084144202462350393e+01
5.737343422797273524e+04 5.890665082620844260e+03 8.107381319765907790e+01
5.737343423900650669e+04 5.827875764619436268e+03 8.095483284540343050e+01
5.737343425004027085e+04 5.764878356440342031e+03 8.069493314106549064e+01
5.737343426107403502e+04 5.655075105172400072e+03 8.013641142308415510e+01
5.737343427210780646e+04 5.793116449973889758e+03 8.077247403829655070e+01
5.737343428314157063e+04 5.747634939923225829e+03 8.040706707193815816e+01
5.737343429417534207e+04 5.454855579103097625e+03 7.951092500221962212e+01
5.737343430520910624e+04 5.478596466776984016e+03 7.964747132394052187e+01
5.737343431624287041e+04 5.571750058219641687e+03 7.987726790235987551e+01
5.737343432727664185e+04 5.679808353861819342e+03 8.027319781262075082e+01
5.737343433831040602e+04 5.611424690984038534e+03 8.002779253555854666e+01
5.737343434934417746e+04 5.647177568457200323e+03 8.012237663322682124e+01
5.737343436037794163e+04 5.819902370375456485e+03 8.092401952740286220e+01
5.737343437141170580e+04 5.812843254090235860e+03 8.085789172919137968e+01
5.737343438244547724e+04 5.694739137293257954e+03 8.043719871080844541e+01
5.737343439347924141e+04 5.735693791402503848e+03 8.058357431640320101e+01
5.737343440451300557e+04 5.690511109248586763e+03 8.031829715573275053e+01
5.737343441554677702e+04 5.732307108564417831e+03 8.047025970727497679e+01
5.737343442658054119e+04 5.786274463672179991e+03 8.070004350414063765e+01
5.737343443761431263e+04 5.724243007427181510e+03 8.038953780163311080e+01
5.737343444864807680e+04 5.881082600346036088e+03 8.094510702727127693e+01
5.737343445968184096e+04 5.815367033141352294e+03 8.069623417415783706e+01
5.737343447071561241e+04 5.821147274804786321e+03 8.073397818103875068e+01
5.737343448174937657e+04 5.684383053059078520e+03 8.008849316858223233e+01
5.737343449278314074e+04 5.625586015189008322e+03 7.993357818298591155e+01
5.737343450381691218e+04 5.772206311281680428e+03 8.043162404084897332e+01
5.737343451485067635e+04 5.826242404555994653e+03 8.063206195112014996e+01
5.737343452588444779e+04 5.823982155996925940e+03 8.070895322591188403e+01
5.737343453691821196e+04 5.784695909676833253e+03 8.064512936541726162e+01
5.737343454795197613e+04 5.777509600007157132e+03 8.054153169787119282e+01
5.737343455898574757e+04 5.774204241367030590e+03 8.054069019606814095e+01
5.737343457001951174e+04 5.788934139625585885e+03 8.051548872804399082e+01
5.737343458105328318e+04 5.822925227882968102e+03 8.051943269685621374e+01
5.737343459208704735e+04 5.868208458884389984e+03 8.075789141732573739e+01
5.737343460312081152e+04 5.775792027384618450e+03 8.043565243049815194e+01
5.737343461415458296e+04 5.684050120263350436e+03 8.006664656322097073e+01
5.737343462518834713e+04 5.683783145398247143e+03 8.010454739553388492e+01
5.737343463622211129e+04 5.557557669455991345e+03 7.968728062057066097e+01
5.737343464725588274e+04 5.549993892206271084e+03 7.968680372175511195e+01
5.737343465828964690e+04 5.701455327259567639e+03 8.000439644299643760e+01
5.737343466932341835e+04 5.749228954134527157e+03 8.037601260207443943e+01
5.737343468035718251e+04 5.743500860113735143e+03 8.034328232225760758e+01
5.737343469139094668e+04 5.700624395636412373e+03 8.011021597473039435e+01
5.737343470242471813e+04 5.770131893103196489e+03 8.039995213841530131e+01
5.737343471345848229e+04 5.843341943708695908e+03 8.071039437392400373e+01
5.737343472449224646e+04 5.686812944697556304e+03 8.006469932708030512e+01
5.737343473552601790e+04 5.524283741391626791e+03 7.939195462457190899e+01
5.737343474655978207e+04 5.210250177561367309e+03 7.806019353250673021e+01
5.737343475759355351e+04 4.861935814176523309e+03 7.660805770768646994e+01
5.737343476862731768e+04 4.608266288040709696e+03 7.578936827288619327e+01
