5.745938577490000171e+04 -2.164204431299455953e-14 1.861209284309531995e+02
5.745938577569472545e+04 1.435324631732022638e-09 1.861209284309555869e+02
5.745938577648944920e+04 -1.440615424016616322e-04 1.861209281890715772e+02
5.745938577728416567e+04 1.219159629274603063e+01 1.861413971895638610e+02
5.745938577807888942e+04 5.892335486820241385e+03 1.957644239366863417e+02
5.745938577887361316e+04 1.772750146773271990e+04 2.138239659564216026e+02
5.745938577966833691e+04 2.968865603610708786e+04 2.306434694990667253e+02
5.745938578046306066e+04 4.188922200213141332e+04 2.466206880035252311e+02
5.745938578125777713e+04 5.362088399315032439e+04 2.610633112785458820e+02
5.745938578205250087e+04 6.585340942632545193e+04 2.753168736046764593e+02
5.745938578284722462e+04 7.807640697105204163e+04 2.888576714524083968e+02
5.745938578364194836e+04 8.870605714377260301e+04 3.001371115254790993e+02
5.745938578443666484e+04 9.979351440099647152e+04 3.114674084083642924e+02
5.745938578523138858e+04 1.125360577018392942e+05 3.240000556537754051e+02
5.745938578602611233e+04 1.238978290336314531e+05 3.347792453931689920e+02
5.745938578682083607e+04 1.357359221705036180e+05 3.456529348299602589e+02
5.745938578761555982e+04 1.485580447449893691e+05 3.570571074290754723e+02
5.745938578841027629e+04 1.609149305089331174e+05 3.677129744353375713e+02
5.745938578920500004e+04 1.723537787394092884e+05 3.773090400615002409e+02
5.745938578999972378e+04 1.838368485843771196e+05 3.867027674651885718e+02
5.745938579079444753e+04 1.954748747027775098e+05 3.959959553950468489e+02
5.745938579158917128e+04 2.086536278296288510e+05 4.062628673574758409e+02
5.745938579238388775e+04 2.203647899439951289e+05 4.151734501566747895e+02
5.745938579317861149e+04 2.322508346608530846e+05 4.240256733536699016e+02
5.745938579397333524e+04 2.448120192554926325e+05 4.331841548749017647e+02
5.745938579476805899e+04 2.570976489095473953e+05 4.419581773974400676e+02
5.745938579556278273e+04 2.699926486175854225e+05 4.509838194281374513e+02
5.745938579635749920e+04 2.831997764482769999e+05 4.600444112041500375e+02
5.745938579715222295e+04 2.941502970785259968e+05 4.674237217708133585e+02
5.745938579794694670e+04 3.057821553570565302e+05 4.751366614966270276e+02
5.745938579874167044e+04 3.178078798325026291e+05 4.829812883490561717e+02
5.745938579953639419e+04 3.299436387475943193e+05 4.907705922498275299e+02
5.745938580033111066e+04 3.425347994126058766e+05 4.987236204882205470e+02
5.745938580112583440e+04 3.544545407704218524e+05 5.061374200565629167e+02
5.745938580192055815e+04 3.664730745103736990e+05 5.135043053071547092e+02
5.745938580271528190e+04 3.786452943742896314e+05 5.208592026487878002e+02
5.745938580350999837e+04 3.902801938527891762e+05 5.277936350108755050e+02
5.745938580430472211e+04 4.027515817845803103e+05 5.351268434823305142e+02
5.745938580509944586e+04 4.150217823964979034e+05 5.422449760005262078e+02
5.745938580589416961e+04 4.267457169724859414e+05 5.489599922651956376e+02
5.745938580668889335e+04 4.383221895920714014e+05 5.555109076292243344e+02
5.745938580748360982e+04 4.494879496753771673e+05 5.617570369359966662e+02
5.745938580827833357e+04 4.617727475996768335e+05 5.685498810568849422e+02
5.745938580907305732e+04 4.740193330981691252e+05 5.752417606418675859e+02
5.745938580986778106e+04 4.853551765467831865e+05 5.813673411378897526e+02
5.745938581066250481e+04 4.965522495997867081e+05 5.873552213097851791e+02
5.745938581145722128e+04 5.079442488463163609e+05 5.933853347774511349e+02
5.745938581225194503e+04 5.213438617694963468e+05 6.004006275862269604e+02
5.745938581304666877e+04 5.338500379820012022e+05 6.068750066848615461e+02
5.745938581384139252e+04 5.433498968628526200e+05 6.117472399114546988e+02
5.745938581463611627e+04 5.584012573392087361e+05 6.193882351457810955e+02
5.745938581543083274e+04 5.743452283200630918e+05 6.273808792910725742e+02
5.745938581622555648e+04 5.860713188422597013e+05 6.331947364566545957e+02
5.745938581702028023e+04 5.987762978161006467e+05 6.394342703789521920e+02
5.745938581781500397e+04 6.065795753555558622e+05 6.432365308323388717e+02
5.745938581860972045e+04 6.201884975257448386e+05 6.498144434787445789e+02
5.745938581940444419e+04 6.336802775889175246e+05 6.562706556696508642e+02
5.745938582019916794e+04 6.440900815493655391e+05 6.612089692134806000e+02
5.745938582099389168e+04 6.568095967397632776e+05 6.671933737398416042e+02
5.745938582178861543e+04 6.681810506573880557e+05 6.724984436122268789e+02
5.745938582258333190e+04 6.812378226624501403e+05 6.785386055074768592e+02
5.745938582337805565e+04 6.929334406901896000e+05 6.839037947192342699e+02
5.745938582417277939e+04 7.066000705603309907e+05 6.901203113227481936e+02
5.745938582496750314e+04 7.183442801247760653e+05 6.954179858746716718e+02
5.745938582576222689e+04 7.292760325568197295e+05 7.003131587711402517e+02
5.745938582655694336e+04 7.417997226356111933e+05 7.058794703398427828e+02
5.745938582735166710e+04 7.543682297649310203e+05 7.114219167295043462e+02
5.745938582814639085e+04 7.663650591626085807e+05 7.166722835275760417e+02
5.745938582894111460e+04 7.787134397920151241e+05 7.220366333296458379e+02
5.745938582973583834e+04 7.894392925818546209e+05 7.266639924089118949e+02
5.745938583053055481e+04 7.982190475241134409e+05 7.304299451025888175e+02
5.745938583132527856e+04 8.083212977929144399e+05 7.347392810518377928e+02
5.745938583212000231e+04 8.217080868043140508e+05 7.404110711305553423e+02
5.745938583291472605e+04 8.367800525446967222e+05 7.467452931491669688e+02
5.745938583370944980e+04 8.463136686546100536e+05 7.507243454884963967e+02
5.745938583450416627e+04 8.598527501204791479e+05 7.563391890053691213e+02
5.745938583529889002e+04 8.705140541835036129e+05 7.607314137490903931e+02
5.745938583609361376e+04 8.828658537009628490e+05 7.657885860752312510e+02
5.745938583688833751e+04 8.951456750341216102e+05 7.707833981711892193e+02
5.745938583768305398e+04 9.063736079221135005e+05 7.753221942852667325e+02
5.745938583847777772e+04 9.200082618676929269e+05 7.807984142320653973e+02
5.745938583927250147e+04 9.310115081248837523e+05 7.851899086068619908e+02
5.745938584006722522e+04 9.430373431902804878e+05 7.899616063416785892e+02
5.745938584086194896e+04 9.573554531807132298e+05 7.956055292907068406e+02
5.745938584165666543e+04 9.670243605309075210e+05 7.993942865268785454e+02
5.745938584245138918e+04 9.798289471318515716e+05 8.043842937038285754e+02
5.745938584324611293e+04 9.912084107182678999e+05 8.087930864559349402e+02
5.745938584404083667e+04 1.004657156164364074e+06 8.139728021271517946e+02
5.745938584483556042e+04 1.014812759661350632e+06 8.178624424610437700e+02
5.745938584563027689e+04 1.028206717728569638e+06 8.229642753973929530e+02
5.745938584642500064e+04 1.038900597659923136e+06 8.270150382776917013e+02
5.745938584721972438e+04 1.051560206451317295e+06 8.317849055086737735e+02
5.745938584801444813e+04 1.063324166702345014e+06 8.361929228287965543e+02
5.745938584880917188e+04 1.073702535198550206e+06 8.400625479683603771e+02
5.745938584960388835e+04 1.085526178207362536e+06 8.444494427611409719e+02
5.745938585039861209e+04 1.098269393457862083e+06 8.491521482697689862e+02
5.745938585119333584e+04 1.109202426552574150e+06 8.531661717364085007e+02
5.745938585198805958e+04 1.121419533173993230e+06 8.576294119453610847e+02
5.745938585278278333e+04 1.133832353067881661e+06 8.621404877787761052e+02
5.745938585357749980e+04 1.145944676406512503e+06 8.665197186181455891e+02
5.745938585437222355e+04 1.157734376504413784e+06 8.707611528514914880e+02
5.745938585516694729e+04 1.168573985844810959e+06 8.746426362538055628e+02
5.745938585596167104e+04 1.186634526644883677e+06 8.810718354101737759e+02
5.745938585675638751e+04 1.219252329585354775e+06 8.925657992500310911e+02
5.745938585755111126e+04 1.235385469515055884e+06 8.981964809811436226e+02
5.745938585834583500e+04 1.248482655338212848e+06 9.027417457869016744e+02
5.745938585914055875e+04 1.258517168895591982e+06 9.062087124717710367e+02
5.745938585993528250e+04 1.269734532637130935e+06 9.100687242720775885e+02
5.745938586072999897e+04 1.284334671127122361e+06 9.150683960526947658e+02
5.745938586152472271e+04 1.299568020933479536e+06 9.202559497680114191e+02
5.745938586231944646e+04 1.310031818053945201e+06 9.238024065154386335e+02
5.745938586311417021e+04 1.315079629156884039e+06 9.255083836589772091e+02
5.745938586390889395e+04 1.333092839865078684e+06 9.315707299586404133e+02
5.745938586470361042e+04 1.341188022447734606e+06 9.342823524127136352e+02
5.745938586549833417e+04 1.356551682707731612e+06 9.394071543757436302e+02
5.745938586629305792e+04 1.367139889108882984e+06 9.429228126909708863e+02
5.745938586708778166e+04 1.376943856167343678e+06 9.461664283330865146e+02
5.745938586788250541e+04 1.368989292684773915e+06 9.435355361235652936e+02
5.745938586867722188e+04 1.374201539795444114e+06 9.452602617121659705e+02
5.745938586947194563e+04 1.386141273436257150e+06 9.491992919812259970e+02
5.745938587026666937e+04 1.398269954070368316e+06 9.531956239455672630e+02
5.745938587106139312e+04 1.406056278347358573e+06 9.565831590525240244e+02
5.745938587185610959e+04 1.406937545357131166e+06 9.582451823814822092e+02
5.745938587265083333e+04 1.412901360602075001e+06 9.616039523030118517e+02
5.745938587344555708e+04 1.412913310754113831e+06 9.629822005702487786e+02
5.745938587424028083e+04 1.417484717077212641e+06 9.658535170184227354e+02
5.745938587503500457e+04 1.420289024733552709e+06 9.681782230792529162e+02
5.745938587582972104e+04 1.423056887956557330e+06 9.704026799963410213e+02
5.745938587662444479e+04 1.426282889142662752e+06 9.728482121686155324e+02
5.745938587741916854e+04 1.425996792374608340e+06 9.741091807779898772e+02
5.745938587821389228e+04 1.431499429533374030e+06 9.771864781629943764e+02
5.745938587900861603e+04 1.432697246635428397e+06 9.789983528633205196e+02
5.745938587980333250e+04 1.436499997641779948e+06 9.815802953609904762e+02
5.745938588059805625e+04 1.439868134614100680e+06 9.839054517290193189e+02
5.745938588139277999e+04 1.442121093380814185e+06 9.860557750536091817e+02
5.745938588218750374e+04 1.444065020726762246e+06 9.880093267927688885e+02
5.745938588298222749e+04 1.448297181493058801e+06 9.906935939161344322e+02
5.745938588377694396e+04 1.450913820024051936e+06 9.928939358557661308e+02
5.745938588457166770e+04 1.451576354929130524e+06 9.944259525368734103e+02
5.745938588536639145e+04 1.455301827622125624e+06 9.969878764686695831e+02
5.745938588616111520e+04 1.458818208572606556e+06 9.994132853547563400e+02
5.745938588695583894e+04 1.460568794706048444e+06 1.001364081808573133e+03
5.745938588775055541e+04 1.461772657845885726e+06 1.003433067995092983e+03
5.745938588854527916e+04 1.463385558073896216e+06 1.004838945294789596e+03
5.745938588934000290e+04 1.469290853874089662e+06 1.007854419157739926e+03
5.745938589013472665e+04 1.471048598225127673e+06 1.009938489456177649e+03
5.745938589092944312e+04 1.475852747986541130e+06 1.012844742359713678e+03
5.745938589172416687e+04 1.478066613158220192e+06 1.014756128821945481e+03
5.745938589251889061e+04 1.483167323186958907e+06 1.017716038000514914e+03
5.745938589331361436e+04 1.488943467309006490e+06 1.020747186429732778e+03
5.745938589410833811e+04 1.490116087496298132e+06 1.022358622663520464e+03
5.745938589490305458e+04 1.493145102285673143e+06 1.024529209057955768e+03
5.745938589569777832e+04 1.496601825602364726e+06 1.026926957969757268e+03
5.745938589649250207e+04 1.497228219916385366e+06 1.028488631507009131e+03
5.745938589728722582e+04 1.501529049893243937e+06 1.031186814020995598e+03
5.745938589808194956e+04 1.505107241125656525e+06 1.033451470206857039e+03
5.745938589887666603e+04 1.507702102612851420e+06 1.035536361783995972e+03
5.745938589967138978e+04 1.511048860244653886e+06 1.038090551051114971e+03
5.745938590046611353e+04 1.513660710629034787e+06 1.040029175945166116e+03
5.745938590126083727e+04 1.517057032845298294e+06 1.042221634093464218e+03
5.745938590205556102e+04 1.520485038321491797e+06 1.044578527710744765e+03
5.745938590285027749e+04 1.522243024947874947e+06 1.046207379349272514e+03
5.745938590364500124e+04 1.525986988873514580e+06 1.048537703136622440e+03
5.745938590443972498e+04 1.528890477786455071e+06 1.050699414074815422e+03
5.745938590523444873e+04 1.533247679754616925e+06 1.053407127826214492e+03
5.745938590602916520e+04 1.537731224240704207e+06 1.055967158140828133e+03
5.745938590682388894e+04 1.541122091246665455e+06 1.058243627420998109e+03
5.745938590761861269e+04 1.539785871641796315e+06 1.059113077763269075e+03
5.745938590841333644e+04 1.542082786157120485e+06 1.061116439379776921e+03
5.745938590920806018e+04 1.543712814359772950e+06 1.063096933353528357e+03
5.745938591000277665e+04 1.547574625147977378e+06 1.065397722385737097e+03
5.745938591079750040e+04 1.550007101826021215e+06 1.067425152204618826e+03
5.745938591159222415e+04 1.551346989217003109e+06 1.069081488582485008e+03
5.745938591238694789e+04 1.556118179438477149e+06 1.071600346815866033e+03
5.745938591318167164e+04 1.557760744776860345e+06 1.073553241749913695e+03
5.745938591397638811e+04 1.561099820520652924e+06 1.075644341708140473e+03
5.745938591477111186e+04 1.565555645266509149e+06 1.078291357510600392e+03
5.745938591556583560e+04 1.567780595841096016e+06 1.080154663905707366e+03
5.745938591636055935e+04 1.571679598289672052e+06 1.082336020070491941e+03
5.745938591715528310e+04 1.573382298868681304e+06 1.084180509579406134e+03
5.745938591794999957e+04 1.574062622462334111e+06 1.085682802218602092e+03
5.745938591874472331e+04 1.577364122010923922e+06 1.088085048835549287e+03
5.745938591953944706e+04 1.580844927135228878e+06 1.090245164904029025e+03
5.745938592033417081e+04 1.582002539318048162e+06 1.091613804648164205e+03
5.745938592112889455e+04 1.584372014092906611e+06 1.093634466388159353e+03
5.745938592192361102e+04 1.586645466490928782e+06 1.095451411621211719e+03
5.745938592271833477e+04 1.588927341443988960e+06 1.097352281348269344e+03
5.745938592351305851e+04 1.591935227751189610e+06 1.099345398607068546e+03
5.745938592430778226e+04 1.595271871737758629e+06 1.101446304667821778e+03
5.745938592510249873e+04 1.596799266184997745e+06 1.103145377238421133e+03
5.745938592589722248e+04 1.604379524232982658e+06 1.106376034144291225e+03
5.745938592669194622e+04 1.601599120462548453e+06 1.106992937079721287e+03
5.745938592748666997e+04 1.611087977488602977e+06 1.110415870362147416e+03
5.745938592828139372e+04 1.609838884046314051e+06 1.111385646249840647e+03
5.745938592907611019e+04 1.610878942570907064e+06 1.112877918759070781e+03
5.745938592987083393e+04 1.623237420422274619e+06 1.117717226355907314e+03
5.745938593066555768e+04 1.686342481619212078e+06 1.136538253383137544e+03
5.745938593146028143e+04 1.711756347080883337e+06 1.144466023647247539e+03
5.745938593225500517e+04 1.701558147839132696e+06 1.142840912327856131e+03
5.745938593304972164e+04 1.709614586898551788e+06 1.146099349840908644e+03
5.745938593384444539e+04 1.707244887191675138e+06 1.146716358893879260e+03
5.745938593463916914e+04 1.713605132917522686e+06 1.149731712864505880e+03
5.745938593543389288e+04 1.717593148175407201e+06 1.151997308456667270e+03
5.745938593622861663e+04 1.720714161992945010e+06 1.153744510619164657e+03
5.745938593702333310e+04 1.722766593423349084e+06 1.155751324914852376e+03
5.745938593781805685e+04 1.725597426974738715e+06 1.157600462372870652e+03
5.745938593861278059e+04 1.729462901515028439e+06 1.159732721596427837e+03
5.745938593940750434e+04 1.744499317613997729e+06 1.164808106123264679e+03
5.745938594020222081e+04 1.749224464532816317e+06 1.167293303399276056e+03
5.745938594099694456e+04 1.740382321593434084e+06 1.166145997375847628e+03
5.745938594179166830e+04 1.743410180042451015e+06 1.167980872380984010e+03
5.745938594258639205e+04 1.744972286728632869e+06 1.169590884027062884e+03
5.745938594338111579e+04 1.745651131404909305e+06 1.170942471956788950e+03
5.745938594417583226e+04 1.749686074160877848e+06 1.173120729397350260e+03
5.745938594497055601e+04 1.741890266721758759e+06 1.172357181661640652e+03
5.745938594576527976e+04 1.691128509357611882e+06 1.159893392700572576e+03
5.745938594656000350e+04 1.677448280664617894e+06 1.157300886797452222e+03
5.745938594735472725e+04 1.681126585412557935e+06 1.159408371171795807e+03
5.745938594814944372e+04 1.682276094262989936e+06 1.160816836244395063e+03
5.745938594894416747e+04 1.684456919628377538e+06 1.162753894000055425e+03
5.745938594973889121e+04 1.684032993720181519e+06 1.163756062124838536e+03
5.745938595053361496e+04 1.689422728591480758e+06 1.166303056452185274e+03
5.745938595132833871e+04 1.693170522923163604e+06 1.168283131619035203e+03
5.745938595212305518e+04 1.694058730605163146e+06 1.169833087241333715e+03
5.745938595291777892e+04 1.698314522655826528e+06 1.172317810971073641e+03
5.745938595371250267e+04 1.700410823688859586e+06 1.174077346127671944e+03
5.745938595450722642e+04 1.702087713159804698e+06 1.175380434297543388e+03
5.745938595530195016e+04 1.703910753885085694e+06 1.177057261732010829e+03
5.745938595609666663e+04 1.707050680642456748e+06 1.179142080467427604e+03
5.745938595689139038e+04 1.709260137746491702e+06 1.180697604740948009e+03
5.745938595768611412e+04 1.715063001704895869e+06 1.183521174651872343e+03
5.745938595848083787e+04 1.717084603158548940e+06 1.185196394141593828e+03
5.745938595927555434e+04 1.718522135226776125e+06 1.186765032824463105e+03
5.745938596007027809e+04 1.723002004722922808e+06 1.189048479889292139e+03
5.745938596086500183e+04 1.724536709027288482e+06 1.190523588703225869e+03
5.745938596165972558e+04 1.727335383291327860e+06 1.192190017982569543e+03
5.745938596245444933e+04 1.730484351231334265e+06 1.194379491228856523e+03
5.745938596324916580e+04 1.732611062448645243e+06 1.196117922432557407e+03
5.745938596404388954e+04 1.734862224720595405e+06 1.197653159279163219e+03
5.745938596483861329e+04 1.738979403567421483e+06 1.199927910818645159e+03
5.745938596563333704e+04 1.743479432620178908e+06 1.202258165880547267e+03
5.745938596642806078e+04 1.746416064526210306e+06 1.203969519524613361e+03
5.745938596722277725e+04 1.750879566062850412e+06 1.206595748636872941e+03
5.745938596801750100e+04 1.756155606398758013e+06 1.208975412071251185e+03
5.745938596881222475e+04 1.759895589162058197e+06 1.211115823534732726e+03
5.745938596960694849e+04 1.762458153523914982e+06 1.212798299674442660e+03
5.745938597040167224e+04 1.764728690991737880e+06 1.214533299996903679e+03
5.745938597119638871e+04 1.767741687295853626e+06 1.216258075042796236e+03
5.745938597199111246e+04 1.770099698292687535e+06 1.217999929479618913e+03
5.745938597278583620e+04 1.771990145715240622e+06 1.219568844635439973e+03
5.745938597358055995e+04 1.776196193461058661e+06 1.221263449066407475e+03
5.745938597437528369e+04 1.780671605506953783e+06 1.222642384889573805e+03
5.745938597517000017e+04 1.788728124766072258e+06 1.223548660584658137e+03
5.745938597596472391e+04 1.796896890568209346e+06 1.224994129936812669e+03
5.745938597675944766e+04 1.804255099210256711e+06 1.225993171908444765e+03
5.745938597755417140e+04 1.811675886413876200e+06 1.227121136082653720e+03
5.745938597834888787e+04 1.816821211157713085e+06 1.227580285190933637e+03
5.745938597914361162e+04 1.829163728738811566e+06 1.229882214679036679e+03
5.745938597993833537e+04 1.835526333756153006e+06 1.230738332393719020e+03
5.745938598073305911e+04 1.840480067189291818e+06 1.230863545383640258e+03
5.745938598152778286e+04 1.851331204835077049e+06 1.232896965441980456e+03
5.745938598232249933e+04 1.854452503703355789e+06 1.232984143388578559e+03
5.745938598311722308e+04 1.858374000676071737e+06 1.232857448817484965e+03
5.745938598391194682e+04 1.864746513299627928e+06 1.233600572963860714e+03
5.745938598470667057e+04 1.874817177186793648e+06 1.235402364911342374e+03
5.745938598550139432e+04 1.880983929683154915e+06 1.236195874146445703e+03
5.745938598629611079e+04 1.889185153941455064e+06 1.237522424231923424e+03
5.745938598709083453e+04 1.898389291630226187e+06 1.239069020946232740e+03
5.745938598788555828e+04 1.902308791626783554e+06 1.239915678542651904e+03
5.745938598868028203e+04 1.910624451077303151e+06 1.240282547737964023e+03
5.745938598947500577e+04 1.921222842039197683e+06 1.242058108676674010e+03
5.745938599026972224e+04 1.928642275331559125e+06 1.243098871758089672e+03
5.745938599106444599e+04 1.938596432152183494e+06 1.244847983983132053e+03
5.745938599185916974e+04 1.945073814886627719e+06 1.245766321420375334e+03
5.745938599265389348e+04 1.947208401582456194e+06 1.245665430572597415e+03
5.745938599344860995e+04 1.952039371055154130e+06 1.245260459175502092e+03
5.745938599424333370e+04 1.956535730041116476e+06 1.245728760516934699e+03
5.745938599503805744e+04 1.968865977379906923e+06 1.247872341475670510e+03
5.745938599583278119e+04 1.970629736052713357e+06 1.247992450442791551e+03
5.745938599662750494e+04 1.979806846299663885e+06 1.248595621295605724e+03
5.745938599742222141e+04 1.988175037317692069e+06 1.250049418969157841e+03
5.745938599821694515e+04 1.995461771283984184e+06 1.250988365039340579e+03
5.745938599901166890e+04 2.004481173034160631e+06 1.252236932573788863e+03
5.745938599980639265e+04 2.014717789496866520e+06 1.253917524121776751e+03
5.745938600060111639e+04 2.018793554641995579e+06 1.253945004467985427e+03
5.745938600139583286e+04 2.029156524934847839e+06 1.255606457816044895e+03
5.745938600219055661e+04 2.035230880619243719e+06 1.256422557572593178e+03
5.745938600298528036e+04 2.049576224298003362e+06 1.259027805593362928e+03
5.745938600378000410e+04 2.050986349368848838e+06 1.258507966326560563e+03
5.745938600457472785e+04 2.058103687167522497e+06 1.259677768015831816e+03
5.745938600536944432e+04 2.063446020826427964e+06 1.260016937331957934e+03
5.745938600616416807e+04 2.070102669942698441e+06 1.260578233933703814e+03
5.745938600695889181e+04 2.077220022843334358e+06 1.261850943314018878e+03
5.745938600775361556e+04 2.084635168690198800e+06 1.262814777023488432e+03
5.745938600854833930e+04 2.091734457143872976e+06 1.263598521623365741e+03
5.745938600934305578e+04 2.101222148338650819e+06 1.265131425363518929e+03
5.745938601013777952e+04 2.110536286350068171e+06 1.266587848505884722e+03
5.745938601093250327e+04 2.119454846371883992e+06 1.267743513943184325e+03
5.745938601172722701e+04 2.127590772316658869e+06 1.269147997405800425e+03
5.745938601252194348e+04 2.130886068071458489e+06 1.269089701452868439e+03
5.745938601331666723e+04 2.138995223054792266e+06 1.270221321167666247e+03
5.745938601411139098e+04 2.145404409568955190e+06 1.271578681562007432e+03
5.745938601490611472e+04 2.138774826474445872e+06 1.274651090183017232e+03
5.745938601570083847e+04 2.140504843607778661e+06 1.276413498225920193e+03
5.745938601649555494e+04 2.154449578442504164e+06 1.277456305632074873e+03
5.745938601729027869e+04 2.161186460124026053e+06 1.278943920225563261e+03
5.745938601808500243e+04 2.171048566042224877e+06 1.280016637239491956e+03
5.745938601887972618e+04 2.180027738847168628e+06 1.281553073815034850e+03
5.745938601967444993e+04 2.188330450739641208e+06 1.283114974475353392e+03
5.745938602046916640e+04 2.197279565117310733e+06 1.284364763395320324e+03
5.745938602126389014e+04 2.208865966103306040e+06 1.286336862691777696e+03
5.745938602205861389e+04 2.217569083624188323e+06 1.287579448018545691e+03
5.745938602285333764e+04 2.225607986482867505e+06 1.289022009134173004e+03
5.745938602364806138e+04 2.238544032340104226e+06 1.291186232838685328e+03
5.745938602444277785e+04 2.236857069806298707e+06 1.290798434228398037e+03
5.745938602523750160e+04 2.246260056328860577e+06 1.291414187267484294e+03
5.745938602603222535e+04 2.256606179996982682e+06 1.292853756990269630e+03
5.745938602682694909e+04 2.265626621344693471e+06 1.294031732690674062e+03
5.745938602762166556e+04 2.269126272748457268e+06 1.294462147955725641e+03
5.745938602841638931e+04 2.280948920729859266e+06 1.295761148852361202e+03
5.745938602921111305e+04 2.292206554333696142e+06 1.297014636594813282e+03
5.745938603000583680e+04 2.318906324301755987e+06 1.297928021179143570e+03
5.745938603080056055e+04 2.373632373126163147e+06 1.308761541727344593e+03
5.745938603159527702e+04 2.402422481568865944e+06 1.314611468323104646e+03
5.745938603239000076e+04 2.397807704765350092e+06 1.312681992621145582e+03
5.745938603318472451e+04 2.412392044652553275e+06 1.315323949068172851e+03
5.745938603397944826e+04 2.411997462172727101e+06 1.314323652630897868e+03
5.745938603477417200e+04 2.420008404015194625e+06 1.315436856362750405e+03
5.745938603556888847e+04 2.427811940467557870e+06 1.316445929813721477e+03
5.745938603636361222e+04 2.429945309618114494e+06 1.316182826285000829e+03
5.745938603715833597e+04 2.436026328140434343e+06 1.316994222804790070e+03
5.745938603795305971e+04 2.456809457967569586e+06 1.320827520786324840e+03
5.745938603874778346e+04 2.457776939260228537e+06 1.320297841304688063e+03
5.745938603954249993e+04 2.460406312882201280e+06 1.320036994963305006e+03
5.745938604033722368e+04 2.478145131443568505e+06 1.323456522286502604e+03
5.745938604113194742e+04 2.479674411265506409e+06 1.323187267350071807e+03
5.745938604192667117e+04 2.481829378502303734e+06 1.322785441593397081e+03
5.745938604272139492e+04 2.491836604029884562e+06 1.324252244808501928e+03
5.745938604351611139e+04 2.508657559006164316e+06 1.327496048328490815e+03
5.745938604431083513e+04 2.501338375519968569e+06 1.324780363636241191e+03
5.745938604510555888e+04 2.505152923153777141e+06 1.324861225180650763e+03
5.745938604590028262e+04 2.471577653351837769e+06 1.316150857168575385e+03
5.745938604669499910e+04 2.479866053776322864e+06 1.317256067344164876e+03
5.745938604748972284e+04 2.484411559742736630e+06 1.317483086587938942e+03
5.745938604828444659e+04 2.495744222710309085e+06 1.319272708247537366e+03
5.745938604907917033e+04 2.499190735530658159e+06 1.319375850959881063e+03
5.745938604987389408e+04 2.508387033187180292e+06 1.320712952262663748e+03
5.745938605066861055e+04 2.517597521228202619e+06 1.321865167896650519e+03
5.745938605146333430e+04 2.524886600464961957e+06 1.322952860265085974e+03
5.745938605225805804e+04 2.527794842098516878e+06 1.322854971394933500e+03
5.745938605305278179e+04 2.539471359555712901e+06 1.324813516574549112e+03
5.745938605384750554e+04 2.550416865387404803e+06 1.326558273291060914e+03
5.745938605464222201e+04 2.554963286312735640e+06 1.326803687313489036e+03
5.745938605543694575e+04 2.566170432205760852e+06 1.328524357048337151e+03
5.745938605623166950e+04 2.575224515369290952e+06 1.329851809009913723e+03
5.745938605702639325e+04 2.594646317114158068e+06 1.333575832308197050e+03
5.745938605782111699e+04 2.634197596068375744e+06 1.341995050202079938e+03
5.745938605861583346e+04 2.636606132221690379e+06 1.341829703616206189e+03
5.745938605941055721e+04 2.647996233671682421e+06 1.343554754558107106e+03
5.745938606020528096e+04 2.653130047027125489e+06 1.344053542547824918e+03
5.745938606100000470e+04 2.657344732718824409e+06 1.344222746713272045e+03
5.745938606179472117e+04 2.658797169463212136e+06 1.343797494278457634e+03
5.745938606258944492e+04 2.661193594580709934e+06 1.343434526326042260e+03
5.745938606338416866e+04 2.676844071049794089e+06 1.346209228342497681e+03
5.745938606417889241e+04 2.684869391025100835e+06 1.347374159182032599e+03
5.745938606497361616e+04 2.722978052897821181e+06 1.355396588387529164e+03
5.745938606576833263e+04 2.812218851096497383e+06 1.374968035662497641e+03
5.745938606656305637e+04 2.814248940286335070e+06 1.374614088416737559e+03
5.745938606735778012e+04 2.824816788380660117e+06 1.376221622749915014e+03
5.745938606815250387e+04 2.828589215351318009e+06 1.376295806973214894e+03
5.745938606894722761e+04 2.833499946654528845e+06 1.376689802073900637e+03
5.745938606974194408e+04 2.845895808463857975e+06 1.378713471398828915e+03
5.745938607053666783e+04 2.849049928767103702e+06 1.378648590995348513e+03
5.745938607133139158e+04 2.860903527527101338e+06 1.380504489734574008e+03
5.745938607212611532e+04 2.848107991738748271e+06 1.376727817262991948e+03
5.745938607292083907e+04 2.836749524131506216e+06 1.373451981750050209e+03
5.745938607371555554e+04 2.837926925166275352e+06 1.372887168337032335e+03
5.745938607451027929e+04 2.853807706727960613e+06 1.375707299506536856e+03
5.745938607530500303e+04 2.858483591331950389e+06 1.376020237001604528e+03
5.745938607609972678e+04 2.859822051123431418e+06 1.375539804938882753e+03
5.745938607689445053e+04 2.861651195450397208e+06 1.375129778919236514e+03
5.745938607768916700e+04 2.871411629230674822e+06 1.376444774955945832e+03
5.745938607848389074e+04 2.879912249829367734e+06 1.377647514122058737e+03
5.745938607927861449e+04 2.884299516553691123e+06 1.377822891275870916e+03
5.745938608007333823e+04 2.859601598765929230e+06 1.371413027900156067e+03
5.745938608086805471e+04 2.804939031375729479e+06 1.358102768107141628e+03
5.745938608166277845e+04 2.804538466091356706e+06 1.357236553593257440e+03
5.745938608245750220e+04 2.808366977934854105e+06 1.357328717493163367e+03
5.745938608325222594e+04 2.817373550315152854e+06 1.358638407942581352e+03
5.745938608404694969e+04 2.826332720313454513e+06 1.359834430140895620e+03
5.745938608484166616e+04 2.843911962832428981e+06 1.363149788495640450e+03
5.745938608563638991e+04 2.882519534734739922e+06 1.371159789124240660e+03
5.745938608643111365e+04 3.068709627550604753e+06 1.412224067275379866e+03
5.745938608722583740e+04 3.197260993029602338e+06 1.439589945539417386e+03
5.745938608802056115e+04 3.157363819287859835e+06 1.430107460982830162e+03
5.745938608881527762e+04 3.194998598361575510e+06 1.437510501587287308e+03
5.745938608961000136e+04 3.183187050495174713e+06 1.434165317643326944e+03
5.745938609040472511e+04 3.197878047429115977e+06 1.436606173818924617e+03
5.745938609119944886e+04 3.230497138123071287e+06 1.442911640155981331e+03
5.745938609199417260e+04 3.204796510321958922e+06 1.436548868300010781e+03
5.745938609278888907e+04 3.231061152016629465e+06 1.441508067390975839e+03
5.745938609358361282e+04 3.234568782344100066e+06 1.441535510108599965e+03
5.745938609437833657e+04 3.263551086290910374e+06 1.447064784744802409e+03
5.745938609517306031e+04 3.253262959987054579e+06 1.444053187989713251e+03
5.745938609596778406e+04 3.301050651881176047e+06 1.453621250687543807e+03
5.745938609676250053e+04 3.293640942769475281e+06 1.451269139969785101e+03
5.745938609755722428e+04 3.275133948746086564e+06 1.446513814821529422e+03
5.745938609835194802e+04 3.279799180610421114e+06 1.446799668258711563e+03
5.745938609914667177e+04 3.296412330370062497e+06 1.449631372342187660e+03
5.745938609994138824e+04 3.285752349717635196e+06 1.446549493855539140e+03
5.745938610073611198e+04 3.270638378168923315e+06 1.442529245216176150e+03
5.745938610153083573e+04 3.105415717449050397e+06 1.405612922176684833e+03
5.745938610232555948e+04 3.006137002521978226e+06 nan
5.745938610312028322e+04 3.000288490017297212e+06 1.381962845555501872e+03
5.745938610391499969e+04 3.002804067939325701e+06 1.382531570159331068e+03
5.745938610470972344e+04 2.999216904848057311e+06 1.381720509195023396e+03
5.745938610550444719e+04 2.998407685005599167e+06 1.381537478003582692e+03
5.745938610629917093e+04 2.998194128073873464e+06 nan
5.745938610709389468e+04 2.997024089209230151e+06 nan
5.745938610788861115e+04 3.000280530187713914e+06 nan
5.745938610868333490e+04 3.000362881766851060e+06 1.381979667399011305e+03
5.745938610947805864e+04 2.999870132829892449e+06 1.381868240107819702e+03
5.745938611027278239e+04 2.997226594164718874e+06 1.381270292648382792e+03
5.745938611106750614e+04 3.000748059672745876e+06 1.382066762966053602e+03
5.745938611186222261e+04 3.002778413866491523e+06 1.382525771429435963e+03
5.745938611265694635e+04 3.005432954156951047e+06 1.383125661806653852e+03
5.745938611345167010e+04 3.009410569855411537e+06 1.384024062709760983e+03
5.745938611424639384e+04 3.009668898263781331e+06 1.384082389677313586e+03
5.745938611504111032e+04 3.012389785013899207e+06 1.384696578905894057e+03
5.745938611583583406e+04 3.014472719806979876e+06 1.385166578386643778e+03
5.745938611663055781e+04 3.013125668902821839e+06 1.384862644114665954e+03
5.745938611742528155e+04 3.017691986703295726e+06 1.385892669613906264e+03
5.745938611822000530e+04 3.017110461419485509e+06 1.385761537345866145e+03
5.745938611901472177e+04 3.015712155319143552e+06 1.385446172564804101e+03
5.745938611980944552e+04 3.019218136407368816e+06 1.386236752959106070e+03
5.745938612060416926e+04 3.039514655136200599e+06 1.390804680557311485e+03
5.745938612139889301e+04 3.040289220141449943e+06 1.390978706734364778e+03
5.745938612219361676e+04 3.036379269694034941e+06 1.390100012070632147e+03
5.745938612298833323e+04 3.038094003121680580e+06 1.390485437518512981e+03
5.745938612378305697e+04 3.042218530189914629e+06 1.391412081796293933e+03
5.745938612457778072e+04 3.045705729690940119e+06 1.392195058552082855e+03
5.745938612537250447e+04 3.046642515657336451e+06 1.392405318966368668e+03
5.745938612616722821e+04 3.051945784462466370e+06 1.393595032744104401e+03
5.745938612696194468e+04 3.045337479611366056e+06 1.392112396596303370e+03
5.745938612775666843e+04 3.042802715994503815e+06 1.391543279059823135e+03
5.745938612855139218e+04 3.039504307954673655e+06 1.390802355646434307e+03
5.745938612934611592e+04 3.041769586425936781e+06 1.391311248972066096e+03
5.745938613014083967e+04 3.043483322909132577e+06 1.391696115112134521e+03
5.745938613093555614e+04 3.062746293224188499e+06 1.396014839915793118e+03
5.745938613173027989e+04 3.078725930129536428e+06 1.399587334299278382e+03
5.745938613252500363e+04 3.100888705013358500e+06 1.404527123495074648e+03
5.745938613331972738e+04 3.181296880011674017e+06 1.422305013000831877e+03
5.745938613411444385e+04 3.187841482260901481e+06 1.423742226111547097e+03
5.745938613490916759e+04 3.179534694523992948e+06 1.421917783867089611e+03
5.745938613570389134e+04 3.169914371532706544e+06 1.419801916539043759e+03
5.745938613649861509e+04 3.167168850218263455e+06 1.419197495553883300e+03
5.745938613729333883e+04 3.168474788055044599e+06 1.419485027231496588e+03
5.745938613808805530e+04 3.166629758695579134e+06 1.419078785404368091e+03
5.745938613888277905e+04 3.163012538977026474e+06 1.418282001881375209e+03
5.745938613967750280e+04 3.159595324632199481e+06 1.417528863161214304e+03
5.745938614047222654e+04 3.168249965616417583e+06 1.419435531649909308e+03
5.745938614126695029e+04 3.171082118351496756e+06 1.420058915668531426e+03
5.745938614206166676e+04 3.169073011914922856e+06 1.419616720261784849e+03
5.745938614285639051e+04 3.176331129520840943e+06 1.421213550438682432e+03
5.745938614365111425e+04 3.169759149433976505e+06 1.419767751569331494e+03
5.745938614444583800e+04 3.165929246420645155e+06 1.418924514910114340e+03
5.745938614524056175e+04 3.163171417441602331e+06 1.418317008253444556e+03
5.745938614603527822e+04 3.149366352987248916e+06 1.415272048270943060e+03
5.745938614683000196e+04 3.125424535181755666e+06 1.409975650317620648e+03
5.745938614762472571e+04 3.102452580693026539e+06 1.404875034632312463e+03
5.745938614841944946e+04 3.024169192169507500e+06 1.387352422820511038e+03
5.745938614921416593e+04 3.011387552360804286e+06 1.384470375351348139e+03
5.745938615000888967e+04 3.018796787407029420e+06 1.386141764802357102e+03
5.745938615080361342e+04 3.020074610482740682e+06 1.386429814866844481e+03
5.745938615159833716e+04 3.021173523079635575e+06 1.386677486629379246e+03
5.745938615239306091e+04 3.017249445388725959e+06 1.385792878957008270e+03
5.745938615318777738e+04 3.018628383515967987e+06 1.386103798312911294e+03
5.745938615398250113e+04 3.020509748482016381e+06 1.386527891101098703e+03
5.745938615477722487e+04 3.021730367677172646e+06 1.386802970792258293e+03
5.745938615557194862e+04 3.016927115056931507e+06 1.385720190698895067e+03
5.745938615636667237e+04 3.027279425739977509e+06 1.388052823594075562e+03
5.745938615716138884e+04 3.013249279558518901e+06 1.384890537090955149e+03
5.745938615795611258e+04 3.015422924676216207e+06 1.385380932423510330e+03
5.745938615875083633e+04 3.012434479078277014e+06 1.384706665479704725e+03
5.745938615954556008e+04 3.016348474225177430e+06 1.385589692654624059e+03
5.745938616034028382e+04 3.018026394480814692e+06 1.385968071980920058e+03
5.745938616113500029e+04 3.016372961119812448e+06 1.385595215313578819e+03
5.745938616192972404e+04 3.013648865156396758e+06 1.384980700487464446e+03
5.745938616272444779e+04 3.018122606800951064e+06 1.385989765204128162e+03
5.745938616351917153e+04 3.014389375399002805e+06 1.385147775374301546e+03
5.745938616431389528e+04 3.019362169769930653e+06 1.386269222087184062e+03
5.745938616510861175e+04 3.045187822191861924e+06 1.392078801242915915e+03
5.745938616590333550e+04 3.078611266228488646e+06 1.399561731897812706e+03
5.745938616669805924e+04 3.078579773168604821e+06 1.399554699977953078e+03
5.745938616749278299e+04 3.079231641563683748e+06 1.399700245044381745e+03
5.745938616828749946e+04 3.081362122169645038e+06 1.400175819801223270e+03
5.745938616908222320e+04 3.080861335735989735e+06 1.400064046690362602e+03
5.745938616987694695e+04 3.083312349646881223e+06 1.400611016138778268e+03
5.745938617067167070e+04 3.085116423542122822e+06 1.401013477705987953e+03
5.745938617146639444e+04 3.082005907105677295e+06 1.400319496379682732e+03
5.745938617226111091e+04 3.080808758943598717e+06 1.400052311286885242e+03
5.745938617305583466e+04 3.089739345890854485e+06 1.402044254359249408e+03
5.745938617385055841e+04 3.083027345197213814e+06 1.400547425383467271e+03
5.745938617464528215e+04 3.092567330857100431e+06 1.402674438986355653e+03
5.745938617544000590e+04 3.089210580726444256e+06 1.401926393557817164e+03
5.745938617623472237e+04 3.081973638208827004e+06 1.400312295125811261e+03
5.745938617702944612e+04 3.087236942386400886e+06 1.401486385589064639e+03
5.745938617782416986e+04 3.085469164468302857e+06 1.401092155353347607e+03
5.745938617861889361e+04 3.082969052919881884e+06 1.400534418739834564e+03
5.745938617941361736e+04 3.079590924471366685e+06 1.399780456998383670e+03
5.745938618020833383e+04 3.047427311841177754e+06 1.392581441029836469e+03
5.745938618100305757e+04 3.022802023266152013e+06 1.387044434955616225e+03
5.745938618179778132e+04 3.016957154016595799e+06 1.385726964903393991e+03
5.745938618259250507e+04 3.017913990855451208e+06 1.385942727635112988e+03
5.745938618338722881e+04 3.017997861312372610e+06 1.385961638473530456e+03
5.745938618418194528e+04 3.021349774996757042e+06 1.386717205984325119e+03
5.745938618497666903e+04 3.013374630712263286e+06 1.384918822240193549e+03
5.745938618577139277e+04 3.016074965707459953e+06 1.385528005334847876e+03
5.745938618656611652e+04 3.017155346167868003e+06 1.385771659168608267e+03
5.745938618736083299e+04 3.015509664194127545e+06 1.385400498094803424e+03
5.745938618815555674e+04 3.015999251454855315e+06 1.385510928199155160e+03
5.745938618895028048e+04 3.026841267221035436e+06 1.387954175040785458e+03
5.745938618974500423e+04 3.017820597302306443e+06 1.385921669256217911e+03
5.745938619053972798e+04 3.021821527966733091e+06 1.386823512556377182e+03
5.745938619133444445e+04 3.017868078537576832e+06 1.385932375365401867e+03
5.745938619212916819e+04 3.018303825747569092e+06 1.386030624153821009e+03
5.745938619292389194e+04 3.018011009871178307e+06 1.385964603144498142e+03
5.745938619371861569e+04 3.023052733948790003e+06 1.387100918721487233e+03
5.745938619451333943e+04 3.021558698746975511e+06 1.386764286646025312e+03
5.745938619530805590e+04 3.023345952355598565e+06 1.387166976330625175e+03
5.745938619610277965e+04 3.027916264609410428e+06 1.388196191242751411e+03
5.745938619689750340e+04 3.076145466690305155e+06 1.399011049520853703e+03
5.745938619769222714e+04 3.161973191937026102e+06 1.418052976782123324e+03
5.745938619848695089e+04 3.167779814790511969e+06 1.419332020439217104e+03
5.745938619928166736e+04 3.153130715390282683e+06 1.416102996649228999e+03
5.745938620007639111e+04 3.155061474024534225e+06 1.416529004738460571e+03
5.745938620087111485e+04 3.159705469827206805e+06 1.417553144909214325e+03
5.745938620166583860e+04 3.165309086058635730e+06 1.418787925937716409e+03
5.745938620246055507e+04 3.161851491382854525e+06 1.418026157062796983e+03
5.745938620325527882e+04 3.156965921540518757e+06 1.416949081993712298e+03
5.745938620405000256e+04 3.161587875295013655e+06 1.417968061015262492e+03
5.745938620484472631e+04 3.165958100178801455e+06 1.418930869567559512e+03
5.745938620563945005e+04 3.166772375390471425e+06 1.419110191147623482e+03
5.745938620643416652e+04 3.174153044875761494e+06 1.420734547002835143e+03
5.745938620722889027e+04 3.178492295360384975e+06 1.421688673585128072e+03
5.745938620802361402e+04 3.161689798184770159e+06 1.417990523193114086e+03
5.745938620881833776e+04 3.162328082076030783e+06 1.418131182682871213e+03
5.745938620961306151e+04 3.157513916625061538e+06 1.417069934015489252e+03
5.745938621040777798e+04 3.157554502023342997e+06 1.417078884100877985e+03
5.745938621120250173e+04 3.154500551610353868e+06 1.416405254422783855e+03
5.745938621199722547e+04 3.113986233937807381e+06 1.407438238862057460e+03
5.745938621279194922e+04 3.034780927829253953e+06 1.389740652025867576e+03
5.745938621358667297e+04 3.019499525696316734e+06 1.386300185226921940e+03
5.745938621438138944e+04 3.020318025706758723e+06 1.386484679347999190e+03
5.745938621517611318e+04 3.020420399501329754e+06 1.386507753201665764e+03
5.745938621597083693e+04 3.022687612149077002e+06 1.387018657983075855e+03
5.745938621676556068e+04 3.020028470374148339e+06 1.386419414889968493e+03
5.745938621756028442e+04 3.023805649964958429e+06 1.387270532819067284e+03
5.745938621835500089e+04 3.021838684605430812e+06 1.386827378543701116e+03
5.745938621914972464e+04 3.029644451182329562e+06 1.388585172752811559e+03
5.745938621994444838e+04 3.036931140303502791e+06 1.390224069238368884e+03
5.745938622073917213e+04 3.020269290098129772e+06 1.386473694777989977e+03
5.745938622153388860e+04 3.016586364943400025e+06 1.385643344475635558e+03
5.745938622232861235e+04 3.019334195303896442e+06 1.386262915923575974e+03
5.745938622312333609e+04 3.022322392367225606e+06 1.386936370288671924e+03
5.745938622391805984e+04 3.025088584899322130e+06 1.387559499827692434e+03
5.745938622471278359e+04 3.022260820296728984e+06 1.386922497000266958e+03
5.745938622550750006e+04 3.022611257160101086e+06 1.387001454838841710e+03
5.745938622630222380e+04 3.024406950070365332e+06 1.387405976559845385e+03
5.745938622709694755e+04 3.021911273945777677e+06 1.386843735327131526e+03
5.745938622789167130e+04 3.026292888445656281e+06 1.387830701230713885e+03
5.745938622868639504e+04 3.023457021910081618e+06 1.387191997776011249e+03
5.745938622948111151e+04 3.026241806149451993e+06 1.387819198902871221e+03
5.745938623027583526e+04 3.029195938645040616e+06 1.388484231690497154e+03
5.745938623107055901e+04 3.037318403624804690e+06 1.390311117076139453e+03
5.745938623186528275e+04 3.038160754634448793e+06 1.390500439283113110e+03
5.745938623266000650e+04 3.031858768165425397e+06 1.389083413659305961e+03
5.745938623345472297e+04 3.031180707962398883e+06 1.388930863101723617e+03
5.745938623424944672e+04 3.030820381021822337e+06 1.388849789624003506e+03
5.745938623504417046e+04 3.030844285150784533e+06 1.388855168194020280e+03
5.745938623583889421e+04 3.031877423722779844e+06 1.389087610565560226e+03
5.745938623663361068e+04 3.034625543065451551e+06 1.389705711442500842e+03
5.745938623742833443e+04 3.032409720558285713e+06 1.389207355058606254e+03
5.745938623822305817e+04 3.034303697341674007e+06 1.389633336833333942e+03
5.745938623901778192e+04 3.028252972256656736e+06 1.388271986197377146e+03
5.745938623981250566e+04 3.030348014035003725e+06 1.388743499992664965e+03
5.745938624060722213e+04 3.028794901175474748e+06 1.388393969028485799e+03
5.745938624140194588e+04 3.031133780244243331e+06 1.388920304644097314e+03
5.745938624219666963e+04 3.029664270486118272e+06 1.388589633064363625e+03
5.745938624299139337e+04 3.030204225265636109e+06 1.388711143755612966e+03
5.745938624378611712e+04 3.029690095935434103e+06 1.388595445030569863e+03
5.745938624458083359e+04 3.028573795648597647e+06 1.388344201659074770e+03
5.745938624537555734e+04 3.025759344123616349e+06 1.387710557024504396e+03
5.745938624617028108e+04 3.020502521183286794e+06 1.386526262188911460e+03
5.745938624696500483e+04 3.021771526220326312e+06 1.386812245362617205e+03
5.745938624775972858e+04 3.022453269689742010e+06 1.386965858828575620e+03
5.745938624855444505e+04 3.023875448270350695e+06 1.387286255669308275e+03
5.745938624934916879e+04 3.025862993967405055e+06 1.387733897845558886e+03
5.745938625014389254e+04 3.026836945117539261e+06 1.387953201912248232e+03
5.745938625093861629e+04 3.031886563723167870e+06 1.389089666769924406e+03
5.745938625173334003e+04 3.028352168900797144e+06 1.388294315180681679e+03
5.745938625252805650e+04 3.025247022736692335e+06 1.387595182036328879e+03
5.745938625332278025e+04 3.026450724274895154e+06 1.387866240915099524e+03
5.745938625411750400e+04 3.026473997962718364e+06 1.387871481343535152e+03
5.745938625491222774e+04 3.025347675043156371e+06 1.387617849734563151e+03
5.745938625570694421e+04 3.029154931831781752e+06 1.388475002437877265e+03
5.745938625650166796e+04 3.028610580861838534e+06 1.388352481554539963e+03
5.745938625729639170e+04 3.029612468241332565e+06 1.388577974998463333e+03
5.745938625809111545e+04 3.032001719236066565e+06 1.389115572773749363e+03
5.745938625888583920e+04 3.043661093934303150e+06 1.391736032338366840e+03
5.745938625968055567e+04 3.030290917833219748e+06 1.388730651942903705e+03
5.745938626047527941e+04 3.029054189798334613e+06 1.388452328538491429e+03
5.745938626127000316e+04 3.032190741260898300e+06 1.389158095138224780e+03
5.745938626206472691e+04 3.025983968026475050e+06 1.387761139395590135e+03
5.745938626285945065e+04 3.025144423285339028e+06 1.387572075444492611e+03
5.745938626365416712e+04 3.024981805910690688e+06 1.387535451328787303e+03
5.745938626444889087e+04 3.025996031336281914e+06 1.387763855843340480e+03
5.745938626524361462e+04 3.026196828458773904e+06 1.387809071085332562e+03
5.745938626603833836e+04 3.028107343355723657e+06 1.388239204747268104e+03
5.745938626683306211e+04 3.024302291994014755e+06 1.387382403123327549e+03
5.745938626762777858e+04 3.022659665562578943e+06 1.387012361508220920e+03
5.745938626842250233e+04 3.017762029210355598e+06 1.385908463159263647e+03
5.745938626921722607e+04 3.016992370146175846e+06 1.385734906589770389e+03
5.745938627001194982e+04 3.003974084728601854e+06 1.382796009162369501e+03
5.745938627080666629e+04 2.989133929600456264e+06 1.379438184914527028e+03
5.745938627160139004e+04 2.974423192833622452e+06 1.376101557124696228e+03
5.745938627239611378e+04 2.969622782120846212e+06 1.375010995892588880e+03
5.745938627319083753e+04 2.957479719935295172e+06 1.372248455987311218e+03
5.745938627398556127e+04 2.940314764753840864e+06 1.368333924146862046e+03
5.745938627478027774e+04 2.936023946817897260e+06 1.367353636321337945e+03
5.745938627557500149e+04 2.929818592192473821e+06 1.365934705657739642e+03
5.745938627636972524e+04 2.907232451684625354e+06 1.360757613354740897e+03
5.745938627716444898e+04 2.893713602277550846e+06 1.357649439812601031e+03
5.745938627795917273e+04 2.881862401202935260e+06 1.354918817033638561e+03
5.745938627875388920e+04 2.868389035033848137e+06 1.351807732962108503e+03
5.745938627954861295e+04 2.854186705137859564e+06 1.348520556280534493e+03
5.745938628034333669e+04 2.842116415448060259e+06 1.345720535495775721e+03
5.745938628113806044e+04 2.832308692997145932e+06 1.343441079140881357e+03
5.745938628193278419e+04 2.816705741283863783e+06 1.339806735429559922e+03
5.745938628272750066e+04 2.805700009233365767e+06 1.337237266071677141e+03
5.745938628352222440e+04 2.795254775721119717e+06 1.334794079558978183e+03
5.745938628431694815e+04 2.784409876243138686e+06 1.332252668472449159e+03
5.745938628511167190e+04 2.770312559075541794e+06 1.328941815664709111e+03
5.745938628590639564e+04 2.758367112402759027e+06 1.326129874956342292e+03
5.745938628670111211e+04 2.745249424452908803e+06 1.323035105461328158e+03
5.745938628749583586e+04 2.730494266685145441e+06 1.319545344684378733e+03
5.745938628829055961e+04 2.720836215240302030e+06 1.317256100583781290e+03
5.745938628908528335e+04 2.709740815158785321e+06 1.314621241831365069e+03
5.745938628987999982e+04 2.699596461210024543e+06 1.312207601051093206e+03
5.745938629067472357e+04 2.696035618636786938e+06 1.311359318283128687e+03
5.745938629146944731e+04 2.682130563928247429e+06 1.308041514041184655e+03
5.745938629226417106e+04 2.668386432882333174e+06 1.304753816070854782e+03
5.745938629305889481e+04 2.656289497822243255e+06 1.301853269819184334e+03
5.745938629385361128e+04 2.647836798462080769e+06 1.299822679844754930e+03
5.745938629464833502e+04 2.633368700149439741e+06 1.296339630495573374e+03
5.745938629544305877e+04 2.621863505369434599e+06 1.293563176213630641e+03
5.745938629623778252e+04 2.626865792107054498e+06 1.294771068593559903e+03
5.745938629703250626e+04 2.595669870239301585e+06 1.287219743827588900e+03
5.745938629782722273e+04 2.587757680285889190e+06 1.285297455913875410e+03
5.745938629862194648e+04 2.591593444920111913e+06 1.286229724067621646e+03
5.745938629941667023e+04 2.590649689075968228e+06 1.286000410448021512e+03
5.745938630021139397e+04 2.586732509886382148e+06 1.285048177571171436e+03
5.745938630100611772e+04 2.568284347172120586e+06 1.280554066403514071e+03
5.745938630180083419e+04 2.552291221957331058e+06 1.276645218423400365e+03
5.745938630259555794e+04 2.541849500187575817e+06 1.274086707260237745e+03
5.745938630339028168e+04 2.537162758726298343e+06 1.272936653649322807e+03
5.745938630418500543e+04 2.522437763688049279e+06 1.269316588682678002e+03
5.745938630497972918e+04 2.510799005067822523e+06 1.266447937408952157e+03
5.745938630577444565e+04 2.498902668170236051e+06 1.263509069063771221e+03
5.745938630656916939e+04 2.486755239405772649e+06 1.260501100605869169e+03
5.745938630736389314e+04 2.472325067486639600e+06 1.256918520501289095e+03
5.745938630815861688e+04 2.458082876935582608e+06 1.253372569543764712e+03
5.745938630895333336e+04 2.454830133609025739e+06 1.252561309280165005e+03
5.745938630974805710e+04 2.437696974759642035e+06 1.248279459586184203e+03
5.745938631054278085e+04 2.421860098548375536e+06 1.244308467218934766e+03
5.745938631133750459e+04 2.409059995005018078e+06 1.241089640951907995e+03
5.745938631213222834e+04 2.399073369686017744e+06 1.238572507386532152e+03
5.745938631292694481e+04 2.381477224933081772e+06 1.234124898696714581e+03
5.745938631372166856e+04 2.366345601978315040e+06 1.230287365307978234e+03
5.745938631451639230e+04 2.330821107247946784e+06 1.221230605590101732e+03
5.745938631531111605e+04 2.314733695389641449e+06 1.217107045258766902e+03
5.745938631610583980e+04 2.301292512598674279e+06 1.213651029074738290e+03
5.745938631690055627e+04 2.291148290386996232e+06 1.211036201561238386e+03
5.745938631769528001e+04 2.287832524507265538e+06 1.210180287319637728e+03
5.745938631849000376e+04 2.282910151841005776e+06 1.208908534547022100e+03
5.745938631928472751e+04 2.271940849155417643e+06 1.206069662466532691e+03
5.745938632007945125e+04 2.257781521726299077e+06 1.202395297345651215e+03
5.745938632087416772e+04 2.244199877464242745e+06 1.198860260170113179e+03
5.745938632166889147e+04 2.234058265920579433e+06 1.196213783652555094e+03
5.745938632246361522e+04 2.221405172453784384e+06 1.192903698034177069e+03
5.745938632325833896e+04 2.208581942035734188e+06 1.189539706681678581e+03
5.745938632405305543e+04 2.195377944682668429e+06 1.186065856277242119e+03
5.745938632484777918e+04 2.184597854263984598e+06 1.183222151125894925e+03
5.745938632564250292e+04 2.174562670431034174e+06 1.180568790464747281e+03
5.745938632643722667e+04 2.163027663455812726e+06 1.177511481752888358e+03
5.745938632723195042e+04 2.149730572564759757e+06 1.173977260364516042e+03
5.745938632802666689e+04 2.136235896945781540e+06 1.170379611746169076e+03
5.745938632882139063e+04 2.125276085681458469e+06 1.167449593580344526e+03
5.745938632961611438e+04 2.111784868796447292e+06 1.163832695449728135e+03
5.745938633041083813e+04 2.099954259613132570e+06 1.160651718758994321e+03
5.745938633120556187e+04 2.087668572008478921e+06 1.157339128131983216e+03
5.745938633200027834e+04 2.071127980845383368e+06 1.152864253946822828e+03
5.745938633279500209e+04 2.049288028522267938e+06 1.146928950644466568e+03
5.745938633358972584e+04 2.035120955449957401e+06 1.143062376756502090e+03
5.745938633438444958e+04 2.021097459441710263e+06 1.139222064459369903e+03
5.745938633517917333e+04 2.015744207717646845e+06 1.137752666366257699e+03
5.745938633597388980e+04 2.009011221191328950e+06 1.135901850180983047e+03
5.745938633676861355e+04 1.993571732146284077e+06 1.131646293057785670e+03
5.745938633756333729e+04 1.987594533084279159e+06 1.129994505817472600e+03
5.745938633835806104e+04 1.970653218901318498e+06 1.125299632015101906e+03
5.745938633915278479e+04 1.954751310340322554e+06 1.120874912272864549e+03
5.745938633994750126e+04 1.943028199225091841e+06 1.117601728933738741e+03
5.745938634074222500e+04 1.931413350105181336e+06 1.114349291656677224e+03
5.745938634153694875e+04 1.919615539627721068e+06 1.111035873528539696e+03
5.745938634233167249e+04 1.907041675898409449e+06 1.107493587988890340e+03
5.745938634312638897e+04 1.896052623109603301e+06 1.104388468539717223e+03
5.745938634392111271e+04 1.882650881197151728e+06 1.100589751337081907e+03
5.745938634471583646e+04 1.872481731766766170e+06 1.097698538923245906e+03
5.745938634551056020e+04 1.858296978699315339e+06 1.093652875316053951e+03
5.745938634630528395e+04 1.844864718678872334e+06 1.089807987296062720e+03
5.745938634710000042e+04 1.841421560760732740e+06 1.088820221834375161e+03
5.745938634789472417e+04 1.825643450612731278e+06 1.084282323305584896e+03
5.745938634868944791e+04 1.807754911031579832e+06 1.079114368079091719e+03
5.745938634948417166e+04 1.805663797927875305e+06 1.078508634042825861e+03
5.745938635027889541e+04 1.777586802568960935e+06 1.070342352523528234e+03
5.745938635107361188e+04 1.772453630379364593e+06 1.068842607209828202e+03
5.745938635186833562e+04 1.755963138880075887e+06 1.064010320344707679e+03
5.745938635266305937e+04 1.738879953916769940e+06 1.058981100491402231e+03
5.745938635345778312e+04 1.726083917332151206e+06 1.055198298109220104e+03
5.745938635425250686e+04 1.720199037720840890e+06 1.053454032492887336e+03
5.745938635504722333e+04 1.712113471794644371e+06 1.051052767405924669e+03
5.745938635584194708e+04 1.691162571483512875e+06 1.044805057021258563e+03
5.745938635663667083e+04 1.679649896526729688e+06 1.041355935945633291e+03
5.745938635743139457e+04 1.667681431929589948e+06 1.037758110041060490e+03
5.745938635822611104e+04 1.653109271400801139e+06 1.033360679833280983e+03
5.745938635902083479e+04 1.639935473221894586e+06 1.029369064409691646e+03
5.745938635981555854e+04 1.630067027577159461e+06 1.026368789585753575e+03
5.745938636061028228e+04 1.615818798773857765e+06 1.022021403510543450e+03
5.745938636140500603e+04 1.603895737778693438e+06 1.018369204223931433e+03
5.745938636219972250e+04 1.590847482257978758e+06 1.014357272567824907e+03
5.745938636299444624e+04 1.579623985380383441e+06 1.010893659522473968e+03
5.745938636378916999e+04 1.566134338078656234e+06 1.006714935470394266e+03
5.745938636458389374e+04 1.547283580522938399e+06 1.000846260834718009e+03
5.745938636537861748e+04 1.534774111687352182e+06 9.969327057553057330e+02
5.745938636617333395e+04 1.527597583118158858e+06 9.946805966986835301e+02
5.745938636696805770e+04 1.516955728611279046e+06 9.913315945646286309e+02
5.745938636776278145e+04 1.506731953219026327e+06 9.881034716880067208e+02
5.745938636855750519e+04 1.495908427596189082e+06 9.846744473416674737e+02
5.745938636935222894e+04 1.485891005295999348e+06 9.814901315397927419e+02
5.745938637014694541e+04 1.470564734710867982e+06 9.765981564565296367e+02
5.745938637094166916e+04 1.457466265457906527e+06 9.723977663030656231e+02
5.745938637173639290e+04 1.448869932842424605e+06 9.696312226957810481e+02
5.745938637253111665e+04 1.434761903186346171e+06 9.650736704995459831e+02
5.745938637332584040e+04 1.424720160529153422e+06 9.618165627242655091e+02
5.745938637412055687e+04 1.411468680814921157e+06 9.575013971317878259e+02
5.745938637491528061e+04 1.402064423138341634e+06 9.544271918074543919e+02
5.745938637571000436e+04 1.393424636795789935e+06 9.515941351213597272e+02
5.745938637650472810e+04 1.375641868143472355e+06 9.457363097553514990e+02
5.745938637729944458e+04 1.360945173648238415e+06 9.408675430315092854e+02
5.745938637809416832e+04 1.352204548499846598e+06 9.379599366776834586e+02
5.745938637888889207e+04 1.340189080869610189e+06 9.339481653408321336e+02
5.745938637968361581e+04 1.324232591830169549e+06 9.285937593446640221e+02
5.745938638047833956e+04 1.313800402940265369e+06 9.250763491937656227e+02
5.745938638127305603e+04 1.300312748637045035e+06 9.205088092452745059e+02
5.745938638206777978e+04 1.287606051344777457e+06 9.161849060590803902e+02
5.745938638286250352e+04 1.274611944828286767e+06 9.117419950389908081e+02
5.745938638365722727e+04 1.262684643967572600e+06 9.076447005738164080e+02
5.745938638445195102e+04 1.249929376100578578e+06 9.032424148936217989e+02
5.745938638524666749e+04 1.236235873985429062e+06 8.984923044973135120e+02
5.745938638604139123e+04 1.223907083546066657e+06 8.941940098302446813e+02
5.745938638683611498e+04 1.214127788051918615e+06 8.907698173672304165e+02
5.745938638763083873e+04 1.200841763207702432e+06 8.860965534324202508e+02
5.745938638842556247e+04 1.188424265448223567e+06 8.817063943882565127e+02
5.745938638922027894e+04 1.174970976728519890e+06 8.769252308237714715e+02
5.745938639001500269e+04 1.164758648599679116e+06 8.732783951150969415e+02
5.745938639080972644e+04 1.150793661802430637e+06 8.682666863507542985e+02
5.745938639160445018e+04 1.139187645496879704e+06 8.640794398870683608e+02
5.745938639239916665e+04 1.126422893472175347e+06 8.594505852113369428e+02
5.745938639319389040e+04 1.113882179815881420e+06 8.548785658705719470e+02
5.745938639398861415e+04 1.099933022162351757e+06 8.497641666082830625e+02
5.745938639478333789e+04 1.089410963111917023e+06 8.458858386005455259e+02
5.745938639557806164e+04 1.076158831005570013e+06 8.409757840618724458e+02
5.745938639637277811e+04 1.064548416898536729e+06 8.366503215570919565e+02
5.745938639716750185e+04 1.050933678022455890e+06 8.315494866597146029e+02
5.745938639796222560e+04 1.039372279685663758e+06 8.271932511835065043e+02
5.745938639875694935e+04 1.027801016870010062e+06 8.228102062710187283e+02
5.745938639955167309e+04 1.015974967979886685e+06 8.183063943214846176e+02
5.745938640034638956e+04 1.002543365471233847e+06 8.131608717956866030e+02
5.745938640114111331e+04 9.891448088355467189e+05 8.079953623147948747e+02
5.745938640193583706e+04 9.776349646931369789e+05 8.035314884515793210e+02
5.745938640273056080e+04 9.644328162196705816e+05 7.983805547089019683e+02
5.745938640352528455e+04 9.519138004157036776e+05 7.934652640537043453e+02
5.745938640432000102e+04 9.400967357898184564e+05 7.887974770932247566e+02
5.745938640511472477e+04 9.258425414531101706e+05 7.831299945782908480e+02
5.745938640590944851e+04 9.138728263760767877e+05 7.783389470436693500e+02
5.745938640670417226e+04 9.034584359612953849e+05 7.741463185185405109e+02
5.745938640749889601e+04 8.922065188163530547e+05 7.695908486073757331e+02
5.745938640829361248e+04 8.804678003556405893e+05 7.648093718190666550e+02
5.745938640908833622e+04 8.698625278123591561e+05 7.604637268684972469e+02
5.745938640988305997e+04 8.564897178765982389e+05 7.549483913969708055e+02
5.745938641067778372e+04 8.452485546523991507e+05 7.502808451891527284e+02
5.745938641147250019e+04 8.311124360487521626e+05 7.443697149471289549e+02
5.745938641226722393e+04 8.195034689369979315e+05 7.394799984351326430e+02
5.745938641306194768e+04 8.070567051157322712e+05 7.342012262978948911e+02
5.745938641385667142e+04 7.954319169730119174e+05 7.292365515442382957e+02
5.745938641465139517e+04 7.831857946553719230e+05 7.239696966445538919e+02
5.745938641544611164e+04 7.701190669164025458e+05 7.183073275574679428e+02
5.745938641624083539e+04 7.561983368379571475e+05 7.122253579617362220e+02
5.745938641703555913e+04 7.443051384167305660e+05 7.069877732397192176e+02
5.745938641783028288e+04 7.328629604387877043e+05 7.019119248696679279e+02
5.745938641862500663e+04 7.211100516173057258e+05 6.966597320506016331e+02
5.745938641941972310e+04 7.050923388653937727e+05 6.894372428226307647e+02
5.745938642021444684e+04 6.948286646283202572e+05 6.847692424406196778e+02
5.745938642100917059e+04 6.866345089917702135e+05 6.810195064165609438e+02
5.745938642180389434e+04 6.743837662581674522e+05 6.753746026549670205e+02
5.745938642259861808e+04 6.586472417443038430e+05 6.680535353474224394e+02
5.745938642339333455e+04 6.460238761571426876e+05 6.621222867403076862e+02
5.745938642418805830e+04 6.328953108959509991e+05 6.558967672659847494e+02
5.745938642498278205e+04 6.204699332015111577e+05 6.499497736371207566e+02
5.745938642577750579e+04 6.067835635951447766e+05 6.433356256628148913e+02
5.745938642657222954e+04 5.947854225971413543e+05 6.374808931436402872e+02
5.745938642736694601e+04 5.824607633883174276e+05 6.314103080546740330e+02
5.745938642816166976e+04 5.706358689441210590e+05 6.255305093199497151e+02
5.745938642895639350e+04 5.593929731738774572e+05 6.198883836898972959e+02
5.745938642975111725e+04 5.453821152844448807e+05 6.127844825489447658e+02
5.745938643054583372e+04 5.337321036857706495e+05 6.068142753788894197e+02
5.745938643134055746e+04 5.234459689908265136e+05 6.014937494432228959e+02
5.745938643213528121e+04 5.125870604899109458e+05 5.958254046330974916e+02
5.745938643293000496e+04 4.987865590327857062e+05 5.885427761815542453e+02
5.745938643372472870e+04 4.858870365391758387e+05 5.816531593974066254e+02
5.745938643451944517e+04 4.730361125273880898e+05 5.747073780017249192e+02
5.745938643531416892e+04 4.646319207061152556e+05 5.701192423005226146e+02
5.745938643610889267e+04 4.495582225185720017e+05 5.617961276780995377e+02
5.745938643690361641e+04 4.352533917739891913e+05 5.537818793159841562e+02
5.745938643769834016e+04 4.238391708516675280e+05 5.473029159270871560e+02
5.745938643849305663e+04 4.312761594005255611e+05 5.515329542514467676e+02
5.745938643928778038e+04 4.373621366473296075e+05 5.549705716563545366e+02
5.745938644008250412e+04 4.225224334753518924e+05 5.465505657504115788e+02
5.745938644087722787e+04 4.076806405546346214e+05 5.379975839598600942e+02
5.745938644167195162e+04 3.953867775693723233e+05 5.308085681117606782e+02
5.745938644246666809e+04 3.847563151958449744e+05 5.245128187159996287e+02
5.745938644326139183e+04 3.740723371529893484e+05 5.181083001850273604e+02
5.745938644405611558e+04 3.601833244317476056e+05 5.096622192882676359e+02
5.745938644485083933e+04 3.442121487356964499e+05 4.997735416764379579e+02
5.745938644564555580e+04 3.036055969596731011e+05 4.737029639972666359e+02
5.745938644644027954e+04 2.863148646478125011e+05 4.621555911215213541e+02
5.745938644723500329e+04 2.743311593379601836e+05 4.539801477886726957e+02
5.745938644802972703e+04 2.617280800580669893e+05 4.452202264456230409e+02
5.745938644882445078e+04 2.496679783114058082e+05 4.366732032591748407e+02
5.745938644961916725e+04 2.389990011768127151e+05 4.289701338502575823e+02
5.745938645041389100e+04 2.244079406924162176e+05 4.182056467011894938e+02
5.745938645120861474e+04 2.115134836599385017e+05 4.084567630575622843e+02
5.745938645200333849e+04 2.001260460109335545e+05 3.996495699445121090e+02
5.745938645279806224e+04 1.880532686259704642e+05 3.900952356684602478e+02
5.745938645359277871e+04 1.762556670618287753e+05 3.805269923588115262e+02
5.745938645438750245e+04 1.625137737761776370e+05 3.690692463618595980e+02
5.745938645518222620e+04 1.501905938836594869e+05 3.584830835301537491e+02
5.745938645597694995e+04 1.377052668760644738e+05 3.474288298307155287e+02
5.745938645677167369e+04 1.251565669673346856e+05 3.359521608124945260e+02
5.745938645756639016e+04 1.133467601345959993e+05 3.247810417560152132e+02
5.745938645836111391e+04 1.003976459737918485e+05 3.120729541847865676e+02
5.745938645915583766e+04 8.849511508774120011e+04 2.999174001785128780e+02
5.745938645995056140e+04 7.563296815981957479e+04 2.862020354572749170e+02
5.745938646074528515e+04 6.350785719389528094e+04 2.726415425906047858e+02
5.745938646154000162e+04 5.146147028604798106e+04 2.584655081994113743e+02
5.745938646233472537e+04 3.876190279128070688e+04 2.426256153924198600e+02
5.745938646312944911e+04 2.618717812002521168e+04 2.258494771413380136e+02
5.745938646392417286e+04 1.393247732193848969e+04 2.082037423443958062e+02
5.745938646471888933e+04 2.365936757876255797e+03 1.900518625893276123e+02
5.745938646551361308e+04 4.587613194168849162e-01 1.861216986969134553e+02
5.745938646630833682e+04 9.211651311660280314e-06 1.861209284464196969e+02
5.745938646710306057e+04 -5.680626770132050225e-10 1.861209284309522332e+02
5.745938646789778431e+04 -1.069085325475589769e-13 1.861209284309531995e+02
5.745938646869250078e+04 -1.651120192372440101e-18 1.861209284309531995e+02
5.745938646948722453e+04 -6.920198143789313357e-23 1.861209284309531995e+02
5.745938647028194828e+04 1.713157890663963039e-27 1.861209284309531995e+02
