5.745938921529999789e+04 1.343736091544030933e+04 1.106812656778079003e+02
5.745938922006312350e+04 1.351386033807869171e+04 1.108509488834688881e+02
5.745938922482625640e+04 1.359959229177118141e+04 1.110495838034702132e+02
5.745938922958938201e+04 1.354710702962042342e+04 1.109766836361698239e+02
5.745938923435250763e+04 1.336692740706755285e+04 1.104315389448336191e+02
5.745938923911564052e+04 1.331626775008002551e+04 1.103112243127197587e+02
5.745938924387876614e+04 1.336937458077570773e+04 1.105382605468869883e+02
5.745938924864189175e+04 1.342402503928391525e+04 1.105818109998110970e+02
5.745938925340501737e+04 1.357868516054137399e+04 1.110124509727787370e+02
5.745938925816815026e+04 1.356469099601259950e+04 1.109864934647598744e+02
5.745938926293127588e+04 1.351684300079310378e+04 1.109112697947686001e+02
5.745938926769440150e+04 1.350635481977524978e+04 1.108201132226707131e+02
5.745938927245753439e+04 1.367766124212322757e+04 1.112873904158784626e+02
5.745938927722066001e+04 1.356367947046052905e+04 1.111019410891505714e+02
5.745938928198378562e+04 1.358826733363258609e+04 1.110495045355847594e+02
5.745938928674691851e+04 1.369822061592834143e+04 1.114205350560697809e+02
5.745938929151004413e+04 1.398176132838011108e+04 1.122107225134407429e+02
5.745938929627316975e+04 1.471548396412102375e+04 1.142379668130381702e+02
5.745938930103630264e+04 1.495592637096174440e+04 1.148773353641154102e+02
5.745938930579942826e+04 1.513368433230949449e+04 1.154031954686684998e+02
5.745938931056255387e+04 1.530839864570306963e+04 1.157595444254172605e+02
5.745938931532567949e+04 1.562411148300314926e+04 1.167144156242105453e+02
5.745938932008881238e+04 1.543390591259830762e+04 1.162085990303979912e+02
5.745938932485193800e+04 1.556344123358083016e+04 1.165859590883109433e+02
5.745938932961506362e+04 1.586940584988377304e+04 1.173126976487432103e+02
5.745938933437819651e+04 1.581544798036271459e+04 1.171596836056480555e+02
5.745938933914132213e+04 1.575069155267308088e+04 1.169976764186215377e+02
5.745938934390444774e+04 1.569678742654317466e+04 1.169450919441362657e+02
5.745938934866758063e+04 1.566476836718935010e+04 1.168389768542863436e+02
5.745938935343070625e+04 1.574684038404407329e+04 1.169176732406305774e+02
5.745938935819383187e+04 1.581643310063939862e+04 1.171814648358094928e+02
5.745938936295696476e+04 1.589844384070696105e+04 1.174616592381170790e+02
5.745938936772009038e+04 1.611746719827353627e+04 1.180041178444189285e+02
5.745938937248321599e+04 1.602015415441252117e+04 1.176767979726951694e+02
5.745938937724634161e+04 1.582780954230513453e+04 1.171847309890480489e+02
5.745938938200947450e+04 1.578137178634935844e+04 1.171589559887702023e+02
5.745938938677260012e+04 1.590934685480868939e+04 1.174309065114554045e+02
5.745938939153572574e+04 1.613589981728255043e+04 1.180290189369229097e+02
5.745938939629885863e+04 1.585872723340208177e+04 1.173532036776413747e+02
5.745938940106198424e+04 1.562588871990299958e+04 1.166453051845004154e+02
5.745938940582510986e+04 1.588048720535991379e+04 1.173884635235117742e+02
5.745938941058824275e+04 1.588098273654982040e+04 1.173496055220358869e+02
5.745938941535136837e+04 1.590157140828977754e+04 1.174091430817553743e+02
5.745938942011449399e+04 1.573038928015761121e+04 1.168432979650610832e+02
5.745938942487762688e+04 1.566969115161648006e+04 1.167572261104562585e+02
5.745938942964075250e+04 1.572141499792674949e+04 1.169229764769547586e+02
5.745938943440387811e+04 1.574413986184475471e+04 1.169311077274473973e+02
5.745938943916700373e+04 1.571852515768897865e+04 1.170139777810773154e+02
5.745938944393013662e+04 1.592655851933556914e+04 1.174723213436339933e+02
5.745938944869326224e+04 1.577995509521570784e+04 1.171092228790784588e+02
5.745938945345638786e+04 1.558133053168406514e+04 1.165688926127450600e+02
5.745938945821952075e+04 1.577688539866481369e+04 1.171024387810356728e+02
5.745938946298264636e+04 1.591124288431040986e+04 1.174462268768153308e+02
5.745938946774577198e+04 1.595181298168373360e+04 1.176031944773981905e+02
5.745938947250890487e+04 1.597572753333861692e+04 1.176275182591108006e+02
5.745938947727203049e+04 1.589115791863349841e+04 1.173592494275531237e+02
5.745938948203515611e+04 1.573073296906773248e+04 1.170040599767961709e+02
5.745938948679828900e+04 1.553945052111402947e+04 1.165337055134913840e+02
5.745938949156141462e+04 1.535506945857802566e+04 1.160642943557120077e+02
5.745938949632454023e+04 1.540639162420048160e+04 1.161600469425834632e+02
5.745938950108766585e+04 1.561178174970389955e+04 1.165749151101548335e+02
5.745938950585079874e+04 1.574108166481803164e+04 1.169577137999839351e+02
5.745938951061392436e+04 1.577818072417532494e+04 1.171033950659066107e+02
5.745938951537704997e+04 1.564321686787085491e+04 1.167951095237093853e+02
5.745938952014018287e+04 1.572110723150325612e+04 1.168787394292882453e+02
5.745938952490330848e+04 1.560512161598750572e+04 1.166876707307491046e+02
5.745938952966643410e+04 1.571907698820079531e+04 1.169825445781812761e+02
5.745938953442956699e+04 1.575070285229149886e+04 1.170390141921049008e+02
5.745938953919269261e+04 1.572581119237225539e+04 1.170077487080340291e+02
5.745938954395581823e+04 1.575110682458106930e+04 1.170539353109164153e+02
5.745938954871895112e+04 1.588912179802276478e+04 1.174074585545210994e+02
5.745938955348207674e+04 1.595612390499955836e+04 1.175336431777607515e+02
5.745938955824520235e+04 1.604614080753439521e+04 1.177856920290872864e+02
5.745938956300832797e+04 1.588960621363731116e+04 1.173875514741831978e+02
5.745938956777146086e+04 1.585956870331718892e+04 1.172971408525671251e+02
5.745938957253458648e+04 1.574794864860557573e+04 1.170197793137281366e+02
5.745938957729771209e+04 1.597451433137876302e+04 1.175617827329760701e+02
5.745938958206084499e+04 1.600718214862423156e+04 1.176323552931013978e+02
5.745938958682397060e+04 1.561862719255296906e+04 1.166380569672637790e+02
5.745938959158709622e+04 1.568792093776495676e+04 1.169118446811663716e+02
5.745938959635022911e+04 1.568818959174780503e+04 1.169527730263393437e+02
5.745938960111335473e+04 1.608764702448127537e+04 1.178614239104450121e+02
5.745938960587648035e+04 1.575756530110023232e+04 1.171559535897129933e+02
5.745938961063961324e+04 1.547229545090330248e+04 1.163633541033816385e+02
5.745938961540273885e+04 1.559290361188758288e+04 1.165906205102761106e+02
5.745938962016586447e+04 1.565759530805725444e+04 1.166494113631727316e+02
5.745938962492899736e+04 1.573902806055947440e+04 1.169754422842513151e+02
5.745938962969212298e+04 1.602794874242115111e+04 1.176757968902740998e+02
5.745938963445524860e+04 1.589974198587010869e+04 1.174117774045025726e+02
5.745938963921837421e+04 1.581711173103521833e+04 1.172803741419141659e+02
5.745938964398150711e+04 1.564895620829722611e+04 1.168992212756788547e+02
5.745938964874463272e+04 1.562562416022461184e+04 1.168207085570954433e+02
5.745938965350775834e+04 1.564890068935778254e+04 1.168119244267971482e+02
5.745938965827089123e+04 1.570116579028598426e+04 1.169169199244446276e+02
5.745938966303401685e+04 1.560284036283978821e+04 1.167385334221943793e+02
5.745938966779714247e+04 1.564609348316557589e+04 1.168471870586558765e+02
5.745938967256027536e+04 1.593258781596401241e+04 1.175619334746729976e+02
5.745938967732340097e+04 1.613015120903235038e+04 1.181075005349242844e+02
5.745938968208652659e+04 1.584894357848089930e+04 1.172727923166239634e+02
5.745938968684965948e+04 1.587053864675738987e+04 1.173383030448211741e+02
5.745938969161278510e+04 1.590342444128635179e+04 1.174155472296206995e+02
5.745938969637591072e+04 1.602467861159779022e+04 1.177813929400829096e+02
5.745938970113903633e+04 1.624442532526621289e+04 1.182958363984056689e+02
5.745938970590216923e+04 1.607371502985233747e+04 1.178612363105962544e+02
5.745938971066529484e+04 1.608238228963798974e+04 1.179659489445260618e+02
5.745938971542842046e+04 1.589622424906091692e+04 1.174109354207793814e+02
5.745938972019155335e+04 1.563737393014591362e+04 1.167767383489212847e+02
5.745938972495467897e+04 1.550427848433989857e+04 1.164005403832238414e+02
5.745938972971780458e+04 1.570424307019652042e+04 1.169641129413706437e+02
5.745938973448093748e+04 1.610477178586469381e+04 1.180136605866928363e+02
5.745938973924406309e+04 1.626089452772580262e+04 1.183833824366584935e+02
5.745938974400718871e+04 1.596235760924512579e+04 1.176375365585049764e+02
5.745938974877032160e+04 1.564584512860848008e+04 1.167122869859292109e+02
5.745938975353344722e+04 1.564205691817449770e+04 1.167283917621583953e+02
5.745938975829657284e+04 1.569555332721712330e+04 1.168239194994910264e+02
5.745938976305969845e+04 1.587887378286955573e+04 1.173623367205850911e+02
5.745938976782283135e+04 1.570293952845688182e+04 1.169616297360343822e+02
5.745938977258595696e+04 1.570196562004866246e+04 1.169718968740926783e+02
5.745938977734908258e+04 1.558413443842285415e+04 1.166652658674406808e+02
5.745938978211221547e+04 1.551678096939994066e+04 1.164832446978410729e+02
5.745938978687534109e+04 1.575245356541043475e+04 1.170810267274189727e+02
5.745938979163846670e+04 1.588364749450025738e+04 1.174275857526929343e+02
5.745938979640159960e+04 1.574919288969113404e+04 1.170950365506404864e+02
5.745938980116472521e+04 1.598183095766959013e+04 1.176536896512976540e+02
5.745938980592785083e+04 1.606870531923719318e+04 1.178567742214469973e+02
5.745938981069098372e+04 1.612516036219627495e+04 1.180876959683646845e+02
5.745938981545410934e+04 1.586908143585041580e+04 1.173971341978332674e+02
5.745938982021723496e+04 1.552706683513602547e+04 1.165809190303788796e+02
5.745938982498036057e+04 1.563646077451357633e+04 1.167921705419320944e+02
5.745938982974349346e+04 1.548973077519927756e+04 1.164494444541290790e+02
5.745938983450661908e+04 1.532911897547525041e+04 1.160510083325142006e+02
5.745938983926974470e+04 1.504636925685997812e+04 1.152158615316911607e+02
5.745938984403287759e+04 1.431039494501047011e+04 1.132152621079168568e+02
5.745938984879600321e+04 1.392165588603180367e+04 1.120597366742047711e+02
5.745938985355912882e+04 1.367983924055767784e+04 1.114644568957577491e+02
5.745938985832226172e+04 1.369443210156856912e+04 1.114044684194117565e+02
5.745938986308538733e+04 1.385256741738803612e+04 1.117525810723453077e+02
5.745938986784851295e+04 1.370172032432421838e+04 1.114438208046284302e+02
5.745938987261164584e+04 1.370665412795743396e+04 1.113466586484492495e+02
5.745938987737477146e+04 1.364704508210608037e+04 1.112523411110306171e+02
5.745938988213789708e+04 1.352078010863851159e+04 1.110204874039262393e+02
5.745938988690102269e+04 1.351226193111188513e+04 1.109331153458766579e+02
5.745938989166415558e+04 1.358441408170722934e+04 1.112108607155989830e+02
5.745938989642728120e+04 1.349872387110356067e+04 1.108838272650367571e+02
5.745938990119040682e+04 1.357811353451405375e+04 1.110450098748540739e+02
5.745938990595353971e+04 1.365071614081942607e+04 1.113736406912835548e+02
5.745938991071666533e+04 1.346915946741240987e+04 1.108077241633106382e+02
