5.745938921529999789e+04 8.456069500283578236e+03 7.816448169289402870e+01
5.745938922023202758e+04 9.620004325166668423e+03 8.270782483407337793e+01
5.745938922516406456e+04 1.240332378169375988e+04 9.265635722359760962e+01
5.745938923009609425e+04 1.707079586393701902e+04 1.072371169216903013e+02
5.745938923502813122e+04 2.168991995172518727e+04 1.199745242188397469e+02
5.745938923996016092e+04 2.603175794843058247e+04 1.307930195385586387e+02
5.745938924489219789e+04 2.939286148272009086e+04 1.386007485264742343e+02
5.745938924982422759e+04 3.079404400709560286e+04 1.417397004103031861e+02
5.745938925475626456e+04 3.046306241454774135e+04 1.409830710381780250e+02
5.745938925968829426e+04 3.118842297808863077e+04 1.425911329388566458e+02
5.745938926462033123e+04 3.211121230636639666e+04 1.445829944793593427e+02
5.745938926955236093e+04 3.238058210625939682e+04 1.451698147491288466e+02
5.745938927448439790e+04 3.210086837725068108e+04 1.445761190311968960e+02
5.745938927941642760e+04 3.186255246780372545e+04 1.440529430427213242e+02
5.745938928434846457e+04 3.182503587957887430e+04 1.439759005994965833e+02
5.745938928928049427e+04 3.083095869118977862e+04 1.418083576573200446e+02
5.745938929421252396e+04 2.900291293408664205e+04 1.377254456654885644e+02
5.745938929914456094e+04 3.051142777067773932e+04 1.410914382278260177e+02
5.745938930407659063e+04 3.352456440275233763e+04 1.476403638279289510e+02
5.745938930900862761e+04 3.344715139015851310e+04 1.474888745295601495e+02
5.745938931394065730e+04 3.294155217863776488e+04 1.463875866305622253e+02
5.745938931887269428e+04 3.425978644903782697e+04 1.491706719090293234e+02
5.745938932380472397e+04 3.448954258449908230e+04 1.496541716553703623e+02
5.745938932873676094e+04 3.364687375019222236e+04 1.478831851818173106e+02
5.745938933366879064e+04 3.356275440878009249e+04 1.477043194554027821e+02
5.745938933860082761e+04 3.481433674999786308e+04 1.503229093100463842e+02
5.745938934353285731e+04 3.404478882034941489e+04 1.487208821988804459e+02
5.745938934846489428e+04 3.275016288390751652e+04 1.459769038922565016e+02
5.745938935339692398e+04 3.088192154882541217e+04 1.419385114364261256e+02
5.745938935832896095e+04 3.092868684782180208e+04 1.420375404654002978e+02
5.745938936326099065e+04 3.324333063745029358e+04 1.470241521430415048e+02
5.745938936819302762e+04 3.200103752972287111e+04 1.443557601491755520e+02
5.745938937312505732e+04 3.073037606220089219e+04 1.415685137633299746e+02
5.745938937805708701e+04 3.082349671954060250e+04 1.417677908733323022e+02
5.745938938298912399e+04 3.181484651656548522e+04 1.439637030900411503e+02
5.745938938792115368e+04 3.388197603804735991e+04 1.483794963911385878e+02
5.745938939285319066e+04 3.388526549926970620e+04 1.484112147214543427e+02
5.745938939778522035e+04 3.246202484741900480e+04 1.453792539454250061e+02
5.745938940271725733e+04 3.208349163112589667e+04 1.445428651484651823e+02
5.745938940764928702e+04 3.098684413086562199e+04 1.421468192797771906e+02
5.745938941258132400e+04 3.183070141451547534e+04 1.439944444107538857e+02
5.745938941751335369e+04 3.131262309422509134e+04 1.428885192879268686e+02
5.745938942244539066e+04 3.156404167898241212e+04 1.433989255443179047e+02
5.745938942737742036e+04 3.224271315206757936e+04 1.448699588400458538e+02
5.745938943230945733e+04 3.368740782039948681e+04 1.479695632504933656e+02
5.745938943724148703e+04 3.348792506829769991e+04 1.475392264278562493e+02
5.745938944217352400e+04 3.078885565199198390e+04 1.417146509968395094e+02
5.745938944710555370e+04 3.044639557997378870e+04 1.409586259027770154e+02
5.745938945203758340e+04 3.030267857701066532e+04 1.406370935641973858e+02
5.745938945696962037e+04 2.738008500000924323e+04 1.339979756563658100e+02
5.745938946190165007e+04 2.603816040995121512e+04 1.308413073940982940e+02
5.745938946683368704e+04 2.786672946492623669e+04 1.351314072120889023e+02
5.745938947176571673e+04 3.149814510543365395e+04 1.433055652975916132e+02
5.745938947669775371e+04 3.278998412140672735e+04 1.460931870572555340e+02
5.745938948162978340e+04 3.093380872658723092e+04 1.420410758224251708e+02
5.745938948656182038e+04 3.074901662082912299e+04 1.416376589653152394e+02
5.745938949149385007e+04 3.064995099784850754e+04 1.414209303111931888e+02
5.745938949642588705e+04 3.130862328969434384e+04 1.428460798577272897e+02
5.745938950135791674e+04 3.219383907681687197e+04 1.447757587160488981e+02
5.745938950628995372e+04 3.214530517996781782e+04 1.446630192587801673e+02
5.745938951122198341e+04 3.117679493889412697e+04 1.425598039947838913e+02
5.745938951615402038e+04 3.081817540245697455e+04 1.417690195172436916e+02
5.745938952108605008e+04 3.214741646907659015e+04 1.446955595719604446e+02
5.745938952601807978e+04 3.332528815678387036e+04 1.472118473435102146e+02
5.745938953095011675e+04 3.404682289583155944e+04 1.487570643437691160e+02
5.745938953588214645e+04 3.354311710198989749e+04 1.477049498554403044e+02
5.745938954081418342e+04 3.260139997339206457e+04 1.456930646704942660e+02
5.745938954574621312e+04 3.150877171512489804e+04 1.433498553945357514e+02
5.745938955067825009e+04 3.174132652945994778e+04 1.438199297109077008e+02
5.745938955561027979e+04 3.358775621686307568e+04 1.477731003480884908e+02
5.745938956054231676e+04 3.467429986743503832e+04 1.500593589510916672e+02
5.745938956547434645e+04 3.263222420524809786e+04 1.457485211909127827e+02
5.745938957040638343e+04 3.064214353074801329e+04 1.414246347481974624e+02
5.745938957533841312e+04 3.176928308575206756e+04 1.438729542923369138e+02
5.745938958027045010e+04 3.232295786671038150e+04 1.450660300174248789e+02
5.745938958520247979e+04 3.164816707730805865e+04 1.436228954547995613e+02
5.745938959013451677e+04 3.079929787906888669e+04 1.417659608021623967e+02
5.745938959506654646e+04 3.023059648371678486e+04 1.405080947693961662e+02
5.745938959999858344e+04 2.869621245487206397e+04 1.370601073318119916e+02
5.745938960493061313e+04 2.871047615443482573e+04 1.370779746015630565e+02
5.745938960986264283e+04 3.009660002022491972e+04 1.402240863943929696e+02
5.745938961479467980e+04 3.153307522665326178e+04 1.433843638416248609e+02
5.745938961972670950e+04 3.299340336923470750e+04 1.465032066490607860e+02
5.745938962465874647e+04 3.285419458467832010e+04 1.462315350547023343e+02
5.745938962959077617e+04 3.188204628214378681e+04 1.441231280785295326e+02
5.745938963452281314e+04 3.202433368398579842e+04 1.444364230259388080e+02
5.745938963945484284e+04 3.179171924246025446e+04 1.439350424570710629e+02
5.745938964438687981e+04 3.087451038851528210e+04 1.419404297538433184e+02
5.745938964931890951e+04 3.042539962961100900e+04 1.409379819692179296e+02
5.745938965425094648e+04 3.041150939835607642e+04 1.409126124590332552e+02
5.745938965918297617e+04 2.941335738901119839e+04 1.386681975081750977e+02
5.745938966411501315e+04 2.928772714467149126e+04 1.384030694291631107e+02
5.745938966904704284e+04 3.268739585869115763e+04 1.458753368680400229e+02
5.745938967397907982e+04 3.607411042197133065e+04 1.529355148364466288e+02
5.745938967891110951e+04 3.513104105852860812e+04 1.509994400017590976e+02
5.745938968384313921e+04 3.174623949574782455e+04 1.438348711193409883e+02
5.745938968877517618e+04 3.074975880415251231e+04 1.416636931209376087e+02
5.745938969370720588e+04 3.232345405917175958e+04 1.450792988387585183e+02
5.745938969863924285e+04 3.377295976923486160e+04 1.481780847637606655e+02
5.745938970357127255e+04 3.416901706165364158e+04 1.490003815453679863e+02
5.745938970850330952e+04 3.414514570838455256e+04 1.489363611266755925e+02
5.745938971343533922e+04 3.428531101352323458e+04 1.492262697361932737e+02
5.745938971836737619e+04 3.282735923417649610e+04 1.461493283536073307e+02
5.745938972329940589e+04 3.053419019025141824e+04 1.411562108335786547e+02
5.745938972823144286e+04 2.898637778150230588e+04 1.376733739590282823e+02
5.745938973316347256e+04 2.870441156462362778e+04 1.370224334262680088e+02
5.745938973809550953e+04 3.043682315776636824e+04 1.409252817610611714e+02
5.745938974302753923e+04 3.436646587982619531e+04 1.493693431741741335e+02
5.745938974795957620e+04 3.561141511975877074e+04 1.519521818258790518e+02
5.745938975289160589e+04 3.306094187602446618e+04 1.466046976089117777e+02
5.745938975782363559e+04 3.136188937348239779e+04 1.429679349220077711e+02
5.745938976275567256e+04 3.041300813099413790e+04 1.408777461317902464e+02
5.745938976768770226e+04 2.983557951936752215e+04 1.395629725431715826e+02
5.745938977261973923e+04 3.025484998482075753e+04 1.405006042938502446e+02
5.745938977755176893e+04 3.124839725088439445e+04 1.426686983547274963e+02
5.745938978248380590e+04 2.996670783735872465e+04 1.398392814775770887e+02
5.745938978741583560e+04 2.907975396860210458e+04 1.378149919701446890e+02
5.745938979234787257e+04 2.921513259518429550e+04 1.381043809528393638e+02
5.745938979727990227e+04 2.841740267922726707e+04 1.362752288872299573e+02
5.745938980221193924e+04 2.929373545033288246e+04 1.382566687750200742e+02
5.745938980714396894e+04 3.048738409721838252e+04 1.409638434316744053e+02
5.745938981207600591e+04 2.992213722931114171e+04 1.396984699707049344e+02
5.745938981700803561e+04 3.091397164974673069e+04 1.419030006643800164e+02
5.745938982194007258e+04 3.411911620218471217e+04 1.487758963981112572e+02
5.745938982687210228e+04 3.485587939516745246e+04 1.503165210238062173e+02
5.745938983180413925e+04 3.397099858544085873e+04 1.484762894538041280e+02
5.745938983673616895e+04 3.180549387273013781e+04 1.438450076278459449e+02
5.745938984166819864e+04 3.015505735667503177e+04 1.402065002723533951e+02
5.745938984660023561e+04 2.988317550097961794e+04 1.395843631650012640e+02
5.745938985153226531e+04 2.900158979228134558e+04 1.375994962795385277e+02
5.745938985646430228e+04 2.675968260020554953e+04 1.324346843519226127e+02
5.745938986139633198e+04 2.352109997196787663e+04 1.245385553112476487e+02
5.745938986632836895e+04 1.770804045727961056e+04 1.089900965303587554e+02
5.745938987126039865e+04 1.102753802772674680e+04 8.777039961442847016e+01
5.745938987619243562e+04 8.251558761288904861e+03 7.720791468211106690e+01
5.745938988112446532e+04 7.353306244364819577e+03 7.345601814584503586e+01
5.745938988605650229e+04 6.868470733771922824e+03 7.135095234467907233e+01
5.745938989098853199e+04 6.634876124898722082e+03 7.033516838750499289e+01
5.745938989592056896e+04 6.405648764057709741e+03 6.929073323610833768e+01
5.745938990085259866e+04 6.271037407905492728e+03 6.868862502361599809e+01
5.745938990578463563e+04 6.290971948920821887e+03 6.877433956117312164e+01
5.745938991071666533e+04 6.232564374853010122e+03 6.849977970295063301e+01
