2.457545816411999986e+06 6.669563955630874261e+02 2.596647422947133919e+02
2.457545816425363999e+06 1.294007904628539109e+03 2.600273382129605011e+02
2.457545816438727546e+06 1.244581460053013870e+02 2.594967769320433604e+02
2.457545816452091560e+06 -5.514282410819578217e+02 2.589641005187906444e+02
2.457545816465455107e+06 -4.598774690448117326e+02 2.592026992226898301e+02
2.457545816478819121e+06 4.715153301887039561e+01 2.590635052183276912e+02
2.457545816492183134e+06 1.360409603478765348e+02 2.590447480887104916e+02
2.457545816505546682e+06 -5.214984798791265348e+02 2.587151844356468473e+02
2.457545816518910695e+06 -6.622460568985843565e+02 2.582103456011680009e+02
2.457545816532274242e+06 -2.167254477446913370e+02 2.590189430844663434e+02
2.457545816545638256e+06 -4.378745854215885629e+02 2.583215634968522636e+02
2.457545816559002269e+06 -3.288295622051809914e+02 2.586998427779463441e+02
2.457545816572365817e+06 -3.256317530218075262e+02 2.586930811407902411e+02
2.457545816585729830e+06 7.317602078418713063e+01 2.588940412429361686e+02
2.457545816599093378e+06 -7.261989607900613919e+01 2.586585253891501566e+02
2.457545816612457391e+06 9.429250810730445664e+01 2.580977018977811213e+02
2.457545816625821404e+06 -6.051085919074248523e+02 2.580045289067770113e+02
2.457545816639184952e+06 -4.466526293484639609e+02 2.577892167563039152e+02
2.457545816652548965e+06 4.729092994546008413e+02 2.585697921309565004e+02
2.457545816665912513e+06 -3.159017725530720782e+02 2.583736829768855046e+02
2.457545816679276526e+06 4.026487875884486130e+02 2.581242136204073745e+02
2.457545816692640539e+06 -1.843297648879815824e+02 2.588063369740808071e+02
2.457545816706004087e+06 3.317926002358435653e+02 2.587727179235721451e+02
2.457545816719368100e+06 -1.107152822818388813e+03 2.626412418091609311e+02
2.457545816732731648e+06 1.140107584942512040e+04 2.725066055767455850e+02
2.457545816746095661e+06 6.179882186025955889e+03 2.658265757055334007e+02
2.457545816759459674e+06 6.322738594487032969e+03 2.663646924661762228e+02
2.457545816772823222e+06 6.703411142025317531e+03 2.674541624115836385e+02
2.457545816786187235e+06 5.938653854658026830e+03 2.662086745616447274e+02
2.457545816799550783e+06 7.560404536408968852e+02 2.632815226950904162e+02
2.457545816812914796e+06 -7.135809717718002503e+02 2.591917428054711650e+02
2.457545816826278344e+06 1.988760318396089133e+01 2.588849005706297248e+02
2.457545816839642357e+06 1.707267283313776716e+02 2.587963302695960692e+02
2.457545816853006370e+06 -5.584467128537653480e+01 2.583118403480413008e+02
2.457545816866369918e+06 -2.740064858490586630e+02 2.580097627189484228e+02
2.457545816879733931e+06 -4.808798091096687131e+02 2.581353787092369316e+02
2.457545816893097479e+06 3.962155439268826740e+01 2.581888143487078651e+02
2.457545816906461492e+06 -3.809631670106100501e+02 2.579787742490545384e+02
2.457545816919825505e+06 4.265354326356100501e+02 2.584093094841031757e+02
2.457545816933189053e+06 -5.342775280069326982e+01 2.581217460988365815e+02
2.457545816946553066e+06 -1.536083615860843565e+02 2.577388321715941402e+02
2.457545816959916614e+06 4.157724240860843565e+02 2.582631111057341968e+02
2.457545816973280627e+06 1.581402564858653932e+02 2.581988716377795754e+02
2.457545816986644641e+06 8.654966649468406104e+01 2.581431638073213435e+02
2.457545817000008188e+06 -3.576905218160391087e+01 2.582122802628986733e+02
2.457545817013372201e+06 -2.503592091687460197e+01 2.587052770197915379e+02
2.457545817026735749e+06 -1.012803195017622784e+02 2.582644982206632562e+02
2.457545817040099762e+06 -4.183965396521234652e+02 2.583302401438611469e+02
2.457545817053463776e+06 4.206540665536595043e+02 2.580206892431123720e+02
2.457545817066827323e+06 1.381444391214608913e+02 2.578656384276184212e+02
2.457545817080191337e+06 -1.378643407281924738e+02 2.578909739237020062e+02
2.457545817093554884e+06 2.330794332252407912e+02 2.580600909801419220e+02
2.457545817106918897e+06 -1.447059533461142564e+02 2.585826265378465791e+02
