2.457459884506599978e+06 -8.869556508839741582e+01 8.162029192927548138e+01
2.457459884514879901e+06 -8.354323654438758240e+01 8.171458062146911061e+01
2.457459884523160290e+06 -3.081835261678133975e+01 8.290859007536433012e+01
2.457459884531440213e+06 1.069310121107255327e+02 8.483512481878271672e+01
2.457459884539720602e+06 1.362662315500647310e+02 8.660382221765085831e+01
2.457459884548000526e+06 2.430712721669551684e+02 9.032293893403546292e+01
2.457459884556280915e+06 3.244466675227067753e+02 9.637517138495131519e+01
2.457459884564560838e+06 2.811408547794108017e+02 1.073728146743418250e+02
2.457459884572841227e+06 -1.163198110402248858e+03 1.315538444873904211e+02
2.457459884581121150e+06 -1.353101004271191050e+04 1.871785384111289261e+02
2.457459884589401539e+06 -4.293380451854456624e+04 2.672902389929461151e+02
2.457459884597681463e+06 -7.046421885813155677e+04 3.350164875012451944e+02
2.457459884605961852e+06 -7.193809058715388528e+04 3.415026523039580866e+02
2.457459884614241775e+06 -6.673617275356840400e+04 3.299871082991265325e+02
2.457459884622522164e+06 -5.583486786332172051e+04 3.227694491922056272e+02
2.457459884630802087e+06 -5.373607861159174354e+04 3.213636418939246369e+02
2.457459884639082476e+06 -5.251472814392304281e+04 3.107194272497608267e+02
2.457459884647362400e+06 -6.240540958855958888e+04 3.000293138990011812e+02
2.457459884655642789e+06 -7.773795147599486518e+04 3.138588915390273542e+02
2.457459884663922712e+06 -8.499068355320059345e+04 3.306127666831943657e+02
2.457459884672203101e+06 -7.947525704206325463e+04 3.385886777587203369e+02
2.457459884680483025e+06 -6.919795196258653596e+04 3.341503792837889932e+02
2.457459884688762948e+06 -6.782569636678206734e+04 3.300628754693515248e+02
2.457459884697043337e+06 -5.697348574016007478e+04 3.252886012434385066e+02
2.457459884705323260e+06 -6.451265945339508471e+04 3.296777050654716277e+02
2.457459884713603649e+06 -7.322416665765579091e+04 3.302618687805825175e+02
2.457459884721883573e+06 -6.458216626567913045e+04 3.127375624862452241e+02
2.457459884730163962e+06 -7.394426373269903706e+04 3.126309911028897091e+02
2.457459884738443885e+06 -7.358254108996545256e+04 3.099078185859327732e+02
2.457459884746724274e+06 -6.878986720101621177e+04 3.061557085301940901e+02
2.457459884755004197e+06 -6.472525279790229979e+04 2.984752507013910758e+02
2.457459884763284586e+06 -6.647553170955886890e+04 2.925443492452383225e+02
2.457459884771564510e+06 -8.077677184931881493e+04 3.014864756051463814e+02
2.457459884779844899e+06 -9.281091141327861988e+04 3.133392151701219177e+02
2.457459884788124822e+06 -8.035520968047116185e+04 3.193062862268947697e+02
2.457459884796405211e+06 -7.837583891111597768e+04 3.321383650564598611e+02
2.457459884804685134e+06 -7.895097037197239115e+04 3.366230101462516018e+02
2.457459884812965523e+06 -7.339122039900528034e+04 3.343119890863383716e+02
2.457459884821245447e+06 -4.200346760110299510e+04 3.353515127164525893e+02
2.457459884829525836e+06 -2.981691925281130534e+04 3.562559620747663303e+02
2.457459884837805759e+06 -2.489621168090413266e+04 3.532112329481508937e+02
2.457459884846086148e+06 -3.339007577313996444e+04 3.379384435284044343e+02
2.457459884854366072e+06 -5.358937310769873147e+04 3.444149223742030586e+02
2.457459884862645995e+06 -3.415272384569670248e+04 3.388575949617214746e+02
2.457459884870926384e+06 -1.462651155655276671e+04 3.387748726280168512e+02
2.457459884879206307e+06 -1.316534791306243278e+03 3.352939079682984698e+02
2.457459884887486696e+06 -1.210910288711065368e+04 3.454834009299192417e+02
2.457459884895766620e+06 -1.525754487456753850e+04 3.584561027380675000e+02
2.457459884904047009e+06 1.143301492214528844e+04 3.564242987640447495e+02
2.457459884912326932e+06 4.465769241998247162e+04 3.621215416706831434e+02
2.457459884920607321e+06 4.511331104022517684e+04 3.625392665231723299e+02
2.457459884928887244e+06 1.227498794333910337e+04 3.723724159788429802e+02
2.457459884937167633e+06 7.850603157439472852e+03 3.819784517603474114e+02
2.457459884945447557e+06 1.987597891435978818e+04 3.698950453718420022e+02
2.457459884953727946e+06 8.681172442690352909e+03 3.474681317571017303e+02
2.457459884962007869e+06 -3.826782980103802402e+03 3.438617834711051273e+02
2.457459884970288258e+06 -7.003762962262117071e+03 3.488080493439981637e+02
2.457459884978568181e+06 1.528625159493945830e+04 3.655772844808831223e+02
2.457459884986848570e+06 2.635323532115043781e+04 3.721509853981036713e+02
2.457459884995128494e+06 1.140742117214534665e+04 3.462086318429917355e+02
2.457459885003408883e+06 -4.130883745134051424e+03 3.398593390309849269e+02
2.457459885011688806e+06 -3.482471966911791242e+03 3.516001619853192324e+02
2.457459885019969195e+06 3.206340073529456276e+03 3.667643192576079514e+02
2.457459885028249118e+06 -6.541724372837314149e+03 3.631224740103749582e+02
2.457459885036529042e+06 -2.253948132028532564e+04 3.407511346892703727e+02
2.457459885044809431e+06 -3.085567587586519949e+04 3.333240387553636310e+02
2.457459885053089354e+06 -4.780568921658713953e+04 3.502074321300660813e+02
2.457459885061369743e+06 -4.904577208585667540e+04 3.387491595810128047e+02
2.457459885069649667e+06 -4.924371854725325829e+04 3.339205439816848298e+02
2.457459885077930056e+06 -6.510237241836037720e+04 3.345690588983430871e+02
2.457459885086209979e+06 -7.282233439662668388e+04 3.266883665708209037e+02
2.457459885094490368e+06 -6.683873137435094395e+04 3.256798201607963961e+02
2.457459885102770291e+06 -7.148211229455054854e+04 3.392626583893933230e+02
2.457459885111050680e+06 -7.113011074015978375e+04 3.305426705524233171e+02
2.457459885119330604e+06 -7.691034183066576952e+04 3.202531113509106717e+02
2.457459885127610993e+06 -7.073338617809304560e+04 3.223490260044001730e+02
2.457459885135890916e+06 -4.047893360726637184e+04 3.221410446751442578e+02
2.457459885144171305e+06 -2.962166404898371547e+04 3.397200064283335337e+02
2.457459885152451228e+06 -3.842947202097772970e+04 3.708682423629319374e+02
2.457459885160731617e+06 -5.432111757947600563e+04 3.627598771003720231e+02
2.457459885169011541e+06 -4.996160887489221932e+04 3.426695114110842155e+02
2.457459885177291930e+06 -2.865244854292835225e+04 3.350417846695576714e+02
2.457459885185571853e+06 -1.061684915657425881e+04 3.419081971641451787e+02
2.457459885193852242e+06 -1.661568276924737438e+04 3.472686234897503255e+02
2.457459885202132165e+06 -1.912439365268178517e+04 3.461895729874817675e+02
