2.457459884506599978e+06 6.401618173524003942e+04 2.495387828555013527e+02
2.457459884514879901e+06 6.708325555525517848e+04 2.518760143128076265e+02
2.457459884523160290e+06 6.783303119593426527e+04 2.492280223697149779e+02
2.457459884531440213e+06 6.767625913035248232e+04 2.439712555589649980e+02
2.457459884539720602e+06 6.345304643571580527e+04 2.408560460805128116e+02
2.457459884548000526e+06 6.902864727508656506e+04 2.489932606375171247e+02
2.457459884556280915e+06 7.137829853076337895e+04 2.480219100386425168e+02
2.457459884564560838e+06 6.695463229887541092e+04 2.419542970418743835e+02
2.457459884572841227e+06 6.386056978535898088e+04 2.406152020104304654e+02
2.457459884581121150e+06 6.608204358374781441e+04 2.467592507076438721e+02
2.457459884589401539e+06 7.306577476886899967e+04 2.592122224627755713e+02
2.457459884597681463e+06 7.910870722723836661e+04 2.658830863658825479e+02
2.457459884605961852e+06 6.974230594452844525e+04 2.492772116820667065e+02
2.457459884614241775e+06 6.024766390030281036e+04 2.369767395713701603e+02
2.457459884622522164e+06 6.137909569636669767e+04 2.409795300929403936e+02
2.457459884630802087e+06 6.437861365295202995e+04 2.456719501078729877e+02
2.457459884639082476e+06 6.934432479995681206e+04 2.517460970139039489e+02
2.457459884647362400e+06 6.626388761759290355e+04 2.503870125062332761e+02
2.457459884655642789e+06 6.159492964695075352e+04 2.468836400811330520e+02
2.457459884663922712e+06 6.247845693663486600e+04 2.479122259322254536e+02
2.457459884672203101e+06 6.593671018057962647e+04 2.491805954032807904e+02
2.457459884680483025e+06 6.990780233564019727e+04 2.534303251285529086e+02
2.457459884688762948e+06 6.543295954530713789e+04 2.495359278023785237e+02
2.457459884697043337e+06 5.956736997188586247e+04 2.419239420917619725e+02
2.457459884705323260e+06 6.362815989943746536e+04 2.430042800422516791e+02
2.457459884713603649e+06 7.461815727724919270e+04 2.523575459855877625e+02
2.457459884721883573e+06 7.042756493971675809e+04 2.431523493969731362e+02
2.457459884730163962e+06 7.395202119715079607e+04 2.436595110394730739e+02
2.457459884738443885e+06 7.448392117552449054e+04 2.406686068393780999e+02
2.457459884746724274e+06 6.470106111794417666e+04 2.263079131523914498e+02
2.457459884755004197e+06 7.394291260610404424e+04 2.378417375627622903e+02
2.457459884763284586e+06 7.596499590451997938e+04 2.401470621686409288e+02
2.457459884771564510e+06 7.190511785994275124e+04 2.347483523826046223e+02
2.457459884779844899e+06 7.198695294590728008e+04 2.344164446514577662e+02
2.457459884788124822e+06 6.728080653249328316e+04 2.279455490693694060e+02
2.457459884796405211e+06 6.599186468020116445e+04 2.258619308281511735e+02
2.457459884804685134e+06 7.573711078070937947e+04 2.388069586861779214e+02
2.457459884812965523e+06 8.799009975805584691e+04 2.550053605870966180e+02
2.457459884821245447e+06 8.028252216357598081e+04 2.458634249508613721e+02
2.457459884829525836e+06 7.222615022166930430e+04 2.349980630419142074e+02
2.457459884837805759e+06 6.864204416833404684e+04 2.290583898047769367e+02
2.457459884846086148e+06 7.138290505041604047e+04 2.327410122152493841e+02
2.457459884854366072e+06 7.406211346372161643e+04 2.358005487625193268e+02
2.457459884862645995e+06 7.588362860213055683e+04 2.380639261516015210e+02
2.457459884870926384e+06 7.892745195582800079e+04 2.417593207291057240e+02
2.457459884879206307e+06 8.021918993633799255e+04 2.436487989004595249e+02
2.457459884887486696e+06 7.869111244323069695e+04 2.416844846227459698e+02
2.457459884895766620e+06 8.105669292009124183e+04 2.447436397300335784e+02
2.457459884904047009e+06 7.793622952259921294e+04 2.405187905798534587e+02
2.457459884912326932e+06 7.299677877311287739e+04 2.340535875950592697e+02
2.457459884920607321e+06 6.660880747188616078e+04 2.251973406337135941e+02
2.457459884928887244e+06 6.334427686729541892e+04 2.202883897393060408e+02
2.457459884937167633e+06 5.016092128703530761e+04 2.004966179291895401e+02
2.457459884945447557e+06 3.001833707288051664e+04 1.657706855182267134e+02
2.457459884953727946e+06 1.194039092236160104e+04 1.263134138164112841e+02
2.457459884962007869e+06 4.458687449313404613e+03 1.040757859742543872e+02
2.457459884970288258e+06 1.725662288467771759e+03 9.475052300811165651e+01
2.457459884978568181e+06 8.051352471480377062e+02 9.102112307562981641e+01
2.457459884986848570e+06 5.978061101048851924e+02 8.948326859387100285e+01
2.457459884995128494e+06 4.327742383488302949e+02 8.830781711988080929e+01
2.457459885003408883e+06 3.549298716614412115e+02 8.822867643037814389e+01
2.457459885011688806e+06 2.967578606523029521e+02 8.741245808808147899e+01
2.457459885019969195e+06 1.177184382771956734e+02 8.722205166465285231e+01
2.457459885028249118e+06 1.215617413900290558e+02 8.681053664162300265e+01
2.457459885036529042e+06 9.958757298875389097e+01 8.680935659334031129e+01
2.457459885044809431e+06 5.674861794442040264e+01 8.690742641288757397e+01
2.457459885053089354e+06 2.422954025532535525e+02 8.742244425110938266e+01
2.457459885061369743e+06 1.838004551659823846e+02 8.718113585811661892e+01
2.457459885069649667e+06 1.439623744661003002e+02 8.750113630666162123e+01
2.457459885077930056e+06 1.556765652033391234e+00 8.679970991962305504e+01
2.457459885086209979e+06 1.048870769355535231e+02 8.632545783543609730e+01
2.457459885094490368e+06 3.277600900194647693e+01 8.630075503474760978e+01
2.457459885102770291e+06 -1.882218199205181008e+01 8.625653637640159843e+01
2.457459885111050680e+06 -5.074441517760533316e+01 8.657569917312935104e+01
2.457459885119330604e+06 1.896719392030627205e+01 8.674870648028155529e+01
2.457459885127610993e+06 1.003018659439876501e+02 8.694376546473215228e+01
2.457459885135890916e+06 2.526010184634469624e+01 8.657128089702825946e+01
2.457459885144171305e+06 1.102926038062287262e+02 8.641894056636888877e+01
2.457459885152451228e+06 2.857773302335590415e+01 8.654304516203558251e+01
2.457459885160731617e+06 -5.820771214045635134e+00 8.615449911128312976e+01
2.457459885169011541e+06 1.412570454422711919e+01 8.621549955419125411e+01
2.457459885177291930e+06 -4.751492890354620613e+01 8.594545136568875421e+01
2.457459885185571853e+06 1.271033297740041235e+02 8.628995982608196869e+01
2.457459885193852242e+06 1.242302144720479191e+02 8.656827880417415599e+01
2.457459885202132165e+06 4.136600565662956797e+01 8.631473600364674326e+01
