2.457459884506599978e+06 -1.152480443218955770e+02 1.356811476740362536e+02
2.457459884514879901e+06 -8.310341988357686205e+01 1.353311789587314422e+02
2.457459884523160290e+06 -1.775016212214177358e+01 1.356649018360964760e+02
2.457459884531440213e+06 3.004060929840670724e+02 1.361513021117426376e+02
2.457459884539720602e+06 7.866880157271280041e+02 1.370623752238730901e+02
2.457459884548000526e+06 1.242552847988152280e+03 1.380188995605901709e+02
2.457459884556280915e+06 1.042696657986110949e+03 1.382332477271940832e+02
2.457459884564560838e+06 9.206877706290870265e+02 1.380966427497428128e+02
2.457459884572841227e+06 1.107813878676470267e+03 1.377812009525072767e+02
2.457459884581121150e+06 9.393796147365228535e+02 1.373959119160797400e+02
2.457459884589401539e+06 1.068919384446482582e+03 1.380361126885224223e+02
2.457459884597681463e+06 9.181577205882349517e+02 1.380171317902154158e+02
2.457459884605961852e+06 1.112725740400324867e+03 1.375552299013532433e+02
2.457459884614241775e+06 1.167159225643379614e+03 1.383533394009657798e+02
2.457459884622522164e+06 1.371978176062089915e+03 1.384825737013460127e+02
2.457459884630802087e+06 1.236597916666667516e+03 1.378088159091907698e+02
2.457459884639082476e+06 1.162171591605394497e+03 1.380348245193670493e+02
2.457459884647362400e+06 1.021996059283090290e+03 1.381047513418969572e+02
2.457459884655642789e+06 9.774705627042494598e+02 1.377233167276165773e+02
2.457459884663922712e+06 8.997329235600482207e+02 1.376850598263566781e+02
2.457459884672203101e+06 8.929671887765471183e+02 1.380614587117554208e+02
2.457459884680483025e+06 1.073814950980391586e+03 1.377136147283035257e+02
2.457459884688762948e+06 9.921297653696929046e+02 1.376571756562339601e+02
2.457459884697043337e+06 1.006150080422794417e+03 1.376555392350620366e+02
2.457459884705323260e+06 1.083409525633171143e+03 1.381161709357763527e+02
2.457459884713603649e+06 1.198908854166664241e+03 1.381230015931571984e+02
2.457459884721883573e+06 1.027380891288805287e+03 1.377524432466218514e+02
2.457459884730163962e+06 1.195593729575160978e+03 1.380092644827968229e+02
2.457459884738443885e+06 1.089276640369695087e+03 1.378062124055107915e+02
2.457459884746724274e+06 8.998230724060485954e+02 1.376335581857598243e+02
2.457459884755004197e+06 1.223725444240193610e+03 1.377821092895443371e+02
2.457459884763284586e+06 1.115424576184639591e+03 1.383133061708410310e+02
2.457459884771564510e+06 1.244206895935456487e+03 1.381025041820858235e+02
2.457459884779844899e+06 1.015235323478347709e+03 1.378808044738658225e+02
2.457459884788124822e+06 9.833761808108647529e+02 1.381003535704691387e+02
2.457459884796405211e+06 1.052838225081697601e+03 1.379911524675545991e+02
2.457459884804685134e+06 1.126453703278188186e+03 1.379514491088770001e+02
2.457459884812965523e+06 1.109781172130311461e+03 1.378135003491236148e+02
2.457459884821245447e+06 9.474300551470587379e+02 1.381022571053231331e+02
2.457459884829525836e+06 9.228882697610315518e+02 1.376860318997418631e+02
2.457459884837805759e+06 6.764329924938683689e+02 1.373947273571220649e+02
2.457459884846086148e+06 8.334860077103767253e+02 1.376133838547478945e+02
2.457459884854366072e+06 8.852130438112762931e+02 1.373879117999786388e+02
2.457459884862645995e+06 1.215559364787579398e+03 1.383603087657368178e+02
2.457459884870926384e+06 1.089330055147060193e+03 1.380870492917518391e+02
2.457459884879206307e+06 1.013092533445669687e+03 1.376121504299201206e+02
2.457459884887486696e+06 1.110675788909313269e+03 1.379012076480653093e+02
2.457459884895766620e+06 1.053787738715276646e+03 1.375822373743231140e+02
2.457459884904047009e+06 1.063556062346819090e+03 1.379109350027369487e+02
2.457459884912326932e+06 1.097654310917074326e+03 1.378490363632411970e+02
2.457459884920607321e+06 1.270871795853759977e+03 1.383006316542817729e+02
2.457459884928887244e+06 1.209227698631537351e+03 1.378917271767285513e+02
2.457459884937167633e+06 9.437620455473843322e+02 1.377893457163482651e+02
2.457459884945447557e+06 1.127511056219362217e+03 1.382017282655741610e+02
2.457459884953727946e+06 1.273990461601304560e+03 1.384967086932011853e+02
2.457459884962007869e+06 1.030492759395416215e+03 1.380254334045554572e+02
2.457459884970288258e+06 1.081924973192399193e+03 1.381322044717989002e+02
2.457459884978568181e+06 1.025561237489786436e+03 1.384175733276362337e+02
2.457459884986848570e+06 1.076203421160131256e+03 1.380216528477575366e+02
2.457459884995128494e+06 1.153655369178926776e+03 1.379104585231991678e+02
2.457459885003408883e+06 8.940825750612784759e+02 1.374039270767052301e+02
2.457459885011688806e+06 9.521631114685442299e+02 1.376060294905776971e+02
2.457459885019969195e+06 1.065844651245912246e+03 1.376557023984680939e+02
2.457459885028249118e+06 1.159024573631533713e+03 1.378827565354498006e+02
2.457459885036529042e+06 1.126202159926469903e+03 1.378883697645653115e+02
2.457459885044809431e+06 9.740851371017124620e+02 1.377487102342778087e+02
2.457459885053089354e+06 7.074160041360264586e+02 1.370552949861377101e+02
2.457459885061369743e+06 1.295512639144200875e+03 1.379924836093439637e+02
2.457459885069649667e+06 1.715894406147875998e+03 1.386549498125044693e+02
2.457459885077930056e+06 1.040051170598449971e+03 1.377949880529849054e+02
2.457459885086209979e+06 1.000232055504493474e+03 1.376540757003104432e+02
2.457459885094490368e+06 9.856675194035960885e+02 1.380544102420552974e+02
2.457459885102770291e+06 1.021072633272051462e+03 1.377745021709069135e+02
2.457459885111050680e+06 1.001836711090694735e+03 1.380943185504088717e+02
2.457459885119330604e+06 1.219063285079650086e+03 1.385124426457889228e+02
2.457459885127610993e+06 1.194112649356626207e+03 1.387744692658480972e+02
2.457459885135890916e+06 9.777320772058701550e+02 1.378060657627626142e+02
2.457459885144171305e+06 1.001952694801890175e+03 1.380139588911778219e+02
2.457459885152451228e+06 1.265124714052275522e+03 1.382010556959673693e+02
2.457459885160731617e+06 1.226814094413821294e+03 1.378580972673857445e+02
2.457459885169011541e+06 8.953195184844698815e+02 1.376223422783692172e+02
2.457459885177291930e+06 9.836303181168223091e+02 1.380332794191437245e+02
2.457459885185571853e+06 8.350225234885729151e+02 1.373955744424804948e+02
2.457459885193852242e+06 2.187156326593103586e+02 1.362383871286121177e+02
2.457459885202132165e+06 4.571515778186585521e+01 1.357936481230866264e+02
