5.736835664920000272e+04 0.000000000000000000e+00 0.000000000000000000e+00
5.736835664974759857e+04 0.000000000000000000e+00 0.000000000000000000e+00
5.736835665029518714e+04 0.000000000000000000e+00 0.000000000000000000e+00
5.736835665084278298e+04 0.000000000000000000e+00 0.000000000000000000e+00
5.736835665139037883e+04 0.000000000000000000e+00 0.000000000000000000e+00
5.736835665193796740e+04 0.000000000000000000e+00 0.000000000000000000e+00
5.736835665248556325e+04 0.000000000000000000e+00 0.000000000000000000e+00
5.736835665303315909e+04 0.000000000000000000e+00 0.000000000000000000e+00
5.736835665358074766e+04 0.000000000000000000e+00 0.000000000000000000e+00
5.736835665412834351e+04 0.000000000000000000e+00 0.000000000000000000e+00
5.736835665467593208e+04 0.000000000000000000e+00 0.000000000000000000e+00
5.736835665522352792e+04 0.000000000000000000e+00 0.000000000000000000e+00
5.736835665577112377e+04 0.000000000000000000e+00 0.000000000000000000e+00
5.736835665631871234e+04 0.000000000000000000e+00 0.000000000000000000e+00
5.736835665686630819e+04 0.000000000000000000e+00 0.000000000000000000e+00
5.736835665741390403e+04 0.000000000000000000e+00 0.000000000000000000e+00
5.736835665796149260e+04 0.000000000000000000e+00 0.000000000000000000e+00
5.736835665850908845e+04 0.000000000000000000e+00 0.000000000000000000e+00
5.736835665905668429e+04 0.000000000000000000e+00 0.000000000000000000e+00
5.736835665960427286e+04 0.000000000000000000e+00 0.000000000000000000e+00
5.736835666015186871e+04 0.000000000000000000e+00 0.000000000000000000e+00
5.736835666069946456e+04 0.000000000000000000e+00 0.000000000000000000e+00
5.736835666124705313e+04 0.000000000000000000e+00 0.000000000000000000e+00
5.736835666179464897e+04 0.000000000000000000e+00 0.000000000000000000e+00
5.736835666234223754e+04 0.000000000000000000e+00 0.000000000000000000e+00
5.736835666288983339e+04 0.000000000000000000e+00 0.000000000000000000e+00
5.736835666343742923e+04 0.000000000000000000e+00 0.000000000000000000e+00
5.736835666398501780e+04 0.000000000000000000e+00 0.000000000000000000e+00
5.736835666453261365e+04 0.000000000000000000e+00 0.000000000000000000e+00
5.736835666508020950e+04 0.000000000000000000e+00 0.000000000000000000e+00
5.736835666562779807e+04 0.000000000000000000e+00 0.000000000000000000e+00
5.736835666617539391e+04 0.000000000000000000e+00 0.000000000000000000e+00
5.736835666672298976e+04 0.000000000000000000e+00 0.000000000000000000e+00
5.736835666727057833e+04 0.000000000000000000e+00 0.000000000000000000e+00
5.736835666781817417e+04 0.000000000000000000e+00 0.000000000000000000e+00
5.736835666836577002e+04 0.000000000000000000e+00 0.000000000000000000e+00
5.736835666891335859e+04 0.000000000000000000e+00 0.000000000000000000e+00
5.736835666946095444e+04 0.000000000000000000e+00 0.000000000000000000e+00
5.736835667000854301e+04 0.000000000000000000e+00 0.000000000000000000e+00
5.736835667055613885e+04 0.000000000000000000e+00 0.000000000000000000e+00
5.736835667110373470e+04 0.000000000000000000e+00 0.000000000000000000e+00
5.736835667165132327e+04 0.000000000000000000e+00 0.000000000000000000e+00
5.736835667219891911e+04 0.000000000000000000e+00 0.000000000000000000e+00
5.736835667274651496e+04 0.000000000000000000e+00 0.000000000000000000e+00
5.736835667329410353e+04 0.000000000000000000e+00 0.000000000000000000e+00
5.736835667384169938e+04 0.000000000000000000e+00 0.000000000000000000e+00
5.736835667438929522e+04 0.000000000000000000e+00 0.000000000000000000e+00
5.736835667493688379e+04 0.000000000000000000e+00 0.000000000000000000e+00
5.736835667548447964e+04 0.000000000000000000e+00 0.000000000000000000e+00
5.736835667603207548e+04 0.000000000000000000e+00 0.000000000000000000e+00
5.736835667657966405e+04 0.000000000000000000e+00 0.000000000000000000e+00
5.736835667712725990e+04 0.000000000000000000e+00 0.000000000000000000e+00
5.736835667767484847e+04 0.000000000000000000e+00 0.000000000000000000e+00
5.736835667822244432e+04 0.000000000000000000e+00 0.000000000000000000e+00
5.736835667877004016e+04 0.000000000000000000e+00 0.000000000000000000e+00
5.736835667931762873e+04 0.000000000000000000e+00 0.000000000000000000e+00
5.736835667986522458e+04 0.000000000000000000e+00 0.000000000000000000e+00
5.736835668041282042e+04 0.000000000000000000e+00 0.000000000000000000e+00
5.736835668096040899e+04 0.000000000000000000e+00 0.000000000000000000e+00
5.736835668150800484e+04 0.000000000000000000e+00 0.000000000000000000e+00
5.736835668205560069e+04 0.000000000000000000e+00 0.000000000000000000e+00
5.736835668260318926e+04 0.000000000000000000e+00 0.000000000000000000e+00
5.736835668315078510e+04 0.000000000000000000e+00 0.000000000000000000e+00
5.736835668369838095e+04 0.000000000000000000e+00 0.000000000000000000e+00
5.736835668424596952e+04 0.000000000000000000e+00 0.000000000000000000e+00
5.736835668479356536e+04 0.000000000000000000e+00 0.000000000000000000e+00
5.736835668534115393e+04 0.000000000000000000e+00 0.000000000000000000e+00
5.736835668588874978e+04 0.000000000000000000e+00 0.000000000000000000e+00
5.736835668643634563e+04 0.000000000000000000e+00 0.000000000000000000e+00
5.736835668698393420e+04 0.000000000000000000e+00 0.000000000000000000e+00
5.736835668753153004e+04 0.000000000000000000e+00 0.000000000000000000e+00
5.736835668807912589e+04 0.000000000000000000e+00 0.000000000000000000e+00
5.736835668862671446e+04 0.000000000000000000e+00 0.000000000000000000e+00
5.736835668917431030e+04 0.000000000000000000e+00 0.000000000000000000e+00
5.736835668972190615e+04 0.000000000000000000e+00 0.000000000000000000e+00
5.736835669026949472e+04 0.000000000000000000e+00 0.000000000000000000e+00
5.736835669081709057e+04 0.000000000000000000e+00 0.000000000000000000e+00
5.736835669136468641e+04 0.000000000000000000e+00 0.000000000000000000e+00
5.736835669191227498e+04 0.000000000000000000e+00 0.000000000000000000e+00
5.736835669245987083e+04 0.000000000000000000e+00 0.000000000000000000e+00
5.736835669300745940e+04 0.000000000000000000e+00 0.000000000000000000e+00
5.736835669355505524e+04 0.000000000000000000e+00 0.000000000000000000e+00
5.736835669410265109e+04 0.000000000000000000e+00 0.000000000000000000e+00
5.736835669465023966e+04 0.000000000000000000e+00 0.000000000000000000e+00
5.736835669519783551e+04 0.000000000000000000e+00 0.000000000000000000e+00
5.736835669574543135e+04 0.000000000000000000e+00 0.000000000000000000e+00
5.736835669629301992e+04 0.000000000000000000e+00 0.000000000000000000e+00
5.736835669684061577e+04 0.000000000000000000e+00 0.000000000000000000e+00
5.736835669738821161e+04 0.000000000000000000e+00 0.000000000000000000e+00
5.736835669793580018e+04 0.000000000000000000e+00 0.000000000000000000e+00
5.736835669848339603e+04 0.000000000000000000e+00 0.000000000000000000e+00
5.736835669903099188e+04 0.000000000000000000e+00 0.000000000000000000e+00
5.736835669957858045e+04 0.000000000000000000e+00 0.000000000000000000e+00
5.736835670012617629e+04 0.000000000000000000e+00 0.000000000000000000e+00
5.736835670067376486e+04 0.000000000000000000e+00 0.000000000000000000e+00
5.736835670122136071e+04 0.000000000000000000e+00 0.000000000000000000e+00
5.736835670176895655e+04 0.000000000000000000e+00 0.000000000000000000e+00
5.736835670231654512e+04 0.000000000000000000e+00 0.000000000000000000e+00
5.736835670286414097e+04 0.000000000000000000e+00 0.000000000000000000e+00
5.736835670341173682e+04 0.000000000000000000e+00 0.000000000000000000e+00
5.736835670395932539e+04 0.000000000000000000e+00 0.000000000000000000e+00
5.736835670450692123e+04 0.000000000000000000e+00 0.000000000000000000e+00
5.736835670505451708e+04 0.000000000000000000e+00 0.000000000000000000e+00
5.736835670560210565e+04 0.000000000000000000e+00 0.000000000000000000e+00
5.736835670614970149e+04 0.000000000000000000e+00 0.000000000000000000e+00
5.736835670669729734e+04 0.000000000000000000e+00 0.000000000000000000e+00
5.736835670724488591e+04 0.000000000000000000e+00 0.000000000000000000e+00
5.736835670779248176e+04 0.000000000000000000e+00 0.000000000000000000e+00
5.736835670834007033e+04 0.000000000000000000e+00 0.000000000000000000e+00
5.736835670888766617e+04 0.000000000000000000e+00 0.000000000000000000e+00
5.736835670943526202e+04 0.000000000000000000e+00 0.000000000000000000e+00
5.736835670998285059e+04 0.000000000000000000e+00 0.000000000000000000e+00
5.736835671053044643e+04 0.000000000000000000e+00 0.000000000000000000e+00
5.736835671107804228e+04 0.000000000000000000e+00 0.000000000000000000e+00
5.736835671162563085e+04 0.000000000000000000e+00 0.000000000000000000e+00
5.736835671217322670e+04 0.000000000000000000e+00 0.000000000000000000e+00
5.736835671272082254e+04 0.000000000000000000e+00 0.000000000000000000e+00
5.736835671326841111e+04 0.000000000000000000e+00 0.000000000000000000e+00
5.736835671381600696e+04 0.000000000000000000e+00 0.000000000000000000e+00
5.736835671436360280e+04 0.000000000000000000e+00 0.000000000000000000e+00
5.736835671491119137e+04 0.000000000000000000e+00 0.000000000000000000e+00
5.736835671545878722e+04 0.000000000000000000e+00 0.000000000000000000e+00
5.736835671600637579e+04 0.000000000000000000e+00 0.000000000000000000e+00
5.736835671655397164e+04 0.000000000000000000e+00 0.000000000000000000e+00
5.736835671710156748e+04 0.000000000000000000e+00 0.000000000000000000e+00
5.736835671764915605e+04 0.000000000000000000e+00 0.000000000000000000e+00
5.736835671819675190e+04 0.000000000000000000e+00 0.000000000000000000e+00
5.736835671874434775e+04 0.000000000000000000e+00 0.000000000000000000e+00
5.736835671929193632e+04 0.000000000000000000e+00 0.000000000000000000e+00
5.736835671983953216e+04 0.000000000000000000e+00 0.000000000000000000e+00
5.736835672038712801e+04 0.000000000000000000e+00 0.000000000000000000e+00
5.736835672093471658e+04 0.000000000000000000e+00 0.000000000000000000e+00
5.736835672148231242e+04 0.000000000000000000e+00 0.000000000000000000e+00
5.736835672202990827e+04 0.000000000000000000e+00 0.000000000000000000e+00
5.736835672257749684e+04 0.000000000000000000e+00 0.000000000000000000e+00
5.736835672312509269e+04 0.000000000000000000e+00 0.000000000000000000e+00
5.736835672367268126e+04 0.000000000000000000e+00 0.000000000000000000e+00
5.736835672422027710e+04 0.000000000000000000e+00 0.000000000000000000e+00
5.736835672476787295e+04 0.000000000000000000e+00 0.000000000000000000e+00
5.736835672531546152e+04 0.000000000000000000e+00 0.000000000000000000e+00
5.736835672586305736e+04 0.000000000000000000e+00 0.000000000000000000e+00
5.736835672641065321e+04 0.000000000000000000e+00 0.000000000000000000e+00
5.736835672695824178e+04 0.000000000000000000e+00 0.000000000000000000e+00
5.736835672750583763e+04 0.000000000000000000e+00 0.000000000000000000e+00
5.736835672805343347e+04 0.000000000000000000e+00 0.000000000000000000e+00
5.736835672860102204e+04 0.000000000000000000e+00 0.000000000000000000e+00
5.736835672914861789e+04 0.000000000000000000e+00 0.000000000000000000e+00
5.736835672969621373e+04 0.000000000000000000e+00 0.000000000000000000e+00
5.736835673024380230e+04 0.000000000000000000e+00 0.000000000000000000e+00
5.736835673079139815e+04 0.000000000000000000e+00 0.000000000000000000e+00
5.736835673133898672e+04 0.000000000000000000e+00 0.000000000000000000e+00
5.736835673188658257e+04 0.000000000000000000e+00 nan
5.736835673243417841e+04 0.000000000000000000e+00 0.000000000000000000e+00
5.736835673298176698e+04 0.000000000000000000e+00 0.000000000000000000e+00
5.736835673352936283e+04 0.000000000000000000e+00 0.000000000000000000e+00
5.736835673407695867e+04 0.000000000000000000e+00 0.000000000000000000e+00
5.736835673462454724e+04 0.000000000000000000e+00 0.000000000000000000e+00
5.736835673517214309e+04 0.000000000000000000e+00 0.000000000000000000e+00
5.736835673571973894e+04 0.000000000000000000e+00 0.000000000000000000e+00
5.736835673626732751e+04 0.000000000000000000e+00 0.000000000000000000e+00
5.736835673681492335e+04 0.000000000000000000e+00 0.000000000000000000e+00
5.736835673736251920e+04 0.000000000000000000e+00 0.000000000000000000e+00
5.736835673791010777e+04 0.000000000000000000e+00 0.000000000000000000e+00
5.736835673845770361e+04 0.000000000000000000e+00 0.000000000000000000e+00
5.736835673900529218e+04 0.000000000000000000e+00 0.000000000000000000e+00
5.736835673955288803e+04 0.000000000000000000e+00 0.000000000000000000e+00
5.736835674010048388e+04 0.000000000000000000e+00 0.000000000000000000e+00
5.736835674064807245e+04 0.000000000000000000e+00 0.000000000000000000e+00
5.736835674119566829e+04 0.000000000000000000e+00 0.000000000000000000e+00
5.736835674174326414e+04 0.000000000000000000e+00 0.000000000000000000e+00
5.736835674229085271e+04 0.000000000000000000e+00 0.000000000000000000e+00
5.736835674283844855e+04 0.000000000000000000e+00 0.000000000000000000e+00
5.736835674338604440e+04 0.000000000000000000e+00 0.000000000000000000e+00
5.736835674393363297e+04 0.000000000000000000e+00 0.000000000000000000e+00
5.736835674448122882e+04 0.000000000000000000e+00 0.000000000000000000e+00
5.736835674502882466e+04 0.000000000000000000e+00 0.000000000000000000e+00
5.736835674557641323e+04 0.000000000000000000e+00 0.000000000000000000e+00
5.736835674612400908e+04 0.000000000000000000e+00 0.000000000000000000e+00
5.736835674667159765e+04 0.000000000000000000e+00 0.000000000000000000e+00
5.736835674721919349e+04 0.000000000000000000e+00 0.000000000000000000e+00
5.736835674776678934e+04 0.000000000000000000e+00 0.000000000000000000e+00
5.736835674831437791e+04 0.000000000000000000e+00 0.000000000000000000e+00
5.736835674886197376e+04 0.000000000000000000e+00 0.000000000000000000e+00
5.736835674940956960e+04 0.000000000000000000e+00 0.000000000000000000e+00
5.736835674995715817e+04 0.000000000000000000e+00 0.000000000000000000e+00
5.736835675050475402e+04 0.000000000000000000e+00 0.000000000000000000e+00
5.736835675105234986e+04 0.000000000000000000e+00 0.000000000000000000e+00
5.736835675159993843e+04 0.000000000000000000e+00 0.000000000000000000e+00
5.736835675214753428e+04 0.000000000000000000e+00 0.000000000000000000e+00
5.736835675269513013e+04 0.000000000000000000e+00 0.000000000000000000e+00
5.736835675324271870e+04 0.000000000000000000e+00 0.000000000000000000e+00
5.736835675379031454e+04 0.000000000000000000e+00 0.000000000000000000e+00
5.736835675433790311e+04 0.000000000000000000e+00 0.000000000000000000e+00
5.736835675488549896e+04 0.000000000000000000e+00 0.000000000000000000e+00
5.736835675543309480e+04 0.000000000000000000e+00 0.000000000000000000e+00
5.736835675598068337e+04 0.000000000000000000e+00 0.000000000000000000e+00
5.736835675652827922e+04 0.000000000000000000e+00 0.000000000000000000e+00
5.736835675707587507e+04 0.000000000000000000e+00 0.000000000000000000e+00
5.736835675762346364e+04 0.000000000000000000e+00 0.000000000000000000e+00
5.736835675817105948e+04 0.000000000000000000e+00 0.000000000000000000e+00
5.736835675871865533e+04 0.000000000000000000e+00 0.000000000000000000e+00
5.736835675926624390e+04 0.000000000000000000e+00 0.000000000000000000e+00
5.736835675981383974e+04 0.000000000000000000e+00 0.000000000000000000e+00
5.736835676036143559e+04 0.000000000000000000e+00 0.000000000000000000e+00
5.736835676090902416e+04 0.000000000000000000e+00 0.000000000000000000e+00
5.736835676145662001e+04 0.000000000000000000e+00 0.000000000000000000e+00
5.736835676200420858e+04 0.000000000000000000e+00 0.000000000000000000e+00
5.736835676255180442e+04 0.000000000000000000e+00 0.000000000000000000e+00
5.736835676309940027e+04 0.000000000000000000e+00 0.000000000000000000e+00
5.736835676364698884e+04 0.000000000000000000e+00 0.000000000000000000e+00
5.736835676419458468e+04 0.000000000000000000e+00 0.000000000000000000e+00
5.736835676474218053e+04 0.000000000000000000e+00 0.000000000000000000e+00
5.736835676528976910e+04 0.000000000000000000e+00 0.000000000000000000e+00
5.736835676583736495e+04 0.000000000000000000e+00 0.000000000000000000e+00
5.736835676638496079e+04 0.000000000000000000e+00 0.000000000000000000e+00
5.736835676693254936e+04 0.000000000000000000e+00 0.000000000000000000e+00
5.736835676748014521e+04 0.000000000000000000e+00 0.000000000000000000e+00
5.736835676802774105e+04 0.000000000000000000e+00 0.000000000000000000e+00
5.736835676857532962e+04 0.000000000000000000e+00 0.000000000000000000e+00
5.736835676912292547e+04 0.000000000000000000e+00 0.000000000000000000e+00
5.736835676967051404e+04 0.000000000000000000e+00 0.000000000000000000e+00
5.736835677021810989e+04 0.000000000000000000e+00 0.000000000000000000e+00
5.736835677076570573e+04 0.000000000000000000e+00 0.000000000000000000e+00
5.736835677131329430e+04 0.000000000000000000e+00 0.000000000000000000e+00
5.736835677186089015e+04 0.000000000000000000e+00 0.000000000000000000e+00
5.736835677240848599e+04 0.000000000000000000e+00 0.000000000000000000e+00
5.736835677295607456e+04 0.000000000000000000e+00 0.000000000000000000e+00
5.736835677350367041e+04 0.000000000000000000e+00 0.000000000000000000e+00
5.736835677405126626e+04 0.000000000000000000e+00 0.000000000000000000e+00
5.736835677459885483e+04 0.000000000000000000e+00 0.000000000000000000e+00
5.736835677514645067e+04 0.000000000000000000e+00 0.000000000000000000e+00
5.736835677569404652e+04 0.000000000000000000e+00 0.000000000000000000e+00
5.736835677624163509e+04 0.000000000000000000e+00 0.000000000000000000e+00
5.736835677678923093e+04 0.000000000000000000e+00 0.000000000000000000e+00
5.736835677733681950e+04 0.000000000000000000e+00 0.000000000000000000e+00
5.736835677788441535e+04 0.000000000000000000e+00 0.000000000000000000e+00
5.736835677843201120e+04 0.000000000000000000e+00 0.000000000000000000e+00
5.736835677897959977e+04 0.000000000000000000e+00 0.000000000000000000e+00
5.736835677952719561e+04 0.000000000000000000e+00 0.000000000000000000e+00
5.736835678007479146e+04 0.000000000000000000e+00 0.000000000000000000e+00
5.736835678062238003e+04 0.000000000000000000e+00 0.000000000000000000e+00
5.736835678116997587e+04 0.000000000000000000e+00 0.000000000000000000e+00
5.736835678171757172e+04 0.000000000000000000e+00 0.000000000000000000e+00
5.736835678226516029e+04 0.000000000000000000e+00 0.000000000000000000e+00
5.736835678281275614e+04 0.000000000000000000e+00 0.000000000000000000e+00
5.736835678336035198e+04 0.000000000000000000e+00 0.000000000000000000e+00
5.736835678390794055e+04 0.000000000000000000e+00 0.000000000000000000e+00
5.736835678445553640e+04 0.000000000000000000e+00 0.000000000000000000e+00
5.736835678500312497e+04 0.000000000000000000e+00 0.000000000000000000e+00
5.736835678555072082e+04 0.000000000000000000e+00 0.000000000000000000e+00
5.736835678609831666e+04 0.000000000000000000e+00 0.000000000000000000e+00
5.736835678664590523e+04 0.000000000000000000e+00 0.000000000000000000e+00
5.736835678719350108e+04 0.000000000000000000e+00 0.000000000000000000e+00
5.736835678774109692e+04 0.000000000000000000e+00 0.000000000000000000e+00
5.736835678828868549e+04 0.000000000000000000e+00 0.000000000000000000e+00
5.736835678883628134e+04 0.000000000000000000e+00 0.000000000000000000e+00
5.736835678938387719e+04 0.000000000000000000e+00 0.000000000000000000e+00
5.736835678993146576e+04 0.000000000000000000e+00 0.000000000000000000e+00
5.736835679047906160e+04 0.000000000000000000e+00 0.000000000000000000e+00
5.736835679102665745e+04 0.000000000000000000e+00 0.000000000000000000e+00
5.736835679157424602e+04 0.000000000000000000e+00 0.000000000000000000e+00
5.736835679212184186e+04 0.000000000000000000e+00 0.000000000000000000e+00
5.736835679266943043e+04 0.000000000000000000e+00 0.000000000000000000e+00
5.736835679321702628e+04 0.000000000000000000e+00 0.000000000000000000e+00
5.736835679376462213e+04 0.000000000000000000e+00 0.000000000000000000e+00
5.736835679431221070e+04 0.000000000000000000e+00 0.000000000000000000e+00
5.736835679485980654e+04 0.000000000000000000e+00 0.000000000000000000e+00
5.736835679540740239e+04 0.000000000000000000e+00 0.000000000000000000e+00
5.736835679595499096e+04 0.000000000000000000e+00 0.000000000000000000e+00
5.736835679650258680e+04 0.000000000000000000e+00 0.000000000000000000e+00
5.736835679705018265e+04 0.000000000000000000e+00 0.000000000000000000e+00
5.736835679759777122e+04 0.000000000000000000e+00 0.000000000000000000e+00
5.736835679814536707e+04 0.000000000000000000e+00 0.000000000000000000e+00
5.736835679869296291e+04 0.000000000000000000e+00 0.000000000000000000e+00
5.736835679924055148e+04 0.000000000000000000e+00 0.000000000000000000e+00
5.736835679978814733e+04 0.000000000000000000e+00 0.000000000000000000e+00
5.736835680033573590e+04 0.000000000000000000e+00 0.000000000000000000e+00
5.736835680088333174e+04 0.000000000000000000e+00 0.000000000000000000e+00
5.736835680143092759e+04 0.000000000000000000e+00 0.000000000000000000e+00
5.736835680197851616e+04 0.000000000000000000e+00 0.000000000000000000e+00
5.736835680252611201e+04 0.000000000000000000e+00 0.000000000000000000e+00
5.736835680307370785e+04 0.000000000000000000e+00 0.000000000000000000e+00
5.736835680362129642e+04 0.000000000000000000e+00 0.000000000000000000e+00
5.736835680416889227e+04 0.000000000000000000e+00 0.000000000000000000e+00
5.736835680471648811e+04 0.000000000000000000e+00 0.000000000000000000e+00
5.736835680526407668e+04 0.000000000000000000e+00 0.000000000000000000e+00
5.736835680581167253e+04 0.000000000000000000e+00 0.000000000000000000e+00
5.736835680635926838e+04 0.000000000000000000e+00 0.000000000000000000e+00
5.736835680690685695e+04 0.000000000000000000e+00 0.000000000000000000e+00
5.736835680745445279e+04 0.000000000000000000e+00 0.000000000000000000e+00
5.736835680800204136e+04 0.000000000000000000e+00 0.000000000000000000e+00
5.736835680854963721e+04 0.000000000000000000e+00 0.000000000000000000e+00
5.736835680909723305e+04 0.000000000000000000e+00 0.000000000000000000e+00
5.736835680964482162e+04 0.000000000000000000e+00 0.000000000000000000e+00
5.736835681019241747e+04 0.000000000000000000e+00 0.000000000000000000e+00
5.736835681074001332e+04 0.000000000000000000e+00 0.000000000000000000e+00
5.736835681128760189e+04 0.000000000000000000e+00 0.000000000000000000e+00
5.736835681183519773e+04 0.000000000000000000e+00 0.000000000000000000e+00
5.736835681238279358e+04 0.000000000000000000e+00 0.000000000000000000e+00
5.736835681293038215e+04 0.000000000000000000e+00 0.000000000000000000e+00
5.736835681347797799e+04 0.000000000000000000e+00 0.000000000000000000e+00
5.736835681402557384e+04 0.000000000000000000e+00 0.000000000000000000e+00
5.736835681457316241e+04 0.000000000000000000e+00 0.000000000000000000e+00
5.736835681512075826e+04 0.000000000000000000e+00 0.000000000000000000e+00
5.736835681566834683e+04 0.000000000000000000e+00 0.000000000000000000e+00
5.736835681621594267e+04 0.000000000000000000e+00 0.000000000000000000e+00
5.736835681676353852e+04 0.000000000000000000e+00 0.000000000000000000e+00
5.736835681731112709e+04 0.000000000000000000e+00 0.000000000000000000e+00
5.736835681785872293e+04 0.000000000000000000e+00 0.000000000000000000e+00
5.736835681840631878e+04 0.000000000000000000e+00 0.000000000000000000e+00
5.736835681895390735e+04 0.000000000000000000e+00 0.000000000000000000e+00
5.736835681950150320e+04 0.000000000000000000e+00 0.000000000000000000e+00
5.736835682004909904e+04 0.000000000000000000e+00 0.000000000000000000e+00
5.736835682059668761e+04 0.000000000000000000e+00 0.000000000000000000e+00
5.736835682114428346e+04 0.000000000000000000e+00 0.000000000000000000e+00
5.736835682169187930e+04 0.000000000000000000e+00 0.000000000000000000e+00
5.736835682223946787e+04 0.000000000000000000e+00 0.000000000000000000e+00
5.736835682278706372e+04 0.000000000000000000e+00 0.000000000000000000e+00
5.736835682333465229e+04 0.000000000000000000e+00 0.000000000000000000e+00
5.736835682388224814e+04 0.000000000000000000e+00 0.000000000000000000e+00
5.736835682442984398e+04 0.000000000000000000e+00 0.000000000000000000e+00
5.736835682497743255e+04 0.000000000000000000e+00 0.000000000000000000e+00
5.736835682552502840e+04 0.000000000000000000e+00 0.000000000000000000e+00
5.736835682607262424e+04 0.000000000000000000e+00 0.000000000000000000e+00
5.736835682662021281e+04 0.000000000000000000e+00 0.000000000000000000e+00
5.736835682716780866e+04 0.000000000000000000e+00 0.000000000000000000e+00
5.736835682771540451e+04 0.000000000000000000e+00 0.000000000000000000e+00
5.736835682826299308e+04 0.000000000000000000e+00 0.000000000000000000e+00
5.736835682881058892e+04 0.000000000000000000e+00 0.000000000000000000e+00
5.736835682935818477e+04 0.000000000000000000e+00 0.000000000000000000e+00
5.736835682990577334e+04 0.000000000000000000e+00 0.000000000000000000e+00
5.736835683045336918e+04 0.000000000000000000e+00 0.000000000000000000e+00
5.736835683100095775e+04 0.000000000000000000e+00 0.000000000000000000e+00
5.736835683154855360e+04 0.000000000000000000e+00 0.000000000000000000e+00
5.736835683209614945e+04 0.000000000000000000e+00 0.000000000000000000e+00
5.736835683264373802e+04 0.000000000000000000e+00 0.000000000000000000e+00
5.736835683319133386e+04 0.000000000000000000e+00 0.000000000000000000e+00
5.736835683373892971e+04 0.000000000000000000e+00 0.000000000000000000e+00
5.736835683428651828e+04 0.000000000000000000e+00 0.000000000000000000e+00
5.736835683483411412e+04 0.000000000000000000e+00 0.000000000000000000e+00
5.736835683538170997e+04 0.000000000000000000e+00 0.000000000000000000e+00
5.736835683592929854e+04 0.000000000000000000e+00 0.000000000000000000e+00
5.736835683647689439e+04 0.000000000000000000e+00 0.000000000000000000e+00
5.736835683702449023e+04 0.000000000000000000e+00 0.000000000000000000e+00
5.736835683757207880e+04 0.000000000000000000e+00 0.000000000000000000e+00
5.736835683811967465e+04 0.000000000000000000e+00 0.000000000000000000e+00
5.736835683866726322e+04 0.000000000000000000e+00 0.000000000000000000e+00
5.736835683921485906e+04 0.000000000000000000e+00 0.000000000000000000e+00
5.736835683976245491e+04 0.000000000000000000e+00 0.000000000000000000e+00
5.736835684031004348e+04 0.000000000000000000e+00 0.000000000000000000e+00
5.736835684085763933e+04 0.000000000000000000e+00 0.000000000000000000e+00
5.736835684140523517e+04 0.000000000000000000e+00 0.000000000000000000e+00
5.736835684195282374e+04 0.000000000000000000e+00 0.000000000000000000e+00
5.736835684250041959e+04 0.000000000000000000e+00 0.000000000000000000e+00
5.736835684304801543e+04 0.000000000000000000e+00 0.000000000000000000e+00
5.736835684359560400e+04 0.000000000000000000e+00 0.000000000000000000e+00
5.736835684414319985e+04 0.000000000000000000e+00 0.000000000000000000e+00
5.736835684469079570e+04 0.000000000000000000e+00 0.000000000000000000e+00
5.736835684523838427e+04 0.000000000000000000e+00 0.000000000000000000e+00
5.736835684578598011e+04 0.000000000000000000e+00 0.000000000000000000e+00
5.736835684633356868e+04 0.000000000000000000e+00 0.000000000000000000e+00
5.736835684688116453e+04 0.000000000000000000e+00 0.000000000000000000e+00
5.736835684742876037e+04 0.000000000000000000e+00 0.000000000000000000e+00
5.736835684797634894e+04 0.000000000000000000e+00 0.000000000000000000e+00
5.736835684852394479e+04 0.000000000000000000e+00 0.000000000000000000e+00
5.736835684907154064e+04 0.000000000000000000e+00 0.000000000000000000e+00
5.736835684961912921e+04 0.000000000000000000e+00 0.000000000000000000e+00
5.736835685016672505e+04 0.000000000000000000e+00 0.000000000000000000e+00
5.736835685071432090e+04 0.000000000000000000e+00 0.000000000000000000e+00
5.736835685126190947e+04 0.000000000000000000e+00 0.000000000000000000e+00
5.736835685180950532e+04 0.000000000000000000e+00 0.000000000000000000e+00
5.736835685235710116e+04 0.000000000000000000e+00 0.000000000000000000e+00
5.736835685290468973e+04 0.000000000000000000e+00 0.000000000000000000e+00
5.736835685345228558e+04 0.000000000000000000e+00 0.000000000000000000e+00
5.736835685399987415e+04 0.000000000000000000e+00 0.000000000000000000e+00
5.736835685454746999e+04 0.000000000000000000e+00 0.000000000000000000e+00
5.736835685509506584e+04 0.000000000000000000e+00 0.000000000000000000e+00
5.736835685564265441e+04 0.000000000000000000e+00 0.000000000000000000e+00
5.736835685619025026e+04 0.000000000000000000e+00 0.000000000000000000e+00
5.736835685673784610e+04 0.000000000000000000e+00 0.000000000000000000e+00
5.736835685728543467e+04 0.000000000000000000e+00 0.000000000000000000e+00
5.736835685783303052e+04 0.000000000000000000e+00 0.000000000000000000e+00
5.736835685838062636e+04 0.000000000000000000e+00 0.000000000000000000e+00
5.736835685892821493e+04 0.000000000000000000e+00 0.000000000000000000e+00
5.736835685947581078e+04 0.000000000000000000e+00 0.000000000000000000e+00
5.736835686002340663e+04 0.000000000000000000e+00 0.000000000000000000e+00
5.736835686057099520e+04 0.000000000000000000e+00 0.000000000000000000e+00
5.736835686111859104e+04 0.000000000000000000e+00 0.000000000000000000e+00
5.736835686166617961e+04 0.000000000000000000e+00 0.000000000000000000e+00
5.736835686221377546e+04 0.000000000000000000e+00 0.000000000000000000e+00
5.736835686276137130e+04 0.000000000000000000e+00 0.000000000000000000e+00
5.736835686330895987e+04 0.000000000000000000e+00 0.000000000000000000e+00
5.736835686385655572e+04 0.000000000000000000e+00 0.000000000000000000e+00
5.736835686440415157e+04 0.000000000000000000e+00 0.000000000000000000e+00
5.736835686495174014e+04 0.000000000000000000e+00 0.000000000000000000e+00
5.736835686549933598e+04 0.000000000000000000e+00 0.000000000000000000e+00
5.736835686604693183e+04 0.000000000000000000e+00 0.000000000000000000e+00
5.736835686659452040e+04 0.000000000000000000e+00 0.000000000000000000e+00
5.736835686714211624e+04 0.000000000000000000e+00 0.000000000000000000e+00
5.736835686768971209e+04 0.000000000000000000e+00 0.000000000000000000e+00
5.736835686823730066e+04 0.000000000000000000e+00 0.000000000000000000e+00
5.736835686878489651e+04 0.000000000000000000e+00 0.000000000000000000e+00
5.736835686933248508e+04 0.000000000000000000e+00 0.000000000000000000e+00
5.736835686988008092e+04 0.000000000000000000e+00 0.000000000000000000e+00
5.736835687042767677e+04 0.000000000000000000e+00 0.000000000000000000e+00
5.736835687097526534e+04 0.000000000000000000e+00 0.000000000000000000e+00
5.736835687152286118e+04 0.000000000000000000e+00 0.000000000000000000e+00
5.736835687207045703e+04 0.000000000000000000e+00 0.000000000000000000e+00
5.736835687261804560e+04 0.000000000000000000e+00 0.000000000000000000e+00
5.736835687316564145e+04 0.000000000000000000e+00 0.000000000000000000e+00
5.736835687371323729e+04 0.000000000000000000e+00 0.000000000000000000e+00
5.736835687426082586e+04 0.000000000000000000e+00 0.000000000000000000e+00
5.736835687480842171e+04 0.000000000000000000e+00 0.000000000000000000e+00
5.736835687535601755e+04 0.000000000000000000e+00 0.000000000000000000e+00
5.736835687590360612e+04 0.000000000000000000e+00 0.000000000000000000e+00
5.736835687645120197e+04 0.000000000000000000e+00 0.000000000000000000e+00
5.736835687699879054e+04 0.000000000000000000e+00 0.000000000000000000e+00
5.736835687754638639e+04 0.000000000000000000e+00 0.000000000000000000e+00
5.736835687809398223e+04 0.000000000000000000e+00 0.000000000000000000e+00
5.736835687864157080e+04 0.000000000000000000e+00 0.000000000000000000e+00
5.736835687918916665e+04 0.000000000000000000e+00 0.000000000000000000e+00
5.736835687973676249e+04 0.000000000000000000e+00 0.000000000000000000e+00
5.736835688028435106e+04 0.000000000000000000e+00 0.000000000000000000e+00
5.736835688083194691e+04 0.000000000000000000e+00 0.000000000000000000e+00
5.736835688137954276e+04 0.000000000000000000e+00 0.000000000000000000e+00
5.736835688192713133e+04 0.000000000000000000e+00 0.000000000000000000e+00
5.736835688247472717e+04 0.000000000000000000e+00 0.000000000000000000e+00
5.736835688302232302e+04 0.000000000000000000e+00 0.000000000000000000e+00
5.736835688356991159e+04 0.000000000000000000e+00 0.000000000000000000e+00
5.736835688411750743e+04 0.000000000000000000e+00 0.000000000000000000e+00
5.736835688466510328e+04 0.000000000000000000e+00 0.000000000000000000e+00
5.736835688521269185e+04 0.000000000000000000e+00 0.000000000000000000e+00
5.736835688576028770e+04 0.000000000000000000e+00 0.000000000000000000e+00
5.736835688630787627e+04 0.000000000000000000e+00 0.000000000000000000e+00
5.736835688685547211e+04 0.000000000000000000e+00 0.000000000000000000e+00
5.736835688740306796e+04 0.000000000000000000e+00 0.000000000000000000e+00
5.736835688795065653e+04 0.000000000000000000e+00 0.000000000000000000e+00
5.736835688849825237e+04 0.000000000000000000e+00 0.000000000000000000e+00
5.736835688904584822e+04 0.000000000000000000e+00 0.000000000000000000e+00
5.736835688959343679e+04 0.000000000000000000e+00 0.000000000000000000e+00
5.736835689014103264e+04 0.000000000000000000e+00 0.000000000000000000e+00
5.736835689068862848e+04 0.000000000000000000e+00 0.000000000000000000e+00
5.736835689123621705e+04 0.000000000000000000e+00 0.000000000000000000e+00
5.736835689178381290e+04 0.000000000000000000e+00 0.000000000000000000e+00
5.736835689233140874e+04 0.000000000000000000e+00 0.000000000000000000e+00
5.736835689287899731e+04 0.000000000000000000e+00 0.000000000000000000e+00
5.736835689342659316e+04 0.000000000000000000e+00 0.000000000000000000e+00
5.736835689397418173e+04 0.000000000000000000e+00 0.000000000000000000e+00
5.736835689452177758e+04 0.000000000000000000e+00 0.000000000000000000e+00
5.736835689506937342e+04 0.000000000000000000e+00 0.000000000000000000e+00
5.736835689561696199e+04 0.000000000000000000e+00 0.000000000000000000e+00
5.736835689616455784e+04 0.000000000000000000e+00 0.000000000000000000e+00
5.736835689671215368e+04 0.000000000000000000e+00 0.000000000000000000e+00
5.736835689725974225e+04 0.000000000000000000e+00 0.000000000000000000e+00
5.736835689780733810e+04 0.000000000000000000e+00 0.000000000000000000e+00
5.736835689835493395e+04 0.000000000000000000e+00 0.000000000000000000e+00
5.736835689890252252e+04 0.000000000000000000e+00 0.000000000000000000e+00
5.736835689945011836e+04 0.000000000000000000e+00 0.000000000000000000e+00
5.736835689999771421e+04 0.000000000000000000e+00 0.000000000000000000e+00
5.736835690054530278e+04 0.000000000000000000e+00 0.000000000000000000e+00
5.736835690109289862e+04 0.000000000000000000e+00 0.000000000000000000e+00
5.736835690164048719e+04 0.000000000000000000e+00 0.000000000000000000e+00
5.736835690218808304e+04 0.000000000000000000e+00 0.000000000000000000e+00
5.736835690273567889e+04 0.000000000000000000e+00 0.000000000000000000e+00
5.736835690328326746e+04 0.000000000000000000e+00 0.000000000000000000e+00
5.736835690383086330e+04 0.000000000000000000e+00 0.000000000000000000e+00
5.736835690437845915e+04 0.000000000000000000e+00 0.000000000000000000e+00
5.736835690492604772e+04 0.000000000000000000e+00 0.000000000000000000e+00
5.736835690547364356e+04 0.000000000000000000e+00 0.000000000000000000e+00
5.736835690602123941e+04 0.000000000000000000e+00 0.000000000000000000e+00
5.736835690656882798e+04 0.000000000000000000e+00 0.000000000000000000e+00
5.736835690711642383e+04 0.000000000000000000e+00 0.000000000000000000e+00
5.736835690766401967e+04 0.000000000000000000e+00 0.000000000000000000e+00
5.736835690821160824e+04 0.000000000000000000e+00 0.000000000000000000e+00
5.736835690875920409e+04 0.000000000000000000e+00 0.000000000000000000e+00
5.736835690930679266e+04 0.000000000000000000e+00 0.000000000000000000e+00
5.736835690985438850e+04 0.000000000000000000e+00 0.000000000000000000e+00
5.736835691040198435e+04 0.000000000000000000e+00 0.000000000000000000e+00
5.736835691094957292e+04 0.000000000000000000e+00 0.000000000000000000e+00
5.736835691149716877e+04 0.000000000000000000e+00 0.000000000000000000e+00
5.736835691204476461e+04 0.000000000000000000e+00 0.000000000000000000e+00
5.736835691259235318e+04 0.000000000000000000e+00 0.000000000000000000e+00
5.736835691313994903e+04 0.000000000000000000e+00 0.000000000000000000e+00
5.736835691368754487e+04 0.000000000000000000e+00 0.000000000000000000e+00
5.736835691423513344e+04 0.000000000000000000e+00 0.000000000000000000e+00
5.736835691478272929e+04 0.000000000000000000e+00 0.000000000000000000e+00
5.736835691533032514e+04 0.000000000000000000e+00 0.000000000000000000e+00
5.736835691587791371e+04 0.000000000000000000e+00 0.000000000000000000e+00
5.736835691642550955e+04 0.000000000000000000e+00 0.000000000000000000e+00
5.736835691697309812e+04 0.000000000000000000e+00 0.000000000000000000e+00
5.736835691752069397e+04 0.000000000000000000e+00 0.000000000000000000e+00
5.736835691806828981e+04 0.000000000000000000e+00 0.000000000000000000e+00
5.736835691861587839e+04 0.000000000000000000e+00 0.000000000000000000e+00
5.736835691916347423e+04 0.000000000000000000e+00 0.000000000000000000e+00
5.736835691971107008e+04 0.000000000000000000e+00 0.000000000000000000e+00
5.736835692025865865e+04 0.000000000000000000e+00 0.000000000000000000e+00
5.736835692080625449e+04 0.000000000000000000e+00 0.000000000000000000e+00
5.736835692135385034e+04 0.000000000000000000e+00 0.000000000000000000e+00
5.736835692190143891e+04 0.000000000000000000e+00 0.000000000000000000e+00
5.736835692244903476e+04 0.000000000000000000e+00 0.000000000000000000e+00
5.736835692299663060e+04 0.000000000000000000e+00 0.000000000000000000e+00
5.736835692354421917e+04 0.000000000000000000e+00 0.000000000000000000e+00
5.736835692409181502e+04 0.000000000000000000e+00 0.000000000000000000e+00
5.736835692463940359e+04 0.000000000000000000e+00 0.000000000000000000e+00
5.736835692518699943e+04 0.000000000000000000e+00 0.000000000000000000e+00
5.736835692573459528e+04 0.000000000000000000e+00 0.000000000000000000e+00
5.736835692628218385e+04 0.000000000000000000e+00 0.000000000000000000e+00
5.736835692682977970e+04 0.000000000000000000e+00 0.000000000000000000e+00
5.736835692737737554e+04 0.000000000000000000e+00 0.000000000000000000e+00
5.736835692792496411e+04 0.000000000000000000e+00 0.000000000000000000e+00
5.736835692847255996e+04 0.000000000000000000e+00 0.000000000000000000e+00
5.736835692902015580e+04 0.000000000000000000e+00 0.000000000000000000e+00
5.736835692956774437e+04 0.000000000000000000e+00 0.000000000000000000e+00
5.736835693011534022e+04 0.000000000000000000e+00 0.000000000000000000e+00
5.736835693066293607e+04 0.000000000000000000e+00 0.000000000000000000e+00
5.736835693121052464e+04 0.000000000000000000e+00 0.000000000000000000e+00
5.736835693175812048e+04 0.000000000000000000e+00 0.000000000000000000e+00
5.736835693230570905e+04 0.000000000000000000e+00 0.000000000000000000e+00
5.736835693285330490e+04 0.000000000000000000e+00 0.000000000000000000e+00
5.736835693340090074e+04 0.000000000000000000e+00 0.000000000000000000e+00
5.736835693394848931e+04 0.000000000000000000e+00 0.000000000000000000e+00
5.736835693449608516e+04 0.000000000000000000e+00 0.000000000000000000e+00
5.736835693504368101e+04 0.000000000000000000e+00 0.000000000000000000e+00
5.736835693559126958e+04 0.000000000000000000e+00 0.000000000000000000e+00
5.736835693613886542e+04 0.000000000000000000e+00 0.000000000000000000e+00
5.736835693668646127e+04 0.000000000000000000e+00 0.000000000000000000e+00
5.736835693723404984e+04 0.000000000000000000e+00 0.000000000000000000e+00
5.736835693778164568e+04 0.000000000000000000e+00 0.000000000000000000e+00
5.736835693832924153e+04 0.000000000000000000e+00 0.000000000000000000e+00
5.736835693887683010e+04 0.000000000000000000e+00 0.000000000000000000e+00
5.736835693942442595e+04 0.000000000000000000e+00 0.000000000000000000e+00
5.736835693997201452e+04 0.000000000000000000e+00 0.000000000000000000e+00
5.736835694051961036e+04 0.000000000000000000e+00 0.000000000000000000e+00
5.736835694106720621e+04 0.000000000000000000e+00 0.000000000000000000e+00
5.736835694161479478e+04 0.000000000000000000e+00 0.000000000000000000e+00
5.736835694216239062e+04 0.000000000000000000e+00 0.000000000000000000e+00
5.736835694270998647e+04 0.000000000000000000e+00 0.000000000000000000e+00
5.736835694325757504e+04 0.000000000000000000e+00 0.000000000000000000e+00
5.736835694380517089e+04 0.000000000000000000e+00 0.000000000000000000e+00
5.736835694435276673e+04 0.000000000000000000e+00 0.000000000000000000e+00
5.736835694490035530e+04 0.000000000000000000e+00 0.000000000000000000e+00
5.736835694544795115e+04 0.000000000000000000e+00 0.000000000000000000e+00
5.736835694599554699e+04 0.000000000000000000e+00 0.000000000000000000e+00
5.736835694654313556e+04 0.000000000000000000e+00 0.000000000000000000e+00
5.736835694709073141e+04 0.000000000000000000e+00 0.000000000000000000e+00
5.736835694763831998e+04 0.000000000000000000e+00 0.000000000000000000e+00
5.736835694818591583e+04 0.000000000000000000e+00 0.000000000000000000e+00
5.736835694873351167e+04 0.000000000000000000e+00 0.000000000000000000e+00
5.736835694928110024e+04 0.000000000000000000e+00 0.000000000000000000e+00
5.736835694982869609e+04 0.000000000000000000e+00 0.000000000000000000e+00
5.736835695037629193e+04 0.000000000000000000e+00 0.000000000000000000e+00
5.736835695092388050e+04 0.000000000000000000e+00 0.000000000000000000e+00
5.736835695147147635e+04 0.000000000000000000e+00 0.000000000000000000e+00
5.736835695201907220e+04 0.000000000000000000e+00 0.000000000000000000e+00
5.736835695256666077e+04 0.000000000000000000e+00 0.000000000000000000e+00
5.736835695311425661e+04 0.000000000000000000e+00 0.000000000000000000e+00
5.736835695366185246e+04 0.000000000000000000e+00 0.000000000000000000e+00
5.736835695420944103e+04 0.000000000000000000e+00 0.000000000000000000e+00
5.736835695475703687e+04 0.000000000000000000e+00 0.000000000000000000e+00
5.736835695530462544e+04 0.000000000000000000e+00 0.000000000000000000e+00
5.736835695585222129e+04 0.000000000000000000e+00 0.000000000000000000e+00
5.736835695639981714e+04 0.000000000000000000e+00 0.000000000000000000e+00
5.736835695694740571e+04 0.000000000000000000e+00 0.000000000000000000e+00
5.736835695749500155e+04 0.000000000000000000e+00 0.000000000000000000e+00
5.736835695804259740e+04 0.000000000000000000e+00 0.000000000000000000e+00
5.736835695859018597e+04 0.000000000000000000e+00 0.000000000000000000e+00
5.736835695913778181e+04 0.000000000000000000e+00 0.000000000000000000e+00
5.736835695968537766e+04 0.000000000000000000e+00 0.000000000000000000e+00
5.736835696023296623e+04 0.000000000000000000e+00 0.000000000000000000e+00
5.736835696078056208e+04 0.000000000000000000e+00 0.000000000000000000e+00
5.736835696132815792e+04 0.000000000000000000e+00 0.000000000000000000e+00
5.736835696187574649e+04 0.000000000000000000e+00 0.000000000000000000e+00
5.736835696242334234e+04 0.000000000000000000e+00 0.000000000000000000e+00
5.736835696297093091e+04 0.000000000000000000e+00 0.000000000000000000e+00
5.736835696351852675e+04 0.000000000000000000e+00 0.000000000000000000e+00
5.736835696406612260e+04 0.000000000000000000e+00 0.000000000000000000e+00
5.736835696461371117e+04 0.000000000000000000e+00 0.000000000000000000e+00
5.736835696516130702e+04 0.000000000000000000e+00 0.000000000000000000e+00
5.736835696570890286e+04 0.000000000000000000e+00 0.000000000000000000e+00
5.736835696625649143e+04 0.000000000000000000e+00 0.000000000000000000e+00
5.736835696680408728e+04 0.000000000000000000e+00 0.000000000000000000e+00
5.736835696735168312e+04 0.000000000000000000e+00 0.000000000000000000e+00
5.736835696789927169e+04 0.000000000000000000e+00 0.000000000000000000e+00
5.736835696844686754e+04 0.000000000000000000e+00 0.000000000000000000e+00
5.736835696899446339e+04 0.000000000000000000e+00 0.000000000000000000e+00
5.736835696954205196e+04 0.000000000000000000e+00 0.000000000000000000e+00
5.736835697008964780e+04 0.000000000000000000e+00 0.000000000000000000e+00
5.736835697063723637e+04 0.000000000000000000e+00 0.000000000000000000e+00
5.736835697118483222e+04 0.000000000000000000e+00 0.000000000000000000e+00
5.736835697173242806e+04 0.000000000000000000e+00 0.000000000000000000e+00
5.736835697228001663e+04 0.000000000000000000e+00 0.000000000000000000e+00
5.736835697282761248e+04 0.000000000000000000e+00 0.000000000000000000e+00
5.736835697337520833e+04 0.000000000000000000e+00 0.000000000000000000e+00
5.736835697392279690e+04 0.000000000000000000e+00 0.000000000000000000e+00
5.736835697447039274e+04 0.000000000000000000e+00 0.000000000000000000e+00
5.736835697501798859e+04 0.000000000000000000e+00 0.000000000000000000e+00
5.736835697556557716e+04 0.000000000000000000e+00 0.000000000000000000e+00
5.736835697611317300e+04 0.000000000000000000e+00 0.000000000000000000e+00
5.736835697666076885e+04 0.000000000000000000e+00 0.000000000000000000e+00
5.736835697720835742e+04 0.000000000000000000e+00 0.000000000000000000e+00
5.736835697775595327e+04 0.000000000000000000e+00 0.000000000000000000e+00
5.736835697830354184e+04 0.000000000000000000e+00 0.000000000000000000e+00
5.736835697885113768e+04 0.000000000000000000e+00 0.000000000000000000e+00
5.736835697939873353e+04 0.000000000000000000e+00 0.000000000000000000e+00
5.736835697994632210e+04 0.000000000000000000e+00 0.000000000000000000e+00
5.736835698049391794e+04 0.000000000000000000e+00 0.000000000000000000e+00
5.736835698104151379e+04 0.000000000000000000e+00 0.000000000000000000e+00
5.736835698158910236e+04 0.000000000000000000e+00 0.000000000000000000e+00
5.736835698213669821e+04 0.000000000000000000e+00 0.000000000000000000e+00
5.736835698268429405e+04 0.000000000000000000e+00 0.000000000000000000e+00
5.736835698323188262e+04 0.000000000000000000e+00 0.000000000000000000e+00
5.736835698377947847e+04 0.000000000000000000e+00 0.000000000000000000e+00
5.736835698432707431e+04 0.000000000000000000e+00 0.000000000000000000e+00
5.736835698487466288e+04 0.000000000000000000e+00 0.000000000000000000e+00
5.736835698542225873e+04 0.000000000000000000e+00 0.000000000000000000e+00
5.736835698596984730e+04 0.000000000000000000e+00 0.000000000000000000e+00
5.736835698651744315e+04 0.000000000000000000e+00 0.000000000000000000e+00
5.736835698706503899e+04 0.000000000000000000e+00 0.000000000000000000e+00
5.736835698761262756e+04 0.000000000000000000e+00 0.000000000000000000e+00
5.736835698816022341e+04 0.000000000000000000e+00 0.000000000000000000e+00
5.736835698870781926e+04 0.000000000000000000e+00 0.000000000000000000e+00
5.736835698925540783e+04 0.000000000000000000e+00 0.000000000000000000e+00
5.736835698980300367e+04 0.000000000000000000e+00 0.000000000000000000e+00
5.736835699035059952e+04 0.000000000000000000e+00 0.000000000000000000e+00
5.736835699089818809e+04 0.000000000000000000e+00 0.000000000000000000e+00
5.736835699144578393e+04 0.000000000000000000e+00 0.000000000000000000e+00
5.736835699199337978e+04 0.000000000000000000e+00 0.000000000000000000e+00
5.736835699254096835e+04 0.000000000000000000e+00 0.000000000000000000e+00
5.736835699308856420e+04 0.000000000000000000e+00 0.000000000000000000e+00
5.736835699363615277e+04 0.000000000000000000e+00 0.000000000000000000e+00
5.736835699418374861e+04 0.000000000000000000e+00 0.000000000000000000e+00
5.736835699473134446e+04 0.000000000000000000e+00 0.000000000000000000e+00
5.736835699527893303e+04 0.000000000000000000e+00 0.000000000000000000e+00
5.736835699582652887e+04 0.000000000000000000e+00 0.000000000000000000e+00
5.736835699637412472e+04 0.000000000000000000e+00 0.000000000000000000e+00
5.736835699692171329e+04 0.000000000000000000e+00 0.000000000000000000e+00
5.736835699746930914e+04 0.000000000000000000e+00 0.000000000000000000e+00
5.736835699801690498e+04 0.000000000000000000e+00 0.000000000000000000e+00
5.736835699856449355e+04 0.000000000000000000e+00 0.000000000000000000e+00
5.736835699911208940e+04 0.000000000000000000e+00 0.000000000000000000e+00
5.736835699965968524e+04 0.000000000000000000e+00 0.000000000000000000e+00
5.736835700020727381e+04 0.000000000000000000e+00 0.000000000000000000e+00
5.736835700075486966e+04 0.000000000000000000e+00 0.000000000000000000e+00
5.736835700130245823e+04 0.000000000000000000e+00 0.000000000000000000e+00
5.736835700185005408e+04 0.000000000000000000e+00 0.000000000000000000e+00
5.736835700239764992e+04 0.000000000000000000e+00 0.000000000000000000e+00
5.736835700294523849e+04 0.000000000000000000e+00 0.000000000000000000e+00
5.736835700349283434e+04 0.000000000000000000e+00 0.000000000000000000e+00
5.736835700404043018e+04 0.000000000000000000e+00 0.000000000000000000e+00
5.736835700458801875e+04 0.000000000000000000e+00 0.000000000000000000e+00
5.736835700513561460e+04 0.000000000000000000e+00 0.000000000000000000e+00
5.736835700568321045e+04 0.000000000000000000e+00 0.000000000000000000e+00
5.736835700623079902e+04 0.000000000000000000e+00 0.000000000000000000e+00
5.736835700677839486e+04 0.000000000000000000e+00 0.000000000000000000e+00
5.736835700732599071e+04 0.000000000000000000e+00 0.000000000000000000e+00
5.736835700787357928e+04 0.000000000000000000e+00 0.000000000000000000e+00
5.736835700842117512e+04 0.000000000000000000e+00 0.000000000000000000e+00
5.736835700896876369e+04 0.000000000000000000e+00 0.000000000000000000e+00
5.736835700951635954e+04 0.000000000000000000e+00 0.000000000000000000e+00
5.736835701006395539e+04 0.000000000000000000e+00 0.000000000000000000e+00
5.736835701061154396e+04 0.000000000000000000e+00 0.000000000000000000e+00
5.736835701115913980e+04 0.000000000000000000e+00 0.000000000000000000e+00
5.736835701170673565e+04 0.000000000000000000e+00 0.000000000000000000e+00
5.736835701225432422e+04 0.000000000000000000e+00 0.000000000000000000e+00
5.736835701280192006e+04 0.000000000000000000e+00 0.000000000000000000e+00
5.736835701334951591e+04 0.000000000000000000e+00 0.000000000000000000e+00
5.736835701389710448e+04 0.000000000000000000e+00 0.000000000000000000e+00
5.736835701444470033e+04 0.000000000000000000e+00 0.000000000000000000e+00
5.736835701499229617e+04 0.000000000000000000e+00 0.000000000000000000e+00
5.736835701553988474e+04 0.000000000000000000e+00 0.000000000000000000e+00
5.736835701608748059e+04 0.000000000000000000e+00 0.000000000000000000e+00
5.736835701663506916e+04 0.000000000000000000e+00 0.000000000000000000e+00
5.736835701718266500e+04 0.000000000000000000e+00 0.000000000000000000e+00
5.736835701773026085e+04 0.000000000000000000e+00 0.000000000000000000e+00
5.736835701827784942e+04 0.000000000000000000e+00 0.000000000000000000e+00
5.736835701882544527e+04 0.000000000000000000e+00 0.000000000000000000e+00
5.736835701937304111e+04 0.000000000000000000e+00 0.000000000000000000e+00
5.736835701992062968e+04 0.000000000000000000e+00 0.000000000000000000e+00
5.736835702046822553e+04 0.000000000000000000e+00 0.000000000000000000e+00
5.736835702101582137e+04 0.000000000000000000e+00 0.000000000000000000e+00
5.736835702156340994e+04 0.000000000000000000e+00 0.000000000000000000e+00
5.736835702211100579e+04 0.000000000000000000e+00 0.000000000000000000e+00
5.736835702265860164e+04 0.000000000000000000e+00 0.000000000000000000e+00
5.736835702320619021e+04 0.000000000000000000e+00 0.000000000000000000e+00
5.736835702375378605e+04 0.000000000000000000e+00 0.000000000000000000e+00
5.736835702430137462e+04 0.000000000000000000e+00 0.000000000000000000e+00
5.736835702484897047e+04 0.000000000000000000e+00 0.000000000000000000e+00
5.736835702539656631e+04 0.000000000000000000e+00 0.000000000000000000e+00
5.736835702594415488e+04 0.000000000000000000e+00 0.000000000000000000e+00
5.736835702649175073e+04 0.000000000000000000e+00 0.000000000000000000e+00
5.736835702703934658e+04 0.000000000000000000e+00 0.000000000000000000e+00
5.736835702758693515e+04 0.000000000000000000e+00 0.000000000000000000e+00
5.736835702813453099e+04 0.000000000000000000e+00 0.000000000000000000e+00
5.736835702868212684e+04 0.000000000000000000e+00 0.000000000000000000e+00
5.736835702922971541e+04 0.000000000000000000e+00 0.000000000000000000e+00
5.736835702977731125e+04 0.000000000000000000e+00 0.000000000000000000e+00
5.736835703032490710e+04 0.000000000000000000e+00 0.000000000000000000e+00
5.736835703087249567e+04 0.000000000000000000e+00 0.000000000000000000e+00
5.736835703142009152e+04 0.000000000000000000e+00 0.000000000000000000e+00
5.736835703196768009e+04 0.000000000000000000e+00 0.000000000000000000e+00
5.736835703251527593e+04 0.000000000000000000e+00 0.000000000000000000e+00
5.736835703306287178e+04 0.000000000000000000e+00 0.000000000000000000e+00
5.736835703361046035e+04 0.000000000000000000e+00 0.000000000000000000e+00
5.736835703415805619e+04 0.000000000000000000e+00 0.000000000000000000e+00
5.736835703470565204e+04 0.000000000000000000e+00 0.000000000000000000e+00
5.736835703525324061e+04 0.000000000000000000e+00 0.000000000000000000e+00
5.736835703580083646e+04 0.000000000000000000e+00 0.000000000000000000e+00
5.736835703634843230e+04 0.000000000000000000e+00 0.000000000000000000e+00
5.736835703689602087e+04 0.000000000000000000e+00 0.000000000000000000e+00
5.736835703744361672e+04 0.000000000000000000e+00 0.000000000000000000e+00
5.736835703799121256e+04 0.000000000000000000e+00 0.000000000000000000e+00
5.736835703853880113e+04 0.000000000000000000e+00 0.000000000000000000e+00
5.736835703908639698e+04 0.000000000000000000e+00 0.000000000000000000e+00
5.736835703963398555e+04 0.000000000000000000e+00 0.000000000000000000e+00
5.736835704018158140e+04 0.000000000000000000e+00 0.000000000000000000e+00
5.736835704072917724e+04 0.000000000000000000e+00 0.000000000000000000e+00
5.736835704127676581e+04 0.000000000000000000e+00 0.000000000000000000e+00
5.736835704182436166e+04 0.000000000000000000e+00 0.000000000000000000e+00
5.736835704237195750e+04 0.000000000000000000e+00 0.000000000000000000e+00
5.736835704291954607e+04 0.000000000000000000e+00 0.000000000000000000e+00
5.736835704346714192e+04 0.000000000000000000e+00 0.000000000000000000e+00
5.736835704401473777e+04 0.000000000000000000e+00 0.000000000000000000e+00
5.736835704456232634e+04 0.000000000000000000e+00 0.000000000000000000e+00
5.736835704510992218e+04 0.000000000000000000e+00 0.000000000000000000e+00
5.736835704565751803e+04 0.000000000000000000e+00 0.000000000000000000e+00
5.736835704620510660e+04 0.000000000000000000e+00 0.000000000000000000e+00
5.736835704675270244e+04 0.000000000000000000e+00 0.000000000000000000e+00
5.736835704730029101e+04 0.000000000000000000e+00 0.000000000000000000e+00
5.736835704784788686e+04 0.000000000000000000e+00 0.000000000000000000e+00
5.736835704839548271e+04 0.000000000000000000e+00 0.000000000000000000e+00
5.736835704894307128e+04 0.000000000000000000e+00 0.000000000000000000e+00
5.736835704949066712e+04 0.000000000000000000e+00 0.000000000000000000e+00
5.736835705003826297e+04 0.000000000000000000e+00 0.000000000000000000e+00
5.736835705058585154e+04 0.000000000000000000e+00 0.000000000000000000e+00
5.736835705113344738e+04 0.000000000000000000e+00 0.000000000000000000e+00
5.736835705168104323e+04 0.000000000000000000e+00 0.000000000000000000e+00
5.736835705222863180e+04 0.000000000000000000e+00 0.000000000000000000e+00
5.736835705277622765e+04 0.000000000000000000e+00 0.000000000000000000e+00
5.736835705332382349e+04 0.000000000000000000e+00 0.000000000000000000e+00
5.736835705387141206e+04 0.000000000000000000e+00 0.000000000000000000e+00
5.736835705441900791e+04 0.000000000000000000e+00 0.000000000000000000e+00
5.736835705496659648e+04 0.000000000000000000e+00 0.000000000000000000e+00
5.736835705551419233e+04 0.000000000000000000e+00 0.000000000000000000e+00
5.736835705606178817e+04 0.000000000000000000e+00 0.000000000000000000e+00
5.736835705660937674e+04 0.000000000000000000e+00 0.000000000000000000e+00
5.736835705715697259e+04 0.000000000000000000e+00 0.000000000000000000e+00
5.736835705770456843e+04 0.000000000000000000e+00 0.000000000000000000e+00
5.736835705825215700e+04 0.000000000000000000e+00 0.000000000000000000e+00
5.736835705879975285e+04 0.000000000000000000e+00 0.000000000000000000e+00
5.736835705934734870e+04 0.000000000000000000e+00 0.000000000000000000e+00
5.736835705989493727e+04 0.000000000000000000e+00 0.000000000000000000e+00
5.736835706044253311e+04 0.000000000000000000e+00 0.000000000000000000e+00
5.736835706099012896e+04 0.000000000000000000e+00 0.000000000000000000e+00
5.736835706153771753e+04 0.000000000000000000e+00 0.000000000000000000e+00
5.736835706208531337e+04 0.000000000000000000e+00 0.000000000000000000e+00
5.736835706263290194e+04 0.000000000000000000e+00 0.000000000000000000e+00
5.736835706318049779e+04 0.000000000000000000e+00 0.000000000000000000e+00
5.736835706372809364e+04 0.000000000000000000e+00 0.000000000000000000e+00
5.736835706427568221e+04 0.000000000000000000e+00 0.000000000000000000e+00
5.736835706482327805e+04 0.000000000000000000e+00 0.000000000000000000e+00
5.736835706537087390e+04 0.000000000000000000e+00 0.000000000000000000e+00
5.736835706591846247e+04 0.000000000000000000e+00 0.000000000000000000e+00
5.736835706646605831e+04 0.000000000000000000e+00 0.000000000000000000e+00
5.736835706701365416e+04 0.000000000000000000e+00 0.000000000000000000e+00
5.736835706756124273e+04 0.000000000000000000e+00 0.000000000000000000e+00
5.736835706810883858e+04 0.000000000000000000e+00 0.000000000000000000e+00
5.736835706865643442e+04 0.000000000000000000e+00 0.000000000000000000e+00
5.736835706920402299e+04 0.000000000000000000e+00 0.000000000000000000e+00
5.736835706975161884e+04 0.000000000000000000e+00 0.000000000000000000e+00
5.736835707029920741e+04 0.000000000000000000e+00 0.000000000000000000e+00
5.736835707084680325e+04 0.000000000000000000e+00 0.000000000000000000e+00
5.736835707139439910e+04 0.000000000000000000e+00 0.000000000000000000e+00
5.736835707194198767e+04 0.000000000000000000e+00 0.000000000000000000e+00
5.736835707248958352e+04 0.000000000000000000e+00 0.000000000000000000e+00
5.736835707303717936e+04 0.000000000000000000e+00 0.000000000000000000e+00
5.736835707358476793e+04 0.000000000000000000e+00 0.000000000000000000e+00
5.736835707413236378e+04 0.000000000000000000e+00 0.000000000000000000e+00
5.736835707467995962e+04 0.000000000000000000e+00 0.000000000000000000e+00
5.736835707522754819e+04 0.000000000000000000e+00 0.000000000000000000e+00
5.736835707577514404e+04 0.000000000000000000e+00 0.000000000000000000e+00
5.736835707632273989e+04 0.000000000000000000e+00 0.000000000000000000e+00
5.736835707687032846e+04 0.000000000000000000e+00 0.000000000000000000e+00
5.736835707741792430e+04 0.000000000000000000e+00 0.000000000000000000e+00
5.736835707796551287e+04 0.000000000000000000e+00 0.000000000000000000e+00
5.736835707851310872e+04 0.000000000000000000e+00 0.000000000000000000e+00
5.736835707906070456e+04 0.000000000000000000e+00 0.000000000000000000e+00
5.736835707960829313e+04 0.000000000000000000e+00 0.000000000000000000e+00
5.736835708015588898e+04 0.000000000000000000e+00 0.000000000000000000e+00
5.736835708070348483e+04 0.000000000000000000e+00 0.000000000000000000e+00
5.736835708125107340e+04 0.000000000000000000e+00 0.000000000000000000e+00
5.736835708179866924e+04 0.000000000000000000e+00 0.000000000000000000e+00
5.736835708234626509e+04 0.000000000000000000e+00 0.000000000000000000e+00
5.736835708289385366e+04 0.000000000000000000e+00 0.000000000000000000e+00
5.736835708344144950e+04 0.000000000000000000e+00 0.000000000000000000e+00
5.736835708398904535e+04 0.000000000000000000e+00 0.000000000000000000e+00
5.736835708453663392e+04 0.000000000000000000e+00 0.000000000000000000e+00
5.736835708508422977e+04 0.000000000000000000e+00 0.000000000000000000e+00
5.736835708563181834e+04 0.000000000000000000e+00 0.000000000000000000e+00
5.736835708617941418e+04 0.000000000000000000e+00 0.000000000000000000e+00
5.736835708672701003e+04 0.000000000000000000e+00 0.000000000000000000e+00
5.736835708727459860e+04 0.000000000000000000e+00 0.000000000000000000e+00
5.736835708782219444e+04 0.000000000000000000e+00 0.000000000000000000e+00
5.736835708836979029e+04 0.000000000000000000e+00 0.000000000000000000e+00
5.736835708891737886e+04 0.000000000000000000e+00 0.000000000000000000e+00
5.736835708946497471e+04 0.000000000000000000e+00 0.000000000000000000e+00
5.736835709001257055e+04 0.000000000000000000e+00 0.000000000000000000e+00
5.736835709056015912e+04 0.000000000000000000e+00 0.000000000000000000e+00
5.736835709110775497e+04 0.000000000000000000e+00 0.000000000000000000e+00
5.736835709165535081e+04 0.000000000000000000e+00 0.000000000000000000e+00
5.736835709220293938e+04 0.000000000000000000e+00 0.000000000000000000e+00
5.736835709275053523e+04 0.000000000000000000e+00 0.000000000000000000e+00
5.736835709329812380e+04 0.000000000000000000e+00 0.000000000000000000e+00
5.736835709384571965e+04 0.000000000000000000e+00 0.000000000000000000e+00
5.736835709439331549e+04 0.000000000000000000e+00 0.000000000000000000e+00
5.736835709494090406e+04 0.000000000000000000e+00 0.000000000000000000e+00
5.736835709548849991e+04 0.000000000000000000e+00 0.000000000000000000e+00
5.736835709603609575e+04 0.000000000000000000e+00 0.000000000000000000e+00
5.736835709658368432e+04 0.000000000000000000e+00 0.000000000000000000e+00
5.736835709713128017e+04 0.000000000000000000e+00 0.000000000000000000e+00
5.736835709767887602e+04 0.000000000000000000e+00 0.000000000000000000e+00
5.736835709822646459e+04 0.000000000000000000e+00 0.000000000000000000e+00
5.736835709877406043e+04 0.000000000000000000e+00 0.000000000000000000e+00
5.736835709932165628e+04 0.000000000000000000e+00 0.000000000000000000e+00
5.736835709986924485e+04 0.000000000000000000e+00 0.000000000000000000e+00
5.736835710041684069e+04 0.000000000000000000e+00 0.000000000000000000e+00
5.736835710096442926e+04 0.000000000000000000e+00 0.000000000000000000e+00
5.736835710151202511e+04 0.000000000000000000e+00 0.000000000000000000e+00
5.736835710205962096e+04 0.000000000000000000e+00 0.000000000000000000e+00
5.736835710260720953e+04 0.000000000000000000e+00 0.000000000000000000e+00
5.736835710315480537e+04 0.000000000000000000e+00 0.000000000000000000e+00
5.736835710370240122e+04 0.000000000000000000e+00 0.000000000000000000e+00
5.736835710424998979e+04 0.000000000000000000e+00 0.000000000000000000e+00
5.736835710479758563e+04 0.000000000000000000e+00 0.000000000000000000e+00
5.736835710534518148e+04 0.000000000000000000e+00 0.000000000000000000e+00
5.736835710589277005e+04 0.000000000000000000e+00 0.000000000000000000e+00
5.736835710644036590e+04 0.000000000000000000e+00 0.000000000000000000e+00
5.736835710698796174e+04 0.000000000000000000e+00 0.000000000000000000e+00
5.736835710753555031e+04 0.000000000000000000e+00 0.000000000000000000e+00
5.736835710808314616e+04 0.000000000000000000e+00 0.000000000000000000e+00
5.736835710863073473e+04 0.000000000000000000e+00 0.000000000000000000e+00
5.736835710917833057e+04 0.000000000000000000e+00 0.000000000000000000e+00
5.736835710972592642e+04 0.000000000000000000e+00 0.000000000000000000e+00
5.736835711027351499e+04 0.000000000000000000e+00 0.000000000000000000e+00
5.736835711082111084e+04 0.000000000000000000e+00 0.000000000000000000e+00
5.736835711136870668e+04 0.000000000000000000e+00 0.000000000000000000e+00
5.736835711191629525e+04 0.000000000000000000e+00 0.000000000000000000e+00
5.736835711246389110e+04 0.000000000000000000e+00 0.000000000000000000e+00
5.736835711301148694e+04 0.000000000000000000e+00 0.000000000000000000e+00
5.736835711355907551e+04 0.000000000000000000e+00 0.000000000000000000e+00
5.736835711410667136e+04 0.000000000000000000e+00 0.000000000000000000e+00
5.736835711465426721e+04 0.000000000000000000e+00 0.000000000000000000e+00
5.736835711520185578e+04 0.000000000000000000e+00 0.000000000000000000e+00
5.736835711574945162e+04 0.000000000000000000e+00 0.000000000000000000e+00
5.736835711629704747e+04 0.000000000000000000e+00 0.000000000000000000e+00
5.736835711684463604e+04 0.000000000000000000e+00 0.000000000000000000e+00
5.736835711739223188e+04 0.000000000000000000e+00 0.000000000000000000e+00
5.736835711793982045e+04 0.000000000000000000e+00 0.000000000000000000e+00
5.736835711848741630e+04 0.000000000000000000e+00 0.000000000000000000e+00
5.736835711903501215e+04 0.000000000000000000e+00 0.000000000000000000e+00
5.736835711958260072e+04 0.000000000000000000e+00 0.000000000000000000e+00
5.736835712013019656e+04 0.000000000000000000e+00 0.000000000000000000e+00
5.736835712067779241e+04 0.000000000000000000e+00 0.000000000000000000e+00
5.736835712122538098e+04 0.000000000000000000e+00 0.000000000000000000e+00
5.736835712177297683e+04 0.000000000000000000e+00 0.000000000000000000e+00
5.736835712232057267e+04 0.000000000000000000e+00 0.000000000000000000e+00
5.736835712286816124e+04 0.000000000000000000e+00 0.000000000000000000e+00
5.736835712341575709e+04 0.000000000000000000e+00 0.000000000000000000e+00
5.736835712396335293e+04 0.000000000000000000e+00 0.000000000000000000e+00
5.736835712451094150e+04 0.000000000000000000e+00 0.000000000000000000e+00
5.736835712505853735e+04 0.000000000000000000e+00 0.000000000000000000e+00
5.736835712560612592e+04 0.000000000000000000e+00 0.000000000000000000e+00
5.736835712615372177e+04 0.000000000000000000e+00 0.000000000000000000e+00
5.736835712670131761e+04 0.000000000000000000e+00 0.000000000000000000e+00
5.736835712724890618e+04 0.000000000000000000e+00 0.000000000000000000e+00
5.736835712779650203e+04 0.000000000000000000e+00 0.000000000000000000e+00
5.736835712834409787e+04 0.000000000000000000e+00 0.000000000000000000e+00
5.736835712889168644e+04 0.000000000000000000e+00 0.000000000000000000e+00
5.736835712943928229e+04 0.000000000000000000e+00 0.000000000000000000e+00
5.736835712998687814e+04 0.000000000000000000e+00 0.000000000000000000e+00
5.736835713053446671e+04 0.000000000000000000e+00 0.000000000000000000e+00
5.736835713108206255e+04 0.000000000000000000e+00 0.000000000000000000e+00
5.736835713162965840e+04 0.000000000000000000e+00 0.000000000000000000e+00
5.736835713217724697e+04 0.000000000000000000e+00 0.000000000000000000e+00
5.736835713272484281e+04 0.000000000000000000e+00 0.000000000000000000e+00
5.736835713327243138e+04 0.000000000000000000e+00 0.000000000000000000e+00
5.736835713382002723e+04 0.000000000000000000e+00 0.000000000000000000e+00
5.736835713436762308e+04 0.000000000000000000e+00 0.000000000000000000e+00
5.736835713491521165e+04 0.000000000000000000e+00 0.000000000000000000e+00
5.736835713546280749e+04 0.000000000000000000e+00 0.000000000000000000e+00
5.736835713601040334e+04 0.000000000000000000e+00 0.000000000000000000e+00
5.736835713655799191e+04 0.000000000000000000e+00 0.000000000000000000e+00
5.736835713710558775e+04 0.000000000000000000e+00 0.000000000000000000e+00
5.736835713765318360e+04 0.000000000000000000e+00 0.000000000000000000e+00
5.736835713820077217e+04 0.000000000000000000e+00 0.000000000000000000e+00
5.736835713874836802e+04 0.000000000000000000e+00 0.000000000000000000e+00
5.736835713929596386e+04 0.000000000000000000e+00 0.000000000000000000e+00
5.736835713984355243e+04 0.000000000000000000e+00 0.000000000000000000e+00
5.736835714039114828e+04 0.000000000000000000e+00 0.000000000000000000e+00
5.736835714093873685e+04 0.000000000000000000e+00 0.000000000000000000e+00
5.736835714148633269e+04 0.000000000000000000e+00 0.000000000000000000e+00
5.736835714203392854e+04 0.000000000000000000e+00 0.000000000000000000e+00
5.736835714258151711e+04 0.000000000000000000e+00 0.000000000000000000e+00
5.736835714312911296e+04 0.000000000000000000e+00 0.000000000000000000e+00
5.736835714367670880e+04 0.000000000000000000e+00 0.000000000000000000e+00
5.736835714422429737e+04 0.000000000000000000e+00 0.000000000000000000e+00
5.736835714477189322e+04 0.000000000000000000e+00 0.000000000000000000e+00
5.736835714531948906e+04 0.000000000000000000e+00 0.000000000000000000e+00
5.736835714586707763e+04 0.000000000000000000e+00 0.000000000000000000e+00
5.736835714641467348e+04 0.000000000000000000e+00 0.000000000000000000e+00
5.736835714696226933e+04 0.000000000000000000e+00 0.000000000000000000e+00
5.736835714750985790e+04 0.000000000000000000e+00 0.000000000000000000e+00
5.736835714805745374e+04 0.000000000000000000e+00 0.000000000000000000e+00
5.736835714860504231e+04 0.000000000000000000e+00 0.000000000000000000e+00
5.736835714915263816e+04 0.000000000000000000e+00 0.000000000000000000e+00
5.736835714970023400e+04 0.000000000000000000e+00 0.000000000000000000e+00
5.736835715024782257e+04 0.000000000000000000e+00 0.000000000000000000e+00
5.736835715079541842e+04 0.000000000000000000e+00 0.000000000000000000e+00
5.736835715134301427e+04 0.000000000000000000e+00 0.000000000000000000e+00
5.736835715189060284e+04 0.000000000000000000e+00 0.000000000000000000e+00
5.736835715243819868e+04 0.000000000000000000e+00 0.000000000000000000e+00
5.736835715298579453e+04 0.000000000000000000e+00 0.000000000000000000e+00
5.736835715353338310e+04 0.000000000000000000e+00 0.000000000000000000e+00
5.736835715408097894e+04 0.000000000000000000e+00 0.000000000000000000e+00
5.736835715462857479e+04 0.000000000000000000e+00 0.000000000000000000e+00
5.736835715517616336e+04 0.000000000000000000e+00 0.000000000000000000e+00
5.736835715572375921e+04 0.000000000000000000e+00 0.000000000000000000e+00
5.736835715627134778e+04 0.000000000000000000e+00 0.000000000000000000e+00
5.736835715681894362e+04 0.000000000000000000e+00 0.000000000000000000e+00
5.736835715736653947e+04 0.000000000000000000e+00 0.000000000000000000e+00
5.736835715791412804e+04 0.000000000000000000e+00 0.000000000000000000e+00
5.736835715846172388e+04 0.000000000000000000e+00 0.000000000000000000e+00
5.736835715900931973e+04 0.000000000000000000e+00 0.000000000000000000e+00
5.736835715955690830e+04 0.000000000000000000e+00 0.000000000000000000e+00
5.736835716010450415e+04 0.000000000000000000e+00 0.000000000000000000e+00
5.736835716065209999e+04 0.000000000000000000e+00 0.000000000000000000e+00
5.736835716119968856e+04 0.000000000000000000e+00 0.000000000000000000e+00
5.736835716174728441e+04 0.000000000000000000e+00 0.000000000000000000e+00
5.736835716229488025e+04 0.000000000000000000e+00 0.000000000000000000e+00
5.736835716284246882e+04 0.000000000000000000e+00 0.000000000000000000e+00
5.736835716339006467e+04 0.000000000000000000e+00 0.000000000000000000e+00
5.736835716393765324e+04 0.000000000000000000e+00 0.000000000000000000e+00
5.736835716448524909e+04 0.000000000000000000e+00 0.000000000000000000e+00
5.736835716503284493e+04 0.000000000000000000e+00 0.000000000000000000e+00
5.736835716558043350e+04 0.000000000000000000e+00 0.000000000000000000e+00
5.736835716612802935e+04 0.000000000000000000e+00 0.000000000000000000e+00
5.736835716667562519e+04 0.000000000000000000e+00 0.000000000000000000e+00
5.736835716722321376e+04 0.000000000000000000e+00 0.000000000000000000e+00
5.736835716777080961e+04 0.000000000000000000e+00 0.000000000000000000e+00
5.736835716831840546e+04 0.000000000000000000e+00 0.000000000000000000e+00
5.736835716886599403e+04 0.000000000000000000e+00 0.000000000000000000e+00
5.736835716941358987e+04 0.000000000000000000e+00 0.000000000000000000e+00
5.736835716996118572e+04 0.000000000000000000e+00 0.000000000000000000e+00
5.736835717050877429e+04 0.000000000000000000e+00 0.000000000000000000e+00
5.736835717105637013e+04 0.000000000000000000e+00 0.000000000000000000e+00
5.736835717160395870e+04 0.000000000000000000e+00 0.000000000000000000e+00
5.736835717215155455e+04 0.000000000000000000e+00 0.000000000000000000e+00
5.736835717269915040e+04 0.000000000000000000e+00 0.000000000000000000e+00
5.736835717324673897e+04 0.000000000000000000e+00 0.000000000000000000e+00
5.736835717379433481e+04 0.000000000000000000e+00 0.000000000000000000e+00
5.736835717434193066e+04 0.000000000000000000e+00 0.000000000000000000e+00
5.736835717488951923e+04 0.000000000000000000e+00 0.000000000000000000e+00
5.736835717543711507e+04 0.000000000000000000e+00 0.000000000000000000e+00
5.736835717598471092e+04 0.000000000000000000e+00 0.000000000000000000e+00
5.736835717653229949e+04 0.000000000000000000e+00 0.000000000000000000e+00
5.736835717707989534e+04 0.000000000000000000e+00 0.000000000000000000e+00
5.736835717762749118e+04 0.000000000000000000e+00 0.000000000000000000e+00
5.736835717817507975e+04 0.000000000000000000e+00 0.000000000000000000e+00
5.736835717872267560e+04 0.000000000000000000e+00 0.000000000000000000e+00
5.736835717927026417e+04 0.000000000000000000e+00 0.000000000000000000e+00
5.736835717981786001e+04 0.000000000000000000e+00 0.000000000000000000e+00
5.736835718036545586e+04 0.000000000000000000e+00 0.000000000000000000e+00
5.736835718091304443e+04 0.000000000000000000e+00 0.000000000000000000e+00
5.736835718146064028e+04 0.000000000000000000e+00 0.000000000000000000e+00
5.736835718200823612e+04 0.000000000000000000e+00 0.000000000000000000e+00
5.736835718255582469e+04 0.000000000000000000e+00 0.000000000000000000e+00
5.736835718310342054e+04 0.000000000000000000e+00 0.000000000000000000e+00
5.736835718365101638e+04 0.000000000000000000e+00 0.000000000000000000e+00
5.736835718419860495e+04 0.000000000000000000e+00 0.000000000000000000e+00
5.736835718474620080e+04 0.000000000000000000e+00 0.000000000000000000e+00
5.736835718529379665e+04 0.000000000000000000e+00 0.000000000000000000e+00
5.736835718584138522e+04 0.000000000000000000e+00 0.000000000000000000e+00
5.736835718638898106e+04 0.000000000000000000e+00 0.000000000000000000e+00
5.736835718693656963e+04 0.000000000000000000e+00 0.000000000000000000e+00
5.736835718748416548e+04 0.000000000000000000e+00 0.000000000000000000e+00
5.736835718803176132e+04 0.000000000000000000e+00 0.000000000000000000e+00
5.736835718857934990e+04 0.000000000000000000e+00 0.000000000000000000e+00
5.736835718912694574e+04 0.000000000000000000e+00 0.000000000000000000e+00
5.736835718967454159e+04 0.000000000000000000e+00 0.000000000000000000e+00
5.736835719022213016e+04 0.000000000000000000e+00 0.000000000000000000e+00
5.736835719076972600e+04 0.000000000000000000e+00 0.000000000000000000e+00
5.736835719131732185e+04 0.000000000000000000e+00 0.000000000000000000e+00
5.736835719186491042e+04 0.000000000000000000e+00 0.000000000000000000e+00
5.736835719241250627e+04 0.000000000000000000e+00 0.000000000000000000e+00
5.736835719296010211e+04 0.000000000000000000e+00 0.000000000000000000e+00
5.736835719350769068e+04 0.000000000000000000e+00 0.000000000000000000e+00
5.736835719405528653e+04 0.000000000000000000e+00 0.000000000000000000e+00
5.736835719460287510e+04 0.000000000000000000e+00 0.000000000000000000e+00
5.736835719515047094e+04 0.000000000000000000e+00 0.000000000000000000e+00
5.736835719569806679e+04 0.000000000000000000e+00 0.000000000000000000e+00
5.736835719624565536e+04 0.000000000000000000e+00 0.000000000000000000e+00
5.736835719679325121e+04 0.000000000000000000e+00 0.000000000000000000e+00
5.736835719734084705e+04 0.000000000000000000e+00 0.000000000000000000e+00
5.736835719788843562e+04 0.000000000000000000e+00 0.000000000000000000e+00
5.736835719843603147e+04 0.000000000000000000e+00 0.000000000000000000e+00
5.736835719898362731e+04 0.000000000000000000e+00 0.000000000000000000e+00
5.736835719953121588e+04 0.000000000000000000e+00 0.000000000000000000e+00
5.736835720007881173e+04 0.000000000000000000e+00 0.000000000000000000e+00
5.736835720062640758e+04 0.000000000000000000e+00 0.000000000000000000e+00
5.736835720117399615e+04 0.000000000000000000e+00 0.000000000000000000e+00
5.736835720172159199e+04 0.000000000000000000e+00 0.000000000000000000e+00
5.736835720226918056e+04 0.000000000000000000e+00 0.000000000000000000e+00
5.736835720281677641e+04 0.000000000000000000e+00 0.000000000000000000e+00
5.736835720336437225e+04 0.000000000000000000e+00 0.000000000000000000e+00
5.736835720391196082e+04 0.000000000000000000e+00 0.000000000000000000e+00
5.736835720445955667e+04 0.000000000000000000e+00 0.000000000000000000e+00
5.736835720500715252e+04 0.000000000000000000e+00 0.000000000000000000e+00
5.736835720555474109e+04 0.000000000000000000e+00 0.000000000000000000e+00
5.736835720610233693e+04 0.000000000000000000e+00 0.000000000000000000e+00
5.736835720664993278e+04 0.000000000000000000e+00 0.000000000000000000e+00
5.736835720719752135e+04 0.000000000000000000e+00 0.000000000000000000e+00
5.736835720774511719e+04 0.000000000000000000e+00 0.000000000000000000e+00
5.736835720829271304e+04 0.000000000000000000e+00 0.000000000000000000e+00
5.736835720884030161e+04 0.000000000000000000e+00 0.000000000000000000e+00
5.736835720938789746e+04 0.000000000000000000e+00 0.000000000000000000e+00
5.736835720993548603e+04 0.000000000000000000e+00 0.000000000000000000e+00
5.736835721048308187e+04 0.000000000000000000e+00 0.000000000000000000e+00
5.736835721103067772e+04 0.000000000000000000e+00 0.000000000000000000e+00
5.736835721157826629e+04 0.000000000000000000e+00 0.000000000000000000e+00
5.736835721212586213e+04 0.000000000000000000e+00 0.000000000000000000e+00
5.736835721267345798e+04 0.000000000000000000e+00 0.000000000000000000e+00
5.736835721322104655e+04 0.000000000000000000e+00 0.000000000000000000e+00
5.736835721376864240e+04 0.000000000000000000e+00 0.000000000000000000e+00
5.736835721431623824e+04 0.000000000000000000e+00 0.000000000000000000e+00
5.736835721486382681e+04 0.000000000000000000e+00 0.000000000000000000e+00
5.736835721541142266e+04 0.000000000000000000e+00 0.000000000000000000e+00
5.736835721595901850e+04 0.000000000000000000e+00 0.000000000000000000e+00
5.736835721650660707e+04 0.000000000000000000e+00 0.000000000000000000e+00
5.736835721705420292e+04 0.000000000000000000e+00 0.000000000000000000e+00
5.736835721760179149e+04 0.000000000000000000e+00 0.000000000000000000e+00
5.736835721814938734e+04 0.000000000000000000e+00 0.000000000000000000e+00
5.736835721869698318e+04 0.000000000000000000e+00 0.000000000000000000e+00
5.736835721924457175e+04 0.000000000000000000e+00 0.000000000000000000e+00
5.736835721979216760e+04 0.000000000000000000e+00 0.000000000000000000e+00
5.736835722033976344e+04 0.000000000000000000e+00 0.000000000000000000e+00
5.736835722088735201e+04 0.000000000000000000e+00 0.000000000000000000e+00
5.736835722143494786e+04 0.000000000000000000e+00 0.000000000000000000e+00
5.736835722198254371e+04 0.000000000000000000e+00 0.000000000000000000e+00
5.736835722253013228e+04 0.000000000000000000e+00 0.000000000000000000e+00
5.736835722307772812e+04 0.000000000000000000e+00 0.000000000000000000e+00
5.736835722362532397e+04 0.000000000000000000e+00 0.000000000000000000e+00
5.736835722417291254e+04 0.000000000000000000e+00 0.000000000000000000e+00
5.736835722472050838e+04 0.000000000000000000e+00 0.000000000000000000e+00
5.736835722526809695e+04 0.000000000000000000e+00 0.000000000000000000e+00
5.736835722581569280e+04 0.000000000000000000e+00 0.000000000000000000e+00
5.736835722636328865e+04 0.000000000000000000e+00 0.000000000000000000e+00
5.736835722691087722e+04 0.000000000000000000e+00 0.000000000000000000e+00
5.736835722745847306e+04 0.000000000000000000e+00 0.000000000000000000e+00
5.736835722800606891e+04 0.000000000000000000e+00 0.000000000000000000e+00
5.736835722855365748e+04 0.000000000000000000e+00 0.000000000000000000e+00
5.736835722910125332e+04 0.000000000000000000e+00 0.000000000000000000e+00
5.736835722964884917e+04 0.000000000000000000e+00 0.000000000000000000e+00
5.736835723019643774e+04 0.000000000000000000e+00 0.000000000000000000e+00
5.736835723074403359e+04 0.000000000000000000e+00 0.000000000000000000e+00
5.736835723129162943e+04 0.000000000000000000e+00 0.000000000000000000e+00
5.736835723183921800e+04 0.000000000000000000e+00 0.000000000000000000e+00
5.736835723238681385e+04 0.000000000000000000e+00 0.000000000000000000e+00
5.736835723293440242e+04 0.000000000000000000e+00 0.000000000000000000e+00
5.736835723348199826e+04 0.000000000000000000e+00 0.000000000000000000e+00
5.736835723402959411e+04 0.000000000000000000e+00 0.000000000000000000e+00
5.736835723457718268e+04 0.000000000000000000e+00 0.000000000000000000e+00
5.736835723512477853e+04 0.000000000000000000e+00 0.000000000000000000e+00
5.736835723567237437e+04 0.000000000000000000e+00 0.000000000000000000e+00
5.736835723621996294e+04 0.000000000000000000e+00 0.000000000000000000e+00
5.736835723676755879e+04 0.000000000000000000e+00 0.000000000000000000e+00
5.736835723731515463e+04 0.000000000000000000e+00 0.000000000000000000e+00
5.736835723786274320e+04 0.000000000000000000e+00 0.000000000000000000e+00
5.736835723841033905e+04 0.000000000000000000e+00 0.000000000000000000e+00
5.736835723895793490e+04 0.000000000000000000e+00 0.000000000000000000e+00
5.736835723950552347e+04 0.000000000000000000e+00 0.000000000000000000e+00
5.736835724005311931e+04 0.000000000000000000e+00 0.000000000000000000e+00
5.736835724060070788e+04 0.000000000000000000e+00 0.000000000000000000e+00
5.736835724114830373e+04 0.000000000000000000e+00 0.000000000000000000e+00
5.736835724169589957e+04 0.000000000000000000e+00 0.000000000000000000e+00
5.736835724224348814e+04 0.000000000000000000e+00 0.000000000000000000e+00
5.736835724279108399e+04 0.000000000000000000e+00 0.000000000000000000e+00
5.736835724333867984e+04 0.000000000000000000e+00 0.000000000000000000e+00
5.736835724388626841e+04 0.000000000000000000e+00 0.000000000000000000e+00
5.736835724443386425e+04 0.000000000000000000e+00 0.000000000000000000e+00
5.736835724498146010e+04 0.000000000000000000e+00 0.000000000000000000e+00
5.736835724552904867e+04 0.000000000000000000e+00 0.000000000000000000e+00
5.736835724607664451e+04 0.000000000000000000e+00 0.000000000000000000e+00
5.736835724662424036e+04 0.000000000000000000e+00 0.000000000000000000e+00
5.736835724717182893e+04 0.000000000000000000e+00 0.000000000000000000e+00
5.736835724771942478e+04 0.000000000000000000e+00 0.000000000000000000e+00
5.736835724826701335e+04 0.000000000000000000e+00 0.000000000000000000e+00
5.736835724881460919e+04 0.000000000000000000e+00 0.000000000000000000e+00
5.736835724936220504e+04 0.000000000000000000e+00 0.000000000000000000e+00
5.736835724990979361e+04 0.000000000000000000e+00 0.000000000000000000e+00
5.736835725045738945e+04 0.000000000000000000e+00 0.000000000000000000e+00
5.736835725100498530e+04 0.000000000000000000e+00 0.000000000000000000e+00
5.736835725155257387e+04 0.000000000000000000e+00 0.000000000000000000e+00
5.736835725210016972e+04 0.000000000000000000e+00 0.000000000000000000e+00
5.736835725264776556e+04 0.000000000000000000e+00 0.000000000000000000e+00
5.736835725319535413e+04 0.000000000000000000e+00 0.000000000000000000e+00
5.736835725374294998e+04 0.000000000000000000e+00 0.000000000000000000e+00
5.736835725429054582e+04 0.000000000000000000e+00 0.000000000000000000e+00
5.736835725483813439e+04 0.000000000000000000e+00 0.000000000000000000e+00
5.736835725538573024e+04 0.000000000000000000e+00 0.000000000000000000e+00
5.736835725593331881e+04 0.000000000000000000e+00 0.000000000000000000e+00
5.736835725648091466e+04 0.000000000000000000e+00 0.000000000000000000e+00
5.736835725702851050e+04 0.000000000000000000e+00 0.000000000000000000e+00
5.736835725757609907e+04 0.000000000000000000e+00 0.000000000000000000e+00
5.736835725812369492e+04 0.000000000000000000e+00 0.000000000000000000e+00
5.736835725867129077e+04 0.000000000000000000e+00 0.000000000000000000e+00
5.736835725921887934e+04 0.000000000000000000e+00 0.000000000000000000e+00
5.736835725976647518e+04 0.000000000000000000e+00 0.000000000000000000e+00
5.736835726031407103e+04 0.000000000000000000e+00 0.000000000000000000e+00
5.736835726086165960e+04 0.000000000000000000e+00 0.000000000000000000e+00
5.736835726140925544e+04 0.000000000000000000e+00 0.000000000000000000e+00
5.736835726195685129e+04 0.000000000000000000e+00 0.000000000000000000e+00
5.736835726250443986e+04 0.000000000000000000e+00 0.000000000000000000e+00
5.736835726305203571e+04 0.000000000000000000e+00 0.000000000000000000e+00
5.736835726359962428e+04 0.000000000000000000e+00 0.000000000000000000e+00
5.736835726414722012e+04 0.000000000000000000e+00 0.000000000000000000e+00
5.736835726469481597e+04 0.000000000000000000e+00 0.000000000000000000e+00
5.736835726524240454e+04 0.000000000000000000e+00 0.000000000000000000e+00
5.736835726579000038e+04 0.000000000000000000e+00 0.000000000000000000e+00
5.736835726633759623e+04 0.000000000000000000e+00 0.000000000000000000e+00
5.736835726688518480e+04 0.000000000000000000e+00 0.000000000000000000e+00
5.736835726743278065e+04 0.000000000000000000e+00 0.000000000000000000e+00
5.736835726798037649e+04 0.000000000000000000e+00 0.000000000000000000e+00
5.736835726852796506e+04 0.000000000000000000e+00 0.000000000000000000e+00
5.736835726907556091e+04 0.000000000000000000e+00 0.000000000000000000e+00
5.736835726962315675e+04 0.000000000000000000e+00 0.000000000000000000e+00
5.736835727017074532e+04 0.000000000000000000e+00 0.000000000000000000e+00
5.736835727071834117e+04 0.000000000000000000e+00 0.000000000000000000e+00
5.736835727126592974e+04 0.000000000000000000e+00 0.000000000000000000e+00
5.736835727181352559e+04 0.000000000000000000e+00 0.000000000000000000e+00
5.736835727236112143e+04 0.000000000000000000e+00 0.000000000000000000e+00
5.736835727290871000e+04 0.000000000000000000e+00 0.000000000000000000e+00
5.736835727345630585e+04 0.000000000000000000e+00 0.000000000000000000e+00
5.736835727400390169e+04 0.000000000000000000e+00 0.000000000000000000e+00
5.736835727455149026e+04 0.000000000000000000e+00 0.000000000000000000e+00
5.736835727509908611e+04 0.000000000000000000e+00 0.000000000000000000e+00
5.736835727564668196e+04 0.000000000000000000e+00 0.000000000000000000e+00
5.736835727619427053e+04 0.000000000000000000e+00 0.000000000000000000e+00
5.736835727674186637e+04 0.000000000000000000e+00 0.000000000000000000e+00
5.736835727728946222e+04 0.000000000000000000e+00 0.000000000000000000e+00
5.736835727783705079e+04 0.000000000000000000e+00 0.000000000000000000e+00
5.736835727838464663e+04 0.000000000000000000e+00 0.000000000000000000e+00
5.736835727893223520e+04 0.000000000000000000e+00 0.000000000000000000e+00
5.736835727947983105e+04 0.000000000000000000e+00 0.000000000000000000e+00
5.736835728002742690e+04 0.000000000000000000e+00 0.000000000000000000e+00
5.736835728057501547e+04 0.000000000000000000e+00 0.000000000000000000e+00
5.736835728112261131e+04 0.000000000000000000e+00 0.000000000000000000e+00
5.736835728167020716e+04 0.000000000000000000e+00 0.000000000000000000e+00
5.736835728221779573e+04 0.000000000000000000e+00 0.000000000000000000e+00
5.736835728276539157e+04 0.000000000000000000e+00 0.000000000000000000e+00
5.736835728331298742e+04 0.000000000000000000e+00 0.000000000000000000e+00
5.736835728386057599e+04 0.000000000000000000e+00 0.000000000000000000e+00
5.736835728440817184e+04 0.000000000000000000e+00 0.000000000000000000e+00
5.736835728495576768e+04 0.000000000000000000e+00 0.000000000000000000e+00
5.736835728550335625e+04 0.000000000000000000e+00 0.000000000000000000e+00
5.736835728605095210e+04 0.000000000000000000e+00 0.000000000000000000e+00
5.736835728659854067e+04 0.000000000000000000e+00 0.000000000000000000e+00
5.736835728714613651e+04 0.000000000000000000e+00 0.000000000000000000e+00
5.736835728769373236e+04 0.000000000000000000e+00 0.000000000000000000e+00
5.736835728824132093e+04 0.000000000000000000e+00 0.000000000000000000e+00
5.736835728878891678e+04 0.000000000000000000e+00 0.000000000000000000e+00
5.736835728933651262e+04 0.000000000000000000e+00 0.000000000000000000e+00
5.736835728988410119e+04 0.000000000000000000e+00 0.000000000000000000e+00
5.736835729043169704e+04 0.000000000000000000e+00 0.000000000000000000e+00
5.736835729097929288e+04 0.000000000000000000e+00 0.000000000000000000e+00
5.736835729152688145e+04 0.000000000000000000e+00 0.000000000000000000e+00
5.736835729207447730e+04 0.000000000000000000e+00 0.000000000000000000e+00
5.736835729262207315e+04 0.000000000000000000e+00 0.000000000000000000e+00
5.736835729316966172e+04 0.000000000000000000e+00 0.000000000000000000e+00
5.736835729371725756e+04 0.000000000000000000e+00 0.000000000000000000e+00
5.736835729426484613e+04 0.000000000000000000e+00 0.000000000000000000e+00
5.736835729481244198e+04 0.000000000000000000e+00 0.000000000000000000e+00
5.736835729536003782e+04 0.000000000000000000e+00 0.000000000000000000e+00
5.736835729590762639e+04 0.000000000000000000e+00 0.000000000000000000e+00
5.736835729645522224e+04 0.000000000000000000e+00 0.000000000000000000e+00
5.736835729700281809e+04 0.000000000000000000e+00 0.000000000000000000e+00
5.736835729755040666e+04 0.000000000000000000e+00 0.000000000000000000e+00
5.736835729809800250e+04 0.000000000000000000e+00 0.000000000000000000e+00
5.736835729864559835e+04 0.000000000000000000e+00 0.000000000000000000e+00
5.736835729919318692e+04 0.000000000000000000e+00 0.000000000000000000e+00
5.736835729974078276e+04 0.000000000000000000e+00 0.000000000000000000e+00
5.736835730028837861e+04 0.000000000000000000e+00 0.000000000000000000e+00
5.736835730083596718e+04 0.000000000000000000e+00 0.000000000000000000e+00
5.736835730138356303e+04 0.000000000000000000e+00 0.000000000000000000e+00
5.736835730193115160e+04 0.000000000000000000e+00 0.000000000000000000e+00
5.736835730247874744e+04 0.000000000000000000e+00 0.000000000000000000e+00
5.736835730302634329e+04 0.000000000000000000e+00 0.000000000000000000e+00
5.736835730357393186e+04 0.000000000000000000e+00 0.000000000000000000e+00
5.736835730412152770e+04 0.000000000000000000e+00 0.000000000000000000e+00
5.736835730466912355e+04 0.000000000000000000e+00 0.000000000000000000e+00
5.736835730521671212e+04 0.000000000000000000e+00 0.000000000000000000e+00
5.736835730576430797e+04 0.000000000000000000e+00 0.000000000000000000e+00
5.736835730631190381e+04 0.000000000000000000e+00 0.000000000000000000e+00
5.736835730685949238e+04 0.000000000000000000e+00 0.000000000000000000e+00
5.736835730740708823e+04 0.000000000000000000e+00 0.000000000000000000e+00
5.736835730795468407e+04 0.000000000000000000e+00 0.000000000000000000e+00
5.736835730850227264e+04 0.000000000000000000e+00 0.000000000000000000e+00
5.736835730904986849e+04 0.000000000000000000e+00 0.000000000000000000e+00
5.736835730959745706e+04 0.000000000000000000e+00 0.000000000000000000e+00
5.736835731014505291e+04 0.000000000000000000e+00 0.000000000000000000e+00
5.736835731069264875e+04 0.000000000000000000e+00 0.000000000000000000e+00
5.736835731124023732e+04 0.000000000000000000e+00 0.000000000000000000e+00
5.736835731178783317e+04 0.000000000000000000e+00 0.000000000000000000e+00
5.736835731233542901e+04 0.000000000000000000e+00 0.000000000000000000e+00
5.736835731288301758e+04 0.000000000000000000e+00 0.000000000000000000e+00
5.736835731343061343e+04 0.000000000000000000e+00 0.000000000000000000e+00
5.736835731397820928e+04 0.000000000000000000e+00 0.000000000000000000e+00
5.736835731452579785e+04 0.000000000000000000e+00 0.000000000000000000e+00
5.736835731507339369e+04 0.000000000000000000e+00 0.000000000000000000e+00
5.736835731562098954e+04 0.000000000000000000e+00 0.000000000000000000e+00
5.736835731616857811e+04 0.000000000000000000e+00 0.000000000000000000e+00
5.736835731671617395e+04 0.000000000000000000e+00 0.000000000000000000e+00
5.736835731726376252e+04 0.000000000000000000e+00 0.000000000000000000e+00
5.736835731781135837e+04 0.000000000000000000e+00 0.000000000000000000e+00
5.736835731835895422e+04 0.000000000000000000e+00 0.000000000000000000e+00
5.736835731890654279e+04 0.000000000000000000e+00 0.000000000000000000e+00
5.736835731945413863e+04 0.000000000000000000e+00 0.000000000000000000e+00
5.736835732000173448e+04 0.000000000000000000e+00 0.000000000000000000e+00
5.736835732054932305e+04 0.000000000000000000e+00 0.000000000000000000e+00
5.736835732109691889e+04 0.000000000000000000e+00 0.000000000000000000e+00
5.736835732164451474e+04 0.000000000000000000e+00 0.000000000000000000e+00
5.736835732219210331e+04 0.000000000000000000e+00 0.000000000000000000e+00
5.736835732273969916e+04 0.000000000000000000e+00 0.000000000000000000e+00
5.736835732328729500e+04 0.000000000000000000e+00 0.000000000000000000e+00
5.736835732383488357e+04 0.000000000000000000e+00 0.000000000000000000e+00
5.736835732438247942e+04 0.000000000000000000e+00 0.000000000000000000e+00
5.736835732493006799e+04 0.000000000000000000e+00 0.000000000000000000e+00
5.736835732547766384e+04 0.000000000000000000e+00 0.000000000000000000e+00
5.736835732602525968e+04 0.000000000000000000e+00 0.000000000000000000e+00
5.736835732657284825e+04 0.000000000000000000e+00 0.000000000000000000e+00
5.736835732712044410e+04 0.000000000000000000e+00 0.000000000000000000e+00
5.736835732766803994e+04 0.000000000000000000e+00 0.000000000000000000e+00
5.736835732821562851e+04 0.000000000000000000e+00 0.000000000000000000e+00
5.736835732876322436e+04 0.000000000000000000e+00 0.000000000000000000e+00
5.736835732931082021e+04 0.000000000000000000e+00 0.000000000000000000e+00
5.736835732985840878e+04 0.000000000000000000e+00 0.000000000000000000e+00
5.736835733040600462e+04 0.000000000000000000e+00 0.000000000000000000e+00
5.736835733095360047e+04 0.000000000000000000e+00 0.000000000000000000e+00
5.736835733150118904e+04 0.000000000000000000e+00 0.000000000000000000e+00
5.736835733204878488e+04 0.000000000000000000e+00 0.000000000000000000e+00
5.736835733259637345e+04 0.000000000000000000e+00 0.000000000000000000e+00
5.736835733314396930e+04 0.000000000000000000e+00 0.000000000000000000e+00
5.736835733369156515e+04 0.000000000000000000e+00 0.000000000000000000e+00
5.736835733423915372e+04 0.000000000000000000e+00 0.000000000000000000e+00
5.736835733478674956e+04 0.000000000000000000e+00 0.000000000000000000e+00
5.736835733533434541e+04 0.000000000000000000e+00 0.000000000000000000e+00
5.736835733588193398e+04 0.000000000000000000e+00 0.000000000000000000e+00
5.736835733642952982e+04 0.000000000000000000e+00 0.000000000000000000e+00
5.736835733697712567e+04 0.000000000000000000e+00 0.000000000000000000e+00
5.736835733752471424e+04 0.000000000000000000e+00 0.000000000000000000e+00
5.736835733807231009e+04 0.000000000000000000e+00 0.000000000000000000e+00
5.736835733861990593e+04 0.000000000000000000e+00 0.000000000000000000e+00
5.736835733916749450e+04 0.000000000000000000e+00 0.000000000000000000e+00
5.736835733971509035e+04 0.000000000000000000e+00 0.000000000000000000e+00
5.736835734026267892e+04 0.000000000000000000e+00 0.000000000000000000e+00
5.736835734081027476e+04 0.000000000000000000e+00 0.000000000000000000e+00
5.736835734135787061e+04 0.000000000000000000e+00 0.000000000000000000e+00
5.736835734190545918e+04 0.000000000000000000e+00 0.000000000000000000e+00
5.736835734245305503e+04 0.000000000000000000e+00 0.000000000000000000e+00
5.736835734300065087e+04 0.000000000000000000e+00 0.000000000000000000e+00
5.736835734354823944e+04 0.000000000000000000e+00 0.000000000000000000e+00
5.736835734409583529e+04 0.000000000000000000e+00 0.000000000000000000e+00
