5.737343407350000052e+04 5.135776575813343698e+03 6.785750282186833715e+01
5.737343408403223293e+04 6.594615045895572621e+03 7.447546257804462755e+01
5.737343409456446534e+04 9.205573245301004135e+03 8.465508086936929999e+01
5.737343410509669775e+04 1.404974316704224839e+04 1.010335097342263424e+02
5.737343411562893016e+04 2.144881733805283147e+04 1.218567284746870172e+02
5.737343412616116257e+04 3.053172415445663137e+04 1.432751728215112337e+02
5.737343413669339498e+04 4.021990953916217404e+04 1.630418632437693987e+02
5.737343414722562738e+04 4.965507889034852269e+04 1.802680509602214158e+02
5.737343415775785979e+04 6.013950326312200923e+04 1.976538645130506495e+02
5.737343416829009220e+04 6.711555169977992773e+04 2.083836814675665039e+02
5.737343417882232461e+04 7.060761419914974249e+04 2.135837610597513958e+02
5.737343418935454974e+04 7.258080270513887808e+04 2.164435346459225684e+02
5.737343419988678215e+04 7.511186026302701794e+04 2.201006384868786938e+02
5.737343421041901456e+04 7.793826300797563454e+04 2.241219640881118949e+02
5.737343422095124697e+04 7.904476626225504151e+04 2.256730974403840833e+02
5.737343423148347938e+04 7.624393689837810234e+04 2.217691912453023804e+02
5.737343424201571179e+04 7.268448790861172893e+04 2.166837639618119908e+02
5.737343425254794420e+04 6.936072272762551438e+04 2.118397893206602021e+02
5.737343426308017661e+04 6.924936339210924052e+04 2.116924060247580428e+02
5.737343427361240902e+04 7.185108996830933029e+04 2.154968869022104911e+02
5.737343428414464142e+04 7.515694520770102099e+04 2.202180810741275820e+02
5.737343429467687383e+04 7.716455338786654465e+04 2.230627446129796567e+02
5.737343430520910624e+04 7.882094335885894543e+04 2.253632862339231906e+02
5.737343431574133865e+04 8.084265376380554517e+04 2.281760755749967586e+02
5.737343432627357106e+04 8.217957909918909718e+04 2.299785129469798903e+02
5.737343433680580347e+04 8.228075137856091897e+04 2.301399906221334675e+02
5.737343434733803588e+04 8.173559756389645918e+04 2.294783644983234865e+02
5.737343435787026829e+04 8.129434528673303430e+04 2.288513056892772966e+02
5.737343436840250070e+04 8.019963598664446909e+04 2.273282062536556225e+02
5.737343437893473310e+04 7.820232516421849141e+04 2.245673836584279570e+02
5.737343438946696551e+04 7.754420240133428888e+04 2.236599216581560938e+02
5.737343439999919792e+04 7.651960146994418756e+04 2.222235230910419261e+02
5.737343441053143033e+04 7.486916456767491763e+04 2.199105539643578595e+02
5.737343442106366274e+04 7.381680974600388436e+04 2.183778186462548661e+02
5.737343443159588787e+04 7.318981210247731360e+04 2.174659894740504171e+02
5.737343444212812028e+04 7.357500563440326368e+04 2.180441187056905221e+02
5.737343445266035269e+04 7.463271924206516996e+04 2.195891725079312096e+02
5.737343446319258510e+04 7.659262543430305959e+04 2.223689811765162005e+02
5.737343447372481751e+04 7.789366370156356425e+04 2.241813123297107495e+02
5.737343448425704992e+04 7.560705917528754799e+04 2.210337867097331923e+02
5.737343449478928233e+04 7.250707422235248669e+04 2.166137268566390617e+02
5.737343450532151473e+04 6.961033493458216253e+04 2.123722039716752761e+02
5.737343451585374714e+04 6.720901464028081682e+04 2.088010866753834591e+02
5.737343452638597955e+04 6.557541658689938777e+04 2.063480126688001235e+02
5.737343453691821196e+04 6.551070289974084881e+04 2.062875993740846070e+02
5.737343454745044437e+04 6.672764299259445397e+04 2.080606076376711258e+02
5.737343455798267678e+04 6.990359715134851285e+04 2.127787174441054958e+02
5.737343456851490919e+04 7.334981235202382959e+04 2.178447270985008686e+02
5.737343457904714160e+04 7.675406313704706554e+04 2.226495872002520571e+02
5.737343458957937401e+04 7.987503746401818353e+04 2.269556507968629262e+02
5.737343460011160641e+04 8.295635173638351262e+04 2.311652596916766242e+02
5.737343461064383882e+04 8.332545326657351688e+04 2.316828491391063949e+02
5.737343462117607123e+04 8.248171919514387264e+04 2.305282121365462729e+02
5.737343463170830364e+04 8.033156869513656420e+04 2.275813823974230843e+02
5.737343464224053605e+04 7.748189677913303603e+04 2.236579127684643709e+02
5.737343465277276118e+04 7.436727189923734113e+04 2.192417939087562786e+02
5.737343466330499359e+04 7.214086577038571704e+04 2.160287958501246237e+02
5.737343467383722600e+04 7.161055115047250001e+04 2.152802168286689835e+02
5.737343468436945841e+04 7.135003131826646859e+04 2.148639340062279643e+02
5.737343469490169082e+04 7.009402866320239264e+04 2.129953466238183353e+02
5.737343470543392323e+04 6.726629600254737306e+04 2.087931940430420070e+02
5.737343471596615564e+04 6.200954216694295610e+04 2.007515153563331864e+02
5.737343472649838805e+04 5.691148487181458040e+04 1.926353405696414711e+02
5.737343473703062045e+04 5.197537693964557548e+04 1.844110321846849843e+02
5.737343474756285286e+04 4.732559608749850304e+04 1.763430195501183846e+02
5.737343475809508527e+04 4.268614331038499949e+04 1.678969976895164109e+02
5.737343476862731768e+04 3.676852335315593518e+04 1.564149115760710345e+02
