5.736835532830000011e+04 6.848108241598842142e+03 9.466917024727713681e+01
5.736835533732492331e+04 6.936644017201651877e+03 9.506059373071273910e+01
5.736835534634984651e+04 7.273821661073191535e+03 9.613602571162327592e+01
5.736835535537476244e+04 7.718146279760227117e+03 9.767286242250138173e+01
5.736835536439968564e+04 8.781060908848663530e+03 1.007497036160812769e+02
5.736835537342460884e+04 1.097638201412761919e+04 1.076393698905038008e+02
5.736835538244953204e+04 1.464310705076804516e+04 1.175703253977891478e+02
5.736835539147445525e+04 1.825251996494946070e+04 1.268907786689039909e+02
5.736835540049937845e+04 2.132859742997965805e+04 1.343055965089561994e+02
5.736835540952429437e+04 2.520270844242163730e+04 1.430567773298602390e+02
5.736835541854921757e+04 3.109581652408937225e+04 1.553268650713488057e+02
5.736835542757414078e+04 3.290462101243645157e+04 1.589222758990223383e+02
5.736835543659906398e+04 2.909694561914514270e+04 1.512483881674547206e+02
5.736835544562398718e+04 2.546105355280834556e+04 1.436176050161809883e+02
5.736835545464890311e+04 2.593451610136996533e+04 1.447256534867019582e+02
5.736835546367382631e+04 2.657701172201200097e+04 1.460771552937447666e+02
5.736835547269874951e+04 2.650439493498635784e+04 1.458011104578606876e+02
5.736835548172367271e+04 2.637991180625791458e+04 1.456168507303192143e+02
5.736835549074859591e+04 2.790721488164066250e+04 1.488568086468910963e+02
5.736835549977351911e+04 3.037470847190093264e+04 1.539256988723283541e+02
5.736835550879843504e+04 3.224153213072226936e+04 1.577398315170121066e+02
5.736835551782335824e+04 3.228803227872203570e+04 1.577365938407385499e+02
5.736835552684828144e+04 3.211498025773369591e+04 1.574514309877621088e+02
5.736835553587320464e+04 3.156483679228316760e+04 1.563859527052871670e+02
5.736835554489812785e+04 3.172945711885798301e+04 1.567305941154895663e+02
5.736835555392304377e+04 3.163131387956364415e+04 1.565557904136201159e+02
5.736835556294796697e+04 3.009674236780167848e+04 1.534231706425159132e+02
5.736835557197289017e+04 2.888433327194715093e+04 1.511579196612691760e+02
5.736835558099781338e+04 2.899380844867698033e+04 1.513506674469789459e+02
5.736835559002273658e+04 2.951501202938431379e+04 1.522796523648875109e+02
5.736835559904765978e+04 2.956449217713519829e+04 1.524580147701715589e+02
5.736835560807257571e+04 2.991544481308544346e+04 1.532153059472578605e+02
5.736835561709749891e+04 3.107487831802812434e+04 1.555852880332121231e+02
5.736835562612242211e+04 3.319050243020206108e+04 1.597542780117752557e+02
5.736835563514734531e+04 3.480972162981612200e+04 1.629038062655629346e+02
5.736835564417226851e+04 3.436370224542544747e+04 1.620173918502354695e+02
5.736835565319718444e+04 3.272011103771316266e+04 1.588518451044984943e+02
5.736835566222210764e+04 3.088760042183917903e+04 1.553296629903491635e+02
5.736835567124703084e+04 2.997349239997116456e+04 1.533914143580446421e+02
5.736835568027195404e+04 2.997340675816899966e+04 1.533537135856206248e+02
5.736835568929687724e+04 3.217379465216002427e+04 1.577518288637182593e+02
5.736835569832180045e+04 3.509589121164551761e+04 1.635417743168728464e+02
5.736835570734671637e+04 3.594581541036387353e+04 1.650701754260070402e+02
5.736835571637163957e+04 3.488921913372354174e+04 1.630483202044141251e+02
5.736835572539656278e+04 3.438083447926689405e+04 1.620523934440306562e+02
5.736835573442148598e+04 3.460068896387926361e+04 1.626050528504634656e+02
5.736835574344640918e+04 3.508353496703223209e+04 1.634610312057015449e+02
5.736835575247132510e+04 3.542524013137433212e+04 1.641051247121702090e+02
5.736835576149624831e+04 3.503952604120697652e+04 1.633427543215723574e+02
5.736835577052117151e+04 3.475350209474712756e+04 1.627969059494127180e+02
5.736835577954609471e+04 3.478029153464698902e+04 1.628162427659211176e+02
5.736835578857101791e+04 3.457229997951098630e+04 1.625263516188950632e+02
5.736835579759594111e+04 3.418349631212763052e+04 1.618850015332836847e+02
5.736835580662085704e+04 3.523849477922402002e+04 1.637977699964688725e+02
5.736835581564578024e+04 3.652558132273206138e+04 1.662211101170771883e+02
5.736835582467070344e+04 3.659053590434802027e+04 1.662856091456476122e+02
5.736835583369562664e+04 3.679480970574695675e+04 1.666926934687196820e+02
5.736835584272054984e+04 3.753916740829575429e+04 1.681673802420496031e+02
5.736835585174546577e+04 3.806648321366171149e+04 1.690501996206079411e+02
5.736835586077038897e+04 3.599657976471893926e+04 1.651621712798743431e+02
5.736835586979531217e+04 3.193242968649867908e+04 1.573201095175909074e+02
5.736835587882023538e+04 2.868431981466288562e+04 1.507029979415525531e+02
5.736835588784515858e+04 2.833013402554977074e+04 1.499592895289411842e+02
5.736835589687008178e+04 3.056109296607719443e+04 1.545584452318640274e+02
5.736835590589499770e+04 3.331870725459243113e+04 1.599949723662498400e+02
5.736835591491992091e+04 3.443022929939615278e+04 1.622429560485310844e+02
5.736835592394484411e+04 3.334746593341925472e+04 1.601188638777812798e+02
5.736835593296976731e+04 2.974326665843352021e+04 1.528154696722901633e+02
5.736835594199469051e+04 2.420596206654969137e+04 1.410493352989022071e+02
5.736835595101960644e+04 1.849516077397527988e+04 1.278194222021427464e+02
5.736835596004452964e+04 1.352499885279786395e+04 1.151200953314261852e+02
5.736835596906945284e+04 1.023372067371000412e+04 1.057588184326610588e+02
5.736835597809437604e+04 8.655471246237695595e+03 1.009256461413949779e+02
5.736835598711929924e+04 7.725813733802910974e+03 9.808458004187768609e+01
5.736835599614422244e+04 7.406480108366289642e+03 9.699495684782507965e+01
5.736835600516913837e+04 6.920335810723167924e+03 9.556330249868859994e+01
5.736835601419406157e+04 6.971100120581630108e+03 9.567364886026079773e+01
5.736835602321898477e+04 6.760042598228478710e+03 9.481447776012738871e+01
