5.742956739240000024e+04 0.000000000000000000e+00 0.000000000000000000e+00
5.742956739500715776e+04 0.000000000000000000e+00 0.000000000000000000e+00
5.742956739761431527e+04 0.000000000000000000e+00 0.000000000000000000e+00
5.742956740022147278e+04 0.000000000000000000e+00 0.000000000000000000e+00
5.742956740282863029e+04 0.000000000000000000e+00 0.000000000000000000e+00
5.742956740543578780e+04 0.000000000000000000e+00 0.000000000000000000e+00
5.742956740804294532e+04 0.000000000000000000e+00 0.000000000000000000e+00
5.742956741065010283e+04 0.000000000000000000e+00 0.000000000000000000e+00
5.742956741325726034e+04 0.000000000000000000e+00 0.000000000000000000e+00
5.742956741586441785e+04 0.000000000000000000e+00 0.000000000000000000e+00
5.742956741847157537e+04 0.000000000000000000e+00 0.000000000000000000e+00
5.742956742107873288e+04 0.000000000000000000e+00 0.000000000000000000e+00
5.742956742368589039e+04 0.000000000000000000e+00 0.000000000000000000e+00
5.742956742629304790e+04 0.000000000000000000e+00 0.000000000000000000e+00
5.742956742890020541e+04 0.000000000000000000e+00 0.000000000000000000e+00
5.742956743150736293e+04 0.000000000000000000e+00 0.000000000000000000e+00
5.742956743411452044e+04 0.000000000000000000e+00 0.000000000000000000e+00
5.742956743672168523e+04 0.000000000000000000e+00 0.000000000000000000e+00
5.742956743932884274e+04 0.000000000000000000e+00 0.000000000000000000e+00
5.742956744193600025e+04 0.000000000000000000e+00 0.000000000000000000e+00
5.742956744454315776e+04 0.000000000000000000e+00 0.000000000000000000e+00
5.742956744715031527e+04 0.000000000000000000e+00 0.000000000000000000e+00
5.742956744975747279e+04 0.000000000000000000e+00 0.000000000000000000e+00
5.742956745236463030e+04 0.000000000000000000e+00 0.000000000000000000e+00
5.742956745497178781e+04 0.000000000000000000e+00 0.000000000000000000e+00
5.742956745757894532e+04 0.000000000000000000e+00 0.000000000000000000e+00
5.742956746018610283e+04 0.000000000000000000e+00 0.000000000000000000e+00
5.742956746279326035e+04 0.000000000000000000e+00 0.000000000000000000e+00
5.742956746540041786e+04 0.000000000000000000e+00 0.000000000000000000e+00
5.742956746800757537e+04 0.000000000000000000e+00 0.000000000000000000e+00
5.742956747061473288e+04 0.000000000000000000e+00 0.000000000000000000e+00
5.742956747322189040e+04 0.000000000000000000e+00 0.000000000000000000e+00
5.742956747582904791e+04 0.000000000000000000e+00 0.000000000000000000e+00
5.742956747843620542e+04 0.000000000000000000e+00 0.000000000000000000e+00
5.742956748104336293e+04 0.000000000000000000e+00 0.000000000000000000e+00
5.742956748365052044e+04 0.000000000000000000e+00 0.000000000000000000e+00
5.742956748625767796e+04 0.000000000000000000e+00 0.000000000000000000e+00
5.742956748886483547e+04 0.000000000000000000e+00 0.000000000000000000e+00
5.742956749147199298e+04 0.000000000000000000e+00 0.000000000000000000e+00
5.742956749407915049e+04 0.000000000000000000e+00 0.000000000000000000e+00
5.742956749668630800e+04 0.000000000000000000e+00 0.000000000000000000e+00
5.742956749929346552e+04 0.000000000000000000e+00 0.000000000000000000e+00
5.742956750190062303e+04 0.000000000000000000e+00 0.000000000000000000e+00
5.742956750450778054e+04 0.000000000000000000e+00 0.000000000000000000e+00
5.742956750711493805e+04 0.000000000000000000e+00 0.000000000000000000e+00
5.742956750972209556e+04 0.000000000000000000e+00 0.000000000000000000e+00
5.742956751232925308e+04 0.000000000000000000e+00 0.000000000000000000e+00
5.742956751493641059e+04 0.000000000000000000e+00 0.000000000000000000e+00
5.742956751754356810e+04 0.000000000000000000e+00 0.000000000000000000e+00
5.742956752015072561e+04 0.000000000000000000e+00 0.000000000000000000e+00
5.742956752275788313e+04 0.000000000000000000e+00 0.000000000000000000e+00
5.742956752536504791e+04 0.000000000000000000e+00 0.000000000000000000e+00
5.742956752797220543e+04 0.000000000000000000e+00 0.000000000000000000e+00
5.742956753057936294e+04 0.000000000000000000e+00 0.000000000000000000e+00
5.742956753318652045e+04 0.000000000000000000e+00 0.000000000000000000e+00
5.742956753579367796e+04 0.000000000000000000e+00 0.000000000000000000e+00
5.742956753840083547e+04 0.000000000000000000e+00 0.000000000000000000e+00
5.742956754100799299e+04 0.000000000000000000e+00 0.000000000000000000e+00
5.742956754361515050e+04 0.000000000000000000e+00 0.000000000000000000e+00
5.742956754622230801e+04 0.000000000000000000e+00 0.000000000000000000e+00
5.742956754882946552e+04 0.000000000000000000e+00 0.000000000000000000e+00
5.742956755143662303e+04 0.000000000000000000e+00 0.000000000000000000e+00
5.742956755404378055e+04 0.000000000000000000e+00 0.000000000000000000e+00
5.742956755665093806e+04 0.000000000000000000e+00 0.000000000000000000e+00
5.742956755925809557e+04 0.000000000000000000e+00 0.000000000000000000e+00
5.742956756186525308e+04 0.000000000000000000e+00 0.000000000000000000e+00
5.742956756447241060e+04 0.000000000000000000e+00 0.000000000000000000e+00
5.742956756707956811e+04 0.000000000000000000e+00 0.000000000000000000e+00
5.742956756968672562e+04 0.000000000000000000e+00 0.000000000000000000e+00
5.742956757229388313e+04 0.000000000000000000e+00 0.000000000000000000e+00
5.742956757490104064e+04 0.000000000000000000e+00 0.000000000000000000e+00
5.742956757750819816e+04 0.000000000000000000e+00 0.000000000000000000e+00
5.742956758011535567e+04 0.000000000000000000e+00 0.000000000000000000e+00
5.742956758272251318e+04 0.000000000000000000e+00 0.000000000000000000e+00
5.742956758532967069e+04 0.000000000000000000e+00 0.000000000000000000e+00
5.742956758793682820e+04 0.000000000000000000e+00 0.000000000000000000e+00
5.742956759054398572e+04 0.000000000000000000e+00 0.000000000000000000e+00
5.742956759315114323e+04 0.000000000000000000e+00 0.000000000000000000e+00
5.742956759575830074e+04 0.000000000000000000e+00 0.000000000000000000e+00
5.742956759836545825e+04 0.000000000000000000e+00 0.000000000000000000e+00
5.742956760097261576e+04 0.000000000000000000e+00 0.000000000000000000e+00
5.742956760357977328e+04 0.000000000000000000e+00 0.000000000000000000e+00
5.742956760618693079e+04 0.000000000000000000e+00 0.000000000000000000e+00
5.742956760879408830e+04 0.000000000000000000e+00 0.000000000000000000e+00
5.742956761140125309e+04 0.000000000000000000e+00 0.000000000000000000e+00
5.742956761400841060e+04 0.000000000000000000e+00 0.000000000000000000e+00
5.742956761661556811e+04 0.000000000000000000e+00 0.000000000000000000e+00
5.742956761922272563e+04 0.000000000000000000e+00 0.000000000000000000e+00
5.742956762182988314e+04 0.000000000000000000e+00 0.000000000000000000e+00
5.742956762443704065e+04 0.000000000000000000e+00 0.000000000000000000e+00
5.742956762704419816e+04 0.000000000000000000e+00 0.000000000000000000e+00
5.742956762965135567e+04 0.000000000000000000e+00 0.000000000000000000e+00
5.742956763225851319e+04 0.000000000000000000e+00 0.000000000000000000e+00
5.742956763486567070e+04 0.000000000000000000e+00 0.000000000000000000e+00
5.742956763747282821e+04 0.000000000000000000e+00 0.000000000000000000e+00
5.742956764007998572e+04 0.000000000000000000e+00 0.000000000000000000e+00
5.742956764268714323e+04 0.000000000000000000e+00 0.000000000000000000e+00
5.742956764529430075e+04 0.000000000000000000e+00 0.000000000000000000e+00
5.742956764790145826e+04 0.000000000000000000e+00 0.000000000000000000e+00
5.742956765050861577e+04 0.000000000000000000e+00 0.000000000000000000e+00
5.742956765311577328e+04 0.000000000000000000e+00 0.000000000000000000e+00
5.742956765572293079e+04 0.000000000000000000e+00 0.000000000000000000e+00
5.742956765833008831e+04 0.000000000000000000e+00 0.000000000000000000e+00
5.742956766093724582e+04 0.000000000000000000e+00 0.000000000000000000e+00
5.742956766354440333e+04 0.000000000000000000e+00 0.000000000000000000e+00
5.742956766615156084e+04 0.000000000000000000e+00 0.000000000000000000e+00
5.742956766875871836e+04 0.000000000000000000e+00 0.000000000000000000e+00
5.742956767136587587e+04 0.000000000000000000e+00 0.000000000000000000e+00
5.742956767397303338e+04 0.000000000000000000e+00 0.000000000000000000e+00
5.742956767658019089e+04 0.000000000000000000e+00 0.000000000000000000e+00
5.742956767918734840e+04 0.000000000000000000e+00 0.000000000000000000e+00
5.742956768179450592e+04 0.000000000000000000e+00 0.000000000000000000e+00
5.742956768440166343e+04 0.000000000000000000e+00 0.000000000000000000e+00
5.742956768700882094e+04 0.000000000000000000e+00 0.000000000000000000e+00
5.742956768961597845e+04 0.000000000000000000e+00 0.000000000000000000e+00
5.742956769222313596e+04 0.000000000000000000e+00 0.000000000000000000e+00
5.742956769483029348e+04 0.000000000000000000e+00 0.000000000000000000e+00
5.742956769743745826e+04 0.000000000000000000e+00 0.000000000000000000e+00
5.742956770004461578e+04 0.000000000000000000e+00 0.000000000000000000e+00
5.742956770265177329e+04 0.000000000000000000e+00 0.000000000000000000e+00
5.742956770525893080e+04 0.000000000000000000e+00 0.000000000000000000e+00
5.742956770786608831e+04 0.000000000000000000e+00 0.000000000000000000e+00
5.742956771047324582e+04 0.000000000000000000e+00 0.000000000000000000e+00
5.742956771308040334e+04 0.000000000000000000e+00 0.000000000000000000e+00
5.742956771568756085e+04 0.000000000000000000e+00 0.000000000000000000e+00
5.742956771829471836e+04 0.000000000000000000e+00 0.000000000000000000e+00
5.742956772090187587e+04 0.000000000000000000e+00 0.000000000000000000e+00
5.742956772350903339e+04 0.000000000000000000e+00 0.000000000000000000e+00
5.742956772611619090e+04 0.000000000000000000e+00 0.000000000000000000e+00
5.742956772872334841e+04 0.000000000000000000e+00 0.000000000000000000e+00
5.742956773133050592e+04 0.000000000000000000e+00 0.000000000000000000e+00
5.742956773393766343e+04 0.000000000000000000e+00 0.000000000000000000e+00
5.742956773654482095e+04 0.000000000000000000e+00 0.000000000000000000e+00
5.742956773915197846e+04 0.000000000000000000e+00 0.000000000000000000e+00
5.742956774175913597e+04 0.000000000000000000e+00 0.000000000000000000e+00
5.742956774436629348e+04 0.000000000000000000e+00 0.000000000000000000e+00
5.742956774697345099e+04 0.000000000000000000e+00 0.000000000000000000e+00
5.742956774958060851e+04 0.000000000000000000e+00 0.000000000000000000e+00
5.742956775218776602e+04 0.000000000000000000e+00 0.000000000000000000e+00
5.742956775479492353e+04 0.000000000000000000e+00 0.000000000000000000e+00
5.742956775740208104e+04 0.000000000000000000e+00 0.000000000000000000e+00
5.742956776000923855e+04 0.000000000000000000e+00 0.000000000000000000e+00
5.742956776261639607e+04 0.000000000000000000e+00 0.000000000000000000e+00
5.742956776522355358e+04 0.000000000000000000e+00 0.000000000000000000e+00
5.742956776783071109e+04 0.000000000000000000e+00 0.000000000000000000e+00
5.742956777043786860e+04 0.000000000000000000e+00 0.000000000000000000e+00
5.742956777304502612e+04 0.000000000000000000e+00 0.000000000000000000e+00
5.742956777565218363e+04 0.000000000000000000e+00 0.000000000000000000e+00
5.742956777825934114e+04 0.000000000000000000e+00 0.000000000000000000e+00
5.742956778086649865e+04 0.000000000000000000e+00 0.000000000000000000e+00
5.742956778347365616e+04 0.000000000000000000e+00 0.000000000000000000e+00
5.742956778608082095e+04 0.000000000000000000e+00 0.000000000000000000e+00
5.742956778868797846e+04 0.000000000000000000e+00 0.000000000000000000e+00
5.742956779129513598e+04 0.000000000000000000e+00 0.000000000000000000e+00
5.742956779390229349e+04 0.000000000000000000e+00 0.000000000000000000e+00
5.742956779650945100e+04 0.000000000000000000e+00 0.000000000000000000e+00
5.742956779911660851e+04 0.000000000000000000e+00 0.000000000000000000e+00
5.742956780172376602e+04 0.000000000000000000e+00 0.000000000000000000e+00
5.742956780433092354e+04 0.000000000000000000e+00 0.000000000000000000e+00
5.742956780693808105e+04 0.000000000000000000e+00 0.000000000000000000e+00
5.742956780954523856e+04 0.000000000000000000e+00 0.000000000000000000e+00
5.742956781215239607e+04 0.000000000000000000e+00 0.000000000000000000e+00
5.742956781475955358e+04 0.000000000000000000e+00 0.000000000000000000e+00
5.742956781736671110e+04 0.000000000000000000e+00 0.000000000000000000e+00
5.742956781997386861e+04 0.000000000000000000e+00 0.000000000000000000e+00
5.742956782258102612e+04 0.000000000000000000e+00 0.000000000000000000e+00
5.742956782518818363e+04 0.000000000000000000e+00 0.000000000000000000e+00
5.742956782779534115e+04 0.000000000000000000e+00 0.000000000000000000e+00
5.742956783040249866e+04 0.000000000000000000e+00 0.000000000000000000e+00
5.742956783300965617e+04 0.000000000000000000e+00 0.000000000000000000e+00
5.742956783561681368e+04 0.000000000000000000e+00 0.000000000000000000e+00
5.742956783822397119e+04 0.000000000000000000e+00 0.000000000000000000e+00
5.742956784083112871e+04 0.000000000000000000e+00 0.000000000000000000e+00
5.742956784343828622e+04 0.000000000000000000e+00 0.000000000000000000e+00
5.742956784604544373e+04 0.000000000000000000e+00 0.000000000000000000e+00
5.742956784865260124e+04 0.000000000000000000e+00 0.000000000000000000e+00
5.742956785125975875e+04 0.000000000000000000e+00 0.000000000000000000e+00
5.742956785386691627e+04 0.000000000000000000e+00 0.000000000000000000e+00
5.742956785647407378e+04 0.000000000000000000e+00 0.000000000000000000e+00
5.742956785908123129e+04 0.000000000000000000e+00 0.000000000000000000e+00
5.742956786168838880e+04 0.000000000000000000e+00 0.000000000000000000e+00
5.742956786429554631e+04 0.000000000000000000e+00 0.000000000000000000e+00
5.742956786690270383e+04 0.000000000000000000e+00 0.000000000000000000e+00
5.742956786950986134e+04 0.000000000000000000e+00 0.000000000000000000e+00
5.742956787211702613e+04 0.000000000000000000e+00 0.000000000000000000e+00
5.742956787472418364e+04 0.000000000000000000e+00 0.000000000000000000e+00
5.742956787733134115e+04 0.000000000000000000e+00 0.000000000000000000e+00
5.742956787993849866e+04 0.000000000000000000e+00 0.000000000000000000e+00
5.742956788254565618e+04 0.000000000000000000e+00 0.000000000000000000e+00
5.742956788515281369e+04 0.000000000000000000e+00 0.000000000000000000e+00
5.742956788775997120e+04 0.000000000000000000e+00 0.000000000000000000e+00
5.742956789036712871e+04 0.000000000000000000e+00 0.000000000000000000e+00
5.742956789297428622e+04 0.000000000000000000e+00 0.000000000000000000e+00
5.742956789558144374e+04 0.000000000000000000e+00 0.000000000000000000e+00
5.742956789818860125e+04 0.000000000000000000e+00 0.000000000000000000e+00
5.742956790079575876e+04 0.000000000000000000e+00 0.000000000000000000e+00
5.742956790340291627e+04 0.000000000000000000e+00 0.000000000000000000e+00
5.742956790601007378e+04 0.000000000000000000e+00 0.000000000000000000e+00
5.742956790861723130e+04 0.000000000000000000e+00 0.000000000000000000e+00
5.742956791122438881e+04 0.000000000000000000e+00 0.000000000000000000e+00
5.742956791383154632e+04 0.000000000000000000e+00 0.000000000000000000e+00
5.742956791643870383e+04 0.000000000000000000e+00 0.000000000000000000e+00
5.742956791904586134e+04 0.000000000000000000e+00 0.000000000000000000e+00
5.742956792165301886e+04 0.000000000000000000e+00 0.000000000000000000e+00
5.742956792426017637e+04 0.000000000000000000e+00 0.000000000000000000e+00
5.742956792686733388e+04 0.000000000000000000e+00 0.000000000000000000e+00
5.742956792947449139e+04 0.000000000000000000e+00 0.000000000000000000e+00
5.742956793208164891e+04 0.000000000000000000e+00 0.000000000000000000e+00
5.742956793468880642e+04 0.000000000000000000e+00 0.000000000000000000e+00
5.742956793729596393e+04 0.000000000000000000e+00 0.000000000000000000e+00
5.742956793990312144e+04 0.000000000000000000e+00 0.000000000000000000e+00
5.742956794251027895e+04 0.000000000000000000e+00 0.000000000000000000e+00
5.742956794511743647e+04 0.000000000000000000e+00 0.000000000000000000e+00
5.742956794772459398e+04 0.000000000000000000e+00 0.000000000000000000e+00
5.742956795033175149e+04 0.000000000000000000e+00 0.000000000000000000e+00
5.742956795293890900e+04 0.000000000000000000e+00 0.000000000000000000e+00
5.742956795554606651e+04 0.000000000000000000e+00 0.000000000000000000e+00
5.742956795815323130e+04 0.000000000000000000e+00 0.000000000000000000e+00
5.742956796076038881e+04 0.000000000000000000e+00 0.000000000000000000e+00
5.742956796336754633e+04 0.000000000000000000e+00 0.000000000000000000e+00
5.742956796597470384e+04 0.000000000000000000e+00 0.000000000000000000e+00
5.742956796858186135e+04 0.000000000000000000e+00 0.000000000000000000e+00
5.742956797118901886e+04 0.000000000000000000e+00 0.000000000000000000e+00
5.742956797379617637e+04 0.000000000000000000e+00 0.000000000000000000e+00
5.742956797640333389e+04 0.000000000000000000e+00 0.000000000000000000e+00
5.742956797901049140e+04 0.000000000000000000e+00 0.000000000000000000e+00
5.742956798161764891e+04 0.000000000000000000e+00 0.000000000000000000e+00
5.742956798422480642e+04 0.000000000000000000e+00 0.000000000000000000e+00
5.742956798683196394e+04 0.000000000000000000e+00 0.000000000000000000e+00
5.742956798943912145e+04 0.000000000000000000e+00 0.000000000000000000e+00
5.742956799204627896e+04 0.000000000000000000e+00 0.000000000000000000e+00
5.742956799465343647e+04 0.000000000000000000e+00 0.000000000000000000e+00
5.742956799726059398e+04 0.000000000000000000e+00 0.000000000000000000e+00
5.742956799986775150e+04 0.000000000000000000e+00 0.000000000000000000e+00
5.742956800247490901e+04 0.000000000000000000e+00 0.000000000000000000e+00
5.742956800508206652e+04 0.000000000000000000e+00 0.000000000000000000e+00
5.742956800768922403e+04 0.000000000000000000e+00 0.000000000000000000e+00
5.742956801029638154e+04 0.000000000000000000e+00 0.000000000000000000e+00
5.742956801290353906e+04 0.000000000000000000e+00 0.000000000000000000e+00
5.742956801551069657e+04 0.000000000000000000e+00 0.000000000000000000e+00
5.742956801811785408e+04 0.000000000000000000e+00 0.000000000000000000e+00
5.742956802072501159e+04 0.000000000000000000e+00 0.000000000000000000e+00
5.742956802333216910e+04 0.000000000000000000e+00 0.000000000000000000e+00
5.742956802593932662e+04 0.000000000000000000e+00 0.000000000000000000e+00
5.742956802854648413e+04 0.000000000000000000e+00 0.000000000000000000e+00
5.742956803115364164e+04 0.000000000000000000e+00 0.000000000000000000e+00
5.742956803376079915e+04 0.000000000000000000e+00 0.000000000000000000e+00
5.742956803636795667e+04 0.000000000000000000e+00 0.000000000000000000e+00
5.742956803897511418e+04 0.000000000000000000e+00 0.000000000000000000e+00
5.742956804158227169e+04 0.000000000000000000e+00 0.000000000000000000e+00
5.742956804418942920e+04 0.000000000000000000e+00 0.000000000000000000e+00
5.742956804679659399e+04 0.000000000000000000e+00 0.000000000000000000e+00
5.742956804940375150e+04 0.000000000000000000e+00 0.000000000000000000e+00
5.742956805201090901e+04 0.000000000000000000e+00 0.000000000000000000e+00
5.742956805461806653e+04 0.000000000000000000e+00 0.000000000000000000e+00
5.742956805722522404e+04 0.000000000000000000e+00 0.000000000000000000e+00
5.742956805983238155e+04 0.000000000000000000e+00 0.000000000000000000e+00
5.742956806243953906e+04 0.000000000000000000e+00 0.000000000000000000e+00
5.742956806504669657e+04 0.000000000000000000e+00 0.000000000000000000e+00
5.742956806765385409e+04 0.000000000000000000e+00 0.000000000000000000e+00
5.742956807026101160e+04 0.000000000000000000e+00 0.000000000000000000e+00
5.742956807286816911e+04 0.000000000000000000e+00 0.000000000000000000e+00
5.742956807547532662e+04 0.000000000000000000e+00 0.000000000000000000e+00
5.742956807808248413e+04 0.000000000000000000e+00 0.000000000000000000e+00
5.742956808068964165e+04 0.000000000000000000e+00 0.000000000000000000e+00
5.742956808329679916e+04 0.000000000000000000e+00 0.000000000000000000e+00
5.742956808590395667e+04 0.000000000000000000e+00 0.000000000000000000e+00
5.742956808851111418e+04 0.000000000000000000e+00 0.000000000000000000e+00
