5.733953179950000049e+04 3.218022231762019510e+04 1.703521347256834702e+02
5.733953608113280643e+04 3.251396445080675767e+04 1.710781989913823509e+02
5.733954036276560510e+04 3.208626195873336837e+04 1.703208036294200838e+02
5.733954464439841104e+04 3.241789682956186516e+04 1.710106508801648033e+02
5.733954892603120970e+04 3.219615805036342863e+04 1.706200888840492098e+02
5.733955320766401564e+04 3.233941618534356530e+04 1.710220155126009729e+02
5.733955748929682159e+04 3.223268130740617926e+04 1.707536940180376916e+02
5.733956177092962025e+04 3.255491998628334113e+04 1.713137061654241791e+02
5.733956605256242619e+04 3.228325372950173187e+04 1.707617005377541375e+02
5.733957033419522486e+04 3.220283639600848255e+04 1.705272572768683403e+02
5.733957461582803080e+04 3.262827412057502079e+04 1.713749759727402306e+02
5.733957889746082947e+04 3.275881360172967470e+04 1.716350138129887455e+02
5.733958317909363541e+04 3.309357900921683904e+04 1.721659609570216674e+02
5.733958746072644135e+04 3.291744882128520112e+04 1.718295892127407001e+02
5.733959174235924002e+04 3.330551388612507435e+04 1.725347139535099359e+02
5.733959602399204596e+04 3.336276720331676916e+04 1.727014497741876369e+02
5.733960030562484462e+04 3.324072138363429985e+04 1.724777043742543867e+02
5.733960458725765056e+04 3.347712754227867117e+04 1.728982722633635660e+02
5.733960886889045651e+04 3.344398099026964337e+04 1.727130322067191344e+02
5.733961315052325517e+04 3.333675334195003961e+04 1.726658324564385225e+02
5.733961743215606111e+04 3.333939763531737117e+04 1.727071142883272614e+02
5.733962171378885978e+04 3.337268344083227566e+04 1.728032255457731026e+02
5.733962599542166572e+04 3.334695658328869467e+04 1.728771695199866372e+02
5.733963027705447166e+04 3.365800644053159340e+04 1.734601571037845247e+02
5.733963455868727033e+04 3.355281789266249689e+04 1.732646237860455756e+02
5.733963884032007627e+04 3.404342385433029995e+04 1.741395628774491513e+02
5.733964312195287494e+04 3.377365883450015099e+04 1.736624770250952849e+02
5.733964740358568088e+04 3.397256455179347540e+04 1.740019706314490406e+02
5.733965168521848682e+04 3.404814307124882180e+04 1.740296839620137348e+02
5.733965596685128548e+04 3.394533740028941975e+04 1.738546243956153319e+02
5.733966024848409143e+04 3.402632759081362747e+04 1.738098274639466467e+02
5.733966453011689009e+04 3.406869740851895767e+04 1.738645763549969558e+02
5.733966881174969603e+04 3.378160087111195753e+04 1.732375362382962294e+02
5.733967309338249470e+04 3.390012274839798920e+04 1.735675773144533878e+02
5.733967737501530064e+04 3.380143688153989206e+04 1.734841274277710284e+02
5.733968165664810658e+04 3.409520280417963659e+04 1.739483634529711651e+02
5.733968593828090525e+04 3.417279738176281535e+04 1.741258727486441273e+02
5.733969021991371119e+04 3.444833807630624506e+04 1.747466699312433889e+02
5.733969450154650985e+04 3.434088258281084563e+04 1.746043515015926175e+02
5.733969878317931580e+04 3.422326235087400710e+04 1.743730849712064526e+02
5.733970306481212174e+04 3.435270676933537470e+04 1.746017756722199579e+02
5.733970734644492040e+04 3.455269752305391012e+04 1.747632966625333211e+02
5.733971162807772635e+04 3.436723682926557376e+04 1.743624310520264089e+02
5.733971590971052501e+04 3.435480759552522795e+04 1.743215570070926503e+02
5.733972019134333095e+04 3.396044375659288198e+04 1.735963487582434084e+02
5.733972447297613689e+04 3.362544229714758694e+04 1.729788683717844151e+02
5.733972875460893556e+04 3.415199153393271263e+04 1.739611972151974442e+02
5.733973303624174150e+04 3.413757016349257901e+04 1.738773217840287089e+02
5.733973731787454017e+04 3.429457780001906940e+04 1.742210374313254135e+02
5.733974159950734611e+04 3.419345651727569202e+04 1.740734376787637814e+02
5.733974588114015205e+04 3.394761987326759845e+04 1.737077641907838199e+02
5.733975016277295072e+04 3.391644352645563777e+04 1.738473061823751209e+02
5.733975444440575666e+04 3.415712707092524215e+04 1.741322625337926979e+02
5.733975872603855532e+04 3.422580223762021342e+04 1.742882622592393602e+02
5.733976300767136127e+04 3.426269043480777327e+04 1.743981914916288645e+02
5.733976728930415993e+04 3.452999940410639101e+04 1.747575832941192573e+02
5.733977157093696587e+04 3.440126823064852215e+04 1.745159467613163997e+02
5.733977585256977181e+04 3.462301050559420401e+04 1.748337999818683386e+02
5.733978013420257048e+04 3.460563871076494979e+04 1.748268014757759374e+02
5.733978441583537642e+04 3.467863291925184603e+04 1.749794135163399176e+02
5.733978869746817509e+04 3.418197263270028634e+04 1.741309292431807307e+02
5.733979297910098103e+04 3.390537848647792998e+04 1.736630203580432124e+02
5.733979726073378697e+04 3.394325562198874104e+04 1.737178732993357073e+02
5.733980154236658564e+04 3.410083673097351857e+04 1.739561711636557391e+02
5.733980582399939158e+04 3.400847662950287486e+04 1.737465243643756025e+02
5.733981010563219024e+04 3.397760394368400739e+04 1.738865740087820768e+02
5.733981438726499618e+04 3.419967066293333482e+04 1.742042101287607068e+02
5.733981866889780213e+04 3.436670159762102412e+04 1.744783190754746443e+02
5.733982295053060079e+04 3.423562877956466400e+04 1.741464561733626795e+02
5.733982723216340673e+04 3.432959589015493111e+04 1.742199436571455919e+02
5.733983151379620540e+04 3.429046594221000123e+04 1.741414655083704588e+02
5.733983579542901134e+04 3.375849034249268880e+04 1.731209715636940132e+02
5.733984007706181728e+04 3.356374063482436759e+04 1.730660232371730274e+02
5.733984435869461595e+04 3.321092811743878701e+04 1.724449396209233498e+02
5.733984864032742189e+04 3.281964828970692906e+04 1.717398102518822327e+02
5.733985292196022056e+04 3.270037858224516094e+04 1.716434450684198794e+02
5.733985720359302650e+04 3.266995069876730122e+04 1.716868585160577538e+02
5.733986148522582516e+04 3.256157614819910668e+04 1.714663123033286354e+02
5.733986576685863110e+04 3.260411943859398161e+04 1.713905276152449915e+02
5.733987004849143705e+04 3.253682368159341422e+04 1.712495608655192143e+02
5.733987433012423571e+04 3.234630062597276265e+04 1.708384013208572014e+02
5.733987861175704165e+04 3.283030371427573846e+04 1.716499650399977384e+02
5.733988289338984032e+04 3.274056763310662791e+04 1.715685091903136481e+02
5.733988717502264626e+04 3.266807024175700280e+04 1.714630646801348348e+02
5.733989145665545220e+04 3.279612792163164704e+04 1.717913642600351238e+02
5.733989573828825087e+04 3.223086326132214890e+04 1.707061438255721271e+02
5.733990001992105681e+04 3.251844400877045337e+04 1.710857401897604859e+02
5.733990430155385548e+04 3.253031474747753964e+04 1.710149368453862735e+02
5.733990858318666142e+04 3.264544561824877019e+04 1.711699184914308489e+02
5.733991286481946736e+04 3.254865928371461632e+04 1.711063180039249687e+02
5.733991714645226602e+04 3.310902187104483892e+04 1.721657324145579082e+02
5.733992142808507197e+04 3.290571970749530738e+04 1.718073454718745268e+02
5.733992570971787063e+04 3.284801614841812989e+04 1.717375029573601637e+02
5.733992999135067657e+04 3.270778826503401069e+04 1.715011282668778847e+02
5.733993427298348251e+04 3.299709331247091905e+04 1.720496734104185350e+02
5.733993855461628118e+04 3.253427936847142701e+04 1.713258106337727895e+02
5.733994283624908712e+04 3.234307614863215713e+04 1.709590261722408400e+02
5.733994711788188579e+04 3.273336090238686302e+04 1.716462296631001436e+02
5.733995139951469173e+04 3.297962035617936635e+04 1.718759230197893260e+02
5.733995568114749040e+04 3.292159769202413736e+04 1.717747609520373828e+02
5.733995996278029634e+04 3.278592375578543579e+04 1.715244792536860245e+02
5.733996424441310228e+04 3.292664490713313717e+04 1.716246226050713801e+02
5.733996852604590094e+04 3.309729732428916031e+04 1.719600224641623356e+02
5.733997280767870689e+04 3.303194026519601175e+04 1.718430485914602173e+02
5.733997708931150555e+04 3.238447906542069541e+04 1.706335408968475633e+02
5.733998137094431149e+04 3.273792947959115918e+04 1.713219599666944362e+02
5.733998565257711743e+04 3.315866695513398736e+04 1.719161193936794234e+02
5.733998993420991610e+04 3.313967126508313959e+04 1.716770207955281364e+02
5.733999421584272204e+04 3.328144076434494491e+04 1.717287279451886093e+02
5.733999849747552071e+04 3.328961915304365539e+04 1.716182190976841184e+02
5.734000277910832665e+04 3.340391084632279671e+04 1.715562584343817605e+02
5.734000706074113259e+04 3.339762893695778621e+04 1.715021345395380479e+02
5.734001134237393126e+04 3.353707952257613942e+04 1.716583603540478862e+02
5.734001562400673720e+04 3.336654324800570612e+04 1.713251975117379118e+02
5.734001990563953586e+04 3.337204540184660436e+04 1.711535096799995017e+02
5.734002418727234181e+04 3.357560426107011153e+04 1.716695615638682284e+02
5.734002846890514775e+04 3.346832640317687765e+04 1.712593618100466415e+02
5.734003275053794641e+04 3.337916339201074879e+04 1.712030282002045567e+02
5.734003703217075235e+04 3.334768645311236469e+04 1.712192067573992347e+02
5.734004131380355102e+04 3.367649081110462430e+04 1.716808345960337476e+02
5.734004559543635696e+04 3.310333418463380076e+04 1.707025279412434315e+02
5.734004987706915563e+04 3.312526466128553875e+04 1.708679253510765363e+02
5.734005415870196157e+04 3.317032661072278279e+04 1.709957778891928228e+02
5.734005844033476751e+04 3.330390942261127930e+04 1.712141548499277803e+02
5.734006272196756618e+04 3.303555446294989088e+04 1.708386503761196877e+02
5.734006700360037212e+04 3.347030777410534211e+04 1.715789605130068765e+02
5.734007128523317078e+04 3.320100209654555510e+04 1.711681541248280212e+02
5.734007556686597673e+04 3.288100899890103028e+04 1.706211162481442329e+02
5.734007984849878267e+04 3.345454250070538546e+04 1.716232865550198596e+02
5.734008413013158133e+04 3.316259157439267437e+04 1.710306663043753588e+02
5.734008841176438727e+04 3.296140069998313265e+04 1.706232569211942973e+02
5.734009269339718594e+04 3.307347814414098684e+04 1.708486915613486303e+02
5.734009697502999188e+04 3.316873147189950396e+04 1.710456968044095163e+02
5.734010125666279782e+04 3.323293563327597076e+04 1.711203442348965496e+02
5.734010553829559649e+04 3.316838092652992054e+04 1.709165585901324107e+02
5.734010981992840243e+04 3.382307773964248190e+04 1.721924786054246113e+02
5.734011410156120110e+04 3.422527322631829884e+04 1.729582349780266384e+02
5.734011838319400704e+04 3.428509718080589664e+04 1.729966339212117816e+02
5.734012266482681298e+04 3.447302872948386357e+04 1.732142680869837648e+02
5.734012694645961164e+04 3.464339822672816081e+04 1.736454462419522997e+02
5.734013122809241759e+04 3.467319926985795610e+04 1.736382735292138761e+02
5.734013550972521625e+04 3.487776895806328685e+04 1.738922917560923622e+02
5.734013979135802219e+04 3.473518965617223876e+04 1.735791165842274495e+02
5.734014407299082086e+04 3.427917803213553270e+04 1.727394014093757733e+02
5.734014835462362680e+04 3.429121033191349852e+04 1.727049356345182787e+02
5.734015263625643274e+04 3.434069387733135954e+04 1.726757407231964692e+02
5.734015691788923141e+04 3.448636413582630485e+04 1.731221251636445686e+02
5.734016119952203735e+04 3.434540844418718189e+04 1.729608952202309808e+02
5.734016548115483602e+04 3.460228933678905742e+04 1.733892678015880051e+02
5.734016976278764196e+04 3.459324152243533172e+04 1.733862934121444823e+02
5.734017404442044790e+04 3.425054024309141096e+04 1.727645140109197825e+02
5.734017832605324656e+04 3.427620572594112309e+04 1.727737495555176110e+02
5.734018260768605251e+04 3.444360819560455275e+04 1.731190412687661251e+02
5.734018688931885117e+04 3.462775862913132005e+04 1.732955316287493304e+02
5.734019117095165711e+04 3.453224184230534593e+04 1.731768132427277749e+02
5.734019545258446306e+04 3.427523054362204130e+04 1.728156521028352017e+02
5.734019973421726172e+04 3.446103544620722823e+04 1.729345704489015532e+02
5.734020401585006766e+04 3.413155326345092908e+04 1.724102118726251263e+02
5.734020829748286633e+04 3.426496798247146944e+04 1.726224135757479985e+02
5.734021257911567227e+04 3.438029571222467348e+04 1.729664263938586259e+02
5.734021686074847821e+04 3.461205749699754233e+04 1.733071095336523513e+02
5.734022114238127688e+04 3.475013857254749746e+04 1.735040555891496581e+02
5.734022542401408282e+04 3.458388757325102051e+04 1.731812411129668590e+02
5.734022970564688148e+04 3.454508171184225648e+04 1.730206045606040561e+02
5.734023398727968743e+04 3.461716677135460486e+04 1.731839146131642622e+02
5.734023826891248609e+04 3.472275919691552554e+04 1.734812807813303550e+02
5.734024255054529203e+04 3.445989204837256693e+04 1.729266499432428361e+02
5.734024683217809797e+04 3.427794202684974880e+04 1.725742753682613113e+02
5.734025111381089664e+04 3.439857231943614897e+04 1.727419513307548868e+02
5.734025539544370258e+04 3.433059797287818219e+04 1.727196110649628906e+02
5.734025967707650125e+04 3.458848854983606725e+04 1.731402910856738799e+02
5.734026395870930719e+04 3.458004794770935405e+04 1.731356164587606656e+02
5.734026824034211313e+04 3.455660365565550455e+04 1.731315144086826479e+02
5.734027252197491180e+04 3.457046131125437387e+04 1.731697555353399025e+02
5.734027680360771774e+04 3.447528678494313499e+04 1.728595229267725131e+02
5.734028108524051640e+04 3.441216408953304926e+04 1.727279258757661466e+02
5.734028536687332235e+04 3.468313574100843834e+04 1.733474800580829651e+02
5.734028964850612829e+04 3.467442587806528900e+04 1.733876829851590458e+02
5.734029393013892695e+04 3.498209846535791439e+04 1.738830991852667864e+02
5.734029821177173289e+04 3.498910262047035212e+04 1.738964261103496938e+02
5.734030249340453156e+04 3.500956504142820631e+04 1.737688647144489380e+02
5.734030677503733750e+04 3.513854116470523877e+04 1.740516507450184349e+02
5.734031105667013617e+04 3.548431376605374680e+04 1.746473726161284503e+02
5.734031533830294211e+04 3.559024008168367436e+04 1.747604049247250089e+02
5.734031961993574805e+04 3.519016019375687756e+04 1.739906981008746811e+02
5.734032390156854672e+04 3.518266787060198840e+04 1.739462189176403513e+02
5.734032818320135266e+04 3.496248949019817519e+04 1.735479009620488000e+02
5.734033246483415132e+04 3.468314396196103189e+04 1.731830589877401962e+02
5.734033674646695727e+04 3.482218717197188380e+04 1.735977756894639299e+02
5.734034102809976321e+04 3.525138836184850516e+04 1.742047319752263945e+02
5.734034530973256187e+04 3.534951332052020007e+04 1.741576238955673261e+02
5.734034959136536781e+04 3.509226974596422224e+04 1.738029737840748510e+02
5.734035387299816648e+04 3.499386366663056833e+04 1.735346673898752101e+02
5.734035815463097242e+04 3.501379900825882942e+04 1.735765745127862090e+02
5.734036243626377836e+04 3.512226873033367156e+04 1.738218913817926534e+02
5.734036671789657703e+04 3.490128444051189581e+04 1.734105096453642432e+02
5.734037099952938297e+04 3.474425351130199851e+04 1.730588578726594733e+02
5.734037528116218164e+04 3.473030019654621719e+04 1.730429654319930535e+02
5.734037956279498758e+04 3.483140619280382089e+04 1.732335977681847226e+02
5.734038384442779352e+04 3.454225187936685688e+04 1.727727943643448896e+02
5.734038812606059219e+04 3.469531991001989081e+04 1.729888520506796965e+02
5.734039240769339813e+04 3.474697638475652639e+04 1.730213191375224540e+02
5.734039668932619679e+04 3.438600971376166854e+04 1.724922584336569571e+02
5.734040097095900273e+04 3.462458659040757630e+04 1.729584494255147433e+02
5.734040525259180140e+04 3.483142231143395475e+04 1.732375632330774522e+02
5.734040953422460734e+04 3.459408272815050441e+04 1.728231941082697745e+02
5.734041381585741328e+04 3.447450426976849121e+04 1.726696900464974362e+02
5.734041809749021195e+04 3.456472684277948429e+04 1.728007249980449558e+02
5.734042237912301789e+04 3.432176828194606060e+04 1.724639152595260896e+02
5.734042666075581656e+04 3.435240083738157409e+04 1.725049639542283728e+02
5.734043094238862250e+04 3.431557796955367667e+04 1.723475405876041862e+02
5.734043522402142844e+04 3.418633075977697445e+04 1.721402121101371563e+02
5.734043950565422710e+04 3.400031317550720996e+04 1.718524486305605876e+02
5.734044378728703305e+04 3.410079951545919175e+04 1.719602649587860697e+02
5.734044806891983171e+04 3.412980104526284413e+04 1.720293984847406534e+02
5.734045235055263765e+04 3.419677779645282135e+04 1.722420380019165975e+02
5.734045663218544360e+04 3.402190785754121316e+04 1.718860423944020113e+02
5.734046091381824226e+04 3.414397056904366036e+04 1.720343829170700758e+02
5.734046519545104820e+04 3.432159657095935836e+04 1.724171804363425338e+02
5.734046947708384687e+04 3.425229601016914239e+04 1.722421810872298238e+02
5.734047375871665281e+04 3.412001566093786096e+04 1.723301549593066397e+02
5.734047804034945875e+04 3.418288754357275320e+04 1.721638759166253578e+02
5.734048232198225742e+04 3.426005070454792440e+04 1.721936106409632146e+02
5.734048660361506336e+04 3.409730734130261408e+04 1.719555901247657630e+02
5.734049088524786202e+04 3.415591558281339530e+04 1.721278491297879896e+02
5.734049516688066797e+04 3.402071864850475686e+04 1.717567968352328194e+02
5.734049944851346663e+04 3.408992526344589714e+04 1.719627145865144371e+02
5.734050373014627257e+04 3.374664429987309995e+04 1.714044186365326254e+02
5.734050801177907852e+04 3.342827251268880354e+04 1.708618077561322934e+02
5.734051229341187718e+04 3.341104104385174287e+04 1.707503103530413853e+02
5.734051657504468312e+04 3.334300335897208424e+04 1.706750895242183503e+02
5.734052085667748179e+04 3.360974009275357821e+04 1.710280455445166581e+02
5.734052513831028773e+04 3.330666941636311822e+04 1.705291785194071963e+02
5.734052941994309367e+04 3.312366336855985719e+04 1.701668803218663015e+02
5.734053370157589234e+04 3.316457083460503782e+04 1.703102199500011125e+02
5.734053798320869828e+04 3.281876264502760023e+04 1.696647880637174524e+02
5.734054226484149694e+04 3.270867840373930085e+04 1.693848189942805220e+02
5.734054654647430289e+04 3.305930287476888770e+04 1.700692685486664857e+02
5.734055082810710883e+04 3.326180447853456280e+04 1.703889164421703981e+02
5.734055510973990749e+04 3.328597674783801631e+04 1.703716807774277981e+02
5.734055939137271343e+04 3.302332702771389449e+04 1.699745572121044290e+02
5.734056367300551210e+04 3.326146644782178919e+04 1.704312422219457801e+02
5.734056795463831804e+04 3.335904413331647083e+04 1.705533904422742921e+02
5.734057223627112398e+04 3.321747874711004988e+04 1.704165038370253455e+02
5.734057651790392265e+04 3.288381480774561351e+04 1.697500623082663935e+02
5.734058079953672859e+04 3.288549664103768009e+04 1.697572984151374840e+02
5.734058508116952726e+04 3.322134434808630613e+04 1.703318352177916495e+02
5.734058936280233320e+04 3.310534594979932444e+04 1.699924299173340216e+02
5.734059364443513186e+04 3.318072338208677684e+04 1.703076599315358237e+02
5.734059792606793781e+04 3.329289025002355629e+04 1.705209511542690279e+02
5.734060220770074375e+04 3.290422281466453569e+04 1.697165247419120533e+02
5.734060648933354241e+04 3.344626429405871750e+04 1.695733253926624968e+02
5.734061077096634835e+04 3.410204888968279556e+04 1.677950342185404509e+02
5.734061505259914702e+04 1.678277973570023460e+04 1.361012706254490467e+02
5.734061933423195296e+04 2.738196323383407071e+04 1.561517025370161491e+02
5.734062361586475890e+04 3.461929425363252085e+04 1.695936029596512640e+02
5.734062789749755757e+04 3.306270259134318621e+04 1.699313716117910644e+02
5.734063217913036351e+04 3.323039763009796297e+04 1.702165728018991047e+02
5.734063646076316218e+04 3.303931127889474737e+04 1.699689979065958028e+02
5.734064074239596812e+04 3.303930489879372180e+04 1.699317728421008837e+02
5.734064502402877406e+04 3.297911452477503190e+04 1.698341745234531857e+02
5.734064930566157273e+04 3.295829966776746733e+04 1.697840481237560937e+02
5.734065358729437867e+04 3.295840384064058890e+04 1.697775803137831758e+02
5.734065786892717733e+04 3.305425938613731705e+04 1.698897037831818011e+02
5.734066215055998327e+04 3.287789523869039840e+04 1.695670738907481621e+02
5.734066643219278922e+04 3.304601995107468974e+04 1.698079957479849043e+02
5.734067071382558788e+04 3.282301945348409208e+04 1.693792904093576510e+02
5.734067499545839382e+04 3.279273063034498045e+04 1.694132194719890379e+02
5.734067927709119249e+04 3.235693081644667836e+04 1.687829851180170806e+02
5.734068355872399843e+04 3.253654064294954151e+04 1.689206291083882263e+02
5.734068784035679710e+04 3.225513470896188301e+04 1.683655232143458420e+02
5.734069212198960304e+04 3.216140967444981288e+04 1.684284875523331664e+02
5.734069640362240898e+04 3.251896402693200798e+04 1.690450303635068963e+02
5.734070068525520765e+04 3.279551212873708573e+04 1.694818864808846399e+02
5.734070496688801359e+04 3.260920429293587222e+04 1.692542130914739857e+02
5.734070924852081225e+04 3.266690115290884569e+04 1.693097233429320170e+02
5.734071353015361819e+04 3.258239752538906760e+04 1.691430021073146577e+02
5.734071781178642414e+04 3.222517952962998970e+04 1.683942008074772048e+02
5.734072209341922280e+04 3.238856336770255075e+04 1.686710354380655019e+02
5.734072637505202874e+04 3.253623529947952193e+04 1.688903018015043358e+02
5.734073065668482741e+04 3.248785831013601273e+04 1.688894799697600035e+02
5.734073493831763335e+04 3.270086906209096924e+04 1.693639340637751047e+02
5.734073921995043929e+04 3.263973431755086494e+04 1.692339599594048423e+02
5.734074350158323796e+04 3.307911122994471225e+04 1.699747229555814840e+02
5.734074778321604390e+04 3.290496813036904496e+04 1.696839212501083409e+02
5.734075206484884256e+04 3.326231223098522605e+04 1.703695521051115236e+02
5.734075634648164851e+04 3.302329043638396251e+04 1.699339086900691882e+02
5.734076062811445445e+04 3.314036801726729027e+04 1.701406990686926974e+02
5.734076490974725311e+04 3.286740003057732247e+04 1.697609160218817408e+02
5.734076919138005906e+04 3.283537551321519277e+04 1.697054143584062729e+02
5.734077347301285772e+04 3.297871028353685688e+04 1.699319235607949565e+02
5.734077775464566366e+04 3.281915026373711589e+04 1.695461087171420616e+02
5.734078203627846233e+04 3.263801271679199272e+04 1.692926811214955478e+02
5.734078631791126827e+04 3.269622084572443418e+04 1.693854665509135771e+02
5.734079059954407421e+04 3.286678962349778158e+04 1.697208999697620015e+02
5.734079488117687288e+04 3.297813831499949447e+04 1.698690480174169011e+02
5.734079916280967882e+04 3.256600595397392681e+04 1.691598093415137498e+02
5.734080344444247748e+04 3.262480699272801576e+04 1.694017631358964024e+02
5.734080772607528343e+04 3.293293277337043401e+04 1.698143583627703777e+02
5.734081200770808937e+04 3.268186651003808220e+04 1.694287585876100763e+02
5.734081628934088803e+04 3.276393309794324887e+04 1.695642194651104262e+02
5.734082057097369398e+04 3.314071438062358357e+04 1.701363253173699945e+02
5.734082485260649264e+04 3.328227084736531833e+04 1.705507426951230912e+02
5.734082913423929858e+04 3.332584063325489842e+04 1.706307922624912976e+02
5.734083341587210452e+04 3.330971727077270771e+04 1.705789182433181281e+02
5.734083769750490319e+04 3.347421543856714561e+04 1.707845795827765869e+02
5.734084197913770913e+04 3.341433398025703355e+04 1.706274320801544206e+02
5.734084626077050780e+04 3.359809801581492502e+04 1.709731235485160710e+02
5.734085054240331374e+04 3.336075752031008597e+04 1.706024667970687290e+02
5.734085482403611968e+04 3.354055785154684418e+04 1.709586868683053353e+02
5.734085910566891835e+04 3.369904465447597613e+04 1.711864094787443946e+02
5.734086338730172429e+04 3.364695506692097115e+04 1.711242106341879889e+02
5.734086766893452295e+04 3.369185513871682633e+04 1.711635773938737657e+02
5.734087195056732889e+04 3.341115530200935609e+04 1.705689828789249987e+02
5.734087623220012756e+04 3.382449988519940962e+04 1.715228098457182284e+02
5.734088051383293350e+04 3.393746545620536926e+04 1.716771480033632145e+02
5.734088479546573944e+04 3.386757399470898963e+04 1.715330591906349014e+02
5.734088907709853811e+04 3.517231001180279418e+04 1.739197073257567467e+02
5.734089335873134405e+04 3.407495299003206310e+04 1.718120137945125521e+02
5.734089764036414272e+04 3.321228816908753652e+04 1.702388997979250860e+02
5.734090192199694866e+04 3.349926400706634013e+04 1.708305754159086405e+02
5.734090620362975460e+04 3.358357949886250572e+04 1.709559511830458973e+02
5.734091048526255327e+04 3.364086860564512608e+04 1.710905057897915924e+02
5.734091476689535921e+04 3.353162665575850406e+04 1.708856877475705858e+02
5.734091904852815787e+04 3.342580353371091769e+04 1.707578808131642916e+02
5.734092333016096381e+04 3.353625651196324907e+04 1.708763265012523789e+02
5.734092761179376976e+04 3.351216093312411249e+04 1.708752130512271492e+02
5.734093189342656842e+04 3.390872055373834883e+04 1.714727707107886374e+02
5.734093617505937436e+04 3.376470705991754949e+04 1.711805665678786283e+02
5.734094045669217303e+04 3.381410435184164089e+04 1.712922384746764806e+02
5.734094473832497897e+04 3.350457319609622937e+04 1.706751097678319695e+02
5.734094901995778491e+04 3.362800121839132044e+04 1.709350260433518542e+02
5.734095330159058358e+04 3.409480004756273411e+04 1.717035175759335743e+02
5.734095758322338952e+04 3.398981004070876224e+04 1.714025754755709841e+02
5.734096186485618819e+04 3.355664303803945950e+04 1.706630759643147428e+02
5.734096614648899413e+04 3.336317001902616175e+04 1.703076899060090454e+02
5.734097042812179279e+04 3.350076029622404894e+04 1.704803318059128969e+02
5.734097470975459873e+04 3.371682524628638930e+04 1.709964743079905816e+02
5.734097899138740468e+04 3.349279465738561703e+04 1.705547042506178741e+02
5.734098327302020334e+04 3.380770841689703957e+04 1.711557700233519768e+02
5.734098755465300928e+04 3.384045457653988706e+04 1.711277496220776015e+02
5.734099183628580795e+04 3.394095798858607304e+04 1.714103044890974843e+02
5.734099611791861389e+04 3.360473603099386673e+04 1.706626032780200148e+02
5.734100039955141983e+04 3.341812415636811056e+04 1.704499349420257204e+02
5.734100468118421850e+04 3.342933449474871304e+04 1.703791376679329517e+02
5.734100896281702444e+04 3.280209943526815914e+04 1.692414895862358719e+02
5.734101324444982311e+04 3.276798641132137709e+04 1.691837050728287863e+02
5.734101752608262905e+04 3.260724062791340111e+04 1.690019992393356176e+02
5.734102180771543499e+04 3.273528296399996543e+04 1.691948104041797194e+02
5.734102608934823365e+04 3.254478877776899026e+04 1.688473887459591936e+02
5.734103037098103960e+04 3.259015576854619576e+04 1.689301094120135076e+02
5.734103465261383826e+04 3.269134906004255390e+04 1.691078144346288070e+02
5.734103893424664420e+04 3.261763000841590838e+04 1.688387821649619127e+02
5.734104321587945014e+04 3.295457345584276482e+04 1.695755917017609420e+02
5.734104749751224881e+04 3.293974515870312462e+04 1.695826201438676435e+02
5.734105177914505475e+04 3.264265780208313663e+04 1.690402460990517000e+02
5.734105606077785342e+04 3.287777935762210109e+04 1.694918387399140727e+02
5.734106034241065936e+04 3.268161799359150609e+04 1.691328325575572649e+02
5.734106462404345802e+04 3.247199440616536594e+04 1.687273196988691097e+02
5.734106890567626397e+04 3.256325372131980112e+04 1.688707424207701706e+02
5.734107318730906991e+04 3.250800361533579053e+04 1.686866100057592917e+02
5.734107746894186857e+04 3.266611754223030584e+04 1.690521765038774618e+02
5.734108175057467452e+04 3.259504200537045108e+04 1.688645807828490888e+02
5.734108603220747318e+04 3.254156723284391774e+04 1.689050442013556790e+02
5.734109031384027912e+04 3.258431538417753836e+04 1.690099502641691913e+02
