5.745938235379999969e+04 1.599315480302332253e+04 1.027634783246375747e+02
5.745938235880333377e+04 1.613687582538340939e+04 1.031947278800871572e+02
5.745938236380666058e+04 1.572541801637458047e+04 1.019591491924800835e+02
5.745938236880999466e+04 1.548714084382415058e+04 1.012112841637922429e+02
5.745938237381332146e+04 1.586704769543057591e+04 1.023852632897464900e+02
5.745938237881665555e+04 1.666116755786550857e+04 1.047839585723168625e+02
5.745938238381998235e+04 1.715130133695846234e+04 1.062362431287950244e+02
5.745938238882331643e+04 1.672994200166870360e+04 1.050099487853755278e+02
5.745938239382664324e+04 1.575449209451666684e+04 1.020502791421812816e+02
5.745938239882997732e+04 1.507467379005854309e+04 9.990564503613434510e+01
5.745938240383330412e+04 1.504990591723750003e+04 9.983576363138834608e+01
5.745938240883663821e+04 1.559642226180567741e+04 1.015764021879174948e+02
5.745938241383996501e+04 1.610539480137355531e+04 1.031232699908827044e+02
5.745938241884329909e+04 1.629684886009630100e+04 1.037125739340419130e+02
5.745938242384662590e+04 1.663962299568411981e+04 1.047520915273308191e+02
5.745938242884995998e+04 1.726993537074726555e+04 1.066011598671935729e+02
5.745938243385329406e+04 1.716529471945195837e+04 1.062918192408579756e+02
5.745938243885662087e+04 1.676387410750158597e+04 1.051036646273847026e+02
5.745938244385995495e+04 1.644279561784990074e+04 1.041415196937092702e+02
5.745938244886328175e+04 1.717761628692935483e+04 1.063125287060220927e+02
5.745938245386661583e+04 1.769790399892204732e+04 1.078347583071210494e+02
5.745938245886994264e+04 1.731258810430363155e+04 1.067065485079894103e+02
5.745938246387327672e+04 1.649842336219602657e+04 1.043072463501444673e+02
5.745938246887660353e+04 1.645401645652090156e+04 1.041631922417445111e+02
5.745938247387993761e+04 1.677553272256084892e+04 1.051468973244266607e+02
5.745938247888326441e+04 1.661289818799211571e+04 1.046389949343342494e+02
5.745938248388659849e+04 1.646157596178183667e+04 1.041958712403475857e+02
5.745938248888992530e+04 1.691070034641152961e+04 1.055600500911631485e+02
5.745938249389325938e+04 1.745341714136368682e+04 1.071347083249181082e+02
5.745938249889658618e+04 1.741457253551765825e+04 1.070163419827516407e+02
5.745938250389992027e+04 1.709514133520172982e+04 1.060611547143119111e+02
5.745938250890325435e+04 1.616935460758943555e+04 1.033190602597410646e+02
5.745938251390658115e+04 1.530211434657143582e+04 1.006756641232418445e+02
5.745938251890991523e+04 1.502719235086525077e+04 9.979820585830206880e+01
5.745938252391324204e+04 1.565111637567550133e+04 1.017297430344965079e+02
5.745938252891657612e+04 1.692839800908351754e+04 1.055990685802230900e+02
5.745938253391990293e+04 1.759174436695519398e+04 1.075365451902869012e+02
5.745938253892323701e+04 1.696238702650141204e+04 1.056690239917904535e+02
5.745938254392656381e+04 1.605124734841314239e+04 1.029488217997678134e+02
5.745938254892989789e+04 1.581835052743809865e+04 1.022466235788948268e+02
5.745938255393322470e+04 1.599722475948174724e+04 1.027956124214552176e+02
5.745938255893655878e+04 1.647485541793741868e+04 1.042455183271043779e+02
5.745938256393988559e+04 1.699020685159648201e+04 1.057868182325463380e+02
5.745938256894321967e+04 1.715831637295125984e+04 1.062772908911965288e+02
5.745938257394654647e+04 1.688843120776541036e+04 1.054726179309338647e+02
5.745938257894988055e+04 1.613977363839036661e+04 1.032501191480899081e+02
5.745938258395320736e+04 1.553570297473654500e+04 1.014050755188737014e+02
5.745938258895654144e+04 1.558450317292048385e+04 1.015439520369023967e+02
5.745938259395987552e+04 1.580385895893668931e+04 1.022211193061965133e+02
5.745938259896320233e+04 1.625469700866048515e+04 1.035914695700012658e+02
5.745938260396653641e+04 1.695025315552120446e+04 1.056328975918253690e+02
5.745938260896986321e+04 1.744217889258470677e+04 1.071020813725612584e+02
5.745938261397319729e+04 1.733905331055449642e+04 1.067894852996401767e+02
5.745938261897652410e+04 1.713105734153221783e+04 1.061643343922527265e+02
5.745938262397985818e+04 1.693917459647863143e+04 1.056152268351456200e+02
5.745938262898318499e+04 1.645533490723600698e+04 1.041805151570891894e+02
5.745938263398651907e+04 1.654605003346586091e+04 1.044758594129251037e+02
5.745938263898984587e+04 1.685909140297615522e+04 1.054080402525555940e+02
5.745938264399317995e+04 1.658347436053913771e+04 1.045614300437064657e+02
5.745938264899650676e+04 1.620026458797005216e+04 1.033871679829130983e+02
5.745938265399984084e+04 1.630089246811976591e+04 1.037133146110107731e+02
5.745938265900316765e+04 1.657152030714872672e+04 1.045467532111365472e+02
5.745938266400650173e+04 1.639645500150934095e+04 1.040041623433186260e+02
5.745938266900983581e+04 1.645670579015079784e+04 1.041918661512415412e+02
5.745938267401316261e+04 1.652131973113294589e+04 1.043662893755985124e+02
5.745938267901649670e+04 1.678483741932061821e+04 1.051670957442994023e+02
5.745938268401982350e+04 1.649538394910665011e+04 1.042672269933915885e+02
5.745938268902315758e+04 1.617734768333608554e+04 1.033325857499292511e+02
5.745938269402648439e+04 1.644717797727927973e+04 1.041663549004655209e+02
5.745938269902981847e+04 1.684328354846873845e+04 1.053292543020409084e+02
5.745938270403314527e+04 1.661782074715262570e+04 1.046470480915162398e+02
5.745938270903647935e+04 1.624012945931042668e+04 1.035242055693388323e+02
5.745938271403980616e+04 1.572042714909051938e+04 1.019302390497804538e+02
5.745938271904314024e+04 1.555588601783396734e+04 1.014246313864065456e+02
5.745938272404646705e+04 1.601268508656443191e+04 1.028220016252977871e+02
5.745938272904980113e+04 1.633012601957056722e+04 1.037851716584905262e+02
5.745938273405312793e+04 1.607034314770150741e+04 1.030091624379789721e+02
5.745938273905646201e+04 1.622229650227688398e+04 1.034720667435962298e+02
5.745938274405979610e+04 1.649515345377171980e+04 1.042764184184600254e+02
5.745938274906312290e+04 1.640860034603382519e+04 1.040385313588464555e+02
5.745938275406645698e+04 1.575246780427376871e+04 1.020734857609390360e+02
5.745938275906978379e+04 1.528092070434470770e+04 1.006067487550095052e+02
5.745938276407311787e+04 1.610165232384093906e+04 1.031108111269965235e+02
5.745938276907644467e+04 1.723355533639842906e+04 1.064768576939756883e+02
5.745938277407977876e+04 1.726875258484912047e+04 1.065556913473820941e+02
5.745938277908310556e+04 1.699208703275545849e+04 1.057549472526877565e+02
5.745938278408643964e+04 1.626643535670811616e+04 1.036060739835480575e+02
5.745938278908976645e+04 1.561560919826865938e+04 1.016229684585227346e+02
5.745938279409310053e+04 1.496540748656476353e+04 9.960226617844391228e+01
5.745938279909642733e+04 1.457262030471907929e+04 9.834984115289768170e+01
5.745938280409976142e+04 1.490095481097119045e+04 9.939396175588824178e+01
5.745938280910308822e+04 1.526508335266439462e+04 1.005433633157513071e+02
5.745938281410642230e+04 1.567688801794072242e+04 1.018130256140018588e+02
5.745938281910975638e+04 1.651048215870206695e+04 1.043089412617497800e+02
5.745938282411308319e+04 1.749518661899075960e+04 1.072514423074511853e+02
5.745938282911641727e+04 1.780969716399625031e+04 1.081659480068274632e+02
5.745938283411974407e+04 1.755595755099639791e+04 1.074405517288796545e+02
5.745938283912307816e+04 1.738633439929914312e+04 1.069535274097003423e+02
5.745938284412640496e+04 1.729039215718891137e+04 1.066482935427036409e+02
5.745938284912973904e+04 1.719742693644824612e+04 1.063735458900201252e+02
5.745938285413306585e+04 1.657737408565355145e+04 1.045404003076719448e+02
5.745938285913639993e+04 1.628040365072623899e+04 1.036265824782889240e+02
5.745938286413972673e+04 1.654430450037774790e+04 1.044503150949693122e+02
5.745938286914306082e+04 1.655844672552676639e+04 1.044887259894896800e+02
5.745938287414638762e+04 1.625683770675275628e+04 1.035627850880552785e+02
5.745938287914972170e+04 1.572135837308217560e+04 1.019171881820857521e+02
5.745938288415304851e+04 1.559538886108909355e+04 1.015330794464498041e+02
5.745938288915638259e+04 1.560363756569040561e+04 1.015697712071987411e+02
5.745938289415970939e+04 1.620303655367095962e+04 1.033932447024339183e+02
5.745938289916304348e+04 1.728684093881501394e+04 1.066428276240818178e+02
5.745938290416637756e+04 1.777969865416140965e+04 1.080568920453097945e+02
5.745938290916970436e+04 1.786766021620707397e+04 1.082948255500124475e+02
5.745938291417303844e+04 1.789164424363445869e+04 1.083774818865085763e+02
5.745938291917636525e+04 1.792438204342854442e+04 1.084697675525892748e+02
5.745938292417969933e+04 1.720768702013323491e+04 1.063974026575753840e+02
5.745938292918302614e+04 1.657010399167735886e+04 1.045022864728409075e+02
5.745938293418636022e+04 1.602625890577333848e+04 1.028652650647211857e+02
5.745938293918968702e+04 1.469010913529058416e+04 9.873430339314971604e+01
5.745938294419302110e+04 1.299127016337536952e+04 9.318266036693094634e+01
5.745938294919634791e+04 1.074879339346746019e+04 8.527918587808829898e+01
5.745938295419968199e+04 7.852176557969617534e+03 7.394889861100307371e+01
5.745938295920300880e+04 5.617088403372187713e+03 6.380901893751281051e+01
5.745938296420634288e+04 4.215179325665113538e+03 5.651517022657387201e+01
5.745938296920966968e+04 3.554042749133862799e+03 5.271274800899885093e+01
5.745938297421300376e+04 3.210434643812769536e+03 5.064103510159524291e+01
5.745938297921633784e+04 3.093578609918470647e+03 4.988220194247461592e+01
5.745938298421966465e+04 2.997909820114945433e+03 4.930604818973221626e+01
5.745938298922299873e+04 2.992480846263718831e+03 4.927359335350447367e+01
5.745938299422632554e+04 2.984098686616592204e+03 4.921943732990759912e+01
5.745938299922965962e+04 2.819938926056417586e+03 4.817160414878499353e+01
5.745938300423298642e+04 2.838139910069324287e+03 4.830696106550626467e+01
5.745938300923632050e+04 2.835619197746586906e+03 4.826629653977227719e+01
5.745938301423964731e+04 2.829437008463326492e+03 4.817692431065187719e+01
5.745938301924298139e+04 2.866878964636644014e+03 4.841108856272538929e+01
5.745938302424630820e+04 2.838676749481728166e+03 4.828721279115622167e+01
5.745938302924964228e+04 2.807618140433173721e+03 4.811676509109646105e+01
5.745938303425296908e+04 2.844314950683764437e+03 4.834846895116557874e+01
5.745938303925630316e+04 2.858932846058042287e+03 4.837428950413898576e+01
5.745938304425962997e+04 2.812379120034882362e+03 4.808657285554406968e+01
5.745938304926296405e+04 2.810492420819572544e+03 4.808473424899832338e+01
