5.736836582030000136e+04 1.037271264355215862e+04 1.095060151740667607e+02
5.736836582956805796e+04 1.059716539419938817e+04 1.101835631974165892e+02
5.736836583883611456e+04 1.096446878737677980e+04 1.110967819998788144e+02
5.736836584810417116e+04 1.149097565421180116e+04 1.125977097196829959e+02
5.736836585737222049e+04 1.231230839549392113e+04 1.147759661738685253e+02
5.736836586664027709e+04 1.434155607356229302e+04 1.201873870579192669e+02
5.736836587590833369e+04 1.883971022908475425e+04 1.314510994456803417e+02
5.736836588517639029e+04 2.437074327145121060e+04 1.439563995543376507e+02
5.736836589444444689e+04 2.832654970070174022e+04 1.523864529784922865e+02
5.736836590371250350e+04 2.993226937904195074e+04 1.555801273169934689e+02
5.736836591298056010e+04 2.997531457340982524e+04 1.556308369106351392e+02
5.736836592224860942e+04 2.951975670928996988e+04 1.547359422322761873e+02
5.736836593151666602e+04 2.896814547119638883e+04 1.537247703075389325e+02
5.736836594078472262e+04 2.760327422507050142e+04 1.509490467580046982e+02
5.736836595005277923e+04 2.787489191972166373e+04 1.513951682390821816e+02
5.736836595932083583e+04 2.897573388995963614e+04 1.535860093960606321e+02
5.736836596858889243e+04 2.990115036411568872e+04 1.555354228232685614e+02
5.736836597785694903e+04 2.921486935794074816e+04 1.542280491973108951e+02
5.736836598712499836e+04 2.847626774632521119e+04 1.526200445700682167e+02
5.736836599639305496e+04 2.971609332314594212e+04 1.552592207302236602e+02
5.736836600566111156e+04 3.107043566629311681e+04 1.578642682248736833e+02
5.736836601492916816e+04 3.075695579587024258e+04 1.572821223496413836e+02
5.736836602419722476e+04 3.022764968189410502e+04 1.562413566131894243e+02
5.736836603346528136e+04 2.935932031591976920e+04 1.543945389217877562e+02
5.736836604273333069e+04 2.800549965955998778e+04 1.516643056855812119e+02
5.736836605200138729e+04 2.706902389179520105e+04 1.499071143309386116e+02
5.736836606126944389e+04 2.655046259131673287e+04 1.487373156417011160e+02
5.736836607053750049e+04 2.584897252648172071e+04 1.473267697041726194e+02
5.736836607980555709e+04 2.586608441408812359e+04 1.472580887054662924e+02
5.736836608907361369e+04 2.675583810256711149e+04 1.491601296549531810e+02
5.736836609834167029e+04 2.872891249774537209e+04 1.533308207782062595e+02
5.736836610760971962e+04 3.121753070124921942e+04 1.582866927388118086e+02
5.736836611687777622e+04 3.257890680701008387e+04 1.608155801756544747e+02
5.736836612614583282e+04 3.201518094391753039e+04 1.597255166348333262e+02
5.736836613541388942e+04 3.086819970219984316e+04 1.574119394600724888e+02
5.736836614468194603e+04 2.995764965244803534e+04 1.556696131110035708e+02
5.736836615395000263e+04 2.966929584029431498e+04 1.551804609739579917e+02
5.736836616321805923e+04 2.928402876252072747e+04 1.543901155516334427e+02
5.736836617248610855e+04 2.934312886057817013e+04 1.545802866982302533e+02
5.736836618175416515e+04 3.075615601118682753e+04 1.571932703652512942e+02
5.736836619102222176e+04 3.231170293234010387e+04 1.603241550057980191e+02
5.736836620029027836e+04 3.289298201394415082e+04 1.614260691716688996e+02
5.736836620955833496e+04 3.346583523532569234e+04 1.626079461593471933e+02
5.736836621882639156e+04 3.362772563582352450e+04 1.629050181195067921e+02
5.736836622809444816e+04 3.292876360022701556e+04 1.616244216628608115e+02
5.736836623736249749e+04 2.947441811464355487e+04 1.548245015160577509e+02
5.736836624663055409e+04 2.748066659675272604e+04 1.507525475064048806e+02
5.736836625589861069e+04 2.755189339545241091e+04 1.508847211535951942e+02
5.736836626516666729e+04 2.892865377057368460e+04 1.536261244637465211e+02
5.736836627443472389e+04 3.053513805429532295e+04 1.568740723250782878e+02
5.736836628370278049e+04 3.119775637282250682e+04 1.582306414920828672e+02
5.736836629297083709e+04 3.104774940298632282e+04 1.578643324967481476e+02
5.736836630223888642e+04 3.047019744403507866e+04 1.568911885699846493e+02
5.736836631150694302e+04 3.071724948756502272e+04 1.572966977451916080e+02
5.736836632077499962e+04 3.099025707632787453e+04 1.578137846698222688e+02
5.736836633004305622e+04 3.078139066256898514e+04 1.574091165583741940e+02
5.736836633931111282e+04 3.027948222058909596e+04 1.563799403384669233e+02
5.736836634857916943e+04 2.986743364578062028e+04 1.555707659187373224e+02
5.736836635784721875e+04 3.015105934131098911e+04 1.560279277095435475e+02
5.736836636711527535e+04 3.123783626076071960e+04 1.582458081619680854e+02
5.736836637638333195e+04 3.185344595560897142e+04 1.594429340284446539e+02
5.736836638565138855e+04 3.151687789281400910e+04 1.589289521374404046e+02
5.736836639491944516e+04 3.066560137550999207e+04 1.572776555863982253e+02
5.736836640418750176e+04 3.063979837980286538e+04 1.572007367547255399e+02
5.736836641345555836e+04 3.059684414486358946e+04 1.570000716619677235e+02
5.736836642272360768e+04 3.068344646635377649e+04 1.571896446658911088e+02
5.736836643199166429e+04 3.046995341655198717e+04 1.567470421117029673e+02
5.736836644125972089e+04 2.908539951891633973e+04 1.539615571575637034e+02
5.736836645052777749e+04 2.655606735842169292e+04 1.487717002226275156e+02
5.736836645979583409e+04 2.360147111878194482e+04 1.424973793837449705e+02
5.736836646906389069e+04 2.048561430188640952e+04 1.353080549804494979e+02
5.736836647833194729e+04 1.746155135290948965e+04 1.283088296608670760e+02
5.736836648759999662e+04 1.532000175496969678e+04 1.228660235864902006e+02
5.736836649686805322e+04 1.370039102060366531e+04 1.188988382401905000e+02
5.736836650613610982e+04 1.256801111459528329e+04 1.156604683068554635e+02
5.736836651540416642e+04 1.192897939091849730e+04 1.138231113003408694e+02
