5.736347970289999648e+04 2.110274924242008943e+06 1.155599336989795802e+03
5.736347970689657814e+04 2.168128093424500432e+06 1.171139640858558096e+03
5.736347971089315979e+04 2.224526847001047339e+06 1.186093284432406790e+03
5.736347971488974144e+04 2.283778589493160602e+06 1.201602937094123945e+03
5.736347971888632310e+04 2.354951422823513858e+06 1.219972392828909960e+03
5.736347972288290475e+04 2.485310812248015776e+06 1.252919493684654071e+03
5.736347972687947913e+04 2.889294282532682642e+06 1.349924785528040729e+03
5.736347973087606078e+04 2.987622846367234830e+06 1.372498553361540644e+03
5.736347973487264244e+04 3.060176047160151415e+06 1.388919734712951140e+03
5.736347973886922409e+04 3.160538508645213209e+06 1.411320150746547597e+03
5.736347974286580575e+04 3.272640386224227492e+06 1.435927658829003121e+03
5.736347974686238740e+04 3.296359179002669640e+06 1.441080319370391180e+03
5.736347975085896906e+04 3.341413616263794713e+06 1.450817531657538211e+03
5.736347975485555071e+04 3.439081348773676902e+06 1.471704400680907156e+03
5.736347975885213236e+04 3.490274567159524187e+06 1.482534857760417935e+03
5.736347976284871402e+04 3.572728301145608537e+06 1.499814384587641143e+03
5.736347976684529567e+04 3.638854760900113732e+06 1.513529724043294436e+03
5.736347977084187005e+04 3.697786142050174996e+06 1.525648825510431607e+03
5.736347977483845170e+04 3.761533526421982795e+06 1.538650855136973405e+03
5.736347977883503336e+04 3.827030673127688002e+06 1.551896314418203929e+03
5.736347978283161501e+04 3.879064729974761140e+06 1.562339097710297210e+03
5.736347978682819667e+04 3.941488350094412919e+06 1.574775609034191348e+03
5.736347979082477832e+04 3.662077314543512650e+06 1.518316937134567752e+03
5.736347979482135997e+04 3.632009252193346154e+06 1.512115664432070162e+03
5.736347979881794163e+04 3.661186032545375638e+06 1.518133482385807611e+03
5.736347980281452328e+04 3.628590958588977810e+06 1.511409060816465853e+03
5.736347980681110494e+04 3.687323968551778235e+06 1.523504342082706899e+03
5.736347981080768659e+04 3.739152358375329059e+06 1.534098505306807283e+03
5.736347981480426097e+04 3.785356995264055207e+06 1.543481817852103632e+03
5.736347981880084262e+04 3.852303154579405207e+06 1.556977029892261498e+03
5.736347982279742428e+04 3.925877818019331899e+06 1.571674787054269245e+03
5.736347982679400593e+04 4.286263315386035480e+06 1.641768123736196912e+03
5.736347983079058758e+04 4.668555386561810039e+06 nan
5.736347983478716924e+04 4.754620950479453430e+06 1.728619712292796748e+03
5.736347983878375089e+04 4.865311174153145403e+06 1.750591293816066127e+03
5.736347984278033255e+04 4.839365012947159819e+06 1.752567371212820490e+03
5.736347984677691420e+04 5.045213137786097825e+06 1.795414723230824393e+03
5.736347985077349585e+04 5.232349916128574871e+06 1.834299593529980257e+03
5.736347985477007751e+04 5.217343020846654661e+06 1.837896041268375711e+03
5.736347985876665189e+04 5.287032030948813073e+06 1.856085346076519045e+03
5.736347986276323354e+04 5.246902397650422528e+06 1.855642095147646387e+03
5.736347986675981520e+04 5.197677980771025643e+06 1.853810042461567036e+03
5.736347987075639685e+04 5.137809790116535500e+06 1.852144913185915129e+03
5.736347987475297850e+04 5.119282577995339409e+06 1.871914727550301222e+03
5.736347987874956016e+04 5.317942464682701044e+06 1.912510110896421111e+03
5.736347988274614181e+04 5.561216449069072492e+06 1.956799689155063788e+03
5.736347988674272347e+04 5.652235689048220403e+06 1.975747567193748864e+03
5.736347989073930512e+04 5.658817650900162756e+06 1.982830000108335071e+03
5.736347989473588677e+04 5.199943592791462317e+06 1.916953598744765713e+03
5.736347989873246115e+04 5.259097801279825158e+06 1.933359902987582927e+03
5.736347990272904281e+04 5.241463034693074413e+06 1.936038006969570915e+03
5.736347990672562446e+04 5.230380323782147840e+06 1.940855855296220625e+03
5.736347991072220611e+04 5.162908030355959199e+06 1.936209519249968025e+03
5.736347991471878777e+04 4.797157610334714875e+06 1.882380665351066455e+03
5.736347991871536942e+04 4.756234539426119067e+06 1.887118506213472983e+03
5.736347992271195108e+04 4.787330515463482589e+06 1.904086476070879598e+03
5.736347992670853273e+04 4.825983481704831123e+06 1.906998175518439211e+03
5.736347993070511438e+04 4.888909280924865976e+06 1.905054388354553339e+03
5.736347993470169604e+04 4.915959987331409007e+06 1.913737701271184960e+03
5.736347993869827769e+04 4.907081875958686695e+06 1.919469970040302314e+03
5.736347994269485207e+04 4.852337904736340046e+06 1.917613293301794101e+03
5.736347994669143372e+04 4.523987413262626156e+06 1.870228954708734364e+03
5.736347995068801538e+04 4.439827935916500166e+06 1.862395067858674565e+03
5.736347995468459703e+04 4.253485064308477566e+06 1.835385501571015084e+03
5.736347995868117869e+04 4.245822241093977354e+06 1.840406678537851576e+03
5.736347996267776034e+04 4.146137865564670414e+06 1.829978655946144499e+03
5.736347996667434199e+04 4.303146510975297540e+06 1.863516498420637390e+03
5.736347997067092365e+04 4.443521823507062159e+06 1.893704935246163814e+03
5.736347997466750530e+04 4.468294961447773501e+06 1.903872133356996756e+03
5.736347997866408696e+04 4.448304980600577779e+06 1.906638236778269857e+03
5.736347998266066861e+04 4.433560446956062689e+06 1.910353804282148531e+03
5.736347998665724299e+04 4.406169878235640004e+06 1.911426758534526016e+03
5.736347999065382464e+04 4.368336589397035539e+06 1.911579307800514243e+03
5.736347999465040630e+04 4.374947867791975848e+06 1.918904089192021729e+03
5.736347999864698795e+04 4.421393617157152854e+06 1.932525203547387719e+03
5.736348000264356961e+04 4.439035853682409972e+06 1.941249693868782060e+03
5.736348000664015126e+04 4.420597401518166997e+06 1.944169448127719761e+03
5.736348001063673291e+04 4.405215580701200292e+06 1.951133517670900801e+03
5.736348001463331457e+04 4.396945558954135515e+06 1.958470375615184366e+03
5.736348001862989622e+04 4.364131791655076668e+06 1.962324871966506407e+03
5.736348002262647788e+04 4.346457975622450002e+06 1.967830212150259968e+03
5.736348002662305953e+04 4.341374461122940294e+06 1.975117733559684211e+03
5.736348003061963391e+04 4.290051265420755371e+06 1.974693336467655172e+03
5.736348003461621556e+04 4.168262407811439596e+06 1.964308749740742769e+03
5.736348003861279722e+04 6.126501861436158419e+06 2.261976032416953785e+03
5.736348004260937887e+04 1.123027381441715360e+07 2.888240853263577719e+03
5.736348004660596052e+04 1.168457831602028944e+07 2.948349528771678706e+03
5.736348005060254218e+04 1.203959893018154055e+07 2.997714970895248825e+03
5.736348005459912383e+04 1.152551395344350860e+07 2.952045346041145876e+03
5.736348005859570549e+04 1.123036756010522321e+07 2.927765217571833091e+03
5.736348006259228714e+04 1.080695771161233261e+07 2.887834182696216430e+03
5.736348006658886879e+04 1.093131810181036592e+07 2.907117582572362608e+03
5.736348007058545045e+04 1.109118859256106243e+07 2.932219180012167726e+03
5.736348007458202483e+04 1.150908216964207217e+07 2.981271203334912116e+03
5.736348007857860648e+04 1.120447240260238200e+07 2.946065662976893236e+03
5.736348008257518813e+04 1.134737278558689728e+07 2.964558309563907187e+03
5.736348008657176979e+04 1.163855025791680813e+07 3.000950123779306523e+03
5.736348009056835144e+04 1.151846646777125262e+07 2.994221218661087278e+03
5.736348009456493310e+04 1.174583811001551710e+07 3.023681814195369043e+03
5.736348009856151475e+04 1.138531558289401978e+07 2.997512984057268568e+03
5.736348010255809641e+04 1.073665751930152625e+07 2.964459691648891749e+03
5.736348010655467806e+04 5.316431125475749373e+06 2.336266351897586446e+03
5.736348011055125971e+04 3.216903026160072535e+06 2.048946137014610485e+03
5.736348011454784137e+04 3.212000063718722202e+06 2.046576745722378973e+03
5.736348011854441575e+04 3.162439643178731203e+06 2.044427568933593648e+03
5.736348012254099740e+04 3.116661766574407928e+06 2.047219673390593925e+03
5.736348012653757905e+04 3.043742006005083211e+06 2.047736786678511862e+03
5.736348013053416071e+04 3.005216023212281056e+06 2.052548520331665259e+03
5.736348013453074236e+04 2.990409979989370331e+06 2.061463667468058702e+03
5.736348013852732402e+04 2.961816086797306314e+06 2.063818703266300872e+03
5.736348014252390567e+04 2.909207275559354573e+06 2.064669375381383816e+03
5.736348014652048732e+04 2.911333418994063511e+06 2.077628541340769061e+03
5.736348015051706898e+04 3.929393552191913128e+06 2.236214821490066242e+03
5.736348015451365063e+04 4.275826401151444763e+06 2.299991511563651329e+03
5.736348015851023229e+04 4.529082412459643558e+06 2.340372224018201450e+03
5.736348016250680666e+04 4.387589519387590699e+06 2.329156764770442351e+03
5.736348016650338832e+04 4.486210892763548531e+06 2.317161895519963764e+03
5.736348017049996997e+04 4.434234381894003600e+06 2.309023416994667059e+03
5.736348017449655163e+04 4.315004258007172495e+06 2.301716248818150234e+03
5.736348017849313328e+04 4.241267024670514278e+06 2.298283901317327945e+03
5.736348018248971493e+04 4.338760561501920223e+06 2.320115864168307780e+03
5.736348018648629659e+04 4.267144775985691696e+06 2.313260459730282491e+03
5.736348019048287824e+04 4.271024744908931665e+06 2.316213987615200949e+03
5.736348019447945990e+04 4.281871994137478061e+06 2.328315855758338330e+03
5.736348019847604155e+04 4.151945805862948764e+06 2.325175480614736443e+03
5.736348020247262320e+04 3.966461394811780658e+06 2.322294596372957130e+03
5.736348020646919758e+04 3.263544876850251574e+06 2.289108571264594957e+03
5.736348021046577924e+04 2.434400942426539026e+06 2.258555436502922021e+03
5.736348021446236089e+04 2.383942618646622635e+06 2.188039804628233469e+03
5.736348021845894255e+04 2.676246891091526952e+06 2.140663180760316664e+03
5.736348022245552420e+04 2.476680474784661084e+06 2.116339938702723884e+03
5.736348022645210585e+04 2.403063906294463668e+06 2.111958604229811499e+03
5.736348023044868751e+04 2.410528335240949877e+06 2.113353644648900172e+03
5.736348023444526916e+04 2.366121108558671083e+06 2.112146676425189980e+03
5.736348023844185082e+04 2.305967864634657744e+06 2.116654411422790417e+03
5.736348024243843247e+04 2.369683027687959839e+06 2.131316211549908076e+03
5.736348024643500685e+04 2.077388190974057186e+06 2.173401793131261002e+03
5.736348025043158850e+04 2.012733732094387524e+06 2.188746899218246654e+03
5.736348025442817016e+04 1.979863395378615241e+06 2.196650551310179708e+03
5.736348025842475181e+04 2.025683220060559921e+06 2.192778920967115027e+03
5.736348026242133346e+04 1.812430561635382008e+06 2.213493033142429340e+03
5.736348026641791512e+04 1.682461794138513971e+06 2.225804510934957761e+03
5.736348027041449677e+04 1.552620952593583614e+06 2.240783840158768271e+03
5.736348027441107843e+04 1.556959755860001780e+06 2.246866162775032990e+03
5.736348027840766008e+04 1.630481600297016557e+06 2.237231874349461123e+03
5.736348028240424173e+04 1.584508123591945972e+06 2.236345502672556904e+03
5.736348028640082339e+04 1.586380777915902901e+06 2.236306240032923597e+03
5.736348029039739777e+04 1.564632877948088571e+06 2.235277205792751374e+03
5.736348029439397942e+04 1.593989844859704375e+06 2.233221909914426305e+03
5.736348029839056107e+04 1.546674180747664534e+06 2.235987524109278183e+03
5.736348030238714273e+04 1.613258740689281840e+06 2.228181082903542119e+03
5.736348030638372438e+04 1.554440562416503672e+06 2.225451778852542247e+03
5.736348031038030604e+04 1.658543563607492950e+06 2.195404188133014486e+03
5.736348031437688769e+04 1.743924691012758296e+06 2.179815836303534525e+03
5.736348031837346934e+04 1.866067748380837031e+06 2.159647553712242825e+03
5.736348032237005100e+04 1.950586528349472210e+06 2.146621859801930441e+03
5.736348032636663265e+04 1.985689431489277631e+06 2.141477614035443366e+03
5.736348033036321431e+04 2.004091188590782229e+06 2.134664280509884520e+03
5.736348033435978869e+04 2.027385629220482428e+06 2.119776366622239948e+03
5.736348033835637034e+04 2.206228427646727767e+06 2.086631204876258380e+03
5.736348034235295199e+04 2.210621527465450577e+06 2.082660040502466018e+03
5.736348034634953365e+04 2.192403883436336182e+06 2.080712565373535199e+03
5.736348035034611530e+04 2.156767258554490283e+06 2.075898453673534732e+03
5.736348035434269696e+04 2.114430579986625351e+06 2.069212373843849946e+03
5.736348035833927861e+04 2.078462692030078731e+06 2.061926601537744773e+03
5.736348036233586026e+04 2.033041564041658770e+06 2.055511264151896285e+03
5.736348036633244192e+04 1.989848899490154814e+06 2.048877941979500065e+03
5.736348037032902357e+04 1.937669638137453236e+06 2.042154822050580151e+03
5.736348037432560523e+04 1.872839014983172994e+06 2.033499276584114341e+03
5.736348037832217960e+04 1.831498480673295446e+06 2.025344638481977881e+03
5.736348038231876126e+04 1.762751959192757495e+06 2.022457763730934175e+03
5.736348038631534291e+04 1.666676238812847529e+06 2.024023061849880833e+03
5.736348039031192457e+04 1.625620799992931541e+06 2.016435793256257512e+03
5.736348039430850622e+04 1.579480268867509440e+06 2.009628501631978452e+03
5.736348039830508787e+04 1.555913674602132291e+06 2.001957754730806073e+03
