5.736347970289999648e+04 2.872742813412484247e+04 1.672913252768106247e+02
5.736347970588456519e+04 2.882390608225675533e+04 1.674728441537467347e+02
5.736347970886914118e+04 2.873552710655333794e+04 1.675397482384535408e+02
5.736347971185370989e+04 2.880744507584415260e+04 1.675906834717697791e+02
5.736347971483827860e+04 2.885406779845640267e+04 1.676378089981978121e+02
5.736347971782285458e+04 2.895004192886431701e+04 1.678762349933852249e+02
5.736347972080742329e+04 2.876815021872608122e+04 1.675392903479145730e+02
5.736347972379199200e+04 2.889599957781083504e+04 1.677877730608376510e+02
5.736347972677656799e+04 2.898967711600051189e+04 1.680000661101936430e+02
5.736347972976113670e+04 2.884791336267527367e+04 1.675909397725715166e+02
5.736347973274570541e+04 2.871012268594075067e+04 1.675656958129559655e+02
5.736347973573028139e+04 2.869493682197068119e+04 1.674731804242592546e+02
5.736347973871485010e+04 2.873147343011960766e+04 1.675188892426912730e+02
5.736347974169941881e+04 2.880198062055264018e+04 1.676839695386128994e+02
5.736347974468399480e+04 2.875920148481415526e+04 1.675771481504586120e+02
5.736347974766856350e+04 2.868502808415717300e+04 1.673547767074960291e+02
5.736347975065313221e+04 2.890890236489970266e+04 1.677911105384246468e+02
5.736347975363770820e+04 2.911250959362144931e+04 1.681916357307584349e+02
5.736347975662227691e+04 2.882146055180699477e+04 1.676965898955265288e+02
5.736347975960685289e+04 2.879604750218170375e+04 1.677076193863969706e+02
5.736347976259142160e+04 2.896984936405677581e+04 1.679016304375846858e+02
5.736347976557599031e+04 2.881301212220370144e+04 1.677102126021508184e+02
5.736347976856056630e+04 2.890221125288237090e+04 1.678473676394325764e+02
5.736347977154513501e+04 2.904033675525672516e+04 1.681288234033395952e+02
5.736347977452970372e+04 2.933395661221791670e+04 1.686077970436926989e+02
5.736347977751427970e+04 2.959425899002594451e+04 1.691812224322518716e+02
5.736347978049884841e+04 2.954016505159407461e+04 1.690236211239887893e+02
5.736347978348341712e+04 2.952697290601568602e+04 1.689657453856221707e+02
5.736347978646799311e+04 2.971557490151368984e+04 1.693412353387837754e+02
5.736347978945256182e+04 2.922755416679221889e+04 1.685290632813883178e+02
5.736347979243713053e+04 2.960387463216122705e+04 1.693746197447564441e+02
5.736347979542170651e+04 2.976138019983277627e+04 1.694601831845733102e+02
5.736347979840627522e+04 2.962007154566418467e+04 1.692174866284834138e+02
5.736347980139084393e+04 2.936219009775161248e+04 1.688272600792660683e+02
5.736347980437541992e+04 2.932418904903184375e+04 1.686923557401138396e+02
5.736347980735998863e+04 2.951886201059831365e+04 1.690982904787493339e+02
5.736347981034455734e+04 2.972540307226142613e+04 1.695762934256410404e+02
5.736347981332913332e+04 2.964436689804696653e+04 1.692559581982437464e+02
5.736347981631370203e+04 2.983113158224343715e+04 1.696956838518643735e+02
5.736347981929827074e+04 2.963249799065889965e+04 1.692662603647985975e+02
5.736347982228284673e+04 2.981878677988567506e+04 1.696585500724695805e+02
5.736347982526741544e+04 2.974647888145639808e+04 1.694794139433506643e+02
5.736347982825198415e+04 2.972748344043931138e+04 1.695519222897218867e+02
5.736347983123656013e+04 2.949205281333885432e+04 1.690699396210618488e+02
5.736347983422112884e+04 2.958174235047674301e+04 1.691941376649117785e+02
5.736347983720569755e+04 2.957261389969067750e+04 1.693041773958739213e+02
5.736347984019027353e+04 2.980783555010654527e+04 1.696811179991694303e+02
5.736347984317484224e+04 2.976949821862600220e+04 1.696838110605722250e+02
5.736347984615941095e+04 2.985717411133323185e+04 1.697782602883521861e+02
5.736347984914398694e+04 2.964286477793661106e+04 1.693676212232672071e+02
5.736347985212855565e+04 2.962565051837735882e+04 1.692959989796275693e+02
5.736347985511313163e+04 3.005976161259420769e+04 1.700881803496210694e+02
5.736347985809770034e+04 3.034856333095710215e+04 1.706346993882047798e+02
5.736347986108226905e+04 3.002866060949808161e+04 1.701060987948010279e+02
5.736347986406684504e+04 3.015728449101161823e+04 1.702219115716087003e+02
5.736347986705141375e+04 3.029501411675225972e+04 1.705630367492516086e+02
5.736347987003598246e+04 3.068407136202041875e+04 1.712975954018115772e+02
5.736347987302055844e+04 3.122002830941274442e+04 1.721283175856538890e+02
5.736347987600512715e+04 3.175712275013297767e+04 1.732396205725218294e+02
5.736347987898969586e+04 3.408465253414196195e+04 1.773576310293176448e+02
5.736347988197427185e+04 3.840473441396680573e+04 1.848483581743016941e+02
5.736347988495884056e+04 5.348730929043823562e+04 2.087053993267951739e+02
5.736347988794340927e+04 8.244272132260604121e+04 2.483811974254178949e+02
5.736347989092798525e+04 1.069274172556562989e+05 2.775421411719521529e+02
5.736347989391255396e+04 1.104761102662159392e+05 2.815674028361709702e+02
5.736347989689712267e+04 1.108870418783199129e+05 2.819729264411355985e+02
5.736347989988169866e+04 1.119445364932534721e+05 2.831145767528503256e+02
5.736347990286626737e+04 1.169509962630625523e+05 2.885693605933578283e+02
5.736347990585083608e+04 1.182350389673300233e+05 2.899581231014424816e+02
5.736347990883541206e+04 1.234285738043192541e+05 2.954500765114133287e+02
5.736347991181998077e+04 1.306912462633456162e+05 3.029943189622073874e+02
5.736347991480454948e+04 1.273121692363270267e+05 2.995309047227211181e+02
5.736347991778912547e+04 1.250051121155036235e+05 2.971483878085707602e+02
5.736347992077369418e+04 1.184658038722754281e+05 2.901974934288085706e+02
5.736347992375826288e+04 1.140679240242515807e+05 2.854419069054111446e+02
5.736347992674283887e+04 1.224773947884036752e+05 2.946017544787311522e+02
5.736347992972740758e+04 1.260558175742804306e+05 2.982611643238965939e+02
5.736347993271197629e+04 1.237279219691035250e+05 2.958347708946389503e+02
5.736347993569655227e+04 1.274111016308619292e+05 2.996764504264219227e+02
5.736347993868112098e+04 1.329166067254194350e+05 3.053756455549944349e+02
5.736347994166568969e+04 1.313970766947849770e+05 3.038671457755878009e+02
5.736347994465026568e+04 1.265387359567295207e+05 2.987484884399590328e+02
5.736347994763483439e+04 1.218623719374301727e+05 2.937877572145300746e+02
5.736347995061940310e+04 1.164793192385466682e+05 2.881239535511205645e+02
5.736347995360397908e+04 1.161523577940782707e+05 2.877685814678800966e+02
5.736347995658854779e+04 1.261892880662386015e+05 2.984303293503859891e+02
5.736347995957312378e+04 1.282147726207789383e+05 3.005527653429086854e+02
5.736347996255769249e+04 1.194053724069265591e+05 2.912254582918658343e+02
5.736347996554226120e+04 1.174086383447669505e+05 2.890984972925824650e+02
5.736347996852683718e+04 1.196061487257112603e+05 2.914976337881638528e+02
5.736347997151140589e+04 1.188530579575005249e+05 2.906538339403633699e+02
5.736347997449597460e+04 1.175992296599317779e+05 2.893266513786509790e+02
5.736347997748055059e+04 1.156001457519151299e+05 2.872003559383959441e+02
5.736347998046511930e+04 1.171817030884067644e+05 2.888064651460580876e+02
5.736347998344968801e+04 1.233618412526061293e+05 2.955308703101854348e+02
5.736347998643426399e+04 1.225367047230071039e+05 2.946301730430579369e+02
5.736347998941883270e+04 1.201458495277389593e+05 2.920880560000135233e+02
5.736347999240340141e+04 1.201406709317260247e+05 2.921019338461101711e+02
5.736347999538797740e+04 1.219708068440598581e+05 2.940503829657544088e+02
5.736347999837254611e+04 1.163901692396137514e+05 2.880923606164095077e+02
5.736348000135711482e+04 1.039803732587734266e+05 2.742830545551243517e+02
5.736348000434169080e+04 1.022204943780046160e+05 2.722458395950854424e+02
5.736348000732625951e+04 1.102082453749422129e+05 2.813364081975410045e+02
5.736348001031082822e+04 1.130928521142967220e+05 2.845685645671023281e+02
5.736348001329540421e+04 1.076331907313124684e+05 2.785490251084416968e+02
5.736348001627997292e+04 1.049278585876181169e+05 2.757165768222852762e+02
5.736348001926454162e+04 1.098858882339601987e+05 2.815523868139062529e+02
5.736348002224911761e+04 1.122415334008617210e+05 2.849025568946509566e+02
5.736348002523368632e+04 1.081029340581660217e+05 2.827443044002355350e+02
5.736348002821825503e+04 1.035065814622791222e+05 2.817803369035580090e+02
5.736348003120283101e+04 1.008297029390260432e+05 2.824805304724321218e+02
5.736348003418739972e+04 9.787010915102409490e+04 2.799579646692727692e+02
5.736348003717196843e+04 9.626425111041957280e+04 2.781912985656510955e+02
5.736348004015654442e+04 1.041338264058245113e+05 2.864397417810973252e+02
5.736348004314111313e+04 1.104339524183394824e+05 2.944655987913029094e+02
5.736348004612568184e+04 1.179214289662837109e+05 3.021969010621595544e+02
5.736348004911025782e+04 1.156512386422924465e+05 3.011188466160120925e+02
5.736348005209482653e+04 1.056505896280140150e+05 2.915263044410177713e+02
5.736348005507940252e+04 1.064809201905106893e+05 2.905425344309284696e+02
5.736348005806397123e+04 1.109589161747574108e+05 2.949740444350861708e+02
5.736348006104853994e+04 1.160968508706032444e+05 3.000510585322497263e+02
5.736348006403311592e+04 1.108588812840341416e+05 2.940883833632118467e+02
5.736348006701768463e+04 1.069038520467616181e+05 2.911323338198121178e+02
5.736348007000225334e+04 1.120319784759460599e+05 2.968355581428653522e+02
5.736348007298682933e+04 1.157241906961817003e+05 3.009642582459799200e+02
5.736348007597139804e+04 1.149052981995781593e+05 3.000695165920510590e+02
5.736348007895596675e+04 1.167451671205672901e+05 3.025852494143630338e+02
5.736348008194054273e+04 1.114366336286131118e+05 2.971000058995517747e+02
5.736348008492511144e+04 1.010463279194690112e+05 2.858850909674967511e+02
5.736348008790968015e+04 9.507977109815913718e+04 2.783701997816548896e+02
5.736348009089425614e+04 1.094166057337305538e+05 2.927332794096146245e+02
5.736348009387882485e+04 1.141574314971588901e+05 2.976004816615340474e+02
5.736348009686339356e+04 1.117709805377299199e+05 2.968581921862489708e+02
5.736348009984796954e+04 1.103622870992566750e+05 2.956515701232523270e+02
5.736348010283253825e+04 1.147776314103944751e+05 2.990302963632877891e+02
5.736348010581710696e+04 1.074263345675131277e+05 2.904269511083185193e+02
5.736348010880168295e+04 1.036514577444496972e+05 2.874812471294513898e+02
5.736348011178625165e+04 1.128604791599915334e+05 2.969924703055211808e+02
5.736348011477082036e+04 1.129761516700379434e+05 2.964193391807776266e+02
5.736348011775539635e+04 1.090981403323739360e+05 2.922543683309946232e+02
5.736348012073996506e+04 1.107526653079802782e+05 2.948727799455598415e+02
5.736348012372453377e+04 1.120363509140890528e+05 2.966264050739696927e+02
5.736348012670910975e+04 1.182285013742694719e+05 3.028966331665810685e+02
5.736348012969367846e+04 1.181385818618767225e+05 3.026667218597906981e+02
5.736348013267824717e+04 1.115175020875577175e+05 2.955109995843298520e+02
5.736348013566282316e+04 1.095888686436827993e+05 2.934948600766619506e+02
5.736348013864739187e+04 1.114895558668599697e+05 2.945030923626796380e+02
5.736348014163196058e+04 1.181065941045129730e+05 3.005078834948643589e+02
5.736348014461653656e+04 1.165170810967345751e+05 2.986968291372073168e+02
5.736348014760110527e+04 1.127086605208580440e+05 2.957547600274478441e+02
5.736348015058568126e+04 1.126158713352290069e+05 2.954881646365678307e+02
5.736348015357024997e+04 1.153887198863777739e+05 2.979464020942899651e+02
5.736348015655481868e+04 1.118178947895783349e+05 2.938742117507445073e+02
5.736348015953939466e+04 1.122858981084646366e+05 2.952115712462060060e+02
5.736348016252396337e+04 1.151358088291700842e+05 2.981920864399577908e+02
5.736348016550853208e+04 1.211831822822871472e+05 3.041591826098771776e+02
5.736348016849310807e+04 1.188786948517994460e+05 3.017123746517963241e+02
5.736348017147767678e+04 1.142223865258949518e+05 2.970773282946946665e+02
5.736348017446224549e+04 1.121385150722040999e+05 2.945278825952951252e+02
5.736348017744682147e+04 1.089909524971584469e+05 2.910630721497721538e+02
5.736348018043139018e+04 1.074957310369279294e+05 2.903621372117702890e+02
5.736348018341595889e+04 1.088204735768458486e+05 2.931869094241391167e+02
5.736348018640053488e+04 1.109853191044051346e+05 2.962271673157406440e+02
5.736348018938510359e+04 1.146968480600355397e+05 2.993342042392980602e+02
5.736348019236967230e+04 1.139464770237523189e+05 2.975206771630798244e+02
5.736348019535424828e+04 1.224194852082727739e+05 3.064482037518925495e+02
5.736348019833881699e+04 1.227795312390318140e+05 3.077996644896556973e+02
5.736348020132338570e+04 1.085219861334915913e+05 2.930004148653948164e+02
5.736348020430796169e+04 1.123061582833600842e+05 2.960067466271532908e+02
5.736348020729253039e+04 1.110993674986062542e+05 2.944059915660259890e+02
5.736348021027709910e+04 1.193410853126737784e+05 3.042685481824034355e+02
5.736348021326167509e+04 1.149754489810940868e+05 3.000262719028420406e+02
5.736348021624624380e+04 1.007538121170065860e+05 2.840947647798190019e+02
5.736348021923081251e+04 9.064115625623331289e+04 2.734841993256924866e+02
5.736348022221538849e+04 6.716602914748823969e+04 2.447839774730728095e+02
5.736348022519995720e+04 4.424827042297624575e+04 2.113905453949296600e+02
5.736348022818452591e+04 2.970818135522800003e+04 1.877855228193436687e+02
5.736348023116910190e+04 2.361673500360003891e+04 1.807091799464955955e+02
5.736348023415367061e+04 2.163041274520516163e+04 1.776409299525292909e+02
5.736348023713823932e+04 2.086542676268976356e+04 1.755504198328188181e+02
5.736348024012281530e+04 2.071139958995146662e+04 1.748816156318676462e+02
5.736348024310738401e+04 2.031656200450148754e+04 1.745756864466084721e+02
5.736348024609195272e+04 2.077205229652133858e+04 1.736299335951062233e+02
5.736348024907652871e+04 2.104242103060515728e+04 1.731615109663635224e+02
5.736348025206109742e+04 1.961364307446774183e+04 1.734718908539285849e+02
5.736348025504567340e+04 1.959760876401204223e+04 1.732453857117103269e+02
5.736348025803024211e+04 1.989595097053321660e+04 1.733882183614863379e+02
5.736348026101481082e+04 1.918011026809614486e+04 1.723748998220619626e+02
5.736348026399938681e+04 1.923146097555643428e+04 1.734800298453154710e+02
5.736348026698395552e+04 1.822079926254826569e+04 1.726283855622380372e+02
5.736348026996852423e+04 1.855902376650047518e+04 1.730277669229080288e+02
5.736348027295310021e+04 1.942777833793186437e+04 1.724599464628238366e+02
5.736348027593766892e+04 1.925403388514422113e+04 1.723117758727642297e+02
5.736348027892223763e+04 1.914568150346930270e+04 1.728428117253478149e+02
5.736348028190681362e+04 1.855104235144039922e+04 1.728940889661491838e+02
5.736348028489138233e+04 1.881975397367568439e+04 1.730787377371282787e+02
5.736348028787595103e+04 1.895991735097014680e+04 1.724618848665437838e+02
5.736348029086052702e+04 1.928125383919395608e+04 1.726596707901340437e+02
5.736348029384509573e+04 1.905759737604882321e+04 1.723095930881950437e+02
5.736348029682966444e+04 1.921231640637600503e+04 1.723194420391962183e+02
5.736348029981424042e+04 1.898619652511315508e+04 1.725828012346852631e+02
5.736348030279880913e+04 1.911870539332978296e+04 1.723917787869934841e+02
5.736348030578337784e+04 1.881008879026295836e+04 1.735563458415807077e+02
5.736348030876795383e+04 1.901914065889010817e+04 1.739258742040397294e+02
5.736348031175252254e+04 1.901979410983421985e+04 1.732869608491974134e+02
5.736348031473709125e+04 1.965292735958108096e+04 1.744658159476765604e+02
5.736348031772166723e+04 2.021749056390451005e+04 1.738064350614655211e+02
5.736348032070623594e+04 2.009862813738573459e+04 1.733088180983021402e+02
5.736348032369080465e+04 2.005021673744199506e+04 1.738947931597857917e+02
5.736348032667538064e+04 1.987444251327171878e+04 1.744777100277647151e+02
5.736348032965994935e+04 2.025360559115446813e+04 1.745377558456457336e+02
5.736348033264451806e+04 2.002085240776954743e+04 1.743873190929606096e+02
5.736348033562909404e+04 1.893732737970871312e+04 1.740879656775041155e+02
5.736348033861366275e+04 1.859624732882047465e+04 1.736534485353074047e+02
5.736348034159823146e+04 1.966576056653681007e+04 1.730412192867101453e+02
5.736348034458280745e+04 1.950866628119986854e+04 1.734155122063714032e+02
5.736348034756737616e+04 1.920814796265070981e+04 1.736676002576591316e+02
5.736348035055195214e+04 1.837482300941108042e+04 1.738166168773670393e+02
5.736348035353652085e+04 1.956756983179485542e+04 1.737437273954608372e+02
5.736348035652108956e+04 2.080583768093241088e+04 1.726698732529173697e+02
5.736348035950566555e+04 2.244069379480872885e+04 1.727382419870969841e+02
5.736348036249023426e+04 2.483604407495078340e+04 1.714446331196593860e+02
5.736348036547480297e+04 2.708830375986596482e+04 1.705284332331446251e+02
5.736348036845937895e+04 2.870239993782264719e+04 1.696274189207495908e+02
5.736348037144394766e+04 2.884140439566627174e+04 1.688767252324765593e+02
5.736348037442851637e+04 2.936815796021019196e+04 1.692201199413040911e+02
5.736348037741309236e+04 2.953967924557811784e+04 1.695385437520550056e+02
5.736348038039766107e+04 2.963140968246090779e+04 1.694104183711743588e+02
5.736348038338222977e+04 2.960546128939049231e+04 1.692878558234152138e+02
5.736348038636680576e+04 2.909332285720808068e+04 1.683761884696538118e+02
5.736348038935137447e+04 2.925091880370318177e+04 1.687048305234384884e+02
5.736348039233594318e+04 2.919459961331964951e+04 1.684576936836345453e+02
5.736348039532051916e+04 2.934033027089445386e+04 1.686998578561291993e+02
5.736348039830508787e+04 2.957304729180597133e+04 1.692169347522869884e+02
