5.736347970289999648e+04 1.833526220906759045e+04 1.823770286313197175e+02
5.736347970614955557e+04 1.835383153916152878e+04 1.822269612282848641e+02
5.736347970939910738e+04 1.880394928607632392e+04 1.825639985229663296e+02
5.736347971264866646e+04 1.812070079696659377e+04 1.827982907024038752e+02
5.736347971589822555e+04 1.722705276408320788e+04 1.826880553703471719e+02
5.736347971914777736e+04 1.763425760689826348e+04 1.830999345310529804e+02
5.736347972239733645e+04 1.697179437396067078e+04 1.829879501475585926e+02
5.736347972564689553e+04 1.785314039944177057e+04 1.829229153125357357e+02
5.736347972889644734e+04 1.966633145840328507e+04 1.823366453575953585e+02
5.736347973214600643e+04 1.863368787464881461e+04 1.823392576802611131e+02
5.736347973539555824e+04 1.729351208231982309e+04 1.825861989826761942e+02
5.736347973864511732e+04 1.737394947369654619e+04 1.822553046828991228e+02
5.736347974189467641e+04 1.871531393575725087e+04 1.827452383593735306e+02
5.736347974514422822e+04 1.877274762004737568e+04 1.826323581567413328e+02
5.736347974839378730e+04 1.846814411861143890e+04 1.827313291641028741e+02
5.736347975164334639e+04 1.896909442066566771e+04 1.823708017720024372e+02
5.736347975489289820e+04 1.792042920542152569e+04 1.831187448196868388e+02
5.736347975814245729e+04 1.668806481560380416e+04 1.827962431020283418e+02
5.736347976139201637e+04 1.844164983259888322e+04 1.826033710754153390e+02
5.736347976464156818e+04 1.890737488197813582e+04 1.829993387991139855e+02
5.736347976789112727e+04 1.814178731468401747e+04 1.826735258168099563e+02
5.736347977114068635e+04 1.807400294683229004e+04 1.828798255535886028e+02
5.736347977439023816e+04 1.825628229948912121e+04 1.829508165598685707e+02
5.736347977763979725e+04 1.907940562224066525e+04 1.822674526999018951e+02
5.736347978088934906e+04 1.881575337654798204e+04 1.823070918207149305e+02
5.736347978413890814e+04 1.776215748385811457e+04 1.820886186911374409e+02
5.736347978738846723e+04 1.752560846910685723e+04 1.820832215947578447e+02
5.736347979063801904e+04 1.778626190257877533e+04 1.825625877338599992e+02
5.736347979388757813e+04 1.805049251723500129e+04 1.826156437044010659e+02
5.736347979713713721e+04 1.824053634785917893e+04 1.830349789873127690e+02
5.736347980038668902e+04 1.801310694311778207e+04 1.828018242887434326e+02
5.736347980363624811e+04 1.832024478224384802e+04 1.823615356411110326e+02
5.736347980688580719e+04 1.862202972437390054e+04 1.824560063952732492e+02
5.736347981013535900e+04 1.821803253078350826e+04 1.823999783440813758e+02
5.736347981338491809e+04 1.723434323261296231e+04 1.828599666658910223e+02
5.736347981663447717e+04 1.712110527102465494e+04 1.825622076330959089e+02
5.736347981988402898e+04 1.785098925149810020e+04 1.827776406176121498e+02
5.736347982313358807e+04 1.795827487256584573e+04 1.823714280461076385e+02
5.736347982638314716e+04 1.823116146288334494e+04 1.829949071332420942e+02
5.736347982963269897e+04 1.816197289161184744e+04 1.825682630590799249e+02
5.736347983288225805e+04 1.818850918525993256e+04 1.829392964923021907e+02
5.736347983613180986e+04 1.805833039705902047e+04 1.829741920859984248e+02
5.736347983938136895e+04 1.766819745169942325e+04 1.831045078289639321e+02
5.736347984263092803e+04 1.739359852502068316e+04 1.830736896123862891e+02
5.736347984588047984e+04 1.754193220919581654e+04 1.829468210219270077e+02
5.736347984913003893e+04 1.753315915767982369e+04 1.829115863125655324e+02
5.736347985237959801e+04 1.740077116976393154e+04 1.828541955146466478e+02
5.736347985562914982e+04 1.776876307349286435e+04 1.828774373667322095e+02
5.736347985887870891e+04 1.792179360928031383e+04 1.828530473053095591e+02
5.736347986212826800e+04 1.749844627613615376e+04 1.831182717561572701e+02
5.736347986537781981e+04 1.904755264525003440e+04 1.820998746075864005e+02
5.736347986862737889e+04 1.999311350349634085e+04 1.821819487622256588e+02
5.736347987187693798e+04 2.236454936171705413e+04 1.807846922496704565e+02
5.736347987512648979e+04 2.572290637955539933e+04 1.801693372630391252e+02
5.736347987837604887e+04 2.896829877603935893e+04 1.799920178206380683e+02
5.736347988162560068e+04 2.976336507177984458e+04 1.796319682171063903e+02
5.736347988487515977e+04 3.020281499171458927e+04 1.796997574784643916e+02
5.736347988812471885e+04 3.015448027940691827e+04 1.792915539797349140e+02
5.736347989137427066e+04 3.043404642847940704e+04 1.796996075792230556e+02
5.736347989462382975e+04 3.062246857678159722e+04 1.799911519750469893e+02
5.736347989787338884e+04 3.086277195270460288e+04 1.802005761522474074e+02
5.736347990112294065e+04 3.081080402076672181e+04 1.799926715665914116e+02
5.736347990437249973e+04 3.070067607309117739e+04 1.798396386745109226e+02
5.736347990762205882e+04 3.063803090406820411e+04 1.796545233423809691e+02
5.736347991087161063e+04 3.073598030380309501e+04 1.798220799854674965e+02
5.736347991412116971e+04 3.084464690145908025e+04 1.798799748786371993e+02
5.736347991737072880e+04 3.080858060634537833e+04 1.799377314620722927e+02
5.736347992062028061e+04 3.094938105594661829e+04 1.802229995644298697e+02
5.736347992386983969e+04 3.064334412092724233e+04 1.798510737297477249e+02
5.736347992711939150e+04 3.052621433688713296e+04 1.797190880470505761e+02
5.736347993036895059e+04 3.078401339613148593e+04 1.799493887101802159e+02
5.736347993361850968e+04 3.060311719533929863e+04 1.796894088537834477e+02
5.736347993686806149e+04 3.070476256670898874e+04 1.800042191238023577e+02
5.736347994011762057e+04 3.064586365252017276e+04 1.798807220855840399e+02
5.736347994336717966e+04 3.049041255469454336e+04 1.796485073129060197e+02
5.736347994661673147e+04 3.045676657212473947e+04 1.796583448773489806e+02
5.736347994986629055e+04 3.059985745238685922e+04 1.798352099383254483e+02
5.736347995311584964e+04 3.080417264453469033e+04 1.801366786187121249e+02
5.736347995636540145e+04 3.080795158818022173e+04 1.799878722639054729e+02
5.736347995961496053e+04 3.055084305544399467e+04 1.795663552036140231e+02
5.736347996286451962e+04 3.057799205964491921e+04 1.796607753766585631e+02
5.736347996611407143e+04 3.044538125509148813e+04 1.795200788634300295e+02
5.736347996936363052e+04 3.024775784121377001e+04 1.791220399707186175e+02
5.736347997261318960e+04 3.033323223341726043e+04 1.793011360178385019e+02
5.736347997586274141e+04 3.033490980595692236e+04 1.794198961027940982e+02
5.736347997911230050e+04 3.027766751508804373e+04 1.791782126928740411e+02
5.736347998236185231e+04 3.041517773778338233e+04 1.796224754135895125e+02
5.736347998561141139e+04 3.023600755476876657e+04 1.790871313069933990e+02
5.736347998886097048e+04 3.021760013172873005e+04 1.789025959702645707e+02
5.736347999211052229e+04 3.050800466029845848e+04 1.794738118053314508e+02
5.736347999536008138e+04 3.052947262072766534e+04 1.794291367032917321e+02
5.736347999860964046e+04 3.014998973884027873e+04 1.788309436415486005e+02
5.736348000185919227e+04 3.052740094640471216e+04 1.794290481244409818e+02
5.736348000510875136e+04 3.023810411060151091e+04 1.789811431683450849e+02
5.736348000835831044e+04 3.042385166311823559e+04 1.793321432692835629e+02
5.736348001160786225e+04 3.041354383188320571e+04 1.792346289429542594e+02
5.736348001485742134e+04 3.050766449167532119e+04 1.793440206699007433e+02
5.736348001810698042e+04 3.038172816639736993e+04 1.793853287261987077e+02
5.736348002135653223e+04 3.066709031489273912e+04 1.798378702099492443e+02
5.736348002460609132e+04 3.041967266700993059e+04 1.792925445392642416e+02
5.736348002785564313e+04 3.057070311041761306e+04 1.794191282001351624e+02
5.736348003110520222e+04 3.034224041957390364e+04 1.791282089220320586e+02
5.736348003435476130e+04 3.039739331089798361e+04 1.792426994013668491e+02
5.736348003760431311e+04 3.030544916235950950e+04 1.790724287219723578e+02
5.736348004085387220e+04 3.045758118251171982e+04 1.796374599935835761e+02
5.736348004410343128e+04 3.040539695777049565e+04 1.799973604872966462e+02
5.736348004735298309e+04 3.064756560704331787e+04 1.800343853306891901e+02
5.736348005060254218e+04 3.053010268243330211e+04 1.794323615365296689e+02
5.736348005385210126e+04 3.053445363005442778e+04 1.794314113103874320e+02
5.736348005710165307e+04 3.039741712982710669e+04 1.792162789076654690e+02
5.736348006035121216e+04 3.065839575858738681e+04 1.797683178146287730e+02
5.736348006360077125e+04 3.082191438688001290e+04 1.799837166824670192e+02
5.736348006685032306e+04 3.030506873531664314e+04 1.790111592088661041e+02
5.736348007009988214e+04 3.067777139884715871e+04 1.796518294351115799e+02
5.736348007334944123e+04 3.061396875568856922e+04 1.795196031546940958e+02
5.736348007659899304e+04 3.057362952700202004e+04 1.795401184422631786e+02
5.736348007984855212e+04 3.051882063008928526e+04 1.794361232126673826e+02
5.736348008309810393e+04 3.071951730476461307e+04 1.795696611162159684e+02
5.736348008634766302e+04 3.044479939897047007e+04 1.792264901593520960e+02
5.736348008959722210e+04 3.050124439365563012e+04 1.792464950741341738e+02
5.736348009284677391e+04 3.047108408258745476e+04 1.793041360843883183e+02
5.736348009609633300e+04 3.079866621891250179e+04 1.797964715072133117e+02
5.736348009934589209e+04 3.053187895092702092e+04 1.795676937597138760e+02
5.736348010259544390e+04 3.053522875821505295e+04 1.794662439727237881e+02
5.736348010584500298e+04 3.056687861999159213e+04 1.794004602193841151e+02
5.736348010909456207e+04 3.067074831757934589e+04 1.795495009745767732e+02
5.736348011234411388e+04 3.083504702139880101e+04 1.800329244580498198e+02
5.736348011559367296e+04 3.084902400225277597e+04 1.800844076617042901e+02
5.736348011884323205e+04 3.065138039122372720e+04 1.796904222492572103e+02
5.736348012209278386e+04 3.096438188687701040e+04 1.801739011410467413e+02
5.736348012534234294e+04 3.045087210938800126e+04 1.793598629789491667e+02
5.736348012859189475e+04 3.046316936588823592e+04 1.792876803610223533e+02
5.736348013184145384e+04 3.070123708776762214e+04 1.796499159315096676e+02
5.736348013509101293e+04 3.083977289503626525e+04 1.798454784146879604e+02
5.736348013834056474e+04 3.069485574199844996e+04 1.794786582182435097e+02
5.736348014159012382e+04 3.072700531888139085e+04 1.794688033918369001e+02
5.736348014483968291e+04 3.084777688050638972e+04 1.795524422745126003e+02
5.736348014808923472e+04 3.094027098984273835e+04 1.798865775840222909e+02
5.736348015133879380e+04 3.096295899655486573e+04 1.798470490174616714e+02
5.736348015458835289e+04 3.090019956899382669e+04 1.797369142040121517e+02
5.736348015783790470e+04 3.070841093318648927e+04 1.793316358082800832e+02
5.736348016108746378e+04 3.075914810480999950e+04 1.794042544966151240e+02
5.736348016433702287e+04 3.073492346242162967e+04 1.791181499918204452e+02
5.736348016758657468e+04 3.091150917040255081e+04 1.794286521573650930e+02
5.736348017083613377e+04 3.100182026248618786e+04 1.797258853736269941e+02
5.736348017408569285e+04 3.125209859708336080e+04 1.800859979267020492e+02
5.736348017733524466e+04 3.103341994781898029e+04 1.795977815739785797e+02
5.736348018058480375e+04 3.108969379876523453e+04 1.798486447712685390e+02
5.736348018383435556e+04 3.098907416722615744e+04 1.795062994473327649e+02
5.736348018708391464e+04 3.075907205905364390e+04 1.791886006272768554e+02
5.736348019033347373e+04 3.062832142809241486e+04 1.789584401051398572e+02
5.736348019358302554e+04 3.113560901680437746e+04 1.797835718520692012e+02
5.736348019683258462e+04 3.077832479154049361e+04 1.793685697781680801e+02
5.736348020008214371e+04 3.111918984967958022e+04 1.798394167479128214e+02
5.736348020333169552e+04 3.129301802538088668e+04 1.801391233290660807e+02
5.736348020658125461e+04 3.133362903350734268e+04 1.800901113896948686e+02
5.736348020983081369e+04 3.269694047352656344e+04 1.823277807542932010e+02
5.736348021308036550e+04 3.103226733556167892e+04 1.795820766984393799e+02
5.736348021632992459e+04 3.120876395355956629e+04 1.799614624415709727e+02
5.736348021957948367e+04 3.129235311309888129e+04 1.801181249555968122e+02
5.736348022282903548e+04 3.124774349498802985e+04 1.800562920072817406e+02
5.736348022607859457e+04 3.074762417944458139e+04 1.791614075287102423e+02
5.736348022932814638e+04 3.103747104262955691e+04 1.795562239187172793e+02
5.736348023257770546e+04 3.033434257108218299e+04 1.784402765167509131e+02
5.736348023582726455e+04 2.996001003000719720e+04 1.777899203709096980e+02
5.736348023907681636e+04 2.988736329021771962e+04 1.776726326593327201e+02
5.736348024232637545e+04 2.989370644612646720e+04 1.777760792004164045e+02
5.736348024557593453e+04 2.966887424431894760e+04 1.774358507565714262e+02
5.736348024882548634e+04 2.960568202828759968e+04 1.772335993786873871e+02
5.736348025207504543e+04 2.995315546828038350e+04 1.778847697762785458e+02
5.736348025532460451e+04 2.972123211893557891e+04 1.775387818749654514e+02
5.736348025857415632e+04 2.971826630188285344e+04 1.775028769944833584e+02
5.736348026182371541e+04 2.958857077380405462e+04 1.775709462233547526e+02
5.736348026507327450e+04 2.941077014768769004e+04 1.776849973901830708e+02
5.736348026832282630e+04 2.876894480523280799e+04 1.779981355335646356e+02
5.736348027157238539e+04 2.781625090244237072e+04 1.782545190242290403e+02
5.736348027482193720e+04 2.728178905958311589e+04 1.786979572270383017e+02
5.736348027807149629e+04 2.712605418257832207e+04 1.786625340511551769e+02
5.736348028132105537e+04 2.729617085489802776e+04 1.787331842898124705e+02
5.736348028457060718e+04 2.692935829530671617e+04 1.786427145354387562e+02
5.736348028782016627e+04 2.709088142629254435e+04 1.793425137419777684e+02
5.736348029106972535e+04 2.689421273043373003e+04 1.789734112681567240e+02
5.736348029431927716e+04 2.628258946886623744e+04 1.787374869140302849e+02
5.736348029756883625e+04 2.621228701561602793e+04 1.786867825658127060e+02
5.736348030081839534e+04 2.647064422015207674e+04 1.786503819700145641e+02
5.736348030406794715e+04 2.701162894186198901e+04 1.791308548593012802e+02
5.736348030731750623e+04 2.684765782625928478e+04 1.786964443841595482e+02
5.736348031056706532e+04 2.677548438962035289e+04 1.789249272411035463e+02
5.736348031381661713e+04 2.675710783443809123e+04 1.791267459618677549e+02
5.736348031706617621e+04 2.687112343274044542e+04 1.795573218205911417e+02
5.736348032031573530e+04 2.671209341403649887e+04 1.797249851975435035e+02
5.736348032356528711e+04 2.674784431884308651e+04 1.803499621746145749e+02
5.736348032681484619e+04 2.862387529690288648e+04 1.832604394363223150e+02
5.736348033006439800e+04 3.088174574022634988e+04 1.866204445209868936e+02
5.736348033331395709e+04 3.238989585826792609e+04 1.886703370616493487e+02
5.736348033656351618e+04 3.271679933527874527e+04 1.893808700392987987e+02
5.736348033981306799e+04 3.259904609317544964e+04 1.888875805096085685e+02
5.736348034306262707e+04 3.266670450185682421e+04 1.891742283343444910e+02
5.736348034631218616e+04 3.269278673019738562e+04 1.896414763638540819e+02
5.736348034956173797e+04 3.323010669165611034e+04 1.901791029072494439e+02
5.736348035281129705e+04 3.409075956075281283e+04 1.916468235934423205e+02
5.736348035606085614e+04 3.386637816316274984e+04 1.911162826447230429e+02
5.736348035931040795e+04 3.379501038974710536e+04 1.909775679471561602e+02
5.736348036255996703e+04 3.303775554844070575e+04 1.893651050009337382e+02
5.736348036580952612e+04 3.308425705547990219e+04 1.892067371626156103e+02
5.736348036905907793e+04 3.346526141973963240e+04 1.903487289719370210e+02
5.736348037230863702e+04 3.330989403765169845e+04 1.904651523293483706e+02
5.736348037555818883e+04 3.334632133486740349e+04 1.908270291612977871e+02
5.736348037880774791e+04 3.397111994398420211e+04 1.914578708473977429e+02
5.736348038205730700e+04 3.444260866574555985e+04 1.919694716361063058e+02
5.736348038530685881e+04 3.458958775857764704e+04 1.921333786825446737e+02
5.736348038855641789e+04 3.388819797695580928e+04 1.907549747614235685e+02
5.736348039180597698e+04 3.372538186029653298e+04 1.900017377310733764e+02
5.736348039505552879e+04 3.381618275835085660e+04 1.902327061763251379e+02
5.736348039830508787e+04 3.305802669969025010e+04 1.892811285997936750e+02
