# id ra dec s L A b x y a flux x_0 y_0
0.000000000000000000e+00 8.957113980237902240e+01 7.984128485561405419e+00 1.710172962638603300e+00 1.699779064414880452e+02 9.081136796845002834e+01 1.926152204454835157e+02 4.730781527104205452e+03 1.732680728241915631e+03 -6.890000000000000568e+01 2.195805079808675870e+07 1.759204475241818727e+03 2.536139533262177110e+02
1.000000000000000000e+00 8.955808316754331599e+01 7.991219534832440630e+00 1.822675754738139142e+00 1.706972551486551595e+02 8.998101192191137443e+01 1.966244866206706092e+02 4.767278177790449263e+03 1.451675839901231711e+03 -6.890000000000000568e+01 1.699859557561418507e+06 1.510245973230797517e+03 1.170975241508488125e+02
2.000000000000000000e+00 8.955401232528687672e+01 7.986796528497084324e+00 1.783579812980513157e+00 1.706094660509593268e+02 9.083321916588066358e+01 1.935976677498400136e+02 4.660618714739900497e+03 1.409569303925484746e+03 -6.890000000000000568e+01 2.275381531112827826e+06 1.432631845413952760e+03 2.022637255158704761e+02
3.000000000000000000e+00 8.955430706317331158e+01 7.986873401889241997e+00 1.779858858252439058e+00 1.706432155123410723e+02 8.998211737672612287e+01 1.966494438870203965e+02 4.664004202475466627e+03 1.414565911152641320e+03 -6.890000000000000568e+01 2.272095890031608287e+06 1.438251529840994408e+03 2.007833229188963173e+02
4.000000000000000000e+00 8.952281926978044169e+01 7.983951612314920787e+00 1.716271938007254860e+00 1.705228120154351075e+02 9.078714729744690715e+01 1.933408190204166317e+02 4.394839543559441154e+03 8.744322487703484512e+02 -6.890000000000000568e+01 7.178641321008145809e+06 8.378744184865507805e+02 2.570447986963419567e+02
5.000000000000000000e+00 8.949051429393939827e+01 7.981605909690819622e+00 5.633908269722446072e+00 1.742110612119215034e+02 9.022891073228210246e+01 1.965933230502440665e+02 4.130498173836224851e+03 3.164512931865575069e+02 -6.890000000000000568e+01 4.716272169429110363e+05 2.219088598258275908e+02 3.021665294712300920e+02
6.000000000000000000e+00 8.951627364100315276e+01 7.979035881552618115e+00 1.096914116585194243e+01 2.343276938602213875e+02 8.564007501657373211e+01 3.496589012323914289e+02 4.260472603704636640e+03 7.925278548335295454e+02 -6.890000000000000568e+01 -7.333875810235403478e+05 7.130643656127301711e+02 3.516891892137534796e+02
7.000000000000000000e+00 8.956490994172608566e+01 7.980037089170658682e+00 3.479778095206574307e+01 3.120558078602134060e+02 9.345368912674419448e+01 1.803702151296400018e+02 4.613911302799362602e+03 1.650239056838620172e+03 -6.890000000000000568e+01 7.095031187971459702e+06 1.640424637210941910e+03 3.324005248820776615e+02
8.000000000000000000e+00 8.949964574586370247e+01 7.978293369017746883e+00 1.215205131280289841e+01 2.081485113427084457e+02 9.006020074915450380e+01 2.074366377786114413e+02 4.134103143664704476e+03 5.019953155192143868e+02 -6.890000000000000568e+01 8.681801577636054717e+05 3.960145466965268497e+02 3.659645003081702157e+02
9.000000000000000000e+00 8.953630597909638311e+01 7.975747620670654570e+00 1.724278953977522733e+00 1.703018440022167681e+02 9.077071352738306587e+01 1.936981082234793803e+02 4.339858046626206487e+03 1.172000489615021479e+03 -6.890000000000000568e+01 5.451364897059632465e+06 1.095026477052914515e+03 4.150111614806932039e+02
1.000000000000000000e+01 8.956926403909783119e+01 7.977012387181296127e+00 8.973551367074367846e+00 2.003706527536798774e+02 8.966534058457395417e+01 1.965294078273777245e+02 4.590116846256031749e+03 1.748703456577548423e+03 -6.890000000000000568e+01 8.828761356800985523e+05 1.723449677178042293e+03 3.906328731090291058e+02
1.100000000000000000e+01 8.955057060881911468e+01 7.979823210354339835e+00 1.313312913064498133e+01 2.375897590640607291e+02 9.049573173990459907e+01 1.925595570414396605e+02 4.511756423651309888e+03 1.397162677413771235e+03 -6.890000000000000568e+01 1.520448534774971195e+06 1.367013428479534468e+03 3.365332450291776922e+02
1.200000000000000000e+01 8.952630635188880603e+01 7.977658422031300489e+00 1.381578647767003432e+01 5.508943886072828491e+02 1.000745881051470860e+02 1.944609097004388047e+02 4.305465625001216722e+03 9.803787497802919688e+02 -6.890000000000000568e+01 1.762961334448645264e+07 9.043602230260009947e+02 3.782179350996634639e+02
1.300000000000000000e+01 8.953655748808954229e+01 7.976514537874997757e+00 1.147124969404103467e+00 1.868889168946689665e+02 8.065970998615601673e+01 2.442435233823595127e+02 4.356741383331082034e+03 1.170441611935933224e+03 -6.890000000000000568e+01 1.448381950672783889e+06 1.099822073438393545e+03 4.002446737862110240e+02
1.400000000000000000e+01 8.956007376777296258e+01 7.974555347282373141e+00 6.428766763212556157e+01 6.010209222593001641e+02 8.460621545966505153e+01 1.691786976597853993e+02 4.481707632762729190e+03 1.602628621416125497e+03 -6.890000000000000568e+01 2.941401584513748437e+07 1.548218058869938204e+03 4.379538441635299932e+02
1.500000000000000000e+01 8.951326593386809805e+01 7.974459044984086198e+00 1.547871354995079329e+00 2.183475427818646040e+02 9.614476559446173098e+01 1.773897581791161713e+02 4.158126586991141266e+03 7.703970823399831716e+02 -6.890000000000000568e+01 4.641184942390032113e+06 6.557110973522449058e+02 4.398102407206426392e+02
1.600000000000000000e+01 8.957094188649101341e+01 7.972884955694412135e+00 3.345423364320046833e+00 1.652129178475017000e+02 9.000400116623102065e+01 2.205141082248698581e+02 4.527002634645828948e+03 1.807012230795171945e+03 -6.890000000000000568e+01 1.299708978904684773e+05 1.755448190048067772e+03 4.701011301933474442e+02
1.700000000000000000e+01 8.953057871693904701e+01 7.972369197465612345e+00 9.883783070197878828e+00 2.063858123630953969e+02 9.087420135633006169e+01 1.937525389976719623e+02 4.239473014878974027e+03 1.093347566131432359e+03 -6.890000000000000568e+01 9.801147284268825315e+05 9.858216410836378145e+02 4.800598169879281727e+02
1.800000000000000000e+01 8.949404877199202701e+01 7.971785852342725853e+00 5.440723711988773914e+00 1.746027199322912224e+02 9.011911451639704751e+01 1.969272424492722848e+02 3.978103214122045301e+03 4.474730882801794678e+02 -6.890000000000000568e+01 4.063403052961064968e+05 2.892834276027655278e+02 4.912523451425394114e+02
1.900000000000000000e+01 8.956243699771164302e+01 7.971143592638908260e+00 7.630563677845636050e+00 1.906889684068892734e+02 9.076194888421082396e+01 1.941608476737282274e+02 4.437130903756760745e+03 1.667902572413898270e+03 -6.890000000000000568e+01 8.233697165068278555e+05 1.593282879935789651e+03 5.036420549512600928e+02
2.000000000000000000e+01 8.955107917035877563e+01 7.971832167786667256e+00 2.907682509027638584e+00 1.738053594402838371e+02 9.007334105197541874e+01 1.964857939137041285e+02 4.371705231658371304e+03 1.461069922898402638e+03 -6.890000000000000568e+01 5.656762157280762913e+05 1.376715690711294656e+03 4.903950714865596296e+02
2.100000000000000000e+01 8.950628716455423728e+01 7.970731802483371098e+00 1.181235091482997213e+01 2.159182717365594897e+02 9.073428404615691534e+01 1.939572990886571802e+02 4.043974192573167784e+03 6.725784081644563912e+02 -6.890000000000000568e+01 1.212454247638642788e+06 5.226387875034188255e+02 5.115673992320624848e+02
2.200000000000000000e+01 8.957515902990040502e+01 7.970441398444582326e+00 4.514940531141092173e+00 1.754861601734011174e+02 9.001779885411390580e+01 1.963742813137201040e+02 4.511685085739105489e+03 1.899119058967243063e+03 -6.890000000000000568e+01 6.478450590372834122e+05 1.835863004807964671e+03 5.171428667999851996e+02
2.300000000000000000e+01 8.957244478968496537e+01 7.968755147282402973e+00 3.447712294216677353e+00 1.745671249946531702e+02 9.081132702752599073e+01 1.937999432119685252e+02 4.463512610911268894e+03 1.862907853546577599e+03 -6.890000000000000568e+01 5.291399765842455672e+05 1.784111526601874402e+03 5.496152284744920280e+02
2.400000000000000000e+01 8.951758706883876471e+01 7.969111540982916964e+00 2.050854934420981657e+00 1.710237631451501841e+02 9.000259350790071267e+01 1.966736902013275028e+02 4.092046682843404142e+03 8.843219790424800522e+02 -6.890000000000000568e+01 8.214261378223183565e+05 7.380999835164276419e+02 5.427767743905816360e+02
2.500000000000000000e+01 8.950278884963809389e+01 7.968266202332207726e+00 1.429819172346117639e+01 2.226018238590793032e+02 9.009814777714242950e+01 1.594518267417465154e+02 3.974943574635688947e+03 6.269876111121750455e+02 -6.890000000000000568e+01 2.122265334656954743e+06 4.559306238742211121e+02 5.590357744682562497e+02
2.600000000000000000e+01 8.957094288987580910e+01 7.967311222502649670e+00 1.266683156155690959e+01 2.132185326031332124e+02 9.296221978646656225e+01 1.940834844591205695e+02 4.425531463393558624e+03 1.846032918886132848e+03 -6.890000000000000568e+01 1.615358586471024435e+06 1.755475941957638042e+03 5.774194724008689263e+02
2.700000000000000000e+01 8.955206291305164257e+01 7.965175324286302150e+00 4.629877478486234210e+00 1.594920132262494405e+02 8.967304580381009771e+01 2.600375801565444931e+02 4.257912570135748865e+03 1.524932201236258607e+03 -6.890000000000000568e+01 2.947714985852991231e+04 1.395478075181039458e+03 6.185671495002656002e+02
2.800000000000000000e+01 8.956293372201281500e+01 7.964544448238641827e+00 5.258677887000471785e+00 1.773577652108851623e+02 9.084174656565848238e+01 1.925696031801597883e+02 4.321554181287771826e+03 1.723217399269047746e+03 -6.890000000000000568e+01 5.818175426639283542e+05 1.602762118704509021e+03 6.307032651588087901e+02
2.900000000000000000e+01 8.956798390224419393e+01 7.963273868513726761e+00 3.527225732803731084e+00 1.726290198820191222e+02 9.002225963605326342e+01 1.968016513860523844e+02 4.333591614382669832e+03 1.821985976799739774e+03 -6.890000000000000568e+01 5.263963802340220427e+05 1.699060304659660687e+03 6.551604098101796581e+02
3.000000000000000000e+01 8.951351636414526070e+01 7.961851311922026220e+00 1.930215371382701273e+00 1.704813049158156844e+02 9.083577060380434887e+01 1.937149875015270482e+02 3.933903111686744069e+03 8.621340238923049810e+02 -6.890000000000000568e+01 2.083204338321539573e+06 6.604739241451371754e+02 6.825634402551449966e+02
3.100000000000000000e+01 8.951433742595713738e+01 7.960324456065344556e+00 3.691105379551490540e+00 1.662791737089328592e+02 9.001372149147096025e+01 1.967612300137978139e+02 3.911030798544235495e+03 8.880469930408994514e+02 -6.890000000000000568e+01 2.737204549448087346e+05 6.761285244201166051e+02 7.119627283700170892e+02
3.200000000000000000e+01 8.956976016447765687e+01 7.958115338175523412e+00 2.415136772671250487e+00 1.718257840141725126e+02 9.083192916325359079e+01 1.937847589756954108e+02 4.253001099438270103e+03 1.889314841773185208e+03 -6.890000000000000568e+01 8.316640184884347254e+05 1.732937725643794920e+03 7.544813252852552523e+02
3.300000000000000000e+01 8.953071651492369654e+01 7.959617245844571087e+00 4.103641954264620040e+01 3.077310166105908706e+02 8.970899665584120442e+01 1.965829819753924141e+02 4.011484948250477373e+03 1.183584476434706630e+03 -6.890000000000000568e+01 1.014707586172689497e+07 9.884463433282857068e+02 7.255894478386787796e+02
3.400000000000000000e+01 8.953492133580608936e+01 7.958387091129009328e+00 4.627192075448611774e+01 3.877921404160584302e+02 9.783947626241811690e+01 1.925145363445974453e+02 4.018264536119673267e+03 1.267144392273463609e+03 -6.890000000000000568e+01 1.351239900255199149e+07 1.068624339632756573e+03 7.492756918489822056e+02
3.500000000000000000e+01 8.953495080797817707e+01 7.959336142306770334e+00 4.307104532564192567e+01 4.220451717002712257e+02 9.382997643014030587e+01 2.298789003856248030e+02 4.036229868371946395e+03 1.261546692857200242e+03 -6.890000000000000568e+01 8.162757593590639532e+06 1.069186350113394838e+03 7.310024364371109868e+02
3.600000000000000000e+01 8.953099821556639881e+01 7.953333597495826801e+00 3.626598283903135655e+00 1.708624615213612401e+02 8.698009814278522356e+01 2.019492189424640287e+02 3.900354815148160014e+03 1.232114901689280487e+03 -6.890000000000000568e+01 1.181115756788548976e+08 9.938165584373781485e+02 8.465762849705295139e+02
3.700000000000000000e+01 8.953246554045661298e+01 7.951709648111406459e+00 4.587560314231025949e+00 1.686043130748969361e+02 8.965535347514676801e+01 1.841314043426365004e+02 3.881529914471229858e+03 1.269440608237605602e+03 -6.890000000000000568e+01 2.105332122961119749e+06 1.021795864286889810e+03 8.778444021884066615e+02
3.800000000000000000e+01 8.957532594158406880e+01 7.958648611074613299e+00 1.263164368254878944e+01 2.076292509997313971e+02 9.160030569482425733e+01 1.925020449240299172e+02 4.300224853370335950e+03 1.984192620552389826e+03 -6.890000000000000568e+01 1.275837702598468866e+06 1.839066123215298376e+03 7.442041050482519040e+02
3.900000000000000000e+01 8.956970457702166755e+01 7.957568386433091945e+00 1.622507527975737673e+01 2.128730476787207238e+02 8.831557515472697162e+01 1.995821768091148840e+02 4.242419557852816069e+03 1.891932624228049463e+03 -6.890000000000000568e+01 2.318404609054859728e+06 1.731878589407941490e+03 7.650125498377452686e+02
4.000000000000000000e+01 8.952351774779904758e+01 7.956157098783935844e+00 4.719251092156721228e+00 1.722454811762096085e+02 8.990735902114595035e+01 1.881251957846160110e+02 3.900093291634434991e+03 1.080066385794431426e+03 -6.890000000000000568e+01 4.512529411967966007e+05 8.511775287338612088e+02 7.922090854505412381e+02
4.100000000000000000e+01 8.955486529673051166e+01 7.954542212985934668e+00 3.238227237945002113e+00 1.742403016642997500e+02 9.091824128462924648e+01 1.934256919548761573e+02 4.086321724911723322e+03 1.648372527238670955e+03 -6.890000000000000568e+01 5.635788844105681637e+05 1.448922539234592932e+03 8.232973652132293410e+02
4.200000000000000000e+01 8.951370818192796719e+01 7.953791224162127804e+00 2.021647209047416016e+00 1.708739326183542175e+02 8.991387036028267232e+01 1.969984877387853430e+02 3.789974791275654297e+03 9.215858968049036548e+02 -6.890000000000000568e+01 9.142954883097226266e+05 6.641237497173138991e+02 8.377544419966440046e+02
4.300000000000000000e+01 8.948662358442997800e+01 7.952732659123785908e+00 4.940286400940115286e+00 1.729299718360217355e+02 9.051013346193551001e+01 1.934325202134741630e+02 3.584617056032301662e+03 4.473088287343237539e+02 -6.890000000000000568e+01 6.093273917107491288e+05 1.476619505157635217e+02 8.580919939554294160e+02
4.400000000000000000e+01 8.950761754514525137e+01 7.950607333389640097e+00 1.420733609699010103e+01 2.047047368642996616e+02 8.999074884678070418e+01 1.955580992391015229e+02 3.690651692333201026e+03 8.354931284713817377e+02 -6.890000000000000568e+01 1.544291959035353735e+06 5.479812527532236572e+02 8.990507084339113817e+02
