5.745938108420000208e+04 4.226239971477188374e+04 2.505211363791153474e+02
5.745938108714697591e+04 4.173678379973003030e+04 2.500907633134903847e+02
5.745938109009394975e+04 4.208262785454993718e+04 2.498686999039885848e+02
5.745938109304092359e+04 4.231636574603371992e+04 2.506281523348900180e+02
5.745938109598790470e+04 4.182447047477687011e+04 2.502541507558568981e+02
5.745938109893487854e+04 4.195631136806419818e+04 2.500650718688502536e+02
5.745938110188185237e+04 4.203937577433197293e+04 2.501767353495625628e+02
5.745938110482882621e+04 4.236219776799812098e+04 2.506688812326366360e+02
5.745938110777580005e+04 4.212935123072008719e+04 2.503361374236205847e+02
5.745938111072277388e+04 4.229678046038168395e+04 2.504772281829613689e+02
5.745938111366975500e+04 4.267342744249520911e+04 2.510054028780970725e+02
5.745938111661672883e+04 4.195432277072535362e+04 2.501756396979212411e+02
5.745938111956370267e+04 4.222735575270010304e+04 2.504942120093984954e+02
5.745938112251067651e+04 4.238375263357233052e+04 2.507718385315569094e+02
5.745938112545765034e+04 4.249708115059127158e+04 2.509063866215236089e+02
5.745938112840462418e+04 4.206195539632125292e+04 2.502954986774702206e+02
5.745938113135160529e+04 4.229201651337321528e+04 2.506427931449654807e+02
5.745938113429857913e+04 4.186955744356640935e+04 2.501227071087020306e+02
5.745938113724555296e+04 4.137680255402328476e+04 2.493886788157738863e+02
5.745938114019252680e+04 4.146485013555330806e+04 2.497161304519496809e+02
5.745938114313950064e+04 4.212306767347280402e+04 2.503981506595567907e+02
5.745938114608647447e+04 4.232011436212043918e+04 2.505763431441386899e+02
5.745938114903345559e+04 4.155037085778753681e+04 2.498414979742213404e+02
5.745938115198042942e+04 4.242282389319357026e+04 2.509416697670149290e+02
5.745938115492740326e+04 4.206271195418407297e+04 2.503186542855264918e+02
5.745938115787437710e+04 4.251828284118913143e+04 2.507301452829848074e+02
5.745938116082135093e+04 4.206416673653263570e+04 2.504214008844776629e+02
5.745938116376832477e+04 4.151808741236232891e+04 2.495701267693062562e+02
5.745938116671530588e+04 4.130184090133046266e+04 2.493316051614596347e+02
5.745938116966227972e+04 4.126286851664535061e+04 2.494231956021772021e+02
5.745938117260925355e+04 4.124858260774719383e+04 2.491792873522707907e+02
5.745938117555622739e+04 4.144111002398504206e+04 2.496790804659578384e+02
5.745938117850320123e+04 4.137708170422683179e+04 2.493955607399068413e+02
5.745938118145017506e+04 4.054845452720024332e+04 2.486144092693449466e+02
5.745938118439715618e+04 4.123970438123227359e+04 2.500649781480783815e+02
5.745938118734413001e+04 4.173116891129310534e+04 2.497128818478562948e+02
5.745938119029110385e+04 4.136999576827261626e+04 2.492391905762372346e+02
5.745938119323807769e+04 4.144708023985595355e+04 2.496318992331294737e+02
5.745938119618505152e+04 4.103809544519161864e+04 2.494243098102141118e+02
5.745938119913202536e+04 4.097549562553798023e+04 2.490447515647799150e+02
5.745938120207900647e+04 4.083805241954587837e+04 2.488573803756367511e+02
5.745938120502598031e+04 4.115897336728140363e+04 2.489862128070783456e+02
5.745938120797295414e+04 4.033355298915097228e+04 2.481583668692678941e+02
5.745938121091992798e+04 4.091194298300721857e+04 2.489006667916614788e+02
5.745938121386690182e+04 4.094412938179654884e+04 2.490847465893122603e+02
5.745938121681387565e+04 4.097983324764909048e+04 2.491864240775048813e+02
5.745938121976085677e+04 4.120978224492706795e+04 2.492069326562221931e+02
5.745938122270783060e+04 4.113427211517323303e+04 2.493530801120674596e+02
5.745938122565480444e+04 4.126424051968369167e+04 2.494083161890937959e+02
5.745938122860177828e+04 4.132867639463074738e+04 2.495257043748113119e+02
5.745938123154875211e+04 4.124760004251532519e+04 2.492209580841450247e+02
5.745938123449572595e+04 4.124687514043819829e+04 2.493303215974799230e+02
5.745938123744270706e+04 4.143829808067293197e+04 2.495542059666059345e+02
5.745938124038968090e+04 4.189916181787969253e+04 2.501406215908160391e+02
5.745938124333665473e+04 4.139172106837410684e+04 2.493983687362496653e+02
5.745938124628362857e+04 4.117290071324892779e+04 2.492800554729849694e+02
5.745938124923060241e+04 4.123459265604708344e+04 2.493458661988197775e+02
5.745938125217757624e+04 4.142116850583715859e+04 2.496670058745812071e+02
5.745938125512455736e+04 4.116138748958580982e+04 2.492779316371798757e+02
5.745938125807153119e+04 4.274106085438797891e+04 2.514401631256706651e+02
5.745938126101850503e+04 4.187284623105169157e+04 2.499977196840431191e+02
5.745938126396547887e+04 4.184660064716725174e+04 2.501491516996701421e+02
5.745938126691245270e+04 4.189103232286581624e+04 2.501092505075539805e+02
5.745938126985942654e+04 4.121890732078450674e+04 2.493958232857741280e+02
5.745938127280640765e+04 4.151991115492131939e+04 2.498296501091929258e+02
5.745938127575338149e+04 4.223468799330665934e+04 2.505965828392389767e+02
5.745938127870035532e+04 4.201495507881511730e+04 2.502583076982684815e+02
5.745938128164732916e+04 4.168188517194907035e+04 2.498267106608253130e+02
5.745938128459430300e+04 4.275425931396561646e+04 2.496038243354396116e+02
5.745938128754127683e+04 4.300312645590784086e+04 2.498942381450330004e+02
5.745938129048825795e+04 4.257897729021337000e+04 2.494982127652880308e+02
5.745938129343523178e+04 4.304417392692186695e+04 2.500435251431587744e+02
5.745938129638220562e+04 4.295979051631113543e+04 2.498441623663995017e+02
5.745938129932917946e+04 4.262516780507939984e+04 2.495100595018865306e+02
5.745938130227615329e+04 3.842246647418927751e+04 2.458692195351803491e+02
5.745938130522312713e+04 3.804481689244895097e+04 2.454839608343660586e+02
5.745938130817010824e+04 3.820109077110535145e+04 2.459011702657029161e+02
5.745938131111708208e+04 3.790501160050770704e+04 2.453912907116641691e+02
5.745938131406405591e+04 3.865699706476317806e+04 2.461486058889619528e+02
5.745938131701102975e+04 3.889668798776778567e+04 2.465140912537223699e+02
5.745938131995800359e+04 3.872760606763067335e+04 2.462323908379019315e+02
5.745938132290497742e+04 3.857814310516777914e+04 2.461278463778672005e+02
5.745938132585195854e+04 3.855195307392410177e+04 2.460997939317256851e+02
5.745938132879893237e+04 3.929562044280103146e+04 2.469491870973494656e+02
5.745938133174590621e+04 4.030274859554174327e+04 2.481789499721165271e+02
5.745938133469288005e+04 4.083444280769422767e+04 2.491244692163616890e+02
5.745938133763985388e+04 4.253824675261997618e+04 2.513173541138887401e+02
5.745938134058682772e+04 4.630461337241365254e+04 2.558695414053439663e+02
5.745938134353380883e+04 6.009930086294520152e+04 2.720322983390142895e+02
5.745938134648078267e+04 1.205805544142059807e+05 3.344319787254019047e+02
5.745938134942775650e+04 2.952323964826691081e+05 4.695919317769988766e+02
5.745938135237473034e+04 4.012820305393842864e+05 5.352063155025019796e+02
5.745938135532170418e+04 4.434363926185133751e+05 5.591090757445603003e+02
5.745938135826867801e+04 4.609108087765793316e+05 5.689201397993833780e+02
5.745938136121565913e+04 4.583642843228810816e+05 5.675493735840140062e+02
5.745938136416263296e+04 4.478575211197220488e+05 5.618307437055708533e+02
5.745938136710960680e+04 4.738297475506717456e+05 5.760320486060851408e+02
5.745938137005658064e+04 4.692214983530918835e+05 5.734687733700141052e+02
5.745938137300355447e+04 4.510987797874611570e+05 5.635434387464309793e+02
5.745938137595052831e+04 4.579395948122167028e+05 5.673566745236920497e+02
5.745938137889750942e+04 4.760527835236644023e+05 5.773141400071050384e+02
5.745938138184448326e+04 4.732941383799937903e+05 5.756951017835399398e+02
5.745938138479145709e+04 4.652108849797862931e+05 5.712215404064936592e+02
5.745938138773843093e+04 4.829710474647294614e+05 5.809587495999128350e+02
5.745938139068540477e+04 4.912410022872922709e+05 5.854054262781090756e+02
5.745938139363237860e+04 4.271733008635826991e+05 5.500689089268778389e+02
5.745938139657935972e+04 3.804078777264242526e+05 5.230472573148603033e+02
5.745938139952633355e+04 3.867704096297101351e+05 5.274705310701074268e+02
5.745938140247330739e+04 4.415035530359436525e+05 5.589714040137924940e+02
5.745938140542028123e+04 4.721834503845611471e+05 5.757894906645457240e+02
5.745938140836725506e+04 4.422483541591071989e+05 5.593878016078336941e+02
5.745938141131422890e+04 4.700345008856873028e+05 5.746800164362831538e+02
5.745938141426121001e+04 5.098673845911972458e+05 5.959938341108231725e+02
5.745938141720818385e+04 5.124248412883429555e+05 5.972726090801243117e+02
5.745938142015515768e+04 4.668883047947221785e+05 5.729092033056222135e+02
5.745938142310213152e+04 4.481435584885274875e+05 5.626085369064702491e+02
5.745938142604910536e+04 4.719209572597048827e+05 5.755836189884275882e+02
5.745938142899607919e+04 4.643276387769384892e+05 5.715513091897151980e+02
5.745938143194305303e+04 5.170925756651048432e+05 5.997115073213078631e+02
5.745938143489003414e+04 5.763236363210524432e+05 6.298405196077745813e+02
5.745938143783700798e+04 5.178970311760742916e+05 6.001576225425703797e+02
5.745938144078398182e+04 4.532789149833647534e+05 5.653690607197303279e+02
5.745938144373095565e+04 4.666871646033269935e+05 5.727545268214684029e+02
5.745938144667792949e+04 4.910710091847905423e+05 5.859941269349973254e+02
5.745938144962490333e+04 5.053954406271405169e+05 5.935857133976641080e+02
5.745938145257188444e+04 4.844930556966263684e+05 5.824259619026496466e+02
5.745938145551885827e+04 4.927952113890207838e+05 5.868413155150337843e+02
5.745938145846583211e+04 4.450883137944813352e+05 5.609047564791569584e+02
5.745938146141280595e+04 4.173444033435441088e+05 5.452515846856517783e+02
5.745938146435977978e+04 3.904532852758371155e+05 5.295882191531626404e+02
5.745938146730675362e+04 4.593447606080776313e+05 5.688389249800632115e+02
5.745938147025373473e+04 4.850036073846886866e+05 5.826580773283317285e+02
5.745938147320070857e+04 4.938747995426872512e+05 5.874217072558036534e+02
5.745938147614768241e+04 4.861377194013959379e+05 5.834322660030161387e+02
5.745938147909465624e+04 4.638142592228909489e+05 5.713867128092699659e+02
5.745938148204163008e+04 4.806850884182029404e+05 5.804315382000501131e+02
5.745938148498860392e+04 4.873800289837942692e+05 5.841026403188828908e+02
5.745938148793558503e+04 4.456503442160375416e+05 5.612407581481264742e+02
5.745938149088255886e+04 4.388511689709291677e+05 5.574284528833949253e+02
5.745938149382953270e+04 3.937580777042928967e+05 5.316164279102711134e+02
5.745938149677650654e+04 3.927552136113287415e+05 5.313562884647094506e+02
5.745938149972348037e+04 4.240113382621487835e+05 5.490873069025135464e+02
5.745938150267045421e+04 4.275554991178885102e+05 5.511765864816748035e+02
5.745938150561743532e+04 4.493436498462074087e+05 5.633477279228690122e+02
5.745938150856440916e+04 4.729754575800499879e+05 5.762701315247386447e+02
5.745938151151138300e+04 4.483221688095283462e+05 5.627506331855424833e+02
5.745938151445835683e+04 4.429808778974106535e+05 5.598202941978845502e+02
5.745938151740533067e+04 4.273892417141116457e+05 5.509196026068768788e+02
5.745938152035230451e+04 3.200437773680180544e+05 4.862757318626507299e+02
5.745938152329928562e+04 1.303684564555147954e+05 3.433787420393566094e+02
5.745938152624625945e+04 6.303235373176439316e+04 2.755119181671169031e+02
5.745938152919323329e+04 5.057808806025568629e+04 2.609690459566854770e+02
5.745938153214020713e+04 4.618374756652944779e+04 2.556380612616070209e+02
5.745938153508718096e+04 4.464321620279220224e+04 2.539144288109390573e+02
5.745938153803415480e+04 4.401835423566356621e+04 2.530689005899414781e+02
5.745938154098113591e+04 4.340254051045236702e+04 2.518644543418169235e+02
5.745938154392810975e+04 4.280916083227095078e+04 2.513774873132079790e+02
5.745938154687508359e+04 4.265176612953715812e+04 2.508358487202926597e+02
5.745938154982205742e+04 4.268975899733773258e+04 2.512199298217651062e+02
5.745938155276903126e+04 4.265646581252753094e+04 2.508664883268997414e+02
5.745938155571600510e+04 4.252755002841610258e+04 2.508729187447216020e+02
5.745938155866298621e+04 4.235989595254847518e+04 2.505816448277049346e+02
5.745938156160996004e+04 4.208957137513111957e+04 2.504848625118463872e+02
5.745938156455693388e+04 4.195465113167675736e+04 2.501275684589629975e+02
5.745938156750390772e+04 4.245178862930813921e+04 2.506292394145559967e+02
5.745938157045088155e+04 4.184017746525024995e+04 2.497911204031975672e+02
5.745938157339785539e+04 4.248175948429343407e+04 2.508068358681062193e+02
5.745938157634483650e+04 4.181662622290950821e+04 2.500474837366760994e+02
5.745938157929181034e+04 4.250590066444181866e+04 2.508121751446314818e+02
5.745938158223878418e+04 4.169584938610775134e+04 2.499082710472100075e+02
5.745938158518575801e+04 4.179545366502254910e+04 2.500772481609525926e+02
5.745938158813273185e+04 4.175677322477552661e+04 2.499478507280066140e+02
5.745938159107970569e+04 4.146968774704360112e+04 2.494602541656673793e+02
5.745938159402668680e+04 4.152980830363236601e+04 2.498217609403778852e+02
5.745938159697366063e+04 4.185000985458916693e+04 2.500127065862978384e+02
5.745938159992063447e+04 4.193921932359192579e+04 2.501193075875195007e+02
5.745938160286760831e+04 4.178785270986768592e+04 2.500371109353132795e+02
5.745938160581458214e+04 4.144665266805443389e+04 2.493867080120385822e+02
5.745938160876155598e+04 4.181117855179143226e+04 2.500899518425887891e+02
5.745938161170853709e+04 4.202130531374239217e+04 2.502918491433166253e+02
5.745938161465551093e+04 4.165003740690879204e+04 2.497774076702602883e+02
5.745938161760248477e+04 4.153705255837077857e+04 2.495850358010582397e+02
5.745938162054945860e+04 4.131366342249113950e+04 2.495516302766984325e+02
5.745938162349643244e+04 4.159266138136381778e+04 2.494473713390459295e+02
5.745938162644340628e+04 4.153735756621586188e+04 2.494979508543437419e+02
5.745938162939038739e+04 4.126449036224126030e+04 2.491287919930005330e+02
5.745938163233736122e+04 4.150980615741762449e+04 2.496220388092578162e+02
5.745938163528433506e+04 4.144490644501271890e+04 2.495644314805382180e+02
5.745938163823130890e+04 4.121037806675903994e+04 2.492175220906328263e+02
5.745938164117828273e+04 4.135672202407097211e+04 2.494195683911415813e+02
5.745938164412525657e+04 4.187672091052283213e+04 2.497636566399459639e+02
5.745938164707223768e+04 4.159670439725274628e+04 2.493137758699511437e+02
5.745938165001921152e+04 4.130185423837516282e+04 2.491735134071548714e+02
5.745938165296618536e+04 4.173471071916860819e+04 2.497303079398582781e+02
5.745938165591315919e+04 4.172652554094608058e+04 2.494754191401377454e+02
5.745938165886013303e+04 4.165030487896785780e+04 2.495029795119469895e+02
5.745938166180710687e+04 4.196751650281836191e+04 2.497556907493656695e+02
5.745938166475408798e+04 4.214687511835925397e+04 2.502137585971257749e+02
5.745938166770106182e+04 4.144748500673557282e+04 2.491351101502321512e+02
5.745938167064803565e+04 4.167486021639121464e+04 2.495479375906573978e+02
5.745938167359500949e+04 4.139714303773653228e+04 2.490977560035798888e+02
5.745938167654198332e+04 4.153631558617835981e+04 2.493055391394525770e+02
5.745938167948895716e+04 4.181288799893347459e+04 2.498393611745266867e+02
5.745938168243593827e+04 4.157384320492321422e+04 2.495735651808619195e+02
5.745938168538291211e+04 4.193221436725841340e+04 2.498670708928781323e+02
5.745938168832988595e+04 4.149277050252814661e+04 2.495226336298202057e+02
5.745938169127685978e+04 4.171078347118103557e+04 2.497424209400940072e+02
5.745938169422383362e+04 4.222855636754262378e+04 2.491301567149645848e+02
5.745938169717080746e+04 4.371581157059401448e+04 2.491099818946727851e+02
5.745938170011778857e+04 4.447295547264573543e+04 2.477916312727020625e+02
5.745938170306476241e+04 4.574177947080181184e+04 2.475753297984718415e+02
5.745938170601173624e+04 4.674548317852606124e+04 2.469078619816590106e+02
5.745938170895871008e+04 4.790087140188574267e+04 2.458664127098957692e+02
5.745938171190568391e+04 4.880951595149924105e+04 2.450097226868487041e+02
5.745938171485265775e+04 4.995253995331464102e+04 2.443468034310602377e+02
5.745938171779963886e+04 5.061382206786403549e+04 2.432113861313974894e+02
5.745938172074661270e+04 5.230366465694287035e+04 2.434929903594499478e+02
5.745938172369358654e+04 5.368653344145575102e+04 2.431046820113539866e+02
5.745938172664056037e+04 5.454115794709745387e+04 2.419789801710867607e+02
5.745938172958753421e+04 5.584906153322574391e+04 2.413064972433431024e+02
5.745938173253450805e+04 5.704618378695014690e+04 2.407756010861280629e+02
5.745938173548148916e+04 5.843241622993896453e+04 2.403494790009072517e+02
5.745938173842846300e+04 5.966457505874372873e+04 2.399454583119814686e+02
5.745938174137543683e+04 5.887308388475548418e+04 2.374332641007391942e+02
5.745938174432241067e+04 5.434286231677851174e+04 2.312985812966565220e+02
5.745938174726938450e+04 4.922980740933661582e+04 2.242866600670797368e+02
5.745938175021635834e+04 4.487726128617700306e+04 2.179777205885479532e+02
5.745938175316333945e+04 3.958202737271544902e+04 2.104764306238710958e+02
5.745938175611031329e+04 3.464630820444021083e+04 2.029081103961796373e+02
5.745938175905728713e+04 2.962826116398186423e+04 1.949986685381383040e+02
5.745938176200426096e+04 2.518857678225191921e+04 1.878452998208067015e+02
5.745938176495123480e+04 2.033741352866732996e+04 1.796248554692070343e+02
5.745938176789820864e+04 1.546358943284971974e+04 1.706226824863930744e+02
5.745938177084518975e+04 1.048801845417746154e+04 1.612768102024885195e+02
5.745938177379216359e+04 5.618049834166751680e+03 1.517611433952739617e+02
5.745938177673913742e+04 1.014419007026175677e+03 1.417841033527867864e+02
5.745938177968611126e+04 -3.959524032718996750e+03 1.306148291754937247e+02
