2.457424079211100005e+06 1.849216069178427279e+04 1.136175097216132883e+02
2.457424079215618316e+06 1.865275325730846816e+04 1.140311657195754549e+02
2.457424079220136628e+06 1.841956215347782199e+04 1.134385322185905949e+02
2.457424079224654939e+06 1.831352513230846671e+04 1.131042954311029973e+02
2.457424079229172785e+06 1.821995695564516063e+04 1.128886260510301867e+02
2.457424079233691096e+06 1.854453104838709623e+04 1.137681592682709635e+02
2.457424079238209408e+06 1.857655904737903256e+04 1.138753925627188721e+02
2.457424079242727719e+06 1.855426058467742041e+04 1.137891397940187943e+02
2.457424079247246031e+06 1.865920727066532345e+04 1.140368313609837259e+02
2.457424079251764342e+06 1.849614417212701665e+04 1.135974248203552150e+02
2.457424079256282654e+06 1.853773273689516282e+04 1.137082810944858977e+02
2.457424079260800965e+06 1.846904003276209551e+04 1.135978837129316759e+02
2.457424079265318811e+06 1.850137552923387193e+04 1.136328333659397316e+02
2.457424079269837122e+06 1.850837934727822721e+04 1.136244862987587538e+02
2.457424079274355434e+06 1.847267690902217873e+04 1.135437673458585550e+02
2.457424079278873745e+06 1.851145839213709769e+04 1.136559575624277585e+02
2.457424079283392057e+06 1.844427246093750000e+04 1.134602918348164167e+02
2.457424079287910368e+06 1.851881514616935601e+04 1.136851056426969109e+02
2.457424079292428680e+06 1.855830936869959623e+04 1.137130680143198731e+02
2.457424079296946526e+06 1.837486602822580608e+04 1.132339204695601182e+02
2.457424079301464837e+06 1.844437416834677424e+04 1.134767768724846633e+02
2.457424079305983149e+06 1.862131054057459551e+04 1.139317092878755346e+02
2.457424079310501460e+06 1.850797950478830535e+04 1.136780675377032424e+02
2.457424079315019771e+06 1.847038736769153184e+04 1.134947239426122252e+02
2.457424079319538083e+06 1.872949080771169247e+04 1.142421079534107236e+02
2.457424079324056394e+06 1.858491954385080680e+04 1.138864617615947026e+02
2.457424079328574240e+06 1.840834210559475832e+04 1.133867688746524323e+02
2.457424079333092552e+06 1.859970393145161142e+04 1.138223088462225263e+02
2.457424079337610863e+06 1.866459485257056440e+04 1.140669982932956685e+02
2.457424079342129175e+06 1.867038033644153256e+04 1.140050470387284918e+02
2.457424079346647486e+06 1.881989747353830535e+04 1.144113599071950773e+02
2.457424079351165798e+06 1.877419637726814472e+04 1.142740149520024460e+02
2.457424079355684109e+06 1.874800231854838785e+04 1.141874888643361601e+02
2.457424079360201955e+06 1.888902367691532345e+04 1.145888337004241606e+02
2.457424079364720266e+06 1.873385197832661288e+04 1.141697319527816603e+02
2.457424079369238578e+06 1.863132137096774386e+04 1.138948714330676637e+02
2.457424079373756889e+06 1.875431701108870766e+04 1.142599740531220363e+02
2.457424079378275201e+06 1.876893310231854775e+04 1.143282495059718116e+02
2.457424079382793512e+06 1.902042792338709842e+04 1.149565512394873252e+02
2.457424079387311824e+06 1.917067978830645006e+04 1.153305763356783586e+02
2.457424079391830135e+06 1.910671345766129161e+04 1.151298914729032532e+02
2.457424079396347981e+06 1.881380808971774240e+04 1.144009011833291112e+02
2.457424079400866292e+06 1.904709326486895225e+04 1.149963458233162896e+02
2.457424079405384604e+06 1.872341132812499927e+04 1.141686264665399335e+02
2.457424079409902915e+06 1.885596573210685528e+04 1.145272635562915298e+02
2.457424079414421227e+06 1.901687804309475905e+04 1.149890390650104877e+02
2.457424079418939538e+06 1.911541038936491896e+04 1.151915848863446143e+02
2.457424079423457850e+06 1.871581703629032199e+04 1.141836085800929084e+02
2.457424079427975696e+06 1.891262341859879234e+04 1.147072190888706302e+02
2.457424079432494007e+06 1.900359681199596889e+04 1.149229620337691955e+02
2.457424079437012319e+06 1.898589870841733864e+04 1.147965453480399702e+02
2.457424079441530630e+06 1.900608013482862953e+04 1.148549287765667799e+02
2.457424079446048941e+06 1.916920653981854775e+04 1.153195826980764451e+02
2.457424079450567253e+06 1.907192987021169392e+04 1.150593723628665259e+02
2.457424079455085564e+06 1.892826870589717873e+04 1.146830297918705241e+02
2.457424079459603876e+06 1.911955430317540231e+04 1.151753481560102870e+02
2.457424079464121722e+06 1.901667193170362953e+04 1.148952957146082952e+02
2.457424079468640033e+06 1.897599882812500073e+04 1.147912620286564476e+02
2.457424079473158345e+06 1.883199165826612807e+04 1.144590600482765694e+02
2.457424079477676656e+06 1.910213017263104848e+04 1.151470519848188019e+02
2.457424079482194968e+06 1.896559417212701737e+04 1.148205488290985414e+02
2.457424079486713279e+06 1.910290519153225614e+04 1.150981279426854513e+02
2.457424079491231591e+06 1.897542324218749854e+04 1.148089173237335245e+02
2.457424079495749436e+06 1.879662380292338639e+04 1.142742157046513825e+02
2.457424079500267748e+06 1.884873145161290449e+04 1.144838680054049860e+02
2.457424079504786059e+06 1.889918169732862953e+04 1.145444724115209425e+02
2.457424079509304371e+06 1.891570229964717873e+04 1.146200994487730327e+02
2.457424079513822682e+06 1.904014967237903329e+04 1.149495763308128744e+02
2.457424079518340994e+06 1.896034475176411433e+04 1.147841056131074993e+02
2.457424079522859305e+06 1.889538990045362880e+04 1.146149681197542520e+02
2.457424079527377151e+06 1.886448513734879089e+04 1.144457230675203476e+02
2.457424079531895462e+06 1.904154081401209623e+04 1.149719785401204746e+02
2.457424079536413774e+06 1.894428106098790158e+04 1.146649091866827916e+02
2.457424079540932085e+06 1.884379927545362807e+04 1.144571887370350680e+02
2.457424079545450397e+06 1.900486185735887193e+04 1.148666294284826392e+02
2.457424079549968708e+06 1.865270592867943560e+04 1.139426262426416514e+02
2.457424079554487020e+06 1.883955351562500073e+04 1.144489769731309536e+02
2.457424079559004866e+06 1.880486124621975614e+04 1.143288900849711922e+02
2.457424079563523177e+06 1.899346745841733718e+04 1.148751163713129415e+02
2.457424079568041489e+06 1.868182331149193487e+04 1.140424659022628902e+02
2.457424079572559800e+06 1.884494734122983937e+04 1.144480677243256963e+02
2.457424079577078111e+06 1.883873873487903256e+04 1.144088191767942675e+02
2.457424079581596423e+06 1.898803312752016063e+04 1.147841734197718750e+02
2.457424079586114734e+06 1.865343574848790377e+04 1.139125332503427899e+02
2.457424079590633046e+06 1.892847775327620911e+04 1.146944444709690032e+02
2.457424079595150892e+06 1.881630316280241823e+04 1.143845367096995886e+02
2.457424079599669203e+06 1.860783662424395152e+04 1.138092218702344525e+02
2.457424079604187515e+06 1.890018154611895079e+04 1.145556030442641031e+02
2.457424079608705826e+06 1.912280335181451665e+04 1.151182202829214987e+02
2.457424079613224138e+06 1.869201323714717728e+04 1.140476696206916358e+02
2.457424079617742449e+06 1.891058636592741823e+04 1.145887586280163219e+02
2.457424079622260761e+06 1.888731670236895297e+04 1.145145549677547763e+02
2.457424079626778606e+06 1.878352053931451519e+04 1.142960827869198255e+02
2.457424079631296918e+06 1.872729500378024386e+04 1.140946354206934075e+02
2.457424079635815229e+06 1.905893499873991823e+04 1.149787177218505860e+02
2.457424079640333541e+06 1.886252553553427424e+04 1.144721549253847854e+02
2.457424079644851852e+06 1.880456758442540377e+04 1.143433281747338270e+02
2.457424079649370164e+06 1.902303087197580680e+04 1.148695755346161604e+02
2.457424079653888475e+06 1.887195784400201592e+04 1.144640631079444972e+02
2.457424079658406787e+06 1.882477099294354775e+04 1.144133883372134477e+02
2.457424079662924632e+06 1.884241439642137266e+04 1.144760900606204359e+02
2.457424079667442944e+06 1.888466764112903184e+04 1.145612647767740526e+02
2.457424079671961255e+06 1.885678337323588858e+04 1.144953007929197497e+02
2.457424079676479567e+06 1.883459954637096962e+04 1.143934998884667493e+02
2.457424079680997878e+06 1.877133719758064399e+04 1.142705982032861272e+02
2.457424079685516190e+06 1.863692244203629161e+04 1.138416141386055074e+02
2.457424079690034501e+06 1.869613433719758177e+04 1.140345427206015927e+02
2.457424079694552347e+06 1.874035095766129234e+04 1.141496472242535418e+02
2.457424079699070659e+06 1.889940012600806585e+04 1.145609121909687218e+02
2.457424079703588970e+06 1.875175076864919538e+04 1.141704975947701399e+02
2.457424079708107281e+06 1.904365774319556294e+04 1.148844751449047692e+02
2.457424079712625593e+06 1.893491200226814544e+04 1.146668818984489491e+02
2.457424079717143904e+06 1.872263593119959842e+04 1.140477883097001950e+02
2.457424079721662216e+06 1.899729770035282127e+04 1.147487590530349593e+02
2.457424079726180062e+06 1.874977712323588639e+04 1.141622307670338898e+02
2.457424079730698373e+06 1.919714059979838567e+04 1.153707412883713204e+02
2.457424079735216685e+06 1.897318969254032345e+04 1.147684556755408494e+02
2.457424079739734996e+06 1.873196600932459842e+04 1.141760621960693527e+02
2.457424079744253308e+06 1.869735194682459769e+04 1.141009810806815779e+02
2.457424079748771619e+06 1.880798312752016136e+04 1.143467470416205458e+02
2.457424079753289931e+06 1.903826443422379089e+04 1.149024739944918707e+02
2.457424079757807776e+06 1.881212006678427497e+04 1.143136207853405182e+02
2.457424079762326088e+06 1.875841609753024386e+04 1.142228150564632898e+02
2.457424079766844399e+06 1.883196345766129161e+04 1.143522628559681067e+02
2.457424079771362711e+06 1.893069998739919538e+04 1.145828477847052511e+02
2.457424079775881022e+06 1.880675277217742041e+04 1.143441621898094809e+02
2.457424079780399334e+06 1.870704334677419320e+04 1.140291918180675594e+02
2.457424079784917645e+06 1.879406223538306585e+04 1.143065627475816513e+02
2.457424079789435957e+06 1.867727620337701592e+04 1.140075853023364800e+02
2.457424079793953802e+06 1.871591646295362807e+04 1.140984043489488755e+02
2.457424079798472114e+06 1.855968644153225614e+04 1.136684175968894692e+02
2.457424079802990425e+06 1.868397594506048335e+04 1.140008860594461595e+02
2.457424079807508737e+06 1.893313673765120984e+04 1.146310997369827049e+02
2.457424079812027048e+06 1.875975063004032199e+04 1.142002493770253437e+02
2.457424079816545360e+06 1.885060443548387047e+04 1.143916628594533051e+02
2.457424079821063671e+06 1.877109965977822503e+04 1.142568683966114946e+02
2.457424079825581517e+06 1.901297454007056513e+04 1.149026131154346899e+02
2.457424079830099829e+06 1.896352351310483937e+04 1.146871268954895697e+02
2.457424079834618140e+06 1.879623380166330753e+04 1.142776441111280690e+02
2.457424079839136451e+06 1.883991156123991823e+04 1.144118667598331029e+02
2.457424079843654763e+06 1.875463952872984009e+04 1.141992415938967866e+02
2.457424079848173074e+06 1.890920258316532272e+04 1.145497319570827557e+02
2.457424079852691386e+06 1.887452710433467655e+04 1.144596834552848748e+02
2.457424079857209697e+06 1.860661296622983718e+04 1.137992387333416531e+02
2.457424079861727543e+06 1.839417965599798481e+04 1.132298876174245663e+02
2.457424079866245855e+06 1.835349836819556367e+04 1.131928778245629417e+02
2.457424079870764166e+06 1.802159110383064399e+04 1.122625963992147859e+02
2.457424079875282478e+06 1.809080127898185310e+04 1.124819713686958949e+02
2.457424079879800789e+06 1.793569136844758032e+04 1.120386437940032920e+02
2.457424079884319101e+06 1.800164646547379016e+04 1.122420908077744031e+02
2.457424079888837412e+06 1.779547819430443633e+04 1.117140819478466938e+02
2.457424079893355258e+06 1.814410362903225905e+04 1.126520428822807389e+02
2.457424079897873569e+06 1.816834478956653038e+04 1.126517955932886679e+02
2.457424079902391881e+06 1.810706944304435456e+04 1.125179023230507909e+02
2.457424079906910192e+06 1.798807551663306367e+04 1.121579042328615827e+02
