2.457424079211100005e+06 2.339764214339717728e+04 1.248952606979575677e+02
2.457424079215618316e+06 2.392529507938507959e+04 1.261727102569019081e+02
2.457424079220136628e+06 2.371671294732862953e+04 1.256747079103362807e+02
2.457424079224654939e+06 2.344875015751007959e+04 1.250049693798745380e+02
2.457424079229172785e+06 2.319828795992943560e+04 1.244398972591276902e+02
2.457424079233691096e+06 2.351668254158266063e+04 1.251989829914951713e+02
2.457424079238209408e+06 2.333698224546371057e+04 1.247488569148490143e+02
2.457424079242727719e+06 2.281014515498992114e+04 1.234839048138323108e+02
2.457424079247246031e+06 2.283034713331653256e+04 1.235367255139930904e+02
2.457424079251764342e+06 2.339098608870967655e+04 1.248729292588088811e+02
2.457424079256282654e+06 2.386228867817540231e+04 1.259816052099005930e+02
2.457424079260800965e+06 2.398396876890120984e+04 1.262927876022845481e+02
2.457424079265318811e+06 2.312632850932459769e+04 1.242391617734208182e+02
2.457424079269837122e+06 2.376642440146169247e+04 1.257679466549751908e+02
2.457424079274355434e+06 2.287423952872983864e+04 1.236747111467731770e+02
2.457424079278873745e+06 2.389586581401209696e+04 1.260979410411172665e+02
2.457424079283392057e+06 2.344595445438507886e+04 1.250246519367703399e+02
2.457424079287910368e+06 2.377895477570564617e+04 1.257891821964029191e+02
2.457424079292428680e+06 2.443064928175403111e+04 1.273457003826685678e+02
2.457424079296946526e+06 2.270264471396169392e+04 1.232511143414321566e+02
2.457424079301464837e+06 2.288710803301411215e+04 1.237272449534547292e+02
2.457424079305983149e+06 2.309264519279234082e+04 1.241290521020744961e+02
2.457424079310501460e+06 2.297589611895161215e+04 1.239166545073170482e+02
2.457424079315019771e+06 2.337904306325604921e+04 1.248511064504663608e+02
2.457424079319538083e+06 2.311985528603830608e+04 1.242375837264378049e+02
2.457424079324056394e+06 2.380248688256048263e+04 1.258435200778643122e+02
2.457424079328574240e+06 2.336607334929435456e+04 1.248064280368490131e+02
2.457424079333092552e+06 2.356269982358870766e+04 1.252813522137616928e+02
2.457424079337610863e+06 2.346924688130040158e+04 1.250433297626554747e+02
2.457424079342129175e+06 2.311940573966733791e+04 1.242115245769597607e+02
2.457424079346647486e+06 2.287505441028225687e+04 1.236815965744826968e+02
2.457424079351165798e+06 2.342331542968750000e+04 1.249056048991828050e+02
2.457424079355684109e+06 2.301959071950604994e+04 1.239769030349583261e+02
2.457424079360201955e+06 2.351513572328629016e+04 1.252062536445724419e+02
2.457424079364720266e+06 2.331842352570564617e+04 1.247451933082065523e+02
2.457424079369238578e+06 2.344798664314515918e+04 1.250133031141192106e+02
2.457424079373756889e+06 2.354525129158265918e+04 1.252810920213313608e+02
2.457424079378275201e+06 2.360839175907257959e+04 1.254141653254703215e+02
2.457424079382793512e+06 2.283868060735887047e+04 1.235915644293727240e+02
2.457424079387311824e+06 2.265629978578629016e+04 1.231664649230813211e+02
2.457424079391830135e+06 2.345521562500000073e+04 1.250736502403051560e+02
2.457424079396347981e+06 2.345850097026209551e+04 1.250954571815524048e+02
2.457424079400866292e+06 2.350944052419354921e+04 1.252508618021627740e+02
2.457424079405384604e+06 2.331077780997983791e+04 1.249342464550024232e+02
2.457424079409902915e+06 2.347282842111895297e+04 1.252863900881050228e+02
2.457424079414421227e+06 2.360959441154234082e+04 1.255654482433105983e+02
2.457424079418939538e+06 2.310427168598790377e+04 1.243975113941216790e+02
2.457424079423457850e+06 2.358962976940524095e+04 1.255297585991975780e+02
2.457424079427975696e+06 2.319132951108870839e+04 1.246322249211268911e+02
2.457424079432494007e+06 2.350972781628024313e+04 1.253734787103359594e+02
2.457424079437012319e+06 2.243682263104838785e+04 1.228153297449441936e+02
2.457424079441530630e+06 2.313347564894153038e+04 1.244829301159604142e+02
2.457424079446048941e+06 2.332994822328629016e+04 1.249190105643106534e+02
2.457424079450567253e+06 2.354195744077620839e+04 1.254650021456691746e+02
2.457424079455085564e+06 2.364544879662298263e+04 1.256915685616596789e+02
2.457424079459603876e+06 2.306230728326612734e+04 1.243198105672531284e+02
2.457424079464121722e+06 2.335407868573588712e+04 1.250055711183250224e+02
2.457424079468640033e+06 2.331743726688508104e+04 1.249325642923775490e+02
2.457424079473158345e+06 2.292795206023185528e+04 1.239820673175700989e+02
2.457424079477676656e+06 2.290816840347782272e+04 1.238716327574090315e+02
2.457424079482194968e+06 2.237440823462701519e+04 1.226220120439397903e+02
2.457424079486713279e+06 2.356792343119959696e+04 1.254687214848153332e+02
2.457424079491231591e+06 2.382303770161290231e+04 1.260517085235015458e+02
2.457424079495749436e+06 2.324633454511088712e+04 1.247536339851273652e+02
2.457424079500267748e+06 2.321758184853830608e+04 1.246409309927324358e+02
2.457424079504786059e+06 2.320538652973790158e+04 1.246112726452523702e+02
2.457424079509304371e+06 2.319681657006048408e+04 1.246225743234921879e+02
2.457424079513822682e+06 2.238841907132056440e+04 1.226721730391270455e+02
2.457424079518340994e+06 2.294317166708669538e+04 1.240663150181558905e+02
2.457424079522859305e+06 2.355139847530241968e+04 1.254328432088270091e+02
2.457424079527377151e+06 2.327897080393145006e+04 1.248072635292685533e+02
2.457424079531895462e+06 2.400295045362903329e+04 1.265108291020846707e+02
2.457424079536413774e+06 2.363253654863911288e+04 1.256558864808876592e+02
2.457424079540932085e+06 2.289949483366935601e+04 1.239319362260863073e+02
2.457424079545450397e+06 2.327314292464717801e+04 1.247528744959302287e+02
2.457424079549968708e+06 2.344065056703628943e+04 1.252069285575982462e+02
2.457424079554487020e+06 2.382100238785282272e+04 1.260637902699980941e+02
2.457424079559004866e+06 2.360248302041330680e+04 1.255853634255420985e+02
2.457424079563523177e+06 2.424904372479838639e+04 1.271242696380537041e+02
2.457424079568041489e+06 2.377675606098790377e+04 1.260043493710025615e+02
2.457424079572559800e+06 2.360714778225806367e+04 1.255977554403387018e+02
2.457424079577078111e+06 2.301709860761088567e+04 1.242080386169193673e+02
2.457424079581596423e+06 2.321903077746975760e+04 1.246653235957131614e+02
2.457424079586114734e+06 2.337617253654234082e+04 1.250396115159259978e+02
2.457424079590633046e+06 2.327822175529233937e+04 1.247782928354068304e+02
2.457424079595150892e+06 2.386743449470766063e+04 1.261911434504064999e+02
2.457424079599669203e+06 2.356759463205645079e+04 1.254823461151088253e+02
2.457424079604187515e+06 2.374920384324596671e+04 1.259583896938999459e+02
2.457424079608705826e+06 2.303168194934475832e+04 1.242023456753224764e+02
2.457424079613224138e+06 2.351703586819556585e+04 1.253834902331127239e+02
2.457424079617742449e+06 2.337503019783266063e+04 1.250607774975303244e+02
2.457424079622260761e+06 2.329237050151209769e+04 1.248935374329482357e+02
2.457424079626778606e+06 2.415907746975806367e+04 1.269152463386259200e+02
2.457424079631296918e+06 2.355620739037298335e+04 1.254754740529029675e+02
2.457424079635815229e+06 2.291750871975806513e+04 1.239377282327482419e+02
2.457424079640333541e+06 2.299882595136088639e+04 1.241612940392923008e+02
2.457424079644851852e+06 2.281855250126008104e+04 1.237328408845965839e+02
2.457424079649370164e+06 2.339876522177419247e+04 1.251124347606375977e+02
2.457424079653888475e+06 2.350289672379032345e+04 1.253609688043419368e+02
2.457424079658406787e+06 2.252649478326612734e+04 1.230626926360027369e+02
2.457424079662924632e+06 2.373287372101814617e+04 1.258811830344103413e+02
2.457424079667442944e+06 2.363684348538306585e+04 1.256505297275523390e+02
2.457424079671961255e+06 2.378192051411290231e+04 1.260742226818557867e+02
2.457424079676479567e+06 2.377269906754032127e+04 1.259666394070480067e+02
2.457424079680997878e+06 2.282807219002016063e+04 1.237434177002038211e+02
2.457424079685516190e+06 2.297862193170363025e+04 1.240530820727991994e+02
2.457424079690034501e+06 2.282806475554435383e+04 1.237509999705910531e+02
2.457424079694552347e+06 2.407564205519153256e+04 1.267076051735843834e+02
2.457424079699070659e+06 2.401573087827620839e+04 1.265556914616824145e+02
2.457424079703588970e+06 2.303092920866935310e+04 1.242564343217267719e+02
2.457424079708107281e+06 2.419669552671370911e+04 1.270046968511919374e+02
2.457424079712625593e+06 2.416558516255040377e+04 1.269096593385443583e+02
2.457424079717143904e+06 2.342944000756048263e+04 1.251405248304255196e+02
2.457424079721662216e+06 2.371160947580645006e+04 1.258856359204197162e+02
2.457424079726180062e+06 2.312770210433467582e+04 1.244561830547620076e+02
2.457424079730698373e+06 2.295841481854838639e+04 1.240717541289756127e+02
2.457424079735216685e+06 2.277094564012096816e+04 1.237004908250599584e+02
2.457424079739734996e+06 2.358344748613911361e+04 1.255548483553341725e+02
2.457424079744253308e+06 2.371495821572580462e+04 1.258807897664105298e+02
2.457424079748771619e+06 2.342463596270161361e+04 1.251903795932492471e+02
2.457424079753289931e+06 2.339807173639112807e+04 1.251237810049984063e+02
2.457424079757807776e+06 2.386172080393145006e+04 1.262146689084660380e+02
2.457424079762326088e+06 2.381961890751008104e+04 1.260713988380624784e+02
2.457424079766844399e+06 2.358654884072580535e+04 1.255261607931113019e+02
2.457424079771362711e+06 2.265151273941532418e+04 1.233528913664603124e+02
2.457424079775881022e+06 2.331397966859878943e+04 1.249096053644281170e+02
2.457424079780399334e+06 2.402452990171370766e+04 1.266001625238391881e+02
2.457424079784917645e+06 2.308187613407257959e+04 1.243793641079614076e+02
2.457424079789435957e+06 2.262779361139112734e+04 1.232528980366310094e+02
2.457424079793953802e+06 2.260927528351814544e+04 1.232134342351828167e+02
2.457424079798472114e+06 2.302397540322580608e+04 1.242120545988970406e+02
2.457424079802990425e+06 2.347748162802419392e+04 1.253197174926604873e+02
2.457424079807508737e+06 2.316008970514113025e+04 1.245597173035420440e+02
2.457424079812027048e+06 2.408127958039314399e+04 1.267239042864762411e+02
2.457424079816545360e+06 2.421245495211693560e+04 1.270075959035251856e+02
2.457424079821063671e+06 2.314687889364919465e+04 1.245152326694498868e+02
2.457424079825581517e+06 2.329567394783265991e+04 1.248306562424715338e+02
2.457424079830099829e+06 2.339165705645161142e+04 1.251025276527169012e+02
2.457424079834618140e+06 2.356996757182459623e+04 1.255191322954629811e+02
2.457424079839136451e+06 2.369627740045362953e+04 1.257855309854476786e+02
2.457424079843654763e+06 2.305084967237903038e+04 1.242739878078311762e+02
2.457424079848173074e+06 2.395751693548387266e+04 1.264289235261999806e+02
2.457424079852691386e+06 2.384265459299395297e+04 1.261737424101190896e+02
2.457424079857209697e+06 2.377152716733871057e+04 1.260021037560194657e+02
2.457424079861727543e+06 2.402268412928427279e+04 1.265562678971373316e+02
2.457424079866245855e+06 2.377469519279234009e+04 1.260184057844297172e+02
2.457424079870764166e+06 2.321677067792338858e+04 1.246770626046704535e+02
2.457424079875282478e+06 2.291003242817540377e+04 1.239686783187944883e+02
2.457424079879800789e+06 2.267203151461693415e+04 1.234088514386152298e+02
2.457424079884319101e+06 2.307569097782258177e+04 1.243633703941061839e+02
2.457424079888837412e+06 2.329471467993951592e+04 1.248685768959418283e+02
2.457424079893355258e+06 2.299740408896169538e+04 1.241005000218463010e+02
2.457424079897873569e+06 2.341067281376008032e+04 1.251175472489936880e+02
2.457424079902391881e+06 2.324795483870967655e+04 1.247344341148488809e+02
2.457424079906910192e+06 2.347349350428427351e+04 1.253061484570077226e+02
