5.733647987470000226e+04 5.224317975433263928e+04 2.512479369283843766e+02
5.733648350832094729e+04 5.180605155288722017e+04 2.508254136348001850e+02
5.733648714194189961e+04 5.158545235048805625e+04 2.503009807530593207e+02
5.733649077556284465e+04 5.143162618427842972e+04 2.500310675445320214e+02
5.733649440918378968e+04 5.156071570054964832e+04 2.502656099557626703e+02
5.733649804280473472e+04 5.145613469697000983e+04 2.501742635075515295e+02
5.733650167642568704e+04 5.094159166323155659e+04 2.494903909092090544e+02
5.733650531004663208e+04 5.160555627668833768e+04 2.504331574856450402e+02
5.733650894366757711e+04 5.139850513265201153e+04 2.501021539171329664e+02
5.733651257728852215e+04 5.179678292967162270e+04 2.505929349399433761e+02
5.733651621090947447e+04 5.153456719143223017e+04 2.502783708401438219e+02
5.733651984453041950e+04 5.160398329064562131e+04 2.504008846504566179e+02
5.733652347815136454e+04 5.131661331610193156e+04 2.502419241013198814e+02
5.733652711177230958e+04 5.124287990397289832e+04 2.500709159758818032e+02
5.733653074539326190e+04 5.159873705131215684e+04 2.505367317778816414e+02
5.733653437901420693e+04 5.104121556023885933e+04 2.497595325417905769e+02
5.733653801263515197e+04 5.129259197132723057e+04 2.501185033894334993e+02
5.733654164625609701e+04 5.140810880466429808e+04 2.501651760003512095e+02
5.733654527987704932e+04 5.240820222394911980e+04 2.513680618074770621e+02
5.733654891349799436e+04 5.188444317517925083e+04 2.506780283018347859e+02
5.733655254711893940e+04 5.168975493238378112e+04 2.505609617914809064e+02
5.733655618073989172e+04 5.163811177062978823e+04 2.504457225617291272e+02
5.733655981436083675e+04 5.110624470933936391e+04 2.497875574655667492e+02
5.733656344798178179e+04 5.169817927838826290e+04 2.505528639403395346e+02
5.733656708160272683e+04 5.134612786853893340e+04 2.499606960056282787e+02
5.733657071522367914e+04 5.142690500440481264e+04 2.499888458612903719e+02
5.733657434884462418e+04 5.200855178820400033e+04 2.507639701157844172e+02
5.733657798246556922e+04 5.166815825261938880e+04 2.503978169578772679e+02
5.733658161608651426e+04 5.117847145157946943e+04 2.497845809649779767e+02
5.733658524970746657e+04 5.162900100434448541e+04 2.503637106332621443e+02
5.733658888332841161e+04 5.155768376298381190e+04 2.502095971776783188e+02
5.733659251694935665e+04 5.158335927970927150e+04 2.501556248797238311e+02
5.733659615057030169e+04 5.145546238746436575e+04 2.502970431374831151e+02
5.733659978419125400e+04 5.152313010683197354e+04 2.504746130329048412e+02
5.733660341781219904e+04 5.157162885559631832e+04 2.503157222526792509e+02
5.733660705143314408e+04 5.155574696967929049e+04 2.502186294218189175e+02
5.733661068505408912e+04 5.154806105892941559e+04 2.503172737040417246e+02
5.733661431867504143e+04 5.164914290890668781e+04 2.505157334027681770e+02
5.733661795229598647e+04 5.149118506560451351e+04 2.502127988936943552e+02
5.733662158591693151e+04 5.173228390432146989e+04 2.505669307762163953e+02
5.733662521953788382e+04 5.147989739686167013e+04 2.504293312042433968e+02
5.733662885315882886e+04 5.143933824697347154e+04 2.501278000753399624e+02
5.733663248677977390e+04 5.189113381678922451e+04 2.507516691809241536e+02
5.733663612040071894e+04 5.176960691538225365e+04 2.505364166307901712e+02
5.733663975402167125e+04 5.112345672259446292e+04 2.497434720824971066e+02
5.733664338764261629e+04 5.128170193122481578e+04 2.501174617534574054e+02
5.733664702126356133e+04 5.132319479635679454e+04 2.501274730853359642e+02
5.733665065488450637e+04 5.161086473606507934e+04 2.503745931918074632e+02
5.733665428850545868e+04 5.135676706439861300e+04 2.501728098500269368e+02
5.733665792212640372e+04 5.129763370523771300e+04 2.498535143844734705e+02
5.733666155574734876e+04 5.160499285661176691e+04 2.503819181453676492e+02
5.733666518936829380e+04 5.119523718182115408e+04 2.499399131479976290e+02
5.733666882298924611e+04 5.119570701422776619e+04 2.501579191669711975e+02
5.733667245661019115e+04 5.139712347972925636e+04 2.502872193793179179e+02
5.733667609023113619e+04 5.155972675451653777e+04 2.502580829844038703e+02
5.733667972385208850e+04 5.156948698243300169e+04 2.504088551229045265e+02
5.733668335747303354e+04 5.145314579590224457e+04 2.502976929768089178e+02
5.733668699109397858e+04 5.179460327374057670e+04 2.507862304162130727e+02
5.733669062471492362e+04 5.188132039741195331e+04 2.507570975674484259e+02
5.733669425833587593e+04 5.199605038085133128e+04 2.507240621807864329e+02
5.733669789195682097e+04 5.157612270799864928e+04 2.504221420833808622e+02
5.733670152557776601e+04 5.194261587142309145e+04 2.506245936359031248e+02
5.733670515919871104e+04 5.231384088581206743e+04 2.511546782672629945e+02
5.733670879281966336e+04 5.278265270562184742e+04 2.518805430057492458e+02
5.733671242644060840e+04 5.375185812306636217e+04 2.529454656117340789e+02
5.733671606006155343e+04 5.558929470702779508e+04 2.550836853563427837e+02
5.733671969368249847e+04 6.074740726581001218e+04 2.615665391797763277e+02
5.733672332730345079e+04 6.883768250916607212e+04 2.708507237666615310e+02
5.733672696092439583e+04 7.787228010233934037e+04 2.812014414450695199e+02
5.733673059454534086e+04 8.377352218995617295e+04 2.878515736593631686e+02
5.733673422816628590e+04 8.833669937362096971e+04 2.925186167326816076e+02
5.733673786178723822e+04 8.871701685983152129e+04 2.930213820094796802e+02
5.733674149540818325e+04 8.573073067741162959e+04 2.899123599431433149e+02
5.733674512902912829e+04 8.456460510976827936e+04 2.885682181449943755e+02
5.733674876265008061e+04 8.423375506353234232e+04 2.883477676710370474e+02
5.733675239627102565e+04 8.302535441324497515e+04 2.870271446810467069e+02
5.733675602989197068e+04 8.469337806958146393e+04 2.887634678734406180e+02
5.733675966351291572e+04 8.583385065429055248e+04 2.900372003676465624e+02
5.733676329713386804e+04 8.369211514052125858e+04 2.876551829959444149e+02
5.733676693075481307e+04 8.192211634039696946e+04 2.857247760024842478e+02
5.733677056437575811e+04 8.287749053402367281e+04 2.867456182376046741e+02
5.733677419799670315e+04 8.493976042860082816e+04 2.888258662416088782e+02
5.733677783161765547e+04 8.550781663230975391e+04 2.893961440619747805e+02
5.733678146523860050e+04 8.529909503030481574e+04 2.893683684356308845e+02
5.733678509885954554e+04 8.603741678976023104e+04 2.900918977648525470e+02
5.733678873248049058e+04 8.804898726615749183e+04 2.922781127092383144e+02
5.733679236610144289e+04 8.707642246116360184e+04 2.913845977441184232e+02
5.733679599972238793e+04 8.793571419876662549e+04 2.924388925308057878e+02
5.733679963334333297e+04 8.894050782309673377e+04 2.933919824259009488e+02
5.733680326696427801e+04 9.115005447021525470e+04 2.955562833594223093e+02
5.733680690058523032e+04 8.897503492874010408e+04 2.933484655228276665e+02
5.733681053420617536e+04 8.774079806381286471e+04 2.922114512458238664e+02
5.733681416782712040e+04 8.639037812573477277e+04 2.905276745919785526e+02
5.733681780144807271e+04 8.611829485832354112e+04 2.903115594633840146e+02
5.733682143506901775e+04 8.321034537547915534e+04 2.871111879410058236e+02
5.733682506868996279e+04 8.459741877157756244e+04 2.886048290394092533e+02
5.733682870231090783e+04 8.669632332283092546e+04 2.908697769746407289e+02
5.733683233593186014e+04 8.607916381773166358e+04 2.901514541699882557e+02
5.733683596955280518e+04 8.802435339347965783e+04 2.922480668059617415e+02
5.733683960317375022e+04 8.835209391089540441e+04 2.927291120365565007e+02
5.733684323679469526e+04 9.126347235042745888e+04 2.958996522405420819e+02
5.733684687041564757e+04 9.201352324735806906e+04 2.967299167749064281e+02
5.733685050403659261e+04 9.040516907396283932e+04 2.949140532373453425e+02
5.733685413765753765e+04 9.091745382611014065e+04 2.955383408113156065e+02
5.733685777127848269e+04 8.899895034190948354e+04 2.935060072741883346e+02
5.733686140489943500e+04 8.823564260086687864e+04 2.926366982765821945e+02
5.733686503852038004e+04 8.850853061580876238e+04 2.929611322970812921e+02
5.733686867214132508e+04 9.023642576321281376e+04 2.947282159374007620e+02
5.733687230576227012e+04 9.280708749833080219e+04 2.976146939195170944e+02
5.733687593938322243e+04 9.184432912087268778e+04 2.964034975867736534e+02
5.733687957300416747e+04 8.947331166832183953e+04 2.940114776785355275e+02
5.733688320662511251e+04 9.022576454864363768e+04 2.947418722838750114e+02
5.733688684024606482e+04 9.248614888381597120e+04 2.972885161004066390e+02
5.733689047386700986e+04 9.722745068258146057e+04 3.024280081801148867e+02
5.733689410748795490e+04 1.042207569726372894e+05 3.095552391372663692e+02
5.733689774110889994e+04 1.115370333794994513e+05 3.169495082903025036e+02
5.733690137472985225e+04 1.180300070811136975e+05 3.233768537362240636e+02
5.733690500835079729e+04 1.251297143859929929e+05 3.302598781009463664e+02
5.733690864197174233e+04 1.260059432474827336e+05 3.310775320189691229e+02
5.733691227559268737e+04 1.214930798403188237e+05 3.269006795350236416e+02
5.733691590921363968e+04 1.192439271289930912e+05 3.246321886387813720e+02
5.733691954283458472e+04 1.189416976396062819e+05 3.243651507497040143e+02
5.733692317645552976e+04 1.198524633181751415e+05 3.251861479712492269e+02
5.733692681007647479e+04 1.209949522007038904e+05 3.262369273932876013e+02
5.733693044369742711e+04 1.220777336143902212e+05 3.274481439043133264e+02
5.733693407731837215e+04 1.191141277654844162e+05 3.245353828314950988e+02
5.733693771093931718e+04 1.161724854853139841e+05 3.217699988119085219e+02
5.733694134456026222e+04 1.168173579792151577e+05 3.223990582682483250e+02
5.733694497818121454e+04 1.193587727572668227e+05 3.249883417358009297e+02
5.733694861180215958e+04 1.215005647224739078e+05 3.269567560274798552e+02
5.733695224542310461e+04 1.240934762584221608e+05 3.296351098035709697e+02
5.733695587904405693e+04 1.219048924552038807e+05 3.274333430377458853e+02
5.733695951266500197e+04 1.213527146259827277e+05 3.267974826820707790e+02
5.733696314628594700e+04 1.202069082218594558e+05 3.256564096603291887e+02
5.733696677990689204e+04 1.223983940640363871e+05 3.275074913998171837e+02
5.733697041352784436e+04 1.243741152858946880e+05 3.293822524460798604e+02
5.733697404714878940e+04 1.271184994692182227e+05 3.322901732454367334e+02
5.733697768076973443e+04 1.250114934404507076e+05 3.301431344635778942e+02
5.733698131439067947e+04 1.222637287454977777e+05 3.276588853264167938e+02
5.733698494801163179e+04 1.228785162416798412e+05 3.280584135848055780e+02
5.733698858163257682e+04 1.235374806393487088e+05 3.287526862062987902e+02
5.733699221525352186e+04 1.222572069465133536e+05 3.274146209668181768e+02
5.733699584887446690e+04 1.238642259700475261e+05 3.289769955941628155e+02
5.733699948249541922e+04 1.237753972042915120e+05 3.286911466521712555e+02
5.733700311611636425e+04 1.154865198933616339e+05 3.207224221485888052e+02
5.733700674973730929e+04 1.065460578545623284e+05 3.117640188086064086e+02
5.733701038335826161e+04 9.734411735536748893e+04 3.022238315687154113e+02
5.733701401697920664e+04 9.281237394463173405e+04 2.974202555896154081e+02
5.733701765060015168e+04 9.082719989020368666e+04 2.951900425009883975e+02
5.733702128422109672e+04 8.747425831338571152e+04 2.915396411473101921e+02
5.733702491784204904e+04 8.861457021549696219e+04 2.925805965179820305e+02
5.733702855146299407e+04 8.684727092148229713e+04 2.907156808815554996e+02
5.733703218508393911e+04 8.642893366288769175e+04 2.900787539950052292e+02
5.733703581870488415e+04 8.619336356194960536e+04 2.896325797266100608e+02
5.733703945232583646e+04 8.768887091380175843e+04 2.913138304492984503e+02
5.733704308594678150e+04 8.903057027717195160e+04 2.924318989855784139e+02
5.733704671956772654e+04 8.892566316298830498e+04 2.922233948048955199e+02
5.733705035318867158e+04 8.667017367905001447e+04 2.897761130257051150e+02
5.733705398680962389e+04 8.678457629289143370e+04 2.895816501899163313e+02
5.733705762043056893e+04 8.711647669857574510e+04 2.899315215991237551e+02
5.733706125405151397e+04 8.864870962978331954e+04 2.916410879802527347e+02
5.733706488767245901e+04 8.804372315695876023e+04 2.906654015350980558e+02
5.733706852129341132e+04 8.695363609839495621e+04 2.896299700453575383e+02
5.733707215491435636e+04 8.791940887901480892e+04 2.905156746302782835e+02
5.733707578853530140e+04 8.927194428961246740e+04 2.917830818330660918e+02
5.733707942215625371e+04 8.970623690929875011e+04 2.921739009150081188e+02
5.733708305577719875e+04 8.909513804748360417e+04 2.915999411823279388e+02
5.733708668939814379e+04 8.752179745571497187e+04 2.896954586035602688e+02
5.733709032301908883e+04 8.774091582089246367e+04 2.897721057439392212e+02
5.733709395664004114e+04 8.882864218411869660e+04 2.908162801458137210e+02
5.733709759026098618e+04 8.894005999271440669e+04 2.907730505682721969e+02
5.733710122388193122e+04 8.949588721973927750e+04 2.916332520142761382e+02
5.733710485750287626e+04 8.883817338447771908e+04 2.907108191114149918e+02
5.733710849112382857e+04 8.839016740804471192e+04 2.900806479075317270e+02
5.733711212474477361e+04 8.876966935767386167e+04 2.903647326638810569e+02
5.733711575836571865e+04 9.044579240701583331e+04 2.921099647963050074e+02
5.733711939198666369e+04 8.977147883029402874e+04 2.912513673715169489e+02
5.733712302560761600e+04 9.023998014148759830e+04 2.918110030104057842e+02
5.733712665922856104e+04 8.743938639188470552e+04 2.886616556003181699e+02
5.733713029284950608e+04 8.370433702399098547e+04 2.844145487364519340e+02
5.733713392647045112e+04 8.281336477779144479e+04 2.829860488392301932e+02
5.733713756009140343e+04 8.408924240509516676e+04 2.841728917236397933e+02
5.733714119371234847e+04 8.460574056783117703e+04 2.846957692453758000e+02
5.733714482733329351e+04 8.629428261728934012e+04 2.865803397719196823e+02
5.733714846095424582e+04 8.684920783948767348e+04 2.870689353108817272e+02
5.733715209457519086e+04 8.472514792996211327e+04 2.846162069515470989e+02
5.733715572819613590e+04 8.430825151944110985e+04 2.839761719567210889e+02
5.733715936181708093e+04 8.565916209799417993e+04 2.856751425995947216e+02
5.733716299543803325e+04 8.678023510381314554e+04 2.868552639287554484e+02
5.733716662905897829e+04 8.812851266864781792e+04 2.881791407962073208e+02
5.733717026267992333e+04 8.592720073529460933e+04 2.855049405414945340e+02
5.733717389630086836e+04 7.938199699218219030e+04 2.780144329927221634e+02
5.733717752992182068e+04 7.133150340258615324e+04 2.683625412987590835e+02
5.733718116354276572e+04 6.313145956067512452e+04 2.582031278520144042e+02
5.733718479716371075e+04 5.884954843938564591e+04 2.524327138901739431e+02
5.733718843078465579e+04 5.690316482442551933e+04 2.501653237775251739e+02
5.733719206440560811e+04 5.662631606399580050e+04 2.495354043895608527e+02
5.733719569802655315e+04 5.620522016025412449e+04 2.485988892410940707e+02
5.733719933164749818e+04 5.621647618966321897e+04 2.485545702435235569e+02
5.733720296526844322e+04 5.713747643099348352e+04 2.496125621172803051e+02
5.733720659888939554e+04 5.778613156468221860e+04 2.501994392771489402e+02
5.733721023251034057e+04 5.693225663755687128e+04 2.489718150571832496e+02
5.733721386613128561e+04 5.676273126310453517e+04 2.487324363440142179e+02
5.733721749975223793e+04 5.765709689611342037e+04 2.498399462678051748e+02
5.733722113337318297e+04 5.684048328167776344e+04 2.484869284715825017e+02
5.733722476699412800e+04 5.674988525199893775e+04 2.483764589534393963e+02
5.733722840061507304e+04 5.687976998051721603e+04 2.481625724839065299e+02
5.733723203423602536e+04 5.674894307184176432e+04 2.481165000266659604e+02
5.733723566785697039e+04 5.669139608878908621e+04 2.478152792485693965e+02
5.733723930147791543e+04 5.706220755518224905e+04 2.480739278170770206e+02
5.733724293509886047e+04 5.712908071596808441e+04 2.480980772455006900e+02
5.733724656871981279e+04 5.719137751183050568e+04 2.480870394740413758e+02
5.733725020234075782e+04 5.734791420437743363e+04 2.481179117969049628e+02
5.733725383596170286e+04 5.702378223436704138e+04 2.475078101852355701e+02
5.733725746958264790e+04 5.726257699403670267e+04 2.476540039357807643e+02
5.733726110320360021e+04 5.718901987101620762e+04 2.475179685685033917e+02
5.733726473682454525e+04 5.739786912965420197e+04 2.475258780903336628e+02
5.733726837044549029e+04 5.777154085494001629e+04 2.479692993457809109e+02
5.733727200406643533e+04 5.798595790021646098e+04 2.479517446692973976e+02
5.733727563768738764e+04 5.735340599896835920e+04 2.472181812257667559e+02
5.733727927130833268e+04 5.763473048776994983e+04 2.472522827195797674e+02
5.733728290492927772e+04 5.778113438225478603e+04 2.473870317008261850e+02
5.733728653855023003e+04 5.778699120060490532e+04 2.473164439878648011e+02
5.733729017217117507e+04 5.781684821872813336e+04 2.471670481353127684e+02
5.733729380579212011e+04 5.806249460650495166e+04 2.473200633250237104e+02
5.733729743941306515e+04 5.790373541977861896e+04 2.473500498354025581e+02
5.733730107303401746e+04 5.778345673474812065e+04 2.469930804738622498e+02
5.733730470665496250e+04 5.825087986519912374e+04 2.471716051315220568e+02
5.733730834027590754e+04 5.864582539275317686e+04 2.476079740459736627e+02
5.733731197389685258e+04 5.869507053840959270e+04 2.474855822172810917e+02
5.733731560751780489e+04 5.861005416681922361e+04 2.473302741902534194e+02
5.733731924113874993e+04 5.853869437942886725e+04 2.471844609354629085e+02
5.733732287475969497e+04 5.828692419222804892e+04 2.467440578899366415e+02
5.733732650838064001e+04 5.891451454963276046e+04 2.471672008351704335e+02
5.733733014200159232e+04 5.843815367149666417e+04 2.467900576427982458e+02
5.733733377562253736e+04 5.876788361784146400e+04 2.470290893472333664e+02
5.733733740924348240e+04 5.923420234252722003e+04 2.473656694715980109e+02
5.733734104286443471e+04 5.909565634815825615e+04 2.470294806569917796e+02
5.733734467648537975e+04 5.873077379102342820e+04 2.465634219849510487e+02
5.733734831010632479e+04 5.931807317476406752e+04 2.471463234635815525e+02
5.733735194372726983e+04 5.943209945115311712e+04 2.470361554877270294e+02
5.733735557734822214e+04 5.924921984445857379e+04 2.467832558700614243e+02
5.733735921096916718e+04 6.009246288436606119e+04 2.475635109166714471e+02
5.733736284459011222e+04 5.956340511031901406e+04 2.468535734888257878e+02
5.733736647821105726e+04 6.020084131577424705e+04 2.474278268632264712e+02
5.733737011183200957e+04 6.150823891060308233e+04 2.490288710184570675e+02
5.733737374545295461e+04 6.981062477268752991e+04 2.591409057102237625e+02
5.733737737907389965e+04 6.044418114153898205e+04 2.472347261477429754e+02
5.733738101269484469e+04 5.987942337181861512e+04 2.466095886801026893e+02
5.733738464631579700e+04 5.980730072433265741e+04 2.462165506791058363e+02
5.733738827993674204e+04 5.957830941567970149e+04 2.461341466320379254e+02
5.733739191355768708e+04 6.010589055876508064e+04 2.464859073031374237e+02
5.733739554717863211e+04 6.042268110177366907e+04 2.465355335950101221e+02
5.733739918079958443e+04 6.043020846281496051e+04 2.464988194043641840e+02
5.733740281442052947e+04 6.033631021398401208e+04 2.465013008565465498e+02
5.733740644804147450e+04 6.019065100247119699e+04 2.460150561744228526e+02
5.733741008166242682e+04 6.030894281796953874e+04 2.460365914997449011e+02
5.733741371528337186e+04 6.062697123187522084e+04 2.459969982184368575e+02
5.733741734890431690e+04 6.014266954814431665e+04 2.453266568061030171e+02
5.733742098252526193e+04 6.116219068823741691e+04 2.465668336081031384e+02
5.733742461614621425e+04 6.098674550693285710e+04 2.461017144949148019e+02
5.733742824976715929e+04 6.156193325629182073e+04 2.467291352643280504e+02
5.733743188338810432e+04 6.103970836732897442e+04 2.461266167836970169e+02
5.733743551700904936e+04 6.156964048082080262e+04 2.464992244475830319e+02
5.733743915063000168e+04 6.137244722275033564e+04 2.463603150255326284e+02
5.733744278425094672e+04 6.151942831876604760e+04 2.459983825387556351e+02
5.733744641787189175e+04 6.110903773209391511e+04 2.456378592231775997e+02
5.733745005149283679e+04 6.204496046096668579e+04 2.465305920945095579e+02
5.733745368511378911e+04 6.138728574164104066e+04 2.456185339274098283e+02
5.733745731873473414e+04 6.150284594249814108e+04 2.457166681505945292e+02
5.733746095235567918e+04 6.227007875942977262e+04 2.464192857842701017e+02
5.733746458597662422e+04 6.369360585468476347e+04 2.480555746497858536e+02
5.733746821959757654e+04 6.154064606495170301e+04 2.456166976006300899e+02
5.733747185321852157e+04 6.132038074207002501e+04 2.457959911289837294e+02
