5.742938567019999755e+04 0.000000000000000000e+00 0.000000000000000000e+00
5.742938567211494956e+04 0.000000000000000000e+00 0.000000000000000000e+00
5.742938567402990157e+04 0.000000000000000000e+00 0.000000000000000000e+00
5.742938567594485357e+04 0.000000000000000000e+00 0.000000000000000000e+00
5.742938567785980558e+04 0.000000000000000000e+00 0.000000000000000000e+00
5.742938567977475759e+04 0.000000000000000000e+00 0.000000000000000000e+00
5.742938568168970232e+04 0.000000000000000000e+00 0.000000000000000000e+00
5.742938568360465433e+04 0.000000000000000000e+00 0.000000000000000000e+00
5.742938568551960634e+04 0.000000000000000000e+00 0.000000000000000000e+00
5.742938568743455835e+04 0.000000000000000000e+00 0.000000000000000000e+00
5.742938568934951036e+04 0.000000000000000000e+00 0.000000000000000000e+00
5.742938569126446237e+04 0.000000000000000000e+00 0.000000000000000000e+00
5.742938569317941437e+04 0.000000000000000000e+00 0.000000000000000000e+00
5.742938569509436638e+04 0.000000000000000000e+00 0.000000000000000000e+00
5.742938569700931839e+04 0.000000000000000000e+00 0.000000000000000000e+00
5.742938569892427040e+04 0.000000000000000000e+00 0.000000000000000000e+00
5.742938570083921513e+04 0.000000000000000000e+00 0.000000000000000000e+00
5.742938570275416714e+04 0.000000000000000000e+00 0.000000000000000000e+00
5.742938570466911915e+04 0.000000000000000000e+00 0.000000000000000000e+00
5.742938570658407116e+04 0.000000000000000000e+00 0.000000000000000000e+00
5.742938570849902317e+04 0.000000000000000000e+00 0.000000000000000000e+00
5.742938571041397518e+04 0.000000000000000000e+00 0.000000000000000000e+00
5.742938571232892718e+04 0.000000000000000000e+00 0.000000000000000000e+00
5.742938571424387919e+04 0.000000000000000000e+00 0.000000000000000000e+00
5.742938571615883120e+04 0.000000000000000000e+00 0.000000000000000000e+00
5.742938571807378321e+04 0.000000000000000000e+00 0.000000000000000000e+00
5.742938571998872794e+04 0.000000000000000000e+00 0.000000000000000000e+00
5.742938572190367995e+04 0.000000000000000000e+00 0.000000000000000000e+00
5.742938572381863196e+04 0.000000000000000000e+00 0.000000000000000000e+00
5.742938572573358397e+04 0.000000000000000000e+00 0.000000000000000000e+00
5.742938572764853598e+04 0.000000000000000000e+00 0.000000000000000000e+00
5.742938572956348798e+04 0.000000000000000000e+00 0.000000000000000000e+00
5.742938573147843999e+04 0.000000000000000000e+00 0.000000000000000000e+00
5.742938573339339200e+04 0.000000000000000000e+00 0.000000000000000000e+00
5.742938573530834401e+04 0.000000000000000000e+00 0.000000000000000000e+00
5.742938573722329602e+04 0.000000000000000000e+00 0.000000000000000000e+00
5.742938573913824075e+04 0.000000000000000000e+00 0.000000000000000000e+00
5.742938574105319276e+04 0.000000000000000000e+00 0.000000000000000000e+00
5.742938574296814477e+04 0.000000000000000000e+00 0.000000000000000000e+00
5.742938574488309678e+04 0.000000000000000000e+00 0.000000000000000000e+00
5.742938574679804879e+04 0.000000000000000000e+00 0.000000000000000000e+00
5.742938574871300079e+04 0.000000000000000000e+00 0.000000000000000000e+00
5.742938575062795280e+04 0.000000000000000000e+00 0.000000000000000000e+00
5.742938575254290481e+04 0.000000000000000000e+00 0.000000000000000000e+00
5.742938575445785682e+04 0.000000000000000000e+00 0.000000000000000000e+00
5.742938575637280883e+04 0.000000000000000000e+00 0.000000000000000000e+00
5.742938575828775356e+04 0.000000000000000000e+00 0.000000000000000000e+00
5.742938576020270557e+04 0.000000000000000000e+00 0.000000000000000000e+00
5.742938576211765758e+04 0.000000000000000000e+00 0.000000000000000000e+00
5.742938576403260959e+04 0.000000000000000000e+00 0.000000000000000000e+00
5.742938576594756159e+04 0.000000000000000000e+00 0.000000000000000000e+00
5.742938576786251360e+04 0.000000000000000000e+00 0.000000000000000000e+00
5.742938576977746561e+04 0.000000000000000000e+00 0.000000000000000000e+00
5.742938577169241762e+04 0.000000000000000000e+00 0.000000000000000000e+00
5.742938577360736963e+04 0.000000000000000000e+00 0.000000000000000000e+00
5.742938577552232164e+04 0.000000000000000000e+00 0.000000000000000000e+00
5.742938577743726637e+04 0.000000000000000000e+00 0.000000000000000000e+00
5.742938577935221838e+04 0.000000000000000000e+00 0.000000000000000000e+00
5.742938578126717039e+04 0.000000000000000000e+00 0.000000000000000000e+00
5.742938578318212240e+04 0.000000000000000000e+00 0.000000000000000000e+00
5.742938578509707440e+04 0.000000000000000000e+00 0.000000000000000000e+00
5.742938578701202641e+04 0.000000000000000000e+00 0.000000000000000000e+00
5.742938578892697842e+04 0.000000000000000000e+00 0.000000000000000000e+00
5.742938579084193043e+04 0.000000000000000000e+00 0.000000000000000000e+00
5.742938579275688244e+04 0.000000000000000000e+00 0.000000000000000000e+00
5.742938579467183445e+04 0.000000000000000000e+00 0.000000000000000000e+00
5.742938579658677918e+04 0.000000000000000000e+00 0.000000000000000000e+00
5.742938579850173119e+04 0.000000000000000000e+00 0.000000000000000000e+00
5.742938580041668320e+04 0.000000000000000000e+00 0.000000000000000000e+00
5.742938580233163520e+04 0.000000000000000000e+00 0.000000000000000000e+00
5.742938580424658721e+04 0.000000000000000000e+00 0.000000000000000000e+00
5.742938580616153922e+04 0.000000000000000000e+00 0.000000000000000000e+00
5.742938580807649123e+04 0.000000000000000000e+00 0.000000000000000000e+00
5.742938580999144324e+04 0.000000000000000000e+00 0.000000000000000000e+00
5.742938581190639525e+04 0.000000000000000000e+00 0.000000000000000000e+00
5.742938581382134726e+04 0.000000000000000000e+00 0.000000000000000000e+00
5.742938581573629199e+04 0.000000000000000000e+00 0.000000000000000000e+00
5.742938581765124400e+04 0.000000000000000000e+00 0.000000000000000000e+00
5.742938581956619601e+04 0.000000000000000000e+00 0.000000000000000000e+00
5.742938582148114801e+04 0.000000000000000000e+00 0.000000000000000000e+00
5.742938582339610002e+04 0.000000000000000000e+00 0.000000000000000000e+00
5.742938582531105203e+04 0.000000000000000000e+00 0.000000000000000000e+00
5.742938582722600404e+04 0.000000000000000000e+00 0.000000000000000000e+00
5.742938582914095605e+04 0.000000000000000000e+00 0.000000000000000000e+00
5.742938583105590806e+04 0.000000000000000000e+00 0.000000000000000000e+00
5.742938583297086006e+04 0.000000000000000000e+00 0.000000000000000000e+00
5.742938583488580480e+04 0.000000000000000000e+00 0.000000000000000000e+00
5.742938583680075681e+04 0.000000000000000000e+00 0.000000000000000000e+00
5.742938583871570881e+04 0.000000000000000000e+00 0.000000000000000000e+00
5.742938584063066082e+04 0.000000000000000000e+00 0.000000000000000000e+00
5.742938584254561283e+04 0.000000000000000000e+00 0.000000000000000000e+00
5.742938584446056484e+04 0.000000000000000000e+00 0.000000000000000000e+00
5.742938584637551685e+04 0.000000000000000000e+00 0.000000000000000000e+00
5.742938584829046886e+04 0.000000000000000000e+00 0.000000000000000000e+00
5.742938585020542087e+04 0.000000000000000000e+00 0.000000000000000000e+00
5.742938585212037287e+04 0.000000000000000000e+00 0.000000000000000000e+00
5.742938585403531761e+04 0.000000000000000000e+00 0.000000000000000000e+00
5.742938585595026962e+04 0.000000000000000000e+00 0.000000000000000000e+00
5.742938585786522162e+04 0.000000000000000000e+00 0.000000000000000000e+00
5.742938585978017363e+04 0.000000000000000000e+00 0.000000000000000000e+00
5.742938586169512564e+04 0.000000000000000000e+00 0.000000000000000000e+00
5.742938586361007765e+04 0.000000000000000000e+00 0.000000000000000000e+00
5.742938586552502966e+04 0.000000000000000000e+00 0.000000000000000000e+00
5.742938586743998167e+04 0.000000000000000000e+00 0.000000000000000000e+00
5.742938586935493367e+04 0.000000000000000000e+00 0.000000000000000000e+00
5.742938587126988568e+04 0.000000000000000000e+00 0.000000000000000000e+00
5.742938587318483042e+04 0.000000000000000000e+00 0.000000000000000000e+00
5.742938587509978242e+04 0.000000000000000000e+00 0.000000000000000000e+00
5.742938587701473443e+04 0.000000000000000000e+00 0.000000000000000000e+00
5.742938587892968644e+04 0.000000000000000000e+00 0.000000000000000000e+00
5.742938588084463845e+04 0.000000000000000000e+00 0.000000000000000000e+00
5.742938588275959046e+04 0.000000000000000000e+00 0.000000000000000000e+00
5.742938588467454247e+04 0.000000000000000000e+00 0.000000000000000000e+00
5.742938588658949448e+04 0.000000000000000000e+00 0.000000000000000000e+00
5.742938588850444648e+04 0.000000000000000000e+00 0.000000000000000000e+00
5.742938589041939849e+04 0.000000000000000000e+00 0.000000000000000000e+00
5.742938589233434323e+04 0.000000000000000000e+00 0.000000000000000000e+00
5.742938589424929523e+04 0.000000000000000000e+00 0.000000000000000000e+00
5.742938589616424724e+04 0.000000000000000000e+00 0.000000000000000000e+00
5.742938589807919925e+04 0.000000000000000000e+00 0.000000000000000000e+00
5.742938589999415126e+04 0.000000000000000000e+00 0.000000000000000000e+00
5.742938590190910327e+04 0.000000000000000000e+00 0.000000000000000000e+00
5.742938590382405528e+04 0.000000000000000000e+00 0.000000000000000000e+00
5.742938590573900728e+04 0.000000000000000000e+00 0.000000000000000000e+00
5.742938590765395929e+04 0.000000000000000000e+00 0.000000000000000000e+00
5.742938590956891130e+04 0.000000000000000000e+00 0.000000000000000000e+00
5.742938591148386331e+04 0.000000000000000000e+00 0.000000000000000000e+00
5.742938591339880804e+04 0.000000000000000000e+00 0.000000000000000000e+00
5.742938591531376005e+04 0.000000000000000000e+00 0.000000000000000000e+00
5.742938591722871206e+04 0.000000000000000000e+00 0.000000000000000000e+00
5.742938591914366407e+04 0.000000000000000000e+00 0.000000000000000000e+00
5.742938592105861608e+04 0.000000000000000000e+00 0.000000000000000000e+00
5.742938592297356809e+04 0.000000000000000000e+00 0.000000000000000000e+00
5.742938592488852009e+04 0.000000000000000000e+00 0.000000000000000000e+00
5.742938592680347210e+04 0.000000000000000000e+00 0.000000000000000000e+00
5.742938592871842411e+04 0.000000000000000000e+00 0.000000000000000000e+00
5.742938593063337612e+04 0.000000000000000000e+00 0.000000000000000000e+00
5.742938593254832085e+04 0.000000000000000000e+00 0.000000000000000000e+00
5.742938593446327286e+04 0.000000000000000000e+00 0.000000000000000000e+00
5.742938593637822487e+04 0.000000000000000000e+00 0.000000000000000000e+00
5.742938593829317688e+04 0.000000000000000000e+00 0.000000000000000000e+00
5.742938594020812889e+04 0.000000000000000000e+00 0.000000000000000000e+00
5.742938594212308089e+04 0.000000000000000000e+00 0.000000000000000000e+00
5.742938594403803290e+04 0.000000000000000000e+00 0.000000000000000000e+00
5.742938594595298491e+04 0.000000000000000000e+00 0.000000000000000000e+00
5.742938594786793692e+04 0.000000000000000000e+00 0.000000000000000000e+00
5.742938594978288893e+04 0.000000000000000000e+00 0.000000000000000000e+00
5.742938595169783366e+04 0.000000000000000000e+00 0.000000000000000000e+00
5.742938595361278567e+04 0.000000000000000000e+00 0.000000000000000000e+00
5.742938595552773768e+04 0.000000000000000000e+00 0.000000000000000000e+00
5.742938595744268969e+04 0.000000000000000000e+00 0.000000000000000000e+00
5.742938595935764170e+04 0.000000000000000000e+00 0.000000000000000000e+00
5.742938596127259370e+04 0.000000000000000000e+00 0.000000000000000000e+00
5.742938596318754571e+04 0.000000000000000000e+00 0.000000000000000000e+00
5.742938596510249772e+04 0.000000000000000000e+00 0.000000000000000000e+00
5.742938596701744973e+04 0.000000000000000000e+00 0.000000000000000000e+00
5.742938596893240174e+04 0.000000000000000000e+00 0.000000000000000000e+00
5.742938597084734647e+04 0.000000000000000000e+00 0.000000000000000000e+00
5.742938597276229848e+04 0.000000000000000000e+00 0.000000000000000000e+00
5.742938597467725049e+04 0.000000000000000000e+00 0.000000000000000000e+00
5.742938597659220250e+04 0.000000000000000000e+00 0.000000000000000000e+00
5.742938597850715450e+04 0.000000000000000000e+00 0.000000000000000000e+00
5.742938598042210651e+04 0.000000000000000000e+00 0.000000000000000000e+00
5.742938598233705852e+04 0.000000000000000000e+00 0.000000000000000000e+00
5.742938598425201053e+04 0.000000000000000000e+00 0.000000000000000000e+00
5.742938598616696254e+04 0.000000000000000000e+00 0.000000000000000000e+00
5.742938598808191455e+04 0.000000000000000000e+00 0.000000000000000000e+00
5.742938598999685928e+04 0.000000000000000000e+00 0.000000000000000000e+00
5.742938599191181129e+04 0.000000000000000000e+00 0.000000000000000000e+00
5.742938599382676330e+04 0.000000000000000000e+00 0.000000000000000000e+00
5.742938599574171531e+04 0.000000000000000000e+00 0.000000000000000000e+00
5.742938599765666731e+04 0.000000000000000000e+00 0.000000000000000000e+00
5.742938599957161932e+04 0.000000000000000000e+00 0.000000000000000000e+00
5.742938600148657133e+04 0.000000000000000000e+00 0.000000000000000000e+00
5.742938600340152334e+04 0.000000000000000000e+00 0.000000000000000000e+00
5.742938600531647535e+04 0.000000000000000000e+00 0.000000000000000000e+00
5.742938600723142736e+04 0.000000000000000000e+00 0.000000000000000000e+00
5.742938600914637209e+04 0.000000000000000000e+00 0.000000000000000000e+00
5.742938601106132410e+04 0.000000000000000000e+00 0.000000000000000000e+00
5.742938601297627611e+04 0.000000000000000000e+00 0.000000000000000000e+00
5.742938601489122811e+04 0.000000000000000000e+00 0.000000000000000000e+00
5.742938601680618012e+04 0.000000000000000000e+00 0.000000000000000000e+00
5.742938601872113213e+04 0.000000000000000000e+00 0.000000000000000000e+00
5.742938602063608414e+04 0.000000000000000000e+00 0.000000000000000000e+00
5.742938602255103615e+04 0.000000000000000000e+00 0.000000000000000000e+00
5.742938602446598816e+04 0.000000000000000000e+00 0.000000000000000000e+00
5.742938602638094017e+04 0.000000000000000000e+00 0.000000000000000000e+00
5.742938602829588490e+04 0.000000000000000000e+00 0.000000000000000000e+00
5.742938603021083691e+04 0.000000000000000000e+00 0.000000000000000000e+00
5.742938603212578892e+04 0.000000000000000000e+00 0.000000000000000000e+00
5.742938603404074092e+04 0.000000000000000000e+00 0.000000000000000000e+00
5.742938603595569293e+04 0.000000000000000000e+00 0.000000000000000000e+00
5.742938603787064494e+04 0.000000000000000000e+00 0.000000000000000000e+00
5.742938603978559695e+04 0.000000000000000000e+00 0.000000000000000000e+00
5.742938604170054896e+04 0.000000000000000000e+00 0.000000000000000000e+00
5.742938604361550097e+04 0.000000000000000000e+00 0.000000000000000000e+00
5.742938604553045298e+04 0.000000000000000000e+00 0.000000000000000000e+00
5.742938604744539771e+04 0.000000000000000000e+00 0.000000000000000000e+00
5.742938604936034972e+04 0.000000000000000000e+00 0.000000000000000000e+00
5.742938605127530172e+04 0.000000000000000000e+00 0.000000000000000000e+00
5.742938605319025373e+04 0.000000000000000000e+00 0.000000000000000000e+00
5.742938605510520574e+04 0.000000000000000000e+00 0.000000000000000000e+00
5.742938605702015775e+04 0.000000000000000000e+00 0.000000000000000000e+00
5.742938605893510976e+04 0.000000000000000000e+00 0.000000000000000000e+00
5.742938606085006177e+04 0.000000000000000000e+00 0.000000000000000000e+00
5.742938606276501378e+04 0.000000000000000000e+00 0.000000000000000000e+00
5.742938606467996578e+04 0.000000000000000000e+00 0.000000000000000000e+00
5.742938606659491052e+04 0.000000000000000000e+00 0.000000000000000000e+00
5.742938606850986253e+04 0.000000000000000000e+00 0.000000000000000000e+00
5.742938607042481453e+04 0.000000000000000000e+00 0.000000000000000000e+00
5.742938607233976654e+04 0.000000000000000000e+00 0.000000000000000000e+00
5.742938607425471855e+04 0.000000000000000000e+00 0.000000000000000000e+00
5.742938607616967056e+04 0.000000000000000000e+00 0.000000000000000000e+00
5.742938607808462257e+04 0.000000000000000000e+00 0.000000000000000000e+00
5.742938607999957458e+04 0.000000000000000000e+00 0.000000000000000000e+00
5.742938608191452659e+04 0.000000000000000000e+00 0.000000000000000000e+00
5.742938608382947859e+04 0.000000000000000000e+00 0.000000000000000000e+00
5.742938608574442333e+04 0.000000000000000000e+00 0.000000000000000000e+00
5.742938608765937533e+04 0.000000000000000000e+00 0.000000000000000000e+00
5.742938608957432734e+04 0.000000000000000000e+00 0.000000000000000000e+00
5.742938609148927935e+04 0.000000000000000000e+00 0.000000000000000000e+00
5.742938609340423136e+04 0.000000000000000000e+00 0.000000000000000000e+00
5.742938609531918337e+04 0.000000000000000000e+00 0.000000000000000000e+00
5.742938609723413538e+04 0.000000000000000000e+00 0.000000000000000000e+00
5.742938609914908739e+04 0.000000000000000000e+00 0.000000000000000000e+00
5.742938610106403939e+04 0.000000000000000000e+00 0.000000000000000000e+00
5.742938610297899140e+04 0.000000000000000000e+00 0.000000000000000000e+00
5.742938610489393614e+04 0.000000000000000000e+00 0.000000000000000000e+00
5.742938610680888814e+04 0.000000000000000000e+00 0.000000000000000000e+00
5.742938610872384015e+04 0.000000000000000000e+00 0.000000000000000000e+00
5.742938611063879216e+04 0.000000000000000000e+00 0.000000000000000000e+00
5.742938611255374417e+04 0.000000000000000000e+00 0.000000000000000000e+00
5.742938611446869618e+04 0.000000000000000000e+00 0.000000000000000000e+00
5.742938611638364819e+04 0.000000000000000000e+00 0.000000000000000000e+00
5.742938611829860019e+04 0.000000000000000000e+00 0.000000000000000000e+00
5.742938612021355220e+04 0.000000000000000000e+00 0.000000000000000000e+00
5.742938612212850421e+04 0.000000000000000000e+00 0.000000000000000000e+00
5.742938612404344894e+04 0.000000000000000000e+00 0.000000000000000000e+00
5.742938612595840095e+04 0.000000000000000000e+00 0.000000000000000000e+00
5.742938612787335296e+04 0.000000000000000000e+00 0.000000000000000000e+00
5.742938612978830497e+04 0.000000000000000000e+00 0.000000000000000000e+00
5.742938613170325698e+04 0.000000000000000000e+00 0.000000000000000000e+00
5.742938613361820899e+04 0.000000000000000000e+00 0.000000000000000000e+00
5.742938613553316100e+04 0.000000000000000000e+00 0.000000000000000000e+00
5.742938613744811300e+04 0.000000000000000000e+00 0.000000000000000000e+00
5.742938613936306501e+04 0.000000000000000000e+00 0.000000000000000000e+00
5.742938614127801702e+04 0.000000000000000000e+00 0.000000000000000000e+00
5.742938614319296903e+04 0.000000000000000000e+00 0.000000000000000000e+00
5.742938614510791376e+04 0.000000000000000000e+00 0.000000000000000000e+00
5.742938614702286577e+04 0.000000000000000000e+00 0.000000000000000000e+00
5.742938614893781778e+04 0.000000000000000000e+00 0.000000000000000000e+00
5.742938615085276979e+04 0.000000000000000000e+00 0.000000000000000000e+00
5.742938615276772180e+04 0.000000000000000000e+00 0.000000000000000000e+00
5.742938615468267380e+04 0.000000000000000000e+00 0.000000000000000000e+00
5.742938615659762581e+04 0.000000000000000000e+00 0.000000000000000000e+00
5.742938615851257782e+04 0.000000000000000000e+00 0.000000000000000000e+00
5.742938616042752983e+04 0.000000000000000000e+00 0.000000000000000000e+00
5.742938616234248184e+04 0.000000000000000000e+00 0.000000000000000000e+00
5.742938616425742657e+04 0.000000000000000000e+00 0.000000000000000000e+00
5.742938616617237858e+04 0.000000000000000000e+00 0.000000000000000000e+00
5.742938616808733059e+04 0.000000000000000000e+00 0.000000000000000000e+00
5.742938617000228260e+04 0.000000000000000000e+00 0.000000000000000000e+00
5.742938617191723461e+04 0.000000000000000000e+00 0.000000000000000000e+00
5.742938617383218661e+04 0.000000000000000000e+00 0.000000000000000000e+00
5.742938617574713862e+04 0.000000000000000000e+00 0.000000000000000000e+00
5.742938617766209063e+04 0.000000000000000000e+00 0.000000000000000000e+00
5.742938617957704264e+04 0.000000000000000000e+00 0.000000000000000000e+00
5.742938618149199465e+04 0.000000000000000000e+00 0.000000000000000000e+00
5.742938618340693938e+04 0.000000000000000000e+00 0.000000000000000000e+00
5.742938618532189139e+04 0.000000000000000000e+00 0.000000000000000000e+00
5.742938618723684340e+04 0.000000000000000000e+00 0.000000000000000000e+00
5.742938618915179541e+04 0.000000000000000000e+00 0.000000000000000000e+00
5.742938619106674741e+04 0.000000000000000000e+00 0.000000000000000000e+00
5.742938619298169942e+04 0.000000000000000000e+00 0.000000000000000000e+00
5.742938619489665143e+04 0.000000000000000000e+00 0.000000000000000000e+00
5.742938619681160344e+04 0.000000000000000000e+00 0.000000000000000000e+00
5.742938619872655545e+04 0.000000000000000000e+00 0.000000000000000000e+00
5.742938620064150746e+04 0.000000000000000000e+00 0.000000000000000000e+00
5.742938620255645219e+04 0.000000000000000000e+00 0.000000000000000000e+00
5.742938620447140420e+04 0.000000000000000000e+00 0.000000000000000000e+00
5.742938620638635621e+04 0.000000000000000000e+00 0.000000000000000000e+00
5.742938620830130822e+04 0.000000000000000000e+00 0.000000000000000000e+00
5.742938621021626022e+04 0.000000000000000000e+00 0.000000000000000000e+00
5.742938621213121223e+04 0.000000000000000000e+00 0.000000000000000000e+00
5.742938621404616424e+04 0.000000000000000000e+00 0.000000000000000000e+00
5.742938621596111625e+04 0.000000000000000000e+00 0.000000000000000000e+00
5.742938621787606826e+04 0.000000000000000000e+00 0.000000000000000000e+00
5.742938621979102027e+04 0.000000000000000000e+00 0.000000000000000000e+00
5.742938622170596500e+04 0.000000000000000000e+00 0.000000000000000000e+00
5.742938622362091701e+04 0.000000000000000000e+00 0.000000000000000000e+00
5.742938622553586902e+04 0.000000000000000000e+00 0.000000000000000000e+00
5.742938622745082102e+04 0.000000000000000000e+00 0.000000000000000000e+00
5.742938622936577303e+04 0.000000000000000000e+00 0.000000000000000000e+00
5.742938623128072504e+04 0.000000000000000000e+00 0.000000000000000000e+00
5.742938623319567705e+04 0.000000000000000000e+00 0.000000000000000000e+00
5.742938623511062906e+04 0.000000000000000000e+00 0.000000000000000000e+00
5.742938623702558107e+04 0.000000000000000000e+00 0.000000000000000000e+00
5.742938623894053308e+04 0.000000000000000000e+00 0.000000000000000000e+00
5.742938624085547781e+04 0.000000000000000000e+00 0.000000000000000000e+00
5.742938624277042982e+04 0.000000000000000000e+00 0.000000000000000000e+00
5.742938624468538183e+04 0.000000000000000000e+00 0.000000000000000000e+00
5.742938624660033383e+04 0.000000000000000000e+00 0.000000000000000000e+00
5.742938624851528584e+04 0.000000000000000000e+00 0.000000000000000000e+00
5.742938625043023785e+04 0.000000000000000000e+00 0.000000000000000000e+00
5.742938625234518986e+04 0.000000000000000000e+00 0.000000000000000000e+00
5.742938625426014187e+04 0.000000000000000000e+00 0.000000000000000000e+00
5.742938625617509388e+04 0.000000000000000000e+00 0.000000000000000000e+00
5.742938625809004589e+04 0.000000000000000000e+00 0.000000000000000000e+00
5.742938626000499062e+04 0.000000000000000000e+00 0.000000000000000000e+00
5.742938626191994263e+04 0.000000000000000000e+00 0.000000000000000000e+00
5.742938626383489463e+04 0.000000000000000000e+00 0.000000000000000000e+00
5.742938626574984664e+04 0.000000000000000000e+00 0.000000000000000000e+00
5.742938626766479865e+04 0.000000000000000000e+00 0.000000000000000000e+00
5.742938626957975066e+04 0.000000000000000000e+00 0.000000000000000000e+00
5.742938627149470267e+04 0.000000000000000000e+00 0.000000000000000000e+00
5.742938627340965468e+04 0.000000000000000000e+00 0.000000000000000000e+00
5.742938627532460669e+04 0.000000000000000000e+00 0.000000000000000000e+00
5.742938627723955869e+04 0.000000000000000000e+00 0.000000000000000000e+00
5.742938627915450343e+04 0.000000000000000000e+00 0.000000000000000000e+00
5.742938628106945544e+04 0.000000000000000000e+00 0.000000000000000000e+00
5.742938628298440744e+04 0.000000000000000000e+00 0.000000000000000000e+00
5.742938628489935945e+04 0.000000000000000000e+00 0.000000000000000000e+00
5.742938628681431146e+04 0.000000000000000000e+00 0.000000000000000000e+00
5.742938628872926347e+04 0.000000000000000000e+00 0.000000000000000000e+00
5.742938629064421548e+04 0.000000000000000000e+00 0.000000000000000000e+00
5.742938629255916749e+04 0.000000000000000000e+00 0.000000000000000000e+00
5.742938629447411950e+04 0.000000000000000000e+00 0.000000000000000000e+00
5.742938629638907150e+04 0.000000000000000000e+00 0.000000000000000000e+00
5.742938629830401624e+04 0.000000000000000000e+00 0.000000000000000000e+00
5.742938630021896824e+04 0.000000000000000000e+00 0.000000000000000000e+00
5.742938630213392025e+04 0.000000000000000000e+00 0.000000000000000000e+00
5.742938630404887226e+04 0.000000000000000000e+00 0.000000000000000000e+00
5.742938630596382427e+04 0.000000000000000000e+00 0.000000000000000000e+00
5.742938630787877628e+04 0.000000000000000000e+00 0.000000000000000000e+00
5.742938630979372829e+04 0.000000000000000000e+00 0.000000000000000000e+00
5.742938631170868030e+04 0.000000000000000000e+00 0.000000000000000000e+00
5.742938631362363230e+04 0.000000000000000000e+00 0.000000000000000000e+00
5.742938631553858431e+04 0.000000000000000000e+00 0.000000000000000000e+00
5.742938631745352905e+04 0.000000000000000000e+00 0.000000000000000000e+00
5.742938631936848105e+04 0.000000000000000000e+00 0.000000000000000000e+00
5.742938632128343306e+04 0.000000000000000000e+00 0.000000000000000000e+00
5.742938632319838507e+04 0.000000000000000000e+00 0.000000000000000000e+00
5.742938632511333708e+04 0.000000000000000000e+00 0.000000000000000000e+00
5.742938632702828909e+04 0.000000000000000000e+00 0.000000000000000000e+00
5.742938632894324110e+04 0.000000000000000000e+00 0.000000000000000000e+00
5.742938633085819311e+04 0.000000000000000000e+00 0.000000000000000000e+00
5.742938633277314511e+04 0.000000000000000000e+00 0.000000000000000000e+00
5.742938633468809712e+04 0.000000000000000000e+00 0.000000000000000000e+00
5.742938633660304185e+04 0.000000000000000000e+00 nan
5.742938633851799386e+04 0.000000000000000000e+00 0.000000000000000000e+00
5.742938634043294587e+04 0.000000000000000000e+00 nan
5.742938634234789788e+04 0.000000000000000000e+00 0.000000000000000000e+00
5.742938634426284989e+04 0.000000000000000000e+00 nan
5.742938634617780190e+04 0.000000000000000000e+00 0.000000000000000000e+00
5.742938634809275391e+04 0.000000000000000000e+00 nan
5.742938635000770591e+04 0.000000000000000000e+00 nan
5.742938635192265792e+04 0.000000000000000000e+00 nan
5.742938635383760993e+04 0.000000000000000000e+00 0.000000000000000000e+00
5.742938635575255466e+04 0.000000000000000000e+00 0.000000000000000000e+00
5.742938635766750667e+04 0.000000000000000000e+00 0.000000000000000000e+00
5.742938635958245868e+04 0.000000000000000000e+00 0.000000000000000000e+00
5.742938636149741069e+04 0.000000000000000000e+00 0.000000000000000000e+00
5.742938636341236270e+04 0.000000000000000000e+00 0.000000000000000000e+00
5.742938636532731471e+04 0.000000000000000000e+00 0.000000000000000000e+00
