5.737344129779999639e+04 5.142820691799623091e+03 7.068773693241018918e+01
5.737344130865792249e+04 5.194145400319175678e+03 7.084797385467824427e+01
5.737344131951585587e+04 5.260971962574923964e+03 7.118212783552520762e+01
5.737344133037378197e+04 5.341157256624442198e+03 7.142623384926798735e+01
5.737344134123170807e+04 5.431795903114274552e+03 7.180722172204103515e+01
5.737344135208963417e+04 5.512231737652227821e+03 7.213431226173391053e+01
5.737344136294756754e+04 5.571526547563591521e+03 7.242204710990344552e+01
5.737344137380549364e+04 5.479621943945046041e+03 7.201972603222962732e+01
5.737344138466341974e+04 5.409187292950804476e+03 7.175213896008277459e+01
5.737344139552135312e+04 5.480543323199053702e+03 7.209886608612012537e+01
5.737344140637927921e+04 5.466900478298705821e+03 7.198925302024970563e+01
5.737344141723720531e+04 5.460554838923335410e+03 7.200239189414598684e+01
5.737344142809513869e+04 5.425098614957246355e+03 7.189096224679681768e+01
5.737344143895306479e+04 5.417488276796582795e+03 7.179303900659131443e+01
5.737344144981099089e+04 5.483872234043656135e+03 7.202055597494353378e+01
5.737344146066891699e+04 5.508747730982307985e+03 7.221739596493107172e+01
5.737344147152685036e+04 5.515492946653117542e+03 7.225044405090993394e+01
5.737344148238477646e+04 5.538084904259885661e+03 7.233547269948621761e+01
5.737344149324270256e+04 5.510337488851933813e+03 7.213134024965829383e+01
5.737344150410063594e+04 5.505263553818960645e+03 7.215258020158859154e+01
5.737344151495856204e+04 5.377587576938611164e+03 7.152843330674960498e+01
5.737344152581648814e+04 5.255543371899926569e+03 7.105362967337309499e+01
5.737344153667442151e+04 5.407163844547976623e+03 7.172043395697794210e+01
5.737344154753234761e+04 5.380986751515349169e+03 7.163857524247151787e+01
5.737344155839027371e+04 5.432575523467099629e+03 7.182422974460908449e+01
5.737344156924819981e+04 5.468451940339389694e+03 7.189575230537657546e+01
5.737344158010613319e+04 5.457229895632379339e+03 7.198802384239971275e+01
5.737344159096405929e+04 5.420725432595354505e+03 7.176668825130353468e+01
5.737344160182198539e+04 5.492478637825980513e+03 7.210654783080818220e+01
5.737344161267991876e+04 5.645251968306272829e+03 7.282180811790003361e+01
5.737344162353784486e+04 5.577197710952208581e+03 7.246636265576830738e+01
5.737344163439577096e+04 5.499730988921839526e+03 7.220840500795725347e+01
5.737344164525369706e+04 5.539005445601749670e+03 7.232766839853347562e+01
5.737344165611163044e+04 5.506627445190400977e+03 7.213607466687044223e+01
5.737344166696955654e+04 5.493506829793406723e+03 7.193817262493838882e+01
5.737344167782748264e+04 5.437884801005107875e+03 7.178210408785105301e+01
5.737344168868541601e+04 5.406626736612455716e+03 7.178780338250841453e+01
5.737344169954334211e+04 5.514850702346913749e+03 7.213904543612314058e+01
5.737344171040126821e+04 5.540723228172852032e+03 7.219751072204773834e+01
5.737344172125920159e+04 5.575639135233843263e+03 7.238860295334289674e+01
5.737344173211712769e+04 5.604624485927883143e+03 7.261505604401317271e+01
5.737344174297505378e+04 5.570275263283827371e+03 7.250074119477531553e+01
5.737344175383297988e+04 5.455033304028936072e+03 7.199768642777021910e+01
5.737344176469091326e+04 5.434729712036976707e+03 7.186400893409275170e+01
5.737344177554883936e+04 5.531683725379311909e+03 7.229737754612612832e+01
5.737344178640676546e+04 5.487632329074369409e+03 7.212111648156417232e+01
5.737344179726469883e+04 5.541403575218874721e+03 7.240793821315398304e+01
5.737344180812262493e+04 5.519788765473451349e+03 7.214840993975904837e+01
5.737344181898055103e+04 5.522203954798527775e+03 7.224468661337017750e+01
5.737344182983848441e+04 5.580810207889862795e+03 7.244415375720257089e+01
5.737344184069641051e+04 5.572443549113055269e+03 7.245303017693403547e+01
5.737344185155433661e+04 5.499633406607334109e+03 7.222657141282815019e+01
5.737344186241226271e+04 5.409878973372589826e+03 7.187002925059697134e+01
5.737344187327019608e+04 5.391754091315387996e+03 7.172012340477274961e+01
5.737344188412812218e+04 5.268254411538956447e+03 7.115566194024519575e+01
5.737344189498604828e+04 5.225750149600463374e+03 7.104849713308611570e+01
5.737344190584398166e+04 4.976120699902059641e+03 6.979265910601559142e+01
5.737344191670190776e+04 4.849352871045010943e+03 6.937496639010947774e+01
5.737344192755983386e+04 4.677309203273917774e+03 6.851735754238031006e+01
5.737344193841776723e+04 4.529437839357957273e+03 6.768440454739258882e+01
5.737344194927569333e+04 4.285258519693283233e+03 6.657691933880489898e+01
5.737344196013361943e+04 4.258458840447208786e+03 6.655542888007310864e+01
5.737344197099154553e+04 4.202186120828178900e+03 6.630053452821053384e+01
5.737344198184947891e+04 4.127803161572792305e+03 6.593998686118045782e+01
5.737344199270740501e+04 4.240296457647700663e+03 6.641997314803705876e+01
