5.745938577490000171e+04 1.481334565361673762e-16 nan
5.745938577551538037e+04 -9.179106807128403637e-14 9.721111047611790923e+01
5.745938577613076632e+04 5.495466813502957852e-11 nan
5.745938577674614498e+04 -3.261492347951494326e-08 9.721111047613739231e+01
5.745938577736153093e+04 1.953994344043418478e-05 nan
5.745938577797690959e+04 -6.820166825125909341e-03 9.721111455147860170e+01
5.745938577859229554e+04 -8.882884588272600013e+01 9.726417527997705292e+01
5.745938577920767420e+04 -7.833639524456041272e+02 9.767808456484104340e+01
5.745938577982306015e+04 -1.540331906093287898e+03 9.812721244957668887e+01
5.745938578043843881e+04 -2.333998989808083479e+03 9.859591779305357306e+01
5.745938578105382476e+04 -3.107203282250944085e+03 9.905040585265420816e+01
5.745938578166920342e+04 -3.884178803544820767e+03 9.950501957452645740e+01
5.745938578228458937e+04 -4.647871524145958574e+03 9.994984640756982230e+01
5.745938578289996804e+04 -5.440337262643978647e+03 1.004093492239179852e+02
5.745938578351535398e+04 -6.212910632865035041e+03 1.008553023275426312e+02
5.745938578413073265e+04 -7.040970420286730587e+03 1.013311048081916113e+02
5.745938578474611859e+04 -7.804951961878060501e+03 1.017681150072452709e+02
5.745938578536149726e+04 -8.579615604278884348e+03 1.022093276951834611e+02
5.745938578597688320e+04 -9.379930291224622124e+03 1.026631586458821914e+02
5.745938578659226187e+04 -1.028901459748867273e+04 1.031762475256839480e+02
5.745938578720764781e+04 -1.095688758578373017e+04 1.035515763410729448e+02
5.745938578782302648e+04 -1.177579262909047429e+04 1.040099331501972273e+02
5.745938578843841242e+04 -1.262017629070428120e+04 1.044804452170595397e+02
5.745938578905379109e+04 -1.342048058927822785e+04 1.049244475854991947e+02
5.745938578966917703e+04 -1.417783489149803245e+04 1.053428982156751061e+02
5.745938579028455570e+04 -1.486803418676805632e+04 1.057228021667892506e+02
5.745938579089994164e+04 -1.579710333258923492e+04 1.062320411643830340e+02
5.745938579151532031e+04 -1.652485732369764082e+04 1.066292371878674174e+02
5.745938579213070625e+04 -1.730664701724184852e+04 1.070542831286635987e+02
5.745938579274608492e+04 -1.806038134446496406e+04 1.074624840807585571e+02
5.745938579336147086e+04 -1.883689365295782409e+04 1.078814056799458285e+02
5.745938579397684953e+04 -1.967978310218242768e+04 1.083343036092081491e+02
5.745938579459223547e+04 -2.045399796829331535e+04 1.087486397026012668e+02
5.745938579520761414e+04 -2.120178315587877660e+04 1.091473382069908524e+02
5.745938579582300008e+04 -2.205628630389837053e+04 1.096011602102797013e+02
5.745938579643837875e+04 -2.272749511928798893e+04 1.099563221111548188e+02
5.745938579705376469e+04 -2.366290703080395542e+04 1.104493790033844220e+02
5.745938579766914336e+04 -2.434917758147456334e+04 1.108097179373286281e+02
5.745938579828452930e+04 -2.520614899045130733e+04 1.112580479073839683e+02
5.745938579889990797e+04 -2.597424683733181882e+04 1.116583533423350758e+02
5.745938579951529391e+04 -2.675178769757159534e+04 1.120621237125755130e+02
5.745938580013067258e+04 -2.751505718130724563e+04 1.124570730426279539e+02
5.745938580074605852e+04 -2.841055473470964353e+04 1.129186819400306803e+02
5.745938580136143719e+04 -2.904134560726488417e+04 1.132427109488838539e+02
5.745938580197682313e+04 -2.991798566517820291e+04 1.136914959250599679e+02
5.745938580259220180e+04 -3.079135346328156083e+04 1.141368509718605253e+02
5.745938580320758774e+04 -3.146287476327804688e+04 1.144781005511638341e+02
5.745938580382296641e+04 -3.229835038431197245e+04 1.149012525729520604e+02
5.745938580443835235e+04 -3.303074352416746842e+04 1.152709176443344035e+02
5.745938580505373102e+04 -3.384071172052453039e+04 1.156783620100398053e+02
5.745938580566911696e+04 -3.466597938596122549e+04 1.160920318257263375e+02
5.745938580628449563e+04 -3.536044890455025597e+04 1.164389996737760811e+02
5.745938580689988157e+04 -3.623838347859546775e+04 1.168761553934297979e+02
5.745938580751526024e+04 -3.700507241674012039e+04 1.172565847401472752e+02
5.745938580813064618e+04 -3.772840941105146339e+04 1.176143748381870324e+02
5.745938580874602485e+04 -3.852152980674858554e+04 1.180054356324371980e+02
5.745938580936141079e+04 -4.022976986074203887e+04 1.188433405087994430e+02
5.745938580997678946e+04 -4.019195208437097608e+04 1.188248545541418082e+02
5.745938581059217540e+04 -4.089538632070560561e+04 1.191682354395134524e+02
5.745938581120755407e+04 -4.166909002045612579e+04 1.195447792716357185e+02
5.745938581182294001e+04 -4.249150426874359255e+04 1.199437333427586907e+02
5.745938581243831868e+04 -4.326255461214202660e+04 1.203165692031769680e+02
5.745938581305370462e+04 -4.418748396159327240e+04 1.207622935820281498e+02
5.745938581366908329e+04 -4.483658192396174127e+04 1.210741146996098792e+02
5.745938581428446923e+04 -4.576289702150473022e+04 1.215177228536432210e+02
5.745938581489984790e+04 -4.629418993284199678e+04 1.217714273954585593e+02
5.745938581551523384e+04 -4.711438321738894592e+04 1.221620539448162646e+02
5.745938581613061251e+04 -4.792221114870710880e+04 1.225455742123445333e+02
5.745938581674599845e+04 -4.875151387680061453e+04 1.229380451819446165e+02
5.745938581736137712e+04 -4.953768996764514304e+04 1.233089528818282901e+02
5.745938581797676306e+04 -5.024543459390300995e+04 1.236419059350539413e+02
5.745938581859214173e+04 -5.104104405506132025e+04 1.240151270753160446e+02
5.745938581920752040e+04 -5.186484681480816653e+04 1.244003937795630748e+02
5.745938581982290634e+04 -5.275436481739539158e+04 1.248150581664956178e+02
5.745938582043828501e+04 -5.336482925812512985e+04 1.250988415237722506e+02
5.745938582105367095e+04 -5.426163397105512558e+04 1.255145707282775192e+02
5.745938582166904962e+04 -5.488200821802606515e+04 1.258013519548832733e+02
5.745938582228443556e+04 -5.588182488095080043e+04 1.262621677282890431e+02
5.745938582289981423e+04 -5.669286001764300454e+04 1.266347422124779882e+02
5.745938582351520017e+04 -5.733561373358589481e+04 1.269292345530744370e+02
5.745938582413057884e+04 -5.815890348047519365e+04 1.273054484826817543e+02
5.745938582474596478e+04 -5.899393912125023780e+04 1.276858975580202866e+02
5.745938582536134345e+04 -5.971404237264653784e+04 1.280130745473490776e+02
5.745938582597672939e+04 -6.056152031620105845e+04 1.283970559462309495e+02
5.745938582659210806e+04 -6.135202289232917974e+04 1.287541902917998584e+02
5.745938582720749400e+04 -6.204904941333729948e+04 1.290682740722344022e+02
5.745938582782287267e+04 -6.276832016494371783e+04 1.293915819334352193e+02
5.745938582843825861e+04 -6.359197687609054265e+04 1.297608212708176723e+02
5.745938582905363728e+04 -6.450124840963819588e+04 1.301672247478326767e+02
5.745938582966902322e+04 -6.528141553800167458e+04 1.305149156537688384e+02
5.745938583028440189e+04 -6.609604007887760235e+04 1.308769771465786107e+02
5.745938583089978783e+04 -6.697736497899927781e+04 1.312675591170948906e+02
5.745938583151516650e+04 -6.773883191557852842e+04 1.316040894878356937e+02
5.745938583213055244e+04 -6.841455945777618035e+04 1.319020082900806869e+02
5.745938583274593111e+04 -6.915413416564591171e+04 1.322273070495586182e+02
5.745938583336131705e+04 -6.998403830717506935e+04 1.325913865739304072e+02
5.745938583397669572e+04 -7.089852963253518101e+04 1.329914202892972241e+02
5.745938583459208166e+04 -7.162378712228691438e+04 1.333078223135304086e+02
5.745938583520746033e+04 -7.249171062762210204e+04 1.336854797542486040e+02
5.745938583582284627e+04 -7.313187925385564449e+04 1.339633525273792998e+02
5.745938583643822494e+04 -7.393741369699244387e+04 1.343121874841448005e+02
5.745938583705361089e+04 -7.496192553109052824e+04 1.347545455349739143e+02
5.745938583766898955e+04 -7.682969295798512758e+04 1.355572851677787014e+02
5.745938583828437550e+04 -7.617353887644654606e+04 1.352758223417293095e+02
5.745938583889975416e+04 -7.742023672462684044e+04 1.358101051483947401e+02
5.745938583951514011e+04 -7.784002511250339739e+04 1.359895365721440328e+02
5.745938584013051877e+04 -7.848696776807498827e+04 1.362655985969075232e+02
5.745938584074590472e+04 -7.936781255146588956e+04 1.366405741805722300e+02
5.745938584136128338e+04 -8.025281664563290542e+04 1.370162869023675114e+02
5.745938584197666933e+04 -8.115421313139272388e+04 1.373979026240671146e+02
5.745938584259204799e+04 -8.186629258701298386e+04 1.376986212410918711e+02
5.745938584320743394e+04 -8.361626995079901826e+04 1.384348796942017259e+02
5.745938584382281260e+04 -8.358181842896199669e+04 1.384204228824129075e+02
5.745938584443819855e+04 -8.430034669479078730e+04 1.387216252610312495e+02
5.745938584505357721e+04 -8.512361165369708033e+04 1.390659306388054404e+02
5.745938584566896316e+04 -8.605365605361682537e+04 1.394538706442093599e+02
5.745938584628434182e+04 -8.681361447695149400e+04 1.397700650273886538e+02
5.745938584689972777e+04 -8.765325304506928660e+04 1.401185821007910874e+02
5.745938584751510643e+04 -8.858707154380752763e+04 1.405051760021785583e+02
5.745938584813049238e+04 -8.913281102578864375e+04 1.407306164012792635e+02
5.745938584874587104e+04 -9.003737673554061621e+04 1.411034916289859780e+02
5.745938584936125699e+04 -9.081388662392176047e+04 1.414227961659852895e+02
5.745938584997663565e+04 -9.165285425198797020e+04 1.417669753516406104e+02
5.745938585059202160e+04 -9.244960963642827119e+04 1.420930655224113366e+02
5.745938585120740026e+04 -9.322699336224097351e+04 1.424105077377898851e+02
5.745938585182278621e+04 -9.389831734174731537e+04 1.426840725036640833e+02
5.745938585243816487e+04 -9.483685774330729328e+04 1.430656511961050796e+02
5.745938585305355082e+04 -9.565786962036628393e+04 1.433986141745340319e+02
5.745938585366892949e+04 -9.630129045477349428e+04 1.436590153782109951e+02
5.745938585428431543e+04 -9.731499124530308472e+04 1.440683190352110330e+02
5.745938585489969410e+04 -9.795173776657883718e+04 1.443248256743112279e+02
5.745938585551508004e+04 -9.891494358401461795e+04 1.447119789263845746e+02
5.745938585613045871e+04 -9.965987130992964376e+04 1.450106881454384506e+02
5.745938585674584465e+04 -1.005507777419627819e+05 1.453671274786352114e+02
5.745938585736122332e+04 -1.012634799076131458e+05 1.456516417403034040e+02
5.745938585797660926e+04 -1.024811319187658955e+05 1.461364528735170154e+02
5.745938585859198793e+04 -1.034587430263081187e+05 1.465245301934057807e+02
5.745938585920737387e+04 -1.047952057449870626e+05 1.470534019844863280e+02
5.745938585982275254e+04 -1.063672386354611663e+05 1.476730705189628736e+02
5.745938586043813848e+04 -1.071259689420199138e+05 1.479712205759428514e+02
5.745938586105351715e+04 -1.080516780099770403e+05 1.483341748545956307e+02
5.745938586166890309e+04 -1.090784713148354203e+05 1.487357264339448477e+02
5.745938586228428176e+04 -1.100904554740784515e+05 1.491304286067133944e+02
5.745938586289966042e+04 -1.105360297170258855e+05 1.493038841904403569e+02
5.745938586351504637e+04 -1.115234353671199206e+05 1.496875506396384594e+02
5.745938586413042503e+04 -1.120789479359952675e+05 1.499029690344287928e+02
5.745938586474581098e+04 -1.136861757057270734e+05 1.505244885459713657e+02
5.745938586536118964e+04 -1.142558489138261066e+05 1.507441676793730210e+02
5.745938586597657559e+04 -1.147155040714228526e+05 1.509211882197514285e+02
5.745938586659195425e+04 -1.157018786021518317e+05 1.513003577138221374e+02
5.745938586720734020e+04 -1.162309997856329283e+05 1.515033646614900817e+02
5.745938586782271886e+04 -1.173493919065946830e+05 1.519315635052457765e+02
5.745938586843810481e+04 -1.179434938459654659e+05 1.521585372639327147e+02
5.745938586905348347e+04 -1.184867662444171874e+05 1.523657958838734601e+02
5.745938586966886942e+04 -1.196018485311152617e+05 1.527903194477201794e+02
5.745938587028424809e+04 -1.202070487091021059e+05 1.530202324552801940e+02
5.745938587089963403e+04 -1.212017814786681702e+05 1.533973785933297336e+02
5.745938587151501270e+04 -1.217161075007819745e+05 1.535920185879217570e+02
5.745938587213039864e+04 -1.226603555841059715e+05 1.539487163841010329e+02
5.745938587274577731e+04 -1.231610217908654304e+05 1.541375124563388113e+02
5.745938587336116325e+04 -1.238583099323566566e+05 1.544000679876003517e+02
5.745938587397654192e+04 -1.246084325165910413e+05 1.546820201083922370e+02
5.745938587459192786e+04 -1.252608074194272776e+05 1.549268141614836622e+02
5.745938587520730653e+04 -1.262838273544567637e+05 1.553099103686091951e+02
5.745938587582269247e+04 -1.271645619258989609e+05 1.556389687903675281e+02
5.745938587643807114e+04 -1.282067748513061815e+05 1.560274619618090810e+02
5.745938587705345708e+04 -1.283214624759541475e+05 1.560701536244951910e+02
5.745938587766883575e+04 -1.279338544279272173e+05 1.559258222473714284e+02
5.745938587828422169e+04 -1.278724378846177278e+05 1.559029406594623595e+02
5.745938587889960036e+04 -1.284899148062819877e+05 1.561328376567691976e+02
5.745938587951498630e+04 -1.292886911363980907e+05 1.564297342247849940e+02
5.745938588013036497e+04 -1.298949175438100792e+05 1.566546864819151779e+02
5.745938588074575091e+04 -1.310747302021207579e+05 1.570915557355212400e+02
5.745938588136112958e+04 -1.318240615368530562e+05 1.573683936161477561e+02
5.745938588197651552e+04 -1.324301391826637264e+05 1.575919511710153529e+02
5.745938588259189419e+04 -1.332835671894451370e+05 1.579062096622272691e+02
5.745938588320728013e+04 -1.343157343357485079e+05 1.582854517955286440e+02
5.745938588382265880e+04 -1.350250713801528036e+05 1.585455527397604385e+02
5.745938588443804474e+04 -1.357280243190490000e+05 1.588028924680825753e+02
5.745938588505342341e+04 -1.365522916639050527e+05 1.591041132684509307e+02
5.745938588566880935e+04 -1.374920701833635394e+05 1.594468522882765740e+02
5.745938588628418802e+04 -1.381826677823128994e+05 1.596982456746020205e+02
5.745938588689957396e+04 -1.392653124803358805e+05 1.600915586754811102e+02
5.745938588751495263e+04 -1.405120388679102471e+05 1.605432870752580925e+02
5.745938588813033857e+04 -1.412098643102599890e+05 1.607955773484422650e+02
5.745938588874571724e+04 -1.419468959844191850e+05 1.610616130354687527e+02
5.745938588936110318e+04 -1.427460005910191103e+05 1.613495586804171182e+02
5.745938588997648185e+04 -1.439472743609532481e+05 1.617814558045635920e+02
5.745938589059186779e+04 -1.445652322261142544e+05 1.620031833171579194e+02
5.745938589120724646e+04 -1.453424151116944267e+05 1.622816117637099467e+02
5.745938589182263240e+04 -1.461265200574807241e+05 1.625620367940609583e+02
5.745938589243801107e+04 -1.470931954904536833e+05 1.629070914112150774e+02
5.745938589305339701e+04 -1.479861391158451152e+05 1.632251793698187896e+02
5.745938589366877568e+04 -1.487954430911058444e+05 1.635129383150516844e+02
5.745938589428416162e+04 -1.493447928145470505e+05 1.637079788209440778e+02
5.745938589489954029e+04 -1.501066179105789342e+05 1.639780724139222627e+02
5.745938589551492623e+04 -1.510662611163127003e+05 1.643176675861768388e+02
5.745938589613030490e+04 -1.516020717731949699e+05 1.645069734011787261e+02
5.745938589674569084e+04 -1.528680650549333659e+05 1.649533949844413883e+02
5.745938589736106951e+04 -1.538150524912813853e+05 1.652865386738060920e+02
5.745938589797645545e+04 -1.542519178459307586e+05 1.654399987899747089e+02
5.745938589859183412e+04 -1.549051697076753189e+05 1.656692049921954606e+02
5.745938589920722006e+04 -1.557044318219506240e+05 1.659492111284621672e+02
5.745938589982259873e+04 -1.565443846529857547e+05 1.662429642306370283e+02
5.745938590043798467e+04 -1.574174465801806364e+05 1.665477472840163955e+02
5.745938590105336334e+04 -1.581702446762093750e+05 1.668100995331656122e+02
5.745938590166874928e+04 -1.590999888758059242e+05 1.671335496043901685e+02
5.745938590228412795e+04 -1.595576559136437427e+05 1.672925383739160736e+02
5.745938590289951389e+04 -1.608127364648863440e+05 1.677277669794209487e+02
5.745938590351489256e+04 -1.620537498037916957e+05 1.681570098500657764e+02
5.745938590413027850e+04 -1.627101383566821751e+05 1.683835997166003153e+02
5.745938590474565717e+04 -1.637585471985568292e+05 1.687448865931232831e+02
5.745938590536103584e+04 -1.646040348049278837e+05 1.690356833399945060e+02
5.745938590597642178e+04 -1.648989674404234975e+05 1.691370047591421439e+02
5.745938590659180045e+04 -1.653142601265482372e+05 1.692795719579985132e+02
5.745938590720718639e+04 -1.662748413017405255e+05 1.696088738844020156e+02
5.745938590782256506e+04 -1.671109499276092392e+05 1.698949851450227300e+02
5.745938590843795100e+04 -1.679021935702530318e+05 1.701653008510138534e+02
5.745938590905332967e+04 -1.688577919356805505e+05 1.704911943419286047e+02
5.745938590966871561e+04 -1.695010341000970802e+05 1.707102127677388523e+02
5.745938591028409428e+04 -1.703417394316412683e+05 1.709960427841680826e+02
5.745938591089948022e+04 -1.713441281657433719e+05 1.713362200672399922e+02
5.745938591151485889e+04 -1.736779117013192154e+05 1.721256235478672636e+02
5.745938591213024483e+04 -1.779833424835837213e+05 1.735725169296675006e+02
5.745938591274562350e+04 -1.790519453369593248e+05 1.739297697161618146e+02
5.745938591336100944e+04 -1.797375558626876445e+05 1.741585954854960505e+02
5.745938591397638811e+04 -1.811642661115620285e+05 1.746338056576161364e+02
5.745938591459177405e+04 -1.830131807554001280e+05 1.752477271022994501e+02
5.745938591520715272e+04 -1.827372897837716155e+05 1.751562556831825930e+02
5.745938591582253866e+04 -1.831682569642753806e+05 1.752991215342391342e+02
5.745938591643791733e+04 -1.837333065028406272e+05 1.754862595415767430e+02
5.745938591705330327e+04 -1.864748740952879016e+05 1.763914171452031212e+02
5.745938591766868194e+04 -1.868297684071037802e+05 1.765082499363153374e+02
5.745938591828406788e+04 -1.866650599659587606e+05 1.764540368022574910e+02
5.745938591889944655e+04 -1.871853890280181658e+05 1.766252443125266609e+02
5.745938591951483249e+04 -1.880737190240926866e+05 1.769171548579673185e+02
5.745938592013021116e+04 -1.895309232019787887e+05 1.773949606024447121e+02
5.745938592074559710e+04 -1.898224149891997222e+05 1.774903840756716704e+02
5.745938592136097577e+04 -1.898288809746555344e+05 1.774925002150637567e+02
5.745938592197636171e+04 -1.900083156971382850e+05 1.775512142086366794e+02
5.745938592259174038e+04 -1.918111340769633243e+05 1.781400520847617202e+02
5.745938592320712632e+04 -1.930764369081206387e+05 1.785521665008622563e+02
5.745938592382250499e+04 -1.943003166216613899e+05 1.789498862514762720e+02
5.745938592443789094e+04 -1.949383914258361037e+05 1.791568889562780100e+02
5.745938592505326960e+04 -1.959751887357414817e+05 1.794927351601569114e+02
5.745938592566865555e+04 -1.967101460481399845e+05 1.797304272589630614e+02
5.745938592628403421e+04 -1.971897006372834730e+05 1.798853503936666698e+02
5.745938592689942016e+04 -1.979545111991973245e+05 1.801321515696649556e+02
5.745938592751479882e+04 -1.993312908279999683e+05 1.805755824554708227e+02
5.745938592813018477e+04 -2.001114022766200069e+05 1.808263568178937248e+02
5.745938592874556343e+04 -2.015888996848984389e+05 1.813003620333314814e+02
5.745938592936094938e+04 -2.011198034176037472e+05 1.811500026976857498e+02
5.745938592997632804e+04 -1.992961682723076374e+05 1.805642837772849418e+02
5.745938593059171399e+04 -1.969379100240117696e+05 1.798040244917049506e+02
5.745938593120709265e+04 -1.976697208438539819e+05 1.800402904448136212e+02
5.745938593182247860e+04 -1.982945838255272538e+05 1.802417830468836257e+02
5.745938593243785726e+04 -1.988515071793647367e+05 1.804211782588756705e+02
5.745938593305324321e+04 -1.996065951344733767e+05 1.806641214303656966e+02
5.745938593366862187e+04 -2.003852943193307146e+05 1.809143196149648531e+02
5.745938593428400782e+04 -2.014763706567370391e+05 1.812643044967929598e+02
5.745938593489938648e+04 -2.020018791768286610e+05 1.814326311301846886e+02
5.745938593551477243e+04 -2.030848249283861078e+05 1.817790199711184016e+02
5.745938593613015109e+04 -2.038315860513975495e+05 1.820174934732667680e+02
5.745938593674553704e+04 -2.042526350879434613e+05 1.821518152099560837e+02
5.745938593736091570e+04 -2.050922658378193155e+05 1.824193762958433069e+02
5.745938593797630165e+04 -2.058635904878836882e+05 1.826648252200723448e+02
5.745938593859168031e+04 -2.069218520257517230e+05 1.830010467694797001e+02
5.745938593920706626e+04 -2.076937665503013995e+05 1.832459035629016455e+02
5.745938593982244493e+04 -2.086971278191346501e+05 1.835636887213945556e+02
5.745938594043783087e+04 -2.090069679944629897e+05 1.836617103649857370e+02
5.745938594105320954e+04 -2.090994584252224595e+05 1.836909606809821298e+02
5.745938594166859548e+04 -2.093919824927968730e+05 1.837834414588019172e+02
5.745938594228397415e+04 -2.101034060192219913e+05 1.840081623116771254e+02
5.745938594289936009e+04 -2.108825313029772078e+05 1.842539540128995554e+02
5.745938594351473876e+04 -2.117918334525179234e+05 1.845403987963379961e+02
5.745938594413012470e+04 -2.124880541561377759e+05 1.847594193145290831e+02
5.745938594474550337e+04 -2.134085889941323258e+05 1.850486077072998512e+02
5.745938594536088931e+04 -2.142215226009863836e+05 1.853036176309827283e+02
5.745938594597626798e+04 -2.153416773029598407e+05 1.856544261858385880e+02
5.745938594659165392e+04 -2.159411223109464918e+05 1.858418875621403004e+02
5.745938594720703259e+04 -2.168252692210481910e+05 1.861180376869319275e+02
5.745938594782241853e+04 -2.177187741865268326e+05 1.863966950216907605e+02
5.745938594843779720e+04 -2.184921373780303984e+05 1.866375478552226070e+02
5.745938594905317586e+04 -2.197762966592832527e+05 1.870367956966866529e+02
5.745938594966856181e+04 -2.200823398854902771e+05 1.871318194929945378e+02
5.745938595028394047e+04 -2.210484099672713201e+05 1.874314599122012055e+02
5.745938595089932642e+04 -2.217770070722276578e+05 1.876571282095385413e+02
5.745938595151470508e+04 -2.225921570888859860e+05 1.879092833111701850e+02
5.745938595213009103e+04 -2.234786069266930863e+05 1.881831105055819364e+02
5.745938595274546969e+04 -2.245762665321500972e+05 1.885216299028343485e+02
5.745938595336085564e+04 -2.249655723038837605e+05 1.886415462857312946e+02
5.745938595397623430e+04 -2.258789358943346597e+05 1.889225874429635326e+02
5.745938595459162025e+04 -2.266119745085398899e+05 1.891478407135528528e+02
5.745938595520699891e+04 -2.276598841734411544e+05 1.894693847352357352e+02
5.745938595582238486e+04 -2.286941748008984141e+05 1.897862156480994997e+02
5.745938595643776353e+04 -2.290593998351732444e+05 1.898979675684462904e+02
5.745938595705314947e+04 -2.298922474072768237e+05 1.901525574560163818e+02
5.745938595766852814e+04 -2.309678436692890828e+05 1.904808487342963872e+02
5.745938595828391408e+04 -2.320979012428739225e+05 1.908251541785079723e+02
5.745938595889929275e+04 -2.325364888379259792e+05 1.909586156300930213e+02
5.745938595951467869e+04 -2.331516665073840413e+05 1.911456561201189288e+02
5.745938596013005736e+04 -2.343651266630289028e+05 1.915140646970470755e+02
5.745938596074544330e+04 -2.343942455350533419e+05 1.915228965296005299e+02
5.745938596136082197e+04 -2.353403103274673049e+05 1.918096192993118621e+02
5.745938596197620791e+04 -2.364903960742556665e+05 1.921575982999835333e+02
5.745938596259158658e+04 -2.372214925493207702e+05 1.923784773685313496e+02
5.745938596320697252e+04 -2.379909308086813835e+05 1.926106666972246444e+02
5.745938596382235119e+04 -2.388967856272107456e+05 1.928836635032763809e+02
5.745938596443773713e+04 -2.396202423486318730e+05 1.931014139242213616e+02
5.745938596505311580e+04 -2.405201974140114908e+05 1.933719456639221335e+02
5.745938596566850174e+04 -2.408291311093202967e+05 1.934647257142329977e+02
5.745938596628388041e+04 -2.416902990641521756e+05 1.937231201199671204e+02
5.745938596689926635e+04 -2.425218238752724137e+05 1.939722934240355130e+02
5.745938596751464502e+04 -2.433185269476935791e+05 1.942107322162578669e+02
5.745938596813003096e+04 -2.437670479005294619e+05 1.943448377068481534e+02
5.745938596874540963e+04 -2.443428619392520632e+05 1.945168676455894570e+02
5.745938596936079557e+04 -2.452698330031442165e+05 1.947934899413584731e+02
5.745938596997617424e+04 -2.461809717016594950e+05 1.950650053321665496e+02
5.745938597059156018e+04 -2.468060362549964921e+05 1.952510535068224442e+02
5.745938597120693885e+04 -2.473483170603693870e+05 1.954123179052158434e+02
5.745938597182232479e+04 -2.482391186947352835e+05 1.956769375503315302e+02
5.745938597243770346e+04 -2.492298394193326531e+05 1.959708192660197312e+02
5.745938597305308940e+04 -2.501419231042684696e+05 1.962409854499783535e+02
5.745938597366846807e+04 -2.514958071976806677e+05 1.966413318846047105e+02
5.745938597428385401e+04 -2.519463185353776207e+05 1.967743684424319497e+02
5.745938597489923268e+04 -2.523676261378339550e+05 1.968986997648790407e+02
5.745938597551461862e+04 -2.534514412566685933e+05 1.972181823049731406e+02
5.745938597612999729e+04 -2.545900164218973950e+05 1.975532503031886336e+02
5.745938597674538323e+04 -2.548091831852231116e+05 1.976176830525693049e+02
5.745938597736076190e+04 -2.554995104679689393e+05 1.978204949384094959e+02
5.745938597797614784e+04 -2.561647870541846787e+05 1.980157506031585513e+02
5.745938597859152651e+04 -2.570328654622776958e+05 1.982702385384286004e+02
5.745938597920691245e+04 -2.576155810502727691e+05 1.984408857590242405e+02
5.745938597982229112e+04 -2.585610446889846353e+05 1.987174513266643032e+02
5.745938598043767706e+04 -2.592500256891554745e+05 1.989187487856709708e+02
5.745938598105305573e+04 -2.600701325268394139e+05 1.991580916495294389e+02
5.745938598166844167e+04 -2.608442656224350503e+05 1.993837537724003823e+02
5.745938598228382034e+04 -2.614160138432800304e+05 1.995502562581060602e+02
5.745938598289920628e+04 -2.633112540926797665e+05 2.001011905986878503e+02
5.745938598351458495e+04 -2.634006175273294211e+05 2.001271305404858367e+02
5.745938598412997089e+04 -2.640096285898065544e+05 2.003038215710575116e+02
5.745938598474534956e+04 -2.647619766051845509e+05 2.005218836641504367e+02
5.745938598536073550e+04 -2.656594628443796537e+05 2.007817031500312055e+02
5.745938598597611417e+04 -2.663747864362073014e+05 2.009885465823147115e+02
5.745938598659150011e+04 -2.669822953000551206e+05 2.011640472232216723e+02
5.745938598720687878e+04 -2.682399229859083425e+05 2.015268722325179453e+02
5.745938598782226472e+04 -2.690454756957505597e+05 2.017589310052425446e+02
5.745938598843764339e+04 -2.695044956759652123e+05 2.018910434175651574e+02
5.745938598905302933e+04 -2.704952546191186411e+05 2.021759035271917639e+02
5.745938598966840800e+04 -2.714139391672276543e+05 2.024396828600019944e+02
5.745938599028379394e+04 -2.721103098973825108e+05 2.026394010637941392e+02
5.745938599089917261e+04 -2.729523657421235694e+05 2.028806389618013100e+02
5.745938599151455855e+04 -2.737624491215533926e+05 2.031124467624598253e+02
5.745938599212993722e+04 -2.745899827488193405e+05 2.033489751551334734e+02
5.745938599274531589e+04 -2.753183693087028223e+05 2.035569375859252261e+02
5.745938599336070183e+04 -2.765426592017344665e+05 2.039060080519868450e+02
5.745938599397608050e+04 -2.769995683905984624e+05 2.040361293201515025e+02
5.745938599459146644e+04 -2.774695817397010396e+05 2.041698959372423872e+02
5.745938599520684511e+04 -2.782656326491084765e+05 2.043962537157526356e+02
5.745938599582223105e+04 -2.793725569426285219e+05 2.047105926190552339e+02
5.745938599643760972e+04 -2.803650192297339090e+05 2.049920173401446561e+02
5.745938599705299566e+04 -2.807966346739848959e+05 2.051142866591425218e+02
5.745938599766837433e+04 -2.816929288453182089e+05 2.053679590234273746e+02
5.745938599828376027e+04 -2.826366323336872738e+05 2.056347111430982864e+02
5.745938599889913894e+04 -2.836092499973324011e+05 2.059092746764628430e+02
5.745938599951452488e+04 -2.838913467617445858e+05 2.059888402618935572e+02
5.745938600012990355e+04 -2.851985789372554282e+05 2.063571455206391079e+02
5.745938600074528949e+04 -2.856968620673422120e+05 2.064973610501606913e+02
5.745938600136066816e+04 -2.863457402771179914e+05 2.066798110357506744e+02
5.745938600197605410e+04 -2.874235119051701622e+05 2.069825008132059168e+02
5.745938600259143277e+04 -2.887371805662004626e+05 2.073508442325499175e+02
5.745938600320681871e+04 -2.890498743183059851e+05 2.074384249812167980e+02
5.745938600382219738e+04 -2.901166403001978761e+05 2.077369320035729743e+02
5.745938600443758332e+04 -2.910279031607521465e+05 2.079915861871057530e+02
5.745938600505296199e+04 -2.915495657683390309e+05 2.081372255879622912e+02
5.745938600566834793e+04 -2.922053364740601392e+05 2.083201612618352954e+02
5.745938600628372660e+04 -2.922731126004183898e+05 2.083390591253870809e+02
5.745938600689911254e+04 -2.937010032286476926e+05 2.087367969145743132e+02
5.745938600751449121e+04 -2.942246344405441196e+05 2.088824641798405537e+02
5.745938600812987715e+04 -2.949956524843999650e+05 2.090967664647879474e+02
5.745938600874525582e+04 -2.958300421382901841e+05 2.093284355255742923e+02
5.745938600936064176e+04 -2.965292091133325011e+05 2.095223626336136817e+02
5.745938600997602043e+04 -2.971852851192676462e+05 2.097041745528118781e+02
5.745938601059140638e+04 -2.987817448317644885e+05 2.101459287261713484e+02
5.745938601120678504e+04 -2.992148735927921371e+05 2.102656191344683521e+02
5.745938601182217099e+04 -2.993191900515406160e+05 2.102944356706947246e+02
5.745938601243754965e+04 -3.004298753507328802e+05 2.106010085697771501e+02
5.745938601305293560e+04 -3.012683944838281604e+05 2.108321624684843982e+02
5.745938601366831426e+04 -3.022100572284904192e+05 2.110914481424048290e+02
5.745938601428370021e+04 -3.026724268677514046e+05 2.112186445397001364e+02
5.745938601489907887e+04 -3.033913888828963391e+05 2.114162766596454333e+02
5.745938601551446482e+04 -3.043967663809434744e+05 2.116923307982278288e+02
5.745938601612984348e+04 -3.056791248726444901e+05 2.120439161708525830e+02
5.745938601674522943e+04 -3.060089648204363184e+05 2.121342544680782680e+02
5.745938601736060809e+04 -3.079233450038534356e+05 2.126578172295031948e+02
5.745938601797599404e+04 -3.080490347461774363e+05 2.126921469602644947e+02
5.745938601859137270e+04 -3.084160230823486345e+05 2.127923510579823869e+02
5.745938601920675865e+04 -3.092714530082014389e+05 2.130257383980344912e+02
5.745938601982213731e+04 -3.099888037794655538e+05 2.132212566030046617e+02
5.745938602043752326e+04 -3.104221957928689080e+05 2.133392933353505896e+02
5.745938602105290192e+04 -3.107609256990785361e+05 2.134315028658662357e+02
5.745938602166828787e+04 -3.120854986940250965e+05 2.137916981552946538e+02
5.745938602228366653e+04 -3.127434006721577607e+05 2.139703781270677894e+02
5.745938602289905248e+04 -3.134470373977549025e+05 2.141613142428312528e+02
5.745938602351443114e+04 -3.144463573390496313e+05 2.144321936109005549e+02
5.745938602412981709e+04 -3.163330617384157376e+05 2.149426800357869070e+02
5.745938602474519575e+04 -3.163153195299495128e+05 2.149378851658783844e+02
5.745938602536058170e+04 -3.169906813694015145e+05 2.151203277579301982e+02
5.745938602597596037e+04 -3.177027390439761803e+05 2.153125159633002852e+02
5.745938602659134631e+04 -3.181574783332474180e+05 2.154351628405377426e+02
5.745938602720672498e+04 -3.190029537776879151e+05 2.156630090351510205e+02
5.745938602782211092e+04 -3.200363950524172978e+05 2.159411834033702462e+02
5.745938602843748959e+04 -3.207080401231619762e+05 2.161217800798569328e+02
5.745938602905287553e+04 -3.209350930852461606e+05 2.161827975643973900e+02
5.745938602966825420e+04 -3.207974964124913095e+05 2.161458223323807033e+02
5.745938603028364014e+04 -3.211386572597147315e+05 2.162374881093764145e+02
5.745938603089901881e+04 -3.216529652806683443e+05 2.163756030312901260e+02
5.745938603151440475e+04 -3.218526886491659097e+05 2.164292140128171980e+02
5.745938603212978342e+04 -3.216213243674854748e+05 2.163671085628112394e+02
5.745938603274516936e+04 -3.212464933502659551e+05 2.162664542761141320e+02
5.745938603336054803e+04 -3.216254950176319689e+05 2.163682282542615098e+02
5.745938603397593397e+04 -3.214157452102818061e+05 2.163119096901998262e+02
5.745938603459131264e+04 -3.211083568465174176e+05 2.162293483286912874e+02
5.745938603520669858e+04 -3.214596526325179148e+05 2.163237002015283963e+02
5.745938603582207725e+04 -3.220010622642168310e+05 2.164690327803185141e+02
5.745938603643745591e+04 -3.212414768994731130e+05 2.162651068786803705e+02
5.745938603705284186e+04 -3.215493719686316326e+05 2.163477906415897110e+02
5.745938603766822052e+04 -3.223418415490770712e+05 2.165604594022502454e+02
5.745938603828360647e+04 -3.216252589669347508e+05 2.163681648820550834e+02
5.745938603889898513e+04 -3.216296938982311985e+05 2.163693555188679056e+02
5.745938603951437108e+04 -3.216336673375904211e+05 2.163704222543322260e+02
5.745938604012974974e+04 -3.213998162386266631e+05 2.163076321059842826e+02
5.745938604074513569e+04 -3.213310760921230540e+05 2.162891715783731854e+02
5.745938604136051435e+04 -3.211745814537354745e+05 2.162471382428728646e+02
5.745938604197590030e+04 -3.217375094090694329e+05 2.163982985101508234e+02
5.745938604259127897e+04 -3.223301775446513202e+05 2.165573307404816035e+02
5.745938604320666491e+04 -3.231772186110475450e+05 2.167844170214561927e+02
5.745938604382204358e+04 -3.235033178173411288e+05 2.168717787358721125e+02
5.745938604443742952e+04 -3.240058487723115250e+05 2.170063375139896209e+02
5.745938604505280819e+04 -3.243843158069757046e+05 2.171076216128647047e+02
5.745938604566819413e+04 -3.243637920987038524e+05 2.171021303375057130e+02
5.745938604628357280e+04 -3.230251286014302168e+05 2.167436601893978434e+02
5.745938604689895874e+04 -3.233639313717138721e+05 2.168344415265247846e+02
5.745938604751433741e+04 -3.233229543121364550e+05 2.168234638485835148e+02
5.745938604812972335e+04 -3.236646880486073205e+05 2.169149966772099276e+02
5.745938604874510202e+04 -3.234541347526409663e+05 2.168586048862180462e+02
5.745938604936048796e+04 -3.237583305516159744e+05 2.169400719288556729e+02
5.745938604997586663e+04 -3.232531741079072235e+05 2.168047685826163047e+02
5.745938605059125257e+04 -3.236510077189630829e+05 2.169113331652159502e+02
5.745938605120663124e+04 -3.236062907371251495e+05 2.168993577882100396e+02
5.745938605182201718e+04 -3.233319224045719602e+05 2.168258664313523241e+02
5.745938605243739585e+04 -3.236531201640969957e+05 2.169118988696651513e+02
5.745938605305278179e+04 -3.235423523973660776e+05 2.168822337101325104e+02
5.745938605366816046e+04 -3.236193350414822926e+05 2.169028511705978133e+02
5.745938605428354640e+04 -3.235922173586650169e+05 2.168955887473948110e+02
5.745938605489892507e+04 -3.235862972014597617e+05 2.168940032297715845e+02
5.745938605551431101e+04 -3.231975130708097713e+05 2.167898549181579710e+02
5.745938605612968968e+04 -3.235223449993715039e+05 2.168768750160393495e+02
5.745938605674507562e+04 -3.238208776146799210e+05 2.169568189414088408e+02
5.745938605736045429e+04 -3.239957600162310991e+05 2.170036369475051856e+02
5.745938605797584023e+04 -3.236763005598837626e+05 2.169181063910289424e+02
5.745938605859121890e+04 -3.238898729045692598e+05 2.169752909710898905e+02
5.745938605920660484e+04 -3.236643917662514141e+05 2.169149173351892443e+02
5.745938605982198351e+04 -3.237558474819383118e+05 2.169394070588231500e+02
5.745938606043736945e+04 -3.238220466552360449e+05 2.169571319403918608e+02
5.745938606105274812e+04 -3.227436535653948667e+05 2.166682107454862205e+02
5.745938606166813406e+04 -3.214483684549609898e+05 2.163206701095177777e+02
5.745938606228351273e+04 -3.211886047463532886e+05 2.162509051317728392e+02
5.745938606289889867e+04 -3.214578982021862757e+05 2.163232290946300793e+02
5.745938606351427734e+04 -3.210408317041444243e+05 2.162112075446320034e+02
5.745938606412966328e+04 -3.209173270697928383e+05 2.161780238034822617e+02
5.745938606474504195e+04 -3.206777136616550270e+05 2.161136289397123562e+02
5.745938606536042789e+04 -3.219118998245530529e+05 2.164451052907248538e+02
5.745938606597580656e+04 -3.211468827419196023e+05 2.162396977168330352e+02
5.745938606659119250e+04 -3.210350568381351768e+05 2.162096560430086356e+02
5.745938606720657117e+04 -3.212535389282568940e+05 2.162683466743435758e+02
5.745938606782195711e+04 -3.210661132302402402e+05 2.162179996627330070e+02
5.745938606843733578e+04 -3.212921238166471594e+05 2.162787100406528964e+02
5.745938606905272172e+04 -3.213366713961234200e+05 2.162906742855752498e+02
5.745938606966810039e+04 -3.212565743862654781e+05 2.162691619742958551e+02
5.745938607028348633e+04 -3.212102730387694901e+05 2.162567254653511668e+02
5.745938607089886500e+04 -3.210852632297806558e+05 2.162231443469457020e+02
5.745938607151425094e+04 -3.213050166557737393e+05 2.162821727678884827e+02
5.745938607212962961e+04 -3.211007350536032463e+05 2.162273007927780668e+02
5.745938607274501555e+04 -3.212521312695860979e+05 2.162679685873428923e+02
5.745938607336039422e+04 -3.210375889215762727e+05 2.162103363253698092e+02
5.745938607397578016e+04 -3.213440097755045863e+05 2.162926451073568899e+02
5.745938607459115883e+04 -3.213253709746359964e+05 2.162876393682765297e+02
5.745938607520654477e+04 -3.213636540306312963e+05 2.162979207513847086e+02
5.745938607582192344e+04 -3.213038404117128812e+05 2.162818568574302844e+02
5.745938607643730938e+04 -3.223973466346698115e+05 2.165753470351482974e+02
5.745938607705268805e+04 -3.219018429681958514e+05 2.164424062828468891e+02
5.745938607766807399e+04 -3.215326454451775644e+05 2.163432996246480684e+02
5.745938607828345266e+04 -3.214948927727198461e+05 2.163331628126497606e+02
5.745938607889883860e+04 -3.216430907686962746e+05 2.163729521091259187e+02
5.745938607951421727e+04 -3.212932099344214075e+05 2.162790017496498081e+02
5.745938608012959594e+04 -3.213576086671532248e+05 2.162962972275468587e+02
5.745938608074498188e+04 -3.214815487166201347e+05 2.163295797424057696e+02
5.745938608136036055e+04 -3.216997028394369408e+05 2.163881498062372657e+02
5.745938608197574649e+04 -3.220956689684290322e+05 2.164944183923657874e+02
5.745938608259112516e+04 -3.214098745575887733e+05 2.163103331882730913e+02
5.745938608320651110e+04 -3.216359797073510126e+05 2.163710430457897758e+02
5.745938608382188977e+04 -3.214234939816666883e+05 2.163139905235221363e+02
5.745938608443727571e+04 -3.213984879457371426e+05 2.163072754008756817e+02
5.745938608505265438e+04 -3.216536259671797743e+05 2.163757803987463149e+02
5.745938608566804032e+04 -3.216509340639886213e+05 2.163750577313165593e+02
5.745938608628341899e+04 -3.211664444823621889e+05 2.162449524873695168e+02
5.745938608689880493e+04 -3.217322814197035041e+05 2.163968951497152489e+02
5.745938608751418360e+04 -3.216375176646932377e+05 2.163714559332595968e+02
5.745938608812956954e+04 -3.217001946530590067e+05 2.163882818305495448e+02
5.745938608874494821e+04 -3.214920710608998197e+05 2.163324051475470071e+02
5.745938608936033415e+04 -3.215237750513802166e+05 2.163409179150416151e+02
5.745938608997571282e+04 -3.213922242867466994e+05 2.163055933248008387e+02
5.745938609059109876e+04 -3.215049058380078059e+05 2.163358514251640941e+02
5.745938609120647743e+04 -3.213177268078241032e+05 2.162855863752463392e+02
5.745938609182186337e+04 -3.217234601631975966e+05 2.163945272172815351e+02
5.745938609243724204e+04 -3.212454423511677305e+05 2.162661721866964228e+02
5.745938609305262798e+04 -3.219112634674115689e+05 2.164449255098525668e+02
5.745938609366800665e+04 -3.213710794654791243e+05 2.163002485900188390e+02
5.745938609428339259e+04 -3.214969081078873132e+05 2.163485750836617569e+02
5.745938609489877126e+04 -3.182999130274783238e+05 2.200253845938540849e+02
5.745938609551415720e+04 -3.130922442116235034e+05 2.259552965529444748e+02
5.745938609612953587e+04 -3.086232014091167366e+05 2.317058686029731120e+02
5.745938609674492182e+04 -3.037860198356068577e+05 2.377765518647787246e+02
5.745938609736030048e+04 -2.978114621952893795e+05 2.445710188855612728e+02
5.745938609797568643e+04 -2.914223689503613277e+05 2.518095319954622937e+02
5.745938609859106509e+04 -2.855094865436290274e+05 2.574736838716969487e+02
5.745938609920645104e+04 -2.814735806030916283e+05 2.626750576031463993e+02
5.745938609982182970e+04 -2.767715104547098163e+05 2.671745616159842029e+02
5.745938610043721565e+04 -2.714745784147816594e+05 2.723372507148134218e+02
5.745938610105259431e+04 -2.669581214018254541e+05 2.770201774131190859e+02
5.745938610166798026e+04 -2.626385363749768585e+05 2.820228477293762239e+02
5.745938610228335892e+04 -2.573553148543647258e+05 2.864762688183519685e+02
5.745938610289874487e+04 -2.523101877079927654e+05 2.914924678537509521e+02
5.745938610351412353e+04 -2.480627160734157078e+05 2.955369212314176366e+02
5.745938610412950948e+04 -2.435758401348135085e+05 2.995639664979956365e+02
5.745938610474488814e+04 -2.404643627372914052e+05 3.026814001695778416e+02
5.745938610536027409e+04 -2.361925758438389748e+05 3.062851338815437430e+02
5.745938610597565275e+04 -2.313923020827493747e+05 3.106479694164141279e+02
5.745938610659103870e+04 -2.266731284060867038e+05 3.147794638561701959e+02
5.745938610720641736e+04 -2.219161632881464320e+05 3.188051073733790304e+02
5.745938610782180331e+04 -2.166914984442346613e+05 3.232042723986527335e+02
5.745938610843718197e+04 -2.122156647199799190e+05 3.272288387281768678e+02
5.745938610905256792e+04 -2.070545577128459408e+05 3.312687768384992637e+02
5.745938610966794658e+04 -2.021986361817454454e+05 3.353267366595798649e+02
5.745938611028333253e+04 -1.972747075996359927e+05 3.396640000387935743e+02
5.745938611089871119e+04 -1.933801342828282795e+05 3.426159311808107759e+02
5.745938611151409714e+04 -1.873710153000371065e+05 3.474376057197755472e+02
5.745938611212947580e+04 -1.833794824959023681e+05 3.504021304069383973e+02
5.745938611274486175e+04 -1.785644614096078149e+05 3.542433539832472889e+02
5.745938611336024042e+04 -1.739317435208602401e+05 3.580583486744955053e+02
5.745938611397562636e+04 -1.686952442327341123e+05 3.616003991249640990e+02
5.745938611459100503e+04 -1.629845705819897994e+05 3.658396343765026586e+02
5.745938611520639097e+04 -1.589965240672529326e+05 3.695576337483495877e+02
5.745938611582176964e+04 -1.534545011568718764e+05 3.732882014685342256e+02
5.745938611643715558e+04 -1.485601057933722623e+05 3.767471199570994145e+02
5.745938611705253425e+04 -1.446083510345418472e+05 3.796043822763389244e+02
5.745938611766792019e+04 -1.392304330626891460e+05 3.835330960088103893e+02
5.745938611828329886e+04 -1.343268797061653459e+05 3.871279203184532776e+02
5.745938611889868480e+04 -1.291669315207983600e+05 3.906941803914752427e+02
5.745938611951406347e+04 -1.248744197935389238e+05 3.935705148545082466e+02
5.745938612012944941e+04 -1.200870603478717676e+05 3.969429261698095956e+02
5.745938612074482808e+04 -1.145970453493770910e+05 4.008164314056426747e+02
5.745938612136021402e+04 -1.099757919994250406e+05 4.039484577909518634e+02
5.745938612197559269e+04 -1.045464224924104637e+05 4.078378331955369163e+02
5.745938612259097863e+04 -9.900366312190334429e+04 4.115197824530180810e+02
5.745938612320635730e+04 -9.463898963227189961e+04 4.149114162650233766e+02
5.745938612382173596e+04 -8.783862870536360424e+04 4.188919377168650158e+02
5.745938612443712191e+04 -8.383930105615034699e+04 4.214473360309481222e+02
5.745938612505250057e+04 -7.960516057253329200e+04 4.243651237763578479e+02
5.745938612566788652e+04 -7.484044565144859371e+04 4.272800708289087197e+02
5.745938612628326518e+04 -6.959733117861711071e+04 4.307643428155153060e+02
5.745938612689865113e+04 -6.504274306106031872e+04 4.337862727494875799e+02
5.745938612751402979e+04 -6.031245259121150593e+04 4.366289658887980636e+02
5.745938612812941574e+04 -5.589319468697300181e+04 4.396442985568338031e+02
5.745938612874479441e+04 -5.024695103505894076e+04 4.428799296529730327e+02
5.745938612936018035e+04 -4.524825756499043200e+04 4.462513340458066864e+02
5.745938612997555902e+04 -4.017747169645584654e+04 4.493137988309217121e+02
5.745938613059094496e+04 -3.773624934770687832e+04 4.516089459372233250e+02
5.745938613120632363e+04 -3.461984168823866639e+04 4.555312094261408333e+02
5.745938613182170957e+04 -5.588062102278642124e+04 4.622294074925636664e+02
5.745938613243708824e+04 -9.335360033737379126e+04 4.702867655610479574e+02
5.745938613305247418e+04 -9.026224830156867392e+04 4.741188076608023607e+02
5.745938613366785285e+04 -8.594219751705118688e+04 4.763002987879931425e+02
5.745938613428323879e+04 -9.363492000799957896e+04 4.804868989222235314e+02
5.745938613489861746e+04 -9.239081650365440873e+04 4.838816845144871763e+02
5.745938613551400340e+04 -7.667416514148545684e+04 4.850170675798761977e+02
5.745938613612938207e+04 -7.903701611875614617e+04 4.881549303509539754e+02
5.745938613674476801e+04 -6.227276606009405805e+04 4.894384039301315283e+02
5.745938613736014668e+04 -8.244253022240678547e+04 4.953853021828622332e+02
5.745938613797553262e+04 -7.148213772204273846e+04 4.966395283242567302e+02
5.745938613859091129e+04 -6.116741196810785914e+04 4.987068511434116544e+02
5.745938613920629723e+04 -5.229740847292373655e+04 5.010700993301090307e+02
5.745938613982167590e+04 -4.469480677135201404e+04 5.038853733079607764e+02
5.745938614043706184e+04 -4.473283084175048862e+04 5.069542997866765290e+02
5.745938614105244051e+04 -3.235716507163131610e+04 5.089821108921090627e+02
5.745938614166782645e+04 -3.541059045533696190e+04 5.128572786057708299e+02
5.745938614228320512e+04 -2.264383076158718904e+04 5.149630089195314895e+02
5.745938614289859106e+04 -2.031262913133786060e+04 5.179941134134902541e+02
5.745938614351396973e+04 -1.029764580856153043e+04 5.249704390142621833e+02
5.745938614412935567e+04 -1.261464935293915914e+04 5.237284028975618639e+02
5.745938614474473434e+04 -6.586964549002994318e+03 5.264513580816486638e+02
5.745938614536012028e+04 -1.072331286452594213e+03 5.277821295586425094e+02
5.745938614597549895e+04 3.991592160204250831e+03 5.301218949685987809e+02
5.745938614659088489e+04 8.549596510072355159e+03 5.335783087870947838e+02
5.745938614720626356e+04 1.375000165304529946e+04 5.361465772511230625e+02
5.745938614782164950e+04 1.865314486251753988e+04 5.386971242154600077e+02
5.745938614843702817e+04 2.626463276079954812e+04 5.412731453346002581e+02
5.745938614905241411e+04 1.709944669867679477e+04 5.436806616529230496e+02
5.745938614966779278e+04 3.672757943429786246e+04 5.459337518443627459e+02
5.745938615028317872e+04 8.235653509131266037e+04 5.444988380271337292e+02
5.745938615089855739e+04 1.201618237521009869e+05 5.424214589554713939e+02
5.745938615151394333e+04 1.291905742140968796e+05 5.444831493499168573e+02
5.745938615212932200e+04 1.351187888857072685e+05 5.470763169268362844e+02
5.745938615274470794e+04 1.406364726960177068e+05 5.494817689250019157e+02
5.745938615336008661e+04 1.440109636284452863e+05 5.512580891223836943e+02
5.745938615397547255e+04 1.498338220240580267e+05 5.540198852566092000e+02
5.745938615459085122e+04 1.538951081117990543e+05 5.559960712669104623e+02
5.745938615520623716e+04 1.595287800325273420e+05 5.588798162982978965e+02
5.745938615582161583e+04 1.647547113933155197e+05 5.612453071671315001e+02
5.745938615643700177e+04 1.703399054468320101e+05 5.640091394958313913e+02
5.745938615705238044e+04 1.737599535891049309e+05 5.659028425900409047e+02
5.745938615766776638e+04 1.794830372505057603e+05 5.686220224689622000e+02
5.745938615828314505e+04 1.835851157573864912e+05 5.706903504602172461e+02
5.745938615889853099e+04 1.874700461948912125e+05 5.724036704806338776e+02
5.745938615951390966e+04 1.922686494830225711e+05 5.745653705525883197e+02
5.745938616012929560e+04 1.965573440687269322e+05 5.765596535034483168e+02
5.745938616074467427e+04 2.020450829001088277e+05 5.792290082623443368e+02
5.745938616136006021e+04 2.185281836297881673e+05 5.876292041140152378e+02
5.745938616197543888e+04 2.120915159585383371e+05 5.839274342989563138e+02
5.745938616259082482e+04 2.171691792886551702e+05 5.862715830031729638e+02
5.745938616320620349e+04 2.283426686566176359e+05 5.918737129791780944e+02
5.745938616382158943e+04 2.259357365822512656e+05 5.903615421953509212e+02
5.745938616443696810e+04 2.298040948200959247e+05 5.924272581347212281e+02
5.745938616505235404e+04 2.351402225421665935e+05 5.946136923421452138e+02
5.745938616566773271e+04 2.414357997911744751e+05 5.978338554686122279e+02
5.745938616628311138e+04 2.453807332000799361e+05 5.994072809768340448e+02
5.745938616689849732e+04 2.495866875700766686e+05 6.013455793924260888e+02
5.745938616751387599e+04 2.552559020253028139e+05 6.039162085100097102e+02
5.745938616812926193e+04 2.590090949237252935e+05 6.055867991216751989e+02
5.745938616874464060e+04 2.644913853589667124e+05 6.081060137732364410e+02
5.745938616936002654e+04 2.686176295431936742e+05 6.098900987862693910e+02
5.745938616997540521e+04 2.735077067463081330e+05 6.118571931763609655e+02
5.745938617059079115e+04 2.793116622718297876e+05 6.145372302409232361e+02
5.745938617120616982e+04 2.835972779545835219e+05 6.166392146235911014e+02
5.745938617182155576e+04 2.876520382115839748e+05 6.187274949053345381e+02
5.745938617243693443e+04 2.932638677476539742e+05 6.212254865128572874e+02
5.745938617305232037e+04 2.983286901715483400e+05 6.228857996699457544e+02
5.745938617366769904e+04 3.035754067674226244e+05 6.253284409458178743e+02
5.745938617428308498e+04 3.073440619800507557e+05 6.270296643635201690e+02
5.745938617489846365e+04 3.127020685038411757e+05 6.294350417817271364e+02
5.745938617551384959e+04 3.174010229735167231e+05 6.318960323530300229e+02
5.745938617612922826e+04 3.225054681015358656e+05 6.338053194600012148e+02
5.745938617674461420e+04 3.275199178007525043e+05 6.361251337938579127e+02
5.745938617735999287e+04 3.306087623751034844e+05 6.374576248806525882e+02
5.745938617797537881e+04 3.376804310487688053e+05 6.407236221129170417e+02
5.745938617859075748e+04 3.426709914240579819e+05 6.428480029333707080e+02
5.745938617920614342e+04 3.494566721137565910e+05 6.459127713196133982e+02
5.745938617982152209e+04 3.519462710803680820e+05 6.467599363828105652e+02
5.745938618043690803e+04 3.543858214822460432e+05 6.478565972640013797e+02
5.745938618105228670e+04 3.602115320851690485e+05 6.504540785473917595e+02
5.745938618166767264e+04 3.659232102559601772e+05 6.529477603805027002e+02
5.745938618228305131e+04 3.709575306707477430e+05 6.548220861582551606e+02
5.745938618289843726e+04 3.761422210035985918e+05 6.572894194317608481e+02
5.745938618351381592e+04 3.816448451911488664e+05 6.595727842675225929e+02
5.745938618412920187e+04 3.865774000292797573e+05 6.610280387991407451e+02
5.745938618474458053e+04 3.922624360713857459e+05 6.633238530571636602e+02
5.745938618535996648e+04 3.973837295596227050e+05 6.655112916477791032e+02
5.745938618597534514e+04 4.098999665146475309e+05 6.709900811172431077e+02
5.745938618659073109e+04 4.170712910279404605e+05 6.740136194105772347e+02
5.745938618720610975e+04 4.205723074535380583e+05 6.754678998058083153e+02
5.745938618782149570e+04 4.283632723036398529e+05 6.787593580835357443e+02
5.745938618843687436e+04 4.311269654176110635e+05 6.800313755454169495e+02
5.745938618905226031e+04 4.371682026455356972e+05 6.822939811203267482e+02
5.745938618966763897e+04 4.420180102194342762e+05 6.842824284208060135e+02
5.745938619028302492e+04 4.470297764127778355e+05 6.866921387471256821e+02
5.745938619089840358e+04 4.514666107746139169e+05 6.884815898671320156e+02
5.745938619151378953e+04 4.561681565802206751e+05 6.901725469196661606e+02
5.745938619212916819e+04 4.635304183975146152e+05 6.930667614507768803e+02
5.745938619274455414e+04 4.646459314042263431e+05 6.934096329631779554e+02
5.745938619335993280e+04 4.640489306686287746e+05 6.928722268802824829e+02
5.745938619397531875e+04 4.678664979296788806e+05 6.943822049983878060e+02
5.745938619459069741e+04 4.705982306981231086e+05 6.954908983699983764e+02
5.745938619520608336e+04 4.764246260050773853e+05 6.978405790105688311e+02
5.745938619582146202e+04 4.809754610804519034e+05 6.997807241407055017e+02
5.745938619643684797e+04 4.846139095893877093e+05 7.012342307709186571e+02
5.745938619705222663e+04 4.905716245371984551e+05 7.035965714807832683e+02
5.745938619766761258e+04 4.937379886681213975e+05 7.050883659646394790e+02
5.745938619828299124e+04 4.978250810357385781e+05 7.067471114382171891e+02
5.745938619889837719e+04 5.036634645634795888e+05 7.091758444019377521e+02
5.745938619951375586e+04 5.090550923307385528e+05 7.112207816475353184e+02
5.745938620012914180e+04 5.133080522474638419e+05 7.126265165127857699e+02
5.745938620074452047e+04 5.185410499863008736e+05 7.146293579122893789e+02
5.745938620135990641e+04 5.239254684003377333e+05 7.166165510882636909e+02
5.745938620197528508e+04 5.281656142093883827e+05 7.182777187977904987e+02
5.745938620259067102e+04 5.331783980703363195e+05 7.202038311452222388e+02
5.745938620320604969e+04 5.390957304553739959e+05 7.226458176049875419e+02
5.745938620382143563e+04 5.418146501093505649e+05 7.233138747744633292e+02
5.745938620443681430e+04 5.474003082882673480e+05 7.251473452011993004e+02
5.745938620505220024e+04 5.518133329745098017e+05 7.267139470722298711e+02
5.745938620566757891e+04 5.578157098588950466e+05 7.293019155193811685e+02
5.745938620628296485e+04 5.647520186280229827e+05 7.317827313027610217e+02
5.745938620689834352e+04 5.700186995397448773e+05 7.339549836485981587e+02
5.745938620751372946e+04 5.751458601635458181e+05 7.357738296815376771e+02
5.745938620812910813e+04 5.803500454771649092e+05 7.375382942610922328e+02
5.745938620874449407e+04 5.853809398167214822e+05 7.396201908333401889e+02
5.745938620935987274e+04 5.906576084888499463e+05 7.412866377701288911e+02
5.745938620997525140e+04 5.954872259883695515e+05 7.431419523781160024e+02
5.745938621059063735e+04 6.006603705022388604e+05 7.450186338173754166e+02
5.745938621120601601e+04 6.046221645762985572e+05 7.465743414558954782e+02
5.745938621182140196e+04 6.106024800539213466e+05 7.489509121572922368e+02
5.745938621243678062e+04 6.139676943351033842e+05 7.503747849291285092e+02
5.745938621305216657e+04 6.157085846536853351e+05 7.512376893993069871e+02
5.745938621366754523e+04 6.198946636415083194e+05 7.531703249157646951e+02
5.745938621428293118e+04 6.238828883863310330e+05 7.549282363653322818e+02
5.745938621489830985e+04 6.290440846824063919e+05 7.572144372373234091e+02
5.745938621551369579e+04 6.273364102731089806e+05 7.564851418727178043e+02
5.745938621612907446e+04 6.242860407311662566e+05 7.551397386622905969e+02
5.745938621674446040e+04 6.259884784308071248e+05 7.558332595907596669e+02
5.745938621735983907e+04 6.177917205003839917e+05 7.523256936197414007e+02
5.745938621797522501e+04 6.151250268459245563e+05 7.510320904881351680e+02
5.745938621859060368e+04 6.142956184210089268e+05 7.505404376955588077e+02
5.745938621920598962e+04 6.099652358778244816e+05 7.487631363918965235e+02
5.745938621982136829e+04 6.078724290079111233e+05 7.477051586886861969e+02
5.745938622043675423e+04 6.062632763601173647e+05 7.467666673212120259e+02
5.745938622105213290e+04 6.036135693584706169e+05 7.455590746295048348e+02
5.745938622166751884e+04 6.029121575188772986e+05 7.448334605904060481e+02
5.745938622228289751e+04 5.998214114915977698e+05 7.433778152981853964e+02
5.745938622289828345e+04 5.972498093577605905e+05 7.419949686629122425e+02
5.745938622351366212e+04 5.955721953786920058e+05 7.411306804567005884e+02
5.745938622412904806e+04 5.921438847317929612e+05 7.393588520786387335e+02
5.745938622474442673e+04 5.881966777184789535e+05 7.373741004484226096e+02
5.745938622535981267e+04 5.872063646960954648e+05 7.367734228167797710e+02
5.745938622597519134e+04 5.881808986536971061e+05 7.367312967826746899e+02
5.745938622659057728e+04 5.885518501819752855e+05 7.372194733481003368e+02
5.745938622720595595e+04 5.958788194282673066e+05 7.399540674409747680e+02
5.745938622782134189e+04 6.914629712251393357e+05 7.783991074232465053e+02
5.745938622843672056e+04 8.232268279087421251e+05 8.293372008366350201e+02
5.745938622905210650e+04 8.229522202088404447e+05 8.289533381123055733e+02
5.745938622966748517e+04 8.484316629862034461e+05 8.382547929222548646e+02
5.745938623028287111e+04 8.504812686624628259e+05 8.384015970900260299e+02
5.745938623089824978e+04 8.779608842505796347e+05 8.481337054503757145e+02
5.745938623151363572e+04 8.443946460855187615e+05 8.349990828086757801e+02
5.745938623212901439e+04 8.671014437467590906e+05 8.429682039415674808e+02
5.745938623274440033e+04 8.192250347928623669e+05 8.244248812385238807e+02
5.745938623335977900e+04 8.852660704528656788e+05 8.485657936977549980e+02
5.745938623397516494e+04 8.804236485699575860e+05 8.463625419755005623e+02
5.745938623459054361e+04 8.700028765087807551e+05 8.421564797516249428e+02
5.745938623520592955e+04 8.429212177973043872e+05 8.317543998486372629e+02
5.745938623582130822e+04 8.384039796861710493e+05 8.297100069241705569e+02
5.745938623643669416e+04 8.587166654546292266e+05 8.371806717381323324e+02
5.745938623705207283e+04 8.313954591147344327e+05 8.268051452002329142e+02
5.745938623766745877e+04 8.284396827105153352e+05 8.254518407280538668e+02
5.745938623828283744e+04 8.111472766741032247e+05 8.187781375157572938e+02
5.745938623889822338e+04 8.444714188584265066e+05 8.307148972356939112e+02
5.745938623951360205e+04 8.236580471104115713e+05 8.225611779296616533e+02
5.745938624012898799e+04 8.306868131421681028e+05 8.249788174703301138e+02
5.745938624074436666e+04 8.257943922407000791e+05 8.228661042672960093e+02
5.745938624135975260e+04 8.384999396921290318e+05 8.276001873752269375e+02
5.745938624197513127e+04 8.225983055226886645e+05 8.214050027092549726e+02
5.745938624259051721e+04 8.195346621148077538e+05 8.198002978259094107e+02
5.745938624320589588e+04 8.028757109213380609e+05 8.131487707708901098e+02
5.745938624382128182e+04 8.090099387422704604e+05 8.153877585375309991e+02
5.745938624443666049e+04 7.883320578770621214e+05 8.072210172741823726e+02
5.745938624505204643e+04 8.462886767904647859e+05 8.291224199994193214e+02
5.745938624566742510e+04 8.022056592442069668e+05 8.119643742437048104e+02
5.745938624628281104e+04 6.664374866766876075e+05 7.577249418978093445e+02
5.745938624689818971e+04 5.408040413123616017e+05 7.037253885015368269e+02
5.745938624751357565e+04 5.219046531650217948e+05 6.950433384097823364e+02
5.745938624812895432e+04 5.169441692977751372e+05 6.927390269144469812e+02
5.745938624874434026e+04 5.148129655127234291e+05 6.913439123003031455e+02
5.745938624935971893e+04 5.103426950888332212e+05 6.891408286754386836e+02
5.745938624997510487e+04 5.090153751649026526e+05 6.883369491795737076e+02
5.745938625059048354e+04 5.061867155265879119e+05 6.866438970350141062e+02
5.745938625120586948e+04 5.035853247048030607e+05 6.853771351131796337e+02
5.745938625182124815e+04 5.013295781173765427e+05 6.836749417775030224e+02
5.745938625243663409e+04 5.107307884776908904e+05 6.878106429301720937e+02
5.745938625305201276e+04 4.996987366174536292e+05 6.827654301560447720e+02
5.745938625366739143e+04 4.943818447324668523e+05 6.797589251900541285e+02
5.745938625428277737e+04 4.935522847623504931e+05 6.791082622946810261e+02
5.745938625489815604e+04 4.915916673250852036e+05 6.779757239769990065e+02
5.745938625551354198e+04 4.885871644902704284e+05 6.763870958023226194e+02
5.745938625612892065e+04 4.866242718775637331e+05 6.754456207478147007e+02
5.745938625674430659e+04 4.988890418201396242e+05 6.805000925144071289e+02
5.745938625735968526e+04 4.822533662124783732e+05 6.725541796345751209e+02
5.745938625797507120e+04 4.822633318256577477e+05 6.725127369818068246e+02
5.745938625859044987e+04 4.780121190760770114e+05 6.701952836337554800e+02
5.745938625920583581e+04 4.755094126623820048e+05 6.687508338000512822e+02
5.745938625982121448e+04 4.752322738951667561e+05 6.682821610741981431e+02
5.745938626043660042e+04 4.713521195097012678e+05 6.661164075817057437e+02
5.745938626105197909e+04 4.697005360026203562e+05 6.652527247067865801e+02
5.745938626166736503e+04 4.670315977996559814e+05 6.638555815878106614e+02
5.745938626228274370e+04 4.651845681861162884e+05 6.626225228110096168e+02
5.745938626289812964e+04 4.633762918483952526e+05 6.615080603245868360e+02
5.745938626351350831e+04 4.610571123576658429e+05 6.601365453633594598e+02
5.745938626412889425e+04 4.604107724395999103e+05 6.594978051981360068e+02
5.745938626474427292e+04 4.574041501716370694e+05 6.578282802019356268e+02
5.745938626535965886e+04 4.544329658974099439e+05 6.563014468690801095e+02
5.745938626597503753e+04 4.515595078601931455e+05 6.555208509928640979e+02
5.745938626659042347e+04 4.483710730867353850e+05 6.541515523919251791e+02
5.745938626720580214e+04 4.469107768064137781e+05 6.530653823628992996e+02
5.745938626782118808e+04 4.469532500212705927e+05 6.524603661396653251e+02
5.745938626843656675e+04 4.482476986390781822e+05 6.532813639249408197e+02
5.745938626905195270e+04 4.464147929722496774e+05 6.523025060677182410e+02
5.745938626966733136e+04 4.444440680077256402e+05 6.509998130457017851e+02
5.745938627028271731e+04 4.439533272106277291e+05 6.503992180553059370e+02
5.745938627089809597e+04 4.433811542142373510e+05 6.497801900884510360e+02
5.745938627151348192e+04 4.394720343509197701e+05 6.479383811595101861e+02
5.745938627212886058e+04 4.376100172446072684e+05 6.468143864135303147e+02
5.745938627274424653e+04 4.355947307187013212e+05 6.451143462298654185e+02
5.745938627335962519e+04 4.336197567557684379e+05 6.439031982499153628e+02
5.745938627397501114e+04 4.318638807960291160e+05 6.428141411922358657e+02
5.745938627459038980e+04 4.309023850325452513e+05 6.422353648209012817e+02
5.745938627520577575e+04 4.275329838272491470e+05 6.402506970761978664e+02
5.745938627582115441e+04 4.271247209588537225e+05 6.399797979073574652e+02
5.745938627643654036e+04 4.237376315697375685e+05 6.377575676057313103e+02
5.745938627705191902e+04 4.215838079552187119e+05 6.362670924722085601e+02
5.745938627766730497e+04 4.195300991889482248e+05 6.350101504053353665e+02
5.745938627828268363e+04 4.171990628738614032e+05 6.336654653862777877e+02
5.745938627889806958e+04 4.154097194722600398e+05 6.323562221118014577e+02
5.745938627951344824e+04 4.139186103230231674e+05 6.314034021613719005e+02
5.745938628012883419e+04 4.140536373638681835e+05 6.311176275612243671e+02
5.745938628074421285e+04 4.156155959141239291e+05 6.316893118005314136e+02
5.745938628135959880e+04 4.494492349958537379e+05 6.478783534285137193e+02
5.745938628197497746e+04 5.160463913543873932e+05 6.789047061072983524e+02
5.745938628259036341e+04 5.228729499561338453e+05 6.820407433549021334e+02
5.745938628320574207e+04 6.550270508486421313e+05 7.398951199535201795e+02
5.745938628382112802e+04 9.256862691584762651e+05 8.462617272998087401e+02
5.745938628443650668e+04 9.242600614563936833e+05 8.445464818189836933e+02
5.745938628505189263e+04 9.425742045708142687e+05 8.507506575910063020e+02
5.745938628566727130e+04 9.630974955318076536e+05 8.580548580257194544e+02
5.745938628628265724e+04 9.662506749577312730e+05 8.590829982489711938e+02
5.745938628689803591e+04 8.935053879798261914e+05 8.318714494034315976e+02
5.745938628751342185e+04 8.973457835933638271e+05 8.330417887965988939e+02
5.745938628812880052e+04 8.266503081903317943e+05 8.059289210540492832e+02
5.745938628874418646e+04 9.161455346789518371e+05 8.396233545824762814e+02
5.745938628935956513e+04 9.226026252224234631e+05 8.417526288792832929e+02
5.745938628997495107e+04 9.346783546004701639e+05 8.460704495513282382e+02
5.745938629059032974e+04 8.414779665537623223e+05 8.105194943755566328e+02
5.745938629120571568e+04 8.493140594584675273e+05 8.135557673589081560e+02
5.745938629182109435e+04 8.895533591294276994e+05 8.286538923371884948e+02
5.745938629243648029e+04 8.418896757565729786e+05 8.102374986779456094e+02
5.745938629305185896e+04 8.450694061343907379e+05 8.112114069292651948e+02
5.745938629366724490e+04 8.021959898755527101e+05 7.943293350267092592e+02
5.745938629428262357e+04 8.773308337097560288e+05 8.231652798237802244e+02
5.745938629489800951e+04 8.373309452149403514e+05 8.075246031219273846e+02
5.745938629551338818e+04 8.330005974058323773e+05 8.057252052444262063e+02
5.745938629612877412e+04 8.266731806153978687e+05 8.029563026855038288e+02
5.745938629674415279e+04 8.859799812895273790e+05 8.254932257116315668e+02
5.745938629735953145e+04 8.449368744040441234e+05 8.097390387118809940e+02
5.745938629797491740e+04 8.171157636314075207e+05 7.986391620342318447e+02
5.745938629859029606e+04 8.227171195193249732e+05 8.005359923028681806e+02
5.745938629920568201e+04 8.236582710022969404e+05 8.006600208487569716e+02
5.745938629982106067e+04 7.845398553986408515e+05 7.850515744076135434e+02
5.745938630043644662e+04 8.694451303215844091e+05 8.179361861342553084e+02
5.745938630105182528e+04 8.336247588875407819e+05 8.037910974424831920e+02
5.745938630166721123e+04 6.230833076607751427e+05 7.171110838880691745e+02
5.745938630228258990e+04 3.754112996244301321e+05 5.992575803333178328e+02
5.745938630289797584e+04 3.353913615335583454e+05 5.775890692280518124e+02
5.745938630351335451e+04 3.264509817079040804e+05 5.724431255172252122e+02
5.745938630412874045e+04 3.214555067217993783e+05 5.695745815178746625e+02
5.745938630474411912e+04 3.174954313958741259e+05 5.670919277284596092e+02
5.745938630535950506e+04 3.152199109145498369e+05 5.654333402818532477e+02
5.745938630597488373e+04 3.126751790443239152e+05 5.636136723737018883e+02
5.745938630659026967e+04 3.099800648335005972e+05 5.617471326097933115e+02
5.745938630720564834e+04 3.078870089302348206e+05 5.602609186208655956e+02
5.745938630782103428e+04 3.060683075102115981e+05 5.588808066348444754e+02
5.745938630843641295e+04 3.033891817719161045e+05 5.570914739445337318e+02
5.745938630905179889e+04 3.021967141221747734e+05 5.556791812361611846e+02
5.745938630966717756e+04 2.997535830334682250e+05 5.540890875240966125e+02
5.745938631028256350e+04 2.974913995393769583e+05 5.526036991952159951e+02
5.745938631089794217e+04 2.958016600455721491e+05 5.513847488453142205e+02
5.745938631151332811e+04 2.942249418413980165e+05 5.500690796658692534e+02
5.745938631212870678e+04 2.924796583674468566e+05 5.487892061569857560e+02
5.745938631274409272e+04 2.894173549549527233e+05 5.466861663499963697e+02
5.745938631335947139e+04 2.872108165864704642e+05 5.451515902654909951e+02
5.745938631397485733e+04 2.845687611934172455e+05 5.433070482587004335e+02
5.745938631459023600e+04 2.825771596547907102e+05 5.417133010814403633e+02
5.745938631520562194e+04 2.808974797747473931e+05 5.405081044810505091e+02
5.745938631582100061e+04 2.795055469872696558e+05 5.391193170762760474e+02
5.745938631643638655e+04 2.762993431667499244e+05 5.372080586546948098e+02
5.745938631705176522e+04 2.740858953472538851e+05 5.354547116021190050e+02
5.745938631766715116e+04 2.718729323944810312e+05 5.337907242218160491e+02
5.745938631828252983e+04 2.721934820492409635e+05 5.336298045779356016e+02
5.745938631889791577e+04 2.706395863740932546e+05 5.324731822681038693e+02
5.745938631951329444e+04 2.641925650187773863e+05 5.281726340185535946e+02
5.745938632012868038e+04 2.628019231295203208e+05 5.272859788040274225e+02
5.745938632074405905e+04 2.606754642198194342e+05 5.256754094965394870e+02
5.745938632135944499e+04 2.589117540688298759e+05 5.242581657168394713e+02
5.745938632197482366e+04 2.565399394738173578e+05 5.225027825582733385e+02
5.745938632259020960e+04 2.531635536970294197e+05 5.201566500916228506e+02
5.745938632320558827e+04 2.510070783717826416e+05 5.185508712218394294e+02
5.745938632382097421e+04 2.512759538809510414e+05 5.182362190303400666e+02
5.745938632443635288e+04 2.532328433352590364e+05 5.192049103835902315e+02
5.745938632505173882e+04 2.513151404026854434e+05 5.177632642329001555e+02
5.745938632566711749e+04 2.500841511637218937e+05 5.166304477353686480e+02
5.745938632628250343e+04 2.475193361065416248e+05 5.146892446802576160e+02
5.745938632689788210e+04 2.462424539813613228e+05 5.133522742369774505e+02
5.745938632751326804e+04 2.432941284281827393e+05 5.114557231455143551e+02
5.745938632812864671e+04 2.403195081540867395e+05 5.093728736022520138e+02
5.745938632874403265e+04 2.375518487269294274e+05 5.071448766835034689e+02
5.745938632935941132e+04 2.348289075503860367e+05 5.053288822764678798e+02
5.745938632997479726e+04 2.342471034120875120e+05 5.049482050500892001e+02
5.745938633059017593e+04 2.317265438949746895e+05 5.030500799481887952e+02
5.745938633120556187e+04 2.270461191680636839e+05 4.997658415897113855e+02
5.745938633182094054e+04 2.256346858592506615e+05 4.984876667821368983e+02
5.745938633243632648e+04 2.235955690736179822e+05 4.968156283401545465e+02
5.745938633305170515e+04 2.209369701574614737e+05 4.948062315072838828e+02
5.745938633366709109e+04 2.188644284303262830e+05 4.930755006718597429e+02
5.745938633428246976e+04 2.167162881632827921e+05 4.914261804002302370e+02
5.745938633489785570e+04 2.145618522547763132e+05 4.896325629223465512e+02
5.745938633551323437e+04 2.121393319558469520e+05 4.876531833702629797e+02
5.745938633612862031e+04 2.102850672330486705e+05 4.860002721198719655e+02
5.745938633674399898e+04 2.084303396688620560e+05 4.845379273772022088e+02
5.745938633735938492e+04 2.054242119200145244e+05 4.822258869139289459e+02
5.745938633797476359e+04 2.046036675031532068e+05 4.812367309475939123e+02
5.745938633859014953e+04 2.004668940909503144e+05 4.780771695240406416e+02
5.745938633920552820e+04 2.000037835318960715e+05 4.772401329384370570e+02
5.745938633982091415e+04 1.975754424995638547e+05 4.753029337821574813e+02
5.745938634043629281e+04 1.944971177560994111e+05 4.728848875179530751e+02
5.745938634105167148e+04 1.937488916217717924e+05 4.719365456825534011e+02
5.745938634166705742e+04 1.918860202772337943e+05 4.703886635129823617e+02
5.745938634228243609e+04 1.872400745754244272e+05 4.668988901255834207e+02
5.745938634289782203e+04 1.808695255401271279e+05 4.623649145981473794e+02
5.745938634351320070e+04 1.773044068293971941e+05 4.594497132787900000e+02
5.745938634412858664e+04 1.755865456387937302e+05 4.579830505076340046e+02
5.745938634474396531e+04 1.743165527009599900e+05 4.564075395884578370e+02
5.745938634535935125e+04 1.716729955158138473e+05 4.542821892746193839e+02
5.745938634597472992e+04 1.693146328199125710e+05 4.524135624858444658e+02
5.745938634659011586e+04 1.674678195197521709e+05 4.508053131909763351e+02
5.745938634720549453e+04 1.646651273401266080e+05 4.482132908998479479e+02
5.745938634782088047e+04 1.620939307184369827e+05 4.457197156296928142e+02
5.745938634843625914e+04 1.607271042329221382e+05 4.442766514283213155e+02
5.745938634905164508e+04 1.590280816185146687e+05 4.426441411483996831e+02
5.745938634966702375e+04 1.571994899745633011e+05 4.409909860217078972e+02
5.745938635028240969e+04 1.574985211284308170e+05 4.409304850014760291e+02
5.745938635089778836e+04 1.522181740864475432e+05 4.367185292396311524e+02
5.745938635151317430e+04 1.496025629030196869e+05 4.344178501114596997e+02
5.745938635212855297e+04 1.489358140121910255e+05 4.335047207086506660e+02
5.745938635274393891e+04 1.447049257445344410e+05 4.301967064361403459e+02
5.745938635335931758e+04 1.418129814732299128e+05 4.288048659760972896e+02
5.745938635397470352e+04 1.392789961725513276e+05 4.268100645237829553e+02
5.745938635459008219e+04 1.375896970428713539e+05 4.254305259052482597e+02
5.745938635520546813e+04 1.352159654646868585e+05 4.236227471478570124e+02
5.745938635582084680e+04 1.315262550805076608e+05 4.210912778519319204e+02
5.745938635643623275e+04 1.308660752285785711e+05 4.193586210160732435e+02
5.745938635705161141e+04 1.288338186063882022e+05 4.174257301085879135e+02
5.745938635766699736e+04 1.265385504932636395e+05 4.152911669650838462e+02
5.745938635828237602e+04 1.239486489004317118e+05 4.129210937257517458e+02
5.745938635889776197e+04 1.220580459110763622e+05 4.113624101203963619e+02
5.745938635951314063e+04 1.201550494255763770e+05 4.094176557893046606e+02
5.745938636012852658e+04 1.190595144261644309e+05 4.079232406878436450e+02
5.745938636074390524e+04 1.158730609812946786e+05 4.051950550663161152e+02
5.745938636135929119e+04 1.140124002656743251e+05 4.031819255594166975e+02
5.745938636197466985e+04 1.117745443578889826e+05 4.011771423344694654e+02
5.745938636259005580e+04 1.096503167280951020e+05 3.987832948234440664e+02
5.745938636320543446e+04 1.066886113868252578e+05 3.960564467651094560e+02
5.745938636382082041e+04 1.049648657697473391e+05 3.940494594763247846e+02
5.745938636443619907e+04 1.036927459128344490e+05 3.926687100044389922e+02
5.745938636505158502e+04 1.013773851738580561e+05 3.905058328424577212e+02
5.745938636566696368e+04 9.991578429531847360e+04 3.878035522036100815e+02
5.745938636628234963e+04 9.901812743951224547e+04 3.853438312824332002e+02
5.745938636689772829e+04 9.663908916629482701e+04 3.829421042738965184e+02
5.745938636751311424e+04 9.554787531758804107e+04 3.815029516580558493e+02
5.745938636812849290e+04 9.246397893804138585e+04 3.785647753021696644e+02
5.745938636874387885e+04 9.079127025375624362e+04 3.766591594536953380e+02
5.745938636935925751e+04 8.874005750119173899e+04 3.745198936137412602e+02
5.745938636997464346e+04 8.781609958875404845e+04 3.731403917875128400e+02
5.745938637059002212e+04 8.451713271645450732e+04 3.699454345346910600e+02
5.745938637120540807e+04 8.238812235238679568e+04 3.675094920994400240e+02
5.745938637182078674e+04 7.954537358502736606e+04 3.647110923304288690e+02
5.745938637243617268e+04 7.785507399535912555e+04 3.627942033168740750e+02
5.745938637305155135e+04 7.569380699275850202e+04 3.601535812362733395e+02
5.745938637366693729e+04 7.366555774436327920e+04 3.576440826486503397e+02
5.745938637428231596e+04 7.114986577895723167e+04 3.553889460631496036e+02
5.745938637489770190e+04 6.930905100299537298e+04 3.526707913949974795e+02
5.745938637551308057e+04 6.747241954787581926e+04 3.504655900994395097e+02
5.745938637612846651e+04 6.512336295041862468e+04 3.480505210467199504e+02
5.745938637674384518e+04 6.217652439199447690e+04 3.447417109623505667e+02
5.745938637735923112e+04 6.112784394515216991e+04 3.433051974187281985e+02
5.745938637797460979e+04 5.818023779269856459e+04 3.400618773314163832e+02
5.745938637858999573e+04 5.733537911078894103e+04 3.386952111645973105e+02
5.745938637920537440e+04 5.426131361436590669e+04 3.352850436348401217e+02
5.745938637982076034e+04 5.121108278407620674e+04 3.324178405983693665e+02
5.745938638043613901e+04 5.022849726182458107e+04 3.305045606686190922e+02
5.745938638105152495e+04 4.786876545314466057e+04 3.276643625378983984e+02
5.745938638166690362e+04 4.549772511795569153e+04 3.248656157109070364e+02
5.745938638228228956e+04 4.400195479308594076e+04 3.228408075789354257e+02
5.745938638289766823e+04 4.146614802767842775e+04 3.197940389923866178e+02
5.745938638351304689e+04 3.924825999859545846e+04 3.169859205476404895e+02
5.745938638412843284e+04 3.741397085478210647e+04 3.144819821088306639e+02
5.745938638474381150e+04 3.471088868775080482e+04 3.113407932344001665e+02
5.745938638535919745e+04 3.289395014745397202e+04 3.089674696755399737e+02
5.745938638597457611e+04 3.122409135177453572e+04 3.065359532012971044e+02
5.745938638658996206e+04 2.921905268206041364e+04 3.038354157736775392e+02
5.745938638720534072e+04 2.668410285054575070e+04 3.009348678801457595e+02
5.745938638782072667e+04 2.483779073186288588e+04 2.981232765386475876e+02
5.745938638843610534e+04 2.281610783900288516e+04 2.955954074311445083e+02
5.745938638905149128e+04 2.081343789192588883e+04 2.925808111895146908e+02
5.745938638966686995e+04 1.875896253497042926e+04 2.897149469720890238e+02
5.745938639028225589e+04 1.631489490192080848e+04 2.863828027643028804e+02
5.745938639089763456e+04 1.367540986388870806e+04 2.830603111839434973e+02
5.745938639151302050e+04 1.161234311214009358e+04 2.800862358728579125e+02
5.745938639212839917e+04 9.605726110293704551e+03 2.773688796846756190e+02
5.745938639274378511e+04 7.161036848251402262e+03 2.740025593656908995e+02
5.745938639335916378e+04 4.889838512764210464e+03 2.708747793001276705e+02
5.745938639397454972e+04 2.411078587352298200e+03 2.677979485636005279e+02
5.745938639458992839e+04 2.456743555282591842e+02 2.635984579077092462e+02
5.745938639520531433e+04 -3.601955034382321173e+03 2.586092140264921113e+02
5.745938639582069300e+04 -6.016468604660156416e+03 2.550389485979721655e+02
5.745938639643607894e+04 -8.098180726664504618e+03 2.517307125078345962e+02
5.745938639705145761e+04 -1.054678823325403209e+04 2.482390934399081743e+02
5.745938639766684355e+04 -1.252247811701704632e+04 2.450224541370074860e+02
5.745938639828222222e+04 -1.462796260075827740e+04 2.411409975881674086e+02
5.745938639889760816e+04 -1.670067478638443572e+04 2.380619682882511086e+02
5.745938639951298683e+04 -1.870865595681885316e+04 2.343629293377486533e+02
5.745938640012837277e+04 -2.087265039521581639e+04 2.309300658518003502e+02
5.745938640074375144e+04 -2.316741546280545299e+04 2.267778662160802412e+02
5.745938640135913738e+04 -2.500014385989896255e+04 2.233371569675675801e+02
5.745938640197451605e+04 -2.550435338739396684e+04 2.217692650742653200e+02
5.745938640258990199e+04 -2.637350401209473785e+04 2.198530315261939450e+02
5.745938640320528066e+04 -2.861769970568698773e+04 2.158242403947040771e+02
5.745938640382066660e+04 -3.053569001079296868e+04 2.122457462431467548e+02
5.745938640443604527e+04 -3.313689951887009374e+04 2.073629954743689154e+02
5.745938640505143121e+04 -3.499601948559372977e+04 2.036490676863708416e+02
5.745938640566680988e+04 -3.692803858303117886e+04 1.996515572973160602e+02
5.745938640628219582e+04 -3.923711797676120477e+04 1.951430446742105289e+02
5.745938640689757449e+04 -4.144332695227082149e+04 1.908819941623022771e+02
5.745938640751296043e+04 -4.328120483498419344e+04 1.865366587965642111e+02
5.745938640812833910e+04 -4.534790522468407289e+04 1.820213538166291869e+02
5.745938640874372504e+04 -4.781689963318449009e+04 1.771604583833850484e+02
5.745938640935910371e+04 -4.985314534545040806e+04 1.721883064603811135e+02
5.745938640997448965e+04 -5.179529449831286183e+04 1.675542836225935446e+02
5.745938641058986832e+04 -5.412365986468126357e+04 1.617488940128910997e+02
5.745938641120525426e+04 -5.613913165913330158e+04 1.568060202822588849e+02
5.745938641182063293e+04 -5.824067125641120947e+04 1.513526606194146780e+02
5.745938641243601887e+04 -6.034755462359225930e+04 1.453966964943252549e+02
5.745938641305139754e+04 -6.257246930751775653e+04 1.395541812845593768e+02
5.745938641366678348e+04 -6.469812136745993485e+04 1.334679953150765357e+02
5.745938641428216215e+04 -6.520079527675115241e+04 1.304304892144178609e+02
5.745938641489754809e+04 -6.427438819072919432e+04 1.300654095457934147e+02
5.745938641551292676e+04 -6.347038982743058295e+04 1.297064403581105694e+02
5.745938641612831270e+04 -6.254281707396452111e+04 1.292903082232129179e+02
5.745938641674369137e+04 -6.173880814964053570e+04 1.289285721383337773e+02
5.745938641735907731e+04 -6.091324674697269074e+04 1.285560819082989781e+02
5.745938641797445598e+04 -6.007589971346113452e+04 1.281771681932637534e+02
5.745938641858984192e+04 -5.930203456375603128e+04 1.278259823981485823e+02
5.745938641920522059e+04 -5.859471942859172123e+04 1.275041514235134912e+02
5.745938641982060653e+04 -5.781323512163753185e+04 1.271476259941235156e+02
5.745938642043598520e+04 -5.699404783148638671e+04 1.267728234851764597e+02
5.745938642105137114e+04 -5.605942767881014879e+04 1.263438491097702325e+02
5.745938642166674981e+04 -5.518243048321110109e+04 1.259399938636146317e+02
5.745938642228213575e+04 -5.446614954566486267e+04 1.256091847604628953e+02
5.745938642289751442e+04 -5.373500297047242930e+04 1.252706091049762875e+02
5.745938642351290036e+04 -5.286822365647275001e+04 1.248680360465505004e+02
5.745938642412827903e+04 -5.211313985782994132e+04 1.245162788599140669e+02
5.745938642474366497e+04 -5.141413802753067284e+04 1.241897594933355293e+02
5.745938642535904364e+04 -5.046679669973868295e+04 1.237458601303263208e+02
5.745938642597442959e+04 -4.963779234080330207e+04 1.233560998436976917e+02
5.745938642658980825e+04 -4.898486739935075457e+04 1.230482550297579962e+02
5.745938642720518692e+04 -4.797109587974753958e+04 1.225687439710587370e+02
5.745938642782057286e+04 -4.723808074822536582e+04 1.222208579838776359e+02
5.745938642843595153e+04 -4.643848647622310818e+04 1.218402410786274856e+02
5.745938642905133747e+04 -4.559707481059437850e+04 1.214384304175929401e+02
5.745938642966671614e+04 -4.477087980357256311e+04 1.210425885018092345e+02
5.745938643028210208e+04 -4.397128308909514453e+04 1.206582536225510296e+02
5.745938643089748075e+04 -4.331079662444240239e+04 1.203398578852697796e+02
5.745938643151286669e+04 -4.251151300280023133e+04 1.199534230682523344e+02
5.745938643212824536e+04 -4.165579291728899989e+04 1.195383178939552238e+02
5.745938643274363130e+04 -4.089252840137345629e+04 1.191668423501944716e+02
5.745938643335900997e+04 -4.009358304524078994e+04 1.187767566657855838e+02
5.745938643397439591e+04 -3.923264315769614768e+04 1.183549629153320950e+02
5.745938643458977458e+04 -3.873164347371426993e+04 1.181088186151898327e+02
5.745938643520516052e+04 -3.764843160393538710e+04 1.175748682978130404e+02
5.745938643582053919e+04 -3.691276962388715037e+04 1.172108496780981710e+02
5.745938643643592513e+04 -3.609391789434066595e+04 1.168043331596111756e+02
5.745938643705130380e+04 -3.527671441849700932e+04 1.163972194479859610e+02
5.745938643766668974e+04 -3.444469380466843722e+04 1.159812560184200265e+02
5.745938643828206841e+04 -3.365876301944378793e+04 1.155869600716988543e+02
5.745938643889745435e+04 -3.290474769377542543e+04 1.152074075078730573e+02
5.745938643951283302e+04 -3.202685944349988131e+04 1.147639188590324721e+02
5.745938644012821896e+04 -3.122211762815468683e+04 1.143558711650731823e+02
5.745938644074359763e+04 -3.052656327492548371e+04 1.140020107121449513e+02
5.745938644135898357e+04 -2.973532866771005138e+04 1.135981331705089730e+02
5.745938644197436224e+04 -2.882847147370405219e+04 1.131334640449502587e+02
5.745938644258974819e+04 -2.808462269620352163e+04 1.127508900330922046e+02
5.745938644320512685e+04 -2.723251156992329561e+04 1.123110333731780770e+02
5.745938644382051280e+04 -2.641910864323917849e+04 1.118895446449897264e+02
5.745938644443589146e+04 -2.576320844306631989e+04 1.115485107206466040e+02
5.745938644505127741e+04 -2.490413888653936738e+04 1.111002558704903151e+02
5.745938644566665607e+04 -2.400855816938272619e+04 1.106310161712581532e+02
5.745938644628204202e+04 -2.322814095223072582e+04 1.102204875473529029e+02
5.745938644689742068e+04 -2.249285288095151554e+04 1.098322946198851611e+02
5.745938644751280663e+04 -2.160541045487466181e+04 1.093619371689798356e+02
5.745938644812818529e+04 -2.085269615379657262e+04 1.089613961705804286e+02
5.745938644874357124e+04 -2.002928047161038558e+04 1.085215397772142438e+02
5.745938644935894990e+04 -1.923954931781073901e+04 1.080979957004405207e+02
5.745938644997433585e+04 -1.846902918689826765e+04 1.076831491732625636e+02
5.745938645058971451e+04 -1.756732010674882622e+04 1.071956320513070580e+02
5.745938645120510046e+04 -1.681876440382702640e+04 1.067892279908071202e+02
5.745938645182047912e+04 -1.602942900768156869e+04 1.063590018348528048e+02
5.745938645243586507e+04 -1.522633400317313135e+04 1.059194825774809061e+02
5.745938645305124373e+04 -1.436377080051536541e+04 1.054453769571499180e+02
5.745938645366662968e+04 -1.357276032593423406e+04 1.050087185614298591e+02
5.745938645428200834e+04 -1.278352769734427420e+04 1.045712243855147250e+02
5.745938645489739429e+04 -1.198662584849291306e+04 1.041276139389132993e+02
5.745938645551277295e+04 -1.116049665892377743e+04 1.036657295346878698e+02
5.745938645612815890e+04 -1.038635413092429553e+04 1.032310349906843641e+02
5.745938645674353756e+04 -9.576116564345898951e+03 1.027741032950181790e+02
5.745938645735892351e+04 -8.804358135399854291e+03 1.023369746905859188e+02
5.745938645797430217e+04 -7.996589934110995273e+03 1.018774410407384181e+02
5.745938645858968812e+04 -7.165710345163870443e+03 1.014025867779964187e+02
5.745938645920506679e+04 -6.387822702441750153e+03 1.009559934702554358e+02
5.745938645982045273e+04 -5.592652447914993900e+03 1.004974268458928321e+02
5.745938646043583140e+04 -4.774386853102246278e+03 1.000233465752831279e+02
5.745938646105121734e+04 -3.977978860191206877e+03 9.955976220102334651e+01
5.745938646166659601e+04 -3.198142977864606110e+03 9.910372305243821245e+01
5.745938646228198195e+04 -2.387442539909174229e+03 9.862739919053552740e+01
5.745938646289736062e+04 -1.557760942025316126e+03 9.813752932152347341e+01
5.745938646351274656e+04 -7.815176605074373128e+02 9.767698658934976663e+01
5.745938646412812523e+04 -9.417811291574898291e+01 9.726736991467103621e+01
5.745938646474351117e+04 7.841745534107710802e-02 nan
5.745938646535888984e+04 -8.971278616811083340e-05 9.721111052972538857e+01
5.745938646597427578e+04 1.021913695556945954e-07 nan
5.745938646658965445e+04 -1.069824598224321883e-10 9.721111047611796607e+01
5.745938646720504039e+04 9.972663482199843539e-14 nan
5.745938646782041906e+04 -7.371483959727012418e-17 9.721111047611790923e+01
5.745938646843580500e+04 -7.699285891599474094e-20 9.721111047611790923e+01
5.745938646905118367e+04 2.133265331448419894e-24 nan
5.745938646966656961e+04 3.394546610368047980e-27 nan
5.745938647028194828e+04 -6.328362701694553569e-32 9.721111047611790923e+01
