5.733953043050000269e+04 7.476777015849729651e+03 7.466006349221875382e+01
5.733953639656565792e+04 7.550848121062619612e+03 7.498645136164010694e+01
5.733954236263132043e+04 7.625071395329288862e+03 7.525832104985045135e+01
5.733954832869697566e+04 7.665209049896028773e+03 7.540040533558124025e+01
5.733955429476263089e+04 7.651359883417509991e+03 7.539654662821455133e+01
5.733956026082828612e+04 7.677164309548747951e+03 7.548999818338506884e+01
5.733956622689394862e+04 7.650174808003301223e+03 7.538231959353161926e+01
5.733957219295960385e+04 7.697058766038792783e+03 7.558961419310523411e+01
5.733957815902525908e+04 7.625434805797311128e+03 7.526539046574126246e+01
5.733958412509092159e+04 7.560604864919410829e+03 7.505412598348637232e+01
5.733959009115657682e+04 7.547096570998416610e+03 7.501933858909444552e+01
5.733959605722223205e+04 7.636157065354567749e+03 7.540908932720988389e+01
5.733960202328789455e+04 7.691776403455137370e+03 7.567390984890006678e+01
5.733960798935354978e+04 7.709925619719836504e+03 7.576988211549853247e+01
5.733961395541920501e+04 7.708309230292603388e+03 7.577144611827137055e+01
5.733961992148486024e+04 7.793144694410651937e+03 7.619745217363742995e+01
5.733962588755052275e+04 7.775766929000654272e+03 7.613767243882512048e+01
5.733963185361617798e+04 7.878702363571531350e+03 7.669919923176541943e+01
5.733963781968183321e+04 8.076512359216584628e+03 7.755411443558759288e+01
5.733964378574749571e+04 8.163875072044243097e+03 7.798180818843742657e+01
5.733964975181315094e+04 8.475501262460949874e+03 7.924823658526113945e+01
5.733965571787880617e+04 8.499122458710897263e+03 7.943801820695831850e+01
5.733966168394446140e+04 8.696066122112881203e+03 8.025414028175296721e+01
5.733966765001012391e+04 8.639457255517740123e+03 8.009181248376901863e+01
5.733967361607577914e+04 8.732926468339714120e+03 8.047781449461147929e+01
5.733967958214143437e+04 8.849913189797351151e+03 8.095026905694334118e+01
5.733968554820709687e+04 8.889664645564518651e+03 8.110478056928788249e+01
5.733969151427275210e+04 8.946144387848155020e+03 8.133217143811485528e+01
5.733969748033840733e+04 9.161881754444437320e+03 8.216188479610880790e+01
5.733970344640406984e+04 9.373507422104987199e+03 8.294340495047431716e+01
5.733970941246972507e+04 9.512917237142686645e+03 8.346798412960750113e+01
5.733971537853538030e+04 9.376346754824104210e+03 8.298502043172420883e+01
5.733972134460103553e+04 9.330926324352485608e+03 8.285789852145035184e+01
5.733972731066669803e+04 9.520361084597634544e+03 8.360251517164763868e+01
5.733973327673235326e+04 9.548173826054533492e+03 8.376967270841117852e+01
5.733973924279800849e+04 9.471734051216530133e+03 8.352272614448821741e+01
5.733974520886367100e+04 9.531980128793522454e+03 8.378371244411756891e+01
5.733975117492932623e+04 9.330904615044168168e+03 8.300903931807465597e+01
5.733975714099498146e+04 9.256498512512302113e+03 8.271030922812605013e+01
5.733976310706064396e+04 9.133682256970558228e+03 8.229784424721739811e+01
5.733976907312629919e+04 9.504915669551050087e+03 8.370316189481346214e+01
5.733977503919195442e+04 9.437841165227755482e+03 8.343673042469737311e+01
5.733978100525760965e+04 9.535265753038524053e+03 8.380976918265486120e+01
5.733978697132327216e+04 9.677794033334119376e+03 8.430470048813764095e+01
5.733979293738892738e+04 9.675691282253625104e+03 8.423298256349701774e+01
5.733979890345458261e+04 9.713642501505981272e+03 8.435339337048381481e+01
5.733980486952024512e+04 9.786459654344234877e+03 8.459307068920159622e+01
5.733981083558590035e+04 9.837607543081971016e+03 8.475519180048524959e+01
5.733981680165155558e+04 9.784206100374400194e+03 8.455186298211130236e+01
5.733982276771721081e+04 9.917654791160886816e+03 8.507554291149958203e+01
5.733982873378287331e+04 9.836586748343692307e+03 8.480001536077948288e+01
5.733983469984852854e+04 9.611385464806777236e+03 8.396343945589464397e+01
5.733984066591418377e+04 9.351875841338352984e+03 8.300964882187703608e+01
5.733984663197984628e+04 9.248236043312204856e+03 8.260715332032498281e+01
5.733985259804550151e+04 9.245222463005724421e+03 8.257689140713640086e+01
5.733985856411115674e+04 9.322270136419161645e+03 8.288007167463862856e+01
5.733986453017681924e+04 9.188281912186359477e+03 8.242655044735953140e+01
5.733987049624247447e+04 9.149364483646801091e+03 8.227890088675280822e+01
5.733987646230812970e+04 9.131907088759806356e+03 8.225517573821126405e+01
5.733988242837378493e+04 9.257707864195583170e+03 8.273844174597188328e+01
5.733988839443944744e+04 9.180483490245849680e+03 8.243407596014318983e+01
5.733989436050510267e+04 9.057179003998409826e+03 8.196498704009133007e+01
5.733990032657075790e+04 9.119294162302890982e+03 8.221396223876695331e+01
5.733990629263642040e+04 8.974936945173345521e+03 8.169080493959596367e+01
5.733991225870207563e+04 8.886871690951054916e+03 8.135311557869930255e+01
5.733991822476773086e+04 8.891958597706212458e+03 8.147051949219174105e+01
5.733992419083338609e+04 8.921639611639795476e+03 8.158390379529961933e+01
5.733993015689904860e+04 8.969331423019068097e+03 8.172082259780881941e+01
5.733993612296470383e+04 8.977869398692038885e+03 8.175308218868796928e+01
5.733994208903035906e+04 9.032111673863069882e+03 8.197552302787794076e+01
5.733994805509602156e+04 9.016985808231620467e+03 8.192886423077059987e+01
5.733995402116167679e+04 9.215501744096145558e+03 8.271295577126696230e+01
5.733995998722733202e+04 9.179128820501169685e+03 8.265797505169381054e+01
5.733996595329299453e+04 9.107350858309779142e+03 8.240713000032465629e+01
5.733997191935864976e+04 9.130887173526038168e+03 8.249526339053484492e+01
5.733997788542430499e+04 9.283788946602197029e+03 8.312423328243920650e+01
5.733998385148996022e+04 9.199291394124755243e+03 8.276276841350009761e+01
5.733998981755562272e+04 9.222418475095291797e+03 8.281350299301197992e+01
5.733999578362127795e+04 9.475120718730498993e+03 8.372620863519527745e+01
5.734000174968693318e+04 9.497284336611346589e+03 8.377880097615444299e+01
5.734000771575259569e+04 9.580847331776658393e+03 8.405911131116903334e+01
5.734001368181825092e+04 9.740953406332730083e+03 8.465383311143474998e+01
5.734001964788390615e+04 9.830611567492936956e+03 8.494895673146741899e+01
5.734002561394956138e+04 9.648915612128972498e+03 8.426221066706233387e+01
5.734003158001522388e+04 9.650500888030966962e+03 8.425321938523907761e+01
5.734003754608087911e+04 9.666066495252292953e+03 8.431240219979908090e+01
5.734004351214653434e+04 9.737547767421790923e+03 8.464866059276414489e+01
5.734004947821219685e+04 9.743120184416491611e+03 8.459115375355727906e+01
5.734005544427785208e+04 9.696916677180430270e+03 8.435141886835276637e+01
5.734006141034350730e+04 9.548648054734783727e+03 8.380773223764249735e+01
5.734006737640916981e+04 9.500062402838648268e+03 8.363231525772273756e+01
5.734007334247482504e+04 9.605633951528378020e+03 8.407619616166563503e+01
5.734007930854048027e+04 9.524991461976733262e+03 8.386712716238696430e+01
5.734008527460613550e+04 9.579172785999384359e+03 8.412644474758573665e+01
5.734009124067179800e+04 9.662836941959267278e+03 8.443122208860899036e+01
5.734009720673745323e+04 9.570739283402683213e+03 8.404102658512896085e+01
5.734010317280310846e+04 9.510940523488301551e+03 8.378777834028450400e+01
5.734010913886877097e+04 9.733589947067039247e+03 8.455422320813870840e+01
5.734011510493442620e+04 9.774739124472973344e+03 8.469760077632064110e+01
5.734012107100008143e+04 9.943087937294914809e+03 8.527360940656352284e+01
5.734012703706574393e+04 1.005015883352543824e+04 8.561798529369187349e+01
5.734013300313139916e+04 1.023016905266570393e+04 8.621542748097493813e+01
5.734013896919705439e+04 1.008847681996719984e+04 8.568924999235390771e+01
5.734014493526270962e+04 1.027214480059476045e+04 8.634920664046114780e+01
5.734015090132837213e+04 1.009007739960305662e+04 8.570991767489586266e+01
5.734015686739402736e+04 9.897851745681920875e+03 8.504908715452366152e+01
5.734016283345968259e+04 9.777412977347186825e+03 8.458116446200492078e+01
5.734016879952534509e+04 9.788053664540148020e+03 8.465544988880643018e+01
5.734017476559100032e+04 9.694537941673603200e+03 8.431865503340303292e+01
5.734018073165665555e+04 9.571588477412469729e+03 8.389938333874283671e+01
5.734018669772231078e+04 9.631834664453097503e+03 8.417270431681028242e+01
5.734019266378797329e+04 9.447896768311227788e+03 8.354298647215408380e+01
5.734019862985362852e+04 9.454726262703334214e+03 8.362349509270978842e+01
5.734020459591928375e+04 9.543644195691875211e+03 8.394321922605975317e+01
5.734021056198494625e+04 9.396553947178032104e+03 8.334480415458240543e+01
5.734021652805060148e+04 9.417803086602105395e+03 8.340026713606205533e+01
5.734022249411625671e+04 9.291333600806514369e+03 8.292116788207881939e+01
5.734022846018191922e+04 9.447798420491946672e+03 8.347456723338545714e+01
5.734023442624757445e+04 9.469000060033318732e+03 8.356235979431480132e+01
5.734024039231322968e+04 9.528109101945166913e+03 8.380769832059041846e+01
5.734024635837888491e+04 9.791722220985548120e+03 8.482716142783650071e+01
5.734025232444454741e+04 9.887938643943494753e+03 8.520302377550854089e+01
5.734025829051020264e+04 9.887238571192179734e+03 8.519343440408670176e+01
5.734026425657585787e+04 9.725175593762165590e+03 8.459839493619314510e+01
5.734027022264152038e+04 9.853114442972284451e+03 8.506834746952452520e+01
5.734027618870717561e+04 9.803151171427167355e+03 8.484257073102119762e+01
5.734028215477283084e+04 9.796373673427686299e+03 8.485087135610623932e+01
5.734028812083848607e+04 9.727967376491422328e+03 8.459644709422960318e+01
5.734029408690414857e+04 9.713569650374380217e+03 8.451465671123480661e+01
5.734030005296980380e+04 9.594342323037571987e+03 8.400172699750930860e+01
5.734030601903545903e+04 9.552810074832610553e+03 8.383798936091346832e+01
5.734031198510112154e+04 9.869031655184748161e+03 8.502051646302450649e+01
5.734031795116677677e+04 1.023169119806128037e+04 8.634161442300302269e+01
5.734032391723243200e+04 9.433160680505103301e+03 8.349339410431815622e+01
5.734032988329809450e+04 9.652417680842212576e+03 8.438394478249121278e+01
5.734033584936374973e+04 9.530200359898995885e+03 8.397033245548186642e+01
5.734034181542940496e+04 9.670895469953940847e+03 8.453762390473781352e+01
5.734034778149506019e+04 9.651609036069399735e+03 8.449638113914697612e+01
5.734035374756072270e+04 9.775759152077116596e+03 8.498214671869486381e+01
5.734035971362637792e+04 9.826986636609837660e+03 8.511546353844582313e+01
5.734036567969203315e+04 9.887818680196574860e+03 8.533147051160982244e+01
5.734037164575769566e+04 1.015815117430846658e+04 8.622848022553021963e+01
5.734037761182335089e+04 1.019714135286827877e+04 8.632303662699442270e+01
5.734038357788900612e+04 1.037913214619057180e+04 8.689291841175348452e+01
5.734038954395466135e+04 1.051203798028195342e+04 8.730707681673649745e+01
5.734039551002032385e+04 1.073177258240148512e+04 8.810586739339996143e+01
5.734040147608597908e+04 1.081693515286964612e+04 8.840874202388096137e+01
5.734040744215163431e+04 1.097405878669997401e+04 8.896303912162262861e+01
5.734041340821729682e+04 1.071465959729271708e+04 8.806874218556842493e+01
5.734041937428295205e+04 1.063328069772134586e+04 8.777506828642140135e+01
5.734042534034860728e+04 1.058970870479362202e+04 8.761292879051278248e+01
5.734043130641426978e+04 1.054353103849366198e+04 8.743021507632194300e+01
5.734043727247992501e+04 1.051778402223379453e+04 8.736948595417834440e+01
5.734044323854558024e+04 1.038768550301457799e+04 8.688498153092720599e+01
5.734044920461123547e+04 1.050546619291874049e+04 8.721204450635715943e+01
5.734045517067689798e+04 1.051484687583991763e+04 8.727097993381104857e+01
5.734046113674255321e+04 1.026850829034975322e+04 8.640074902877344698e+01
5.734046710280820844e+04 1.026310081214340244e+04 8.637439749485396590e+01
5.734047306887387094e+04 1.017154694859976735e+04 8.610476871771753338e+01
5.734047903493952617e+04 1.010812808349462466e+04 8.586121193295113585e+01
5.734048500100518140e+04 9.991321119419812021e+03 8.548688306227502665e+01
5.734049096707083663e+04 9.927570584120918284e+03 8.522733077005092639e+01
5.734049693313649914e+04 9.901949709446365887e+03 8.512803100860953975e+01
5.734050289920215437e+04 9.586666090661321505e+03 8.405496206947825044e+01
5.734050886526780960e+04 9.384397745862066586e+03 8.335516344257442256e+01
5.734051483133347210e+04 9.230353687847324181e+03 8.277362264302139749e+01
5.734052079739912733e+04 9.282832263507145399e+03 8.301698721449484708e+01
5.734052676346478256e+04 9.268527360470450731e+03 8.292007907852060100e+01
5.734053272953044507e+04 9.176595214730208681e+03 8.260460758421409366e+01
5.734053869559610030e+04 9.251251400436063705e+03 8.290585312698101461e+01
5.734054466166175553e+04 9.221370997181234998e+03 8.283526258736941372e+01
5.734055062772741076e+04 9.307898617046401341e+03 8.317821590312334479e+01
5.734055659379307326e+04 9.325638061511708656e+03 8.322687869764467905e+01
5.734056255985872849e+04 9.408833913960856080e+03 8.354593781113216266e+01
5.734056852592438372e+04 9.479920024187211311e+03 8.386397378188277685e+01
5.734057449199004623e+04 9.524424347665149980e+03 8.398344638595335709e+01
5.734058045805570146e+04 9.701675272117196073e+03 8.473286461445911755e+01
5.734058642412135669e+04 9.475835473794239078e+03 8.397467874292262024e+01
5.734059239018701919e+04 9.609292348612751084e+03 8.448579398147876418e+01
5.734059835625267442e+04 9.805611737098248341e+03 8.514133923764632073e+01
5.734060432231832965e+04 9.855252943660501842e+03 8.528271992459436035e+01
5.734061028838398488e+04 9.915293955135251963e+03 8.545517282754086352e+01
5.734061625444964739e+04 1.007675547573540643e+04 8.595984990342405752e+01
5.734062222051530262e+04 1.028436032798105225e+04 8.670542495614149914e+01
5.734062818658095784e+04 1.045814138934410585e+04 8.732155559477217821e+01
5.734063415264662035e+04 1.040202847288066914e+04 8.706117913253594054e+01
5.734064011871227558e+04 1.041087112394920950e+04 8.701807496408325449e+01
5.734064608477793081e+04 1.041105568233643862e+04 8.698096472977292137e+01
5.734065205084358604e+04 1.038030972773463691e+04 8.683745007911987557e+01
5.734065801690924854e+04 1.049932438969939540e+04 8.723553396588926034e+01
5.734066398297490377e+04 1.046817088397511907e+04 8.711324202526522242e+01
5.734066994904055900e+04 1.040387109841634992e+04 8.691040357309273645e+01
5.734067591510622151e+04 1.025153909997748269e+04 8.634814426311646685e+01
5.734068188117187674e+04 1.022501755218519611e+04 8.623665059090613738e+01
5.734068784723753197e+04 1.004326565732253948e+04 8.558684647604918894e+01
5.734069381330319447e+04 9.903025253350329876e+03 8.509006961749297204e+01
5.734069977936884970e+04 1.003953844023107740e+04 8.559923769026833895e+01
5.734070574543450493e+04 1.008054151439691123e+04 8.577988068071604744e+01
5.734071171150016016e+04 1.002153152926494658e+04 8.561501114326365780e+01
5.734071767756582267e+04 1.029063179614028377e+04 8.660957691262042601e+01
5.734072364363147790e+04 1.023511953864071620e+04 8.643210403866156355e+01
5.734072960969713313e+04 1.010737091639455684e+04 8.600492221656423908e+01
5.734073557576279563e+04 1.001531121451465697e+04 8.572118812132065102e+01
5.734074154182845086e+04 9.715386430656753873e+03 8.463363086027244719e+01
5.734074750789410609e+04 9.823849172604690466e+03 8.501847709518305862e+01
5.734075347395976132e+04 9.540451113324003018e+03 8.395640136936364684e+01
5.734075944002542383e+04 9.480987091226987104e+03 8.367963775412006555e+01
5.734076540609107906e+04 9.404482561901602821e+03 8.340665966030275058e+01
5.734077137215673429e+04 9.486063648020754044e+03 8.362673422823949920e+01
5.734077733822239679e+04 9.378955409142125063e+03 8.319199095821662127e+01
5.734078330428805202e+04 9.584772028577723177e+03 8.400964561375181461e+01
5.734078927035370725e+04 9.542230873061862439e+03 8.388813839423558250e+01
5.734079523641936976e+04 9.751855738330148597e+03 8.474012006843872769e+01
5.734080120248502499e+04 9.806473669960842017e+03 8.494948782174220980e+01
5.734080716855068022e+04 9.659649237237326815e+03 8.442711408894329850e+01
5.734081313461633545e+04 9.598884439530504096e+03 8.417227689276397484e+01
5.734081910068199795e+04 9.774364610628477749e+03 8.475102393256835853e+01
5.734082506674765318e+04 9.762343829492758232e+03 8.467233449438828075e+01
5.734083103281330841e+04 9.843362288459778938e+03 8.494735846004662960e+01
5.734083699887897092e+04 9.847405358053263626e+03 8.491906312696812620e+01
5.734084296494462615e+04 9.959258845564319927e+03 8.531526274665556286e+01
5.734084893101028138e+04 1.006654732330170918e+04 8.567557729018479051e+01
5.734085489707593661e+04 9.827191211420435138e+03 8.479955576586029053e+01
5.734086086314159911e+04 9.939504414708962940e+03 8.521597854445147391e+01
5.734086682920725434e+04 9.688543175607323064e+03 8.431729979131907271e+01
5.734087279527290957e+04 9.453460504693815892e+03 8.344980322935060713e+01
5.734087876133857208e+04 9.537618830647414143e+03 8.375550774536426957e+01
5.734088472740422731e+04 9.340935688874336847e+03 8.304308693538601460e+01
5.734089069346988254e+04 9.259012736767181195e+03 8.271207036011699643e+01
5.734089665953554504e+04 9.278195366639394706e+03 8.278673386731377093e+01
5.734090262560120027e+04 9.213360698319287621e+03 8.262790685174068983e+01
5.734090859166685550e+04 9.113607929370296915e+03 8.229072821920549075e+01
5.734091455773251073e+04 8.942123546031356454e+03 8.167693213435327948e+01
5.734092052379817324e+04 8.866859168335460708e+03 8.144798650551051367e+01
5.734092648986382846e+04 8.820843621774061830e+03 8.126038702332499497e+01
5.734093245592948369e+04 8.678583785223871018e+03 8.072926953493139024e+01
5.734093842199514620e+04 8.577915366682736931e+03 8.032883830953140603e+01
5.734094438806080143e+04 8.469408044102685380e+03 7.987806744315686558e+01
5.734095035412645666e+04 8.339286376499292601e+03 7.937112013437824487e+01
5.734095632019211916e+04 8.250563300688916570e+03 7.898864017174706476e+01
5.734096228625777439e+04 8.230265650419405574e+03 7.890388615702856612e+01
5.734096825232342962e+04 8.173167696534756033e+03 7.866313768152606656e+01
5.734097421838908485e+04 8.210072619688995474e+03 7.885139143806154038e+01
5.734098018445474736e+04 8.282439781850685904e+03 7.912067087966320855e+01
5.734098615052040259e+04 8.053339767912540992e+03 7.818709898012093618e+01
5.734099211658605782e+04 8.169563418723969335e+03 7.868487957954633316e+01
5.734099808265172032e+04 8.183035270537942779e+03 7.877622327134341162e+01
5.734100404871737555e+04 8.100002436577556182e+03 7.852519935591161016e+01
5.734101001478303078e+04 8.147799947536647778e+03 7.874042369430436850e+01
5.734101598084868601e+04 8.128374909458521870e+03 7.870324877886277193e+01
5.734102194691434852e+04 8.246201953942840191e+03 7.915529918333962200e+01
5.734102791298000375e+04 8.365810585893532334e+03 7.960042645260685390e+01
5.734103387904565898e+04 8.286726642595327576e+03 7.923768685021332203e+01
5.734103984511132148e+04 8.384419533906382640e+03 7.957188911833266332e+01
5.734104581117697671e+04 8.520195696664824936e+03 8.004133892437060638e+01
5.734105177724263194e+04 8.610909491378903112e+03 8.031506458690783745e+01
5.734105774330829445e+04 8.746782033207966379e+03 8.079926279308891424e+01
5.734106370937394968e+04 8.891688580478967197e+03 8.134164154477305431e+01
5.734106967543960491e+04 8.711211478280483789e+03 8.054766776617938717e+01
5.734107564150526014e+04 8.823138752837208813e+03 8.093920707674337223e+01
5.734108160757092264e+04 8.748844672584420550e+03 8.071364802242969461e+01
5.734108757363657787e+04 8.634683575662958901e+03 8.032382806329943037e+01
