2.457308723042299971e+06 6.115903587123326724e+04 2.185644268239649080e+02
2.457308723072524182e+06 6.201866934058781044e+04 2.198211839147009812e+02
2.457308723102748860e+06 6.290922330729166424e+04 2.210421446647372932e+02
2.457308723132973071e+06 6.627632326543901581e+04 2.257924141518575709e+02
2.457308723163197748e+06 6.182761752464659367e+04 2.195011632733039733e+02
2.457308723193421960e+06 6.197076043410524289e+04 2.196866892180337061e+02
2.457308723223646637e+06 6.221292783610031620e+04 2.200337826772652647e+02
2.457308723253870849e+06 6.266921215239021694e+04 2.206644981654219464e+02
2.457308723284095526e+06 6.168874491664337984e+04 2.192820533652285633e+02
2.457308723314319737e+06 6.187461429850266722e+04 2.195880082880667032e+02
2.457308723344544414e+06 6.091656017485116899e+04 2.182882015290036293e+02
2.457308723374768626e+06 6.327568785749158997e+04 2.216310592959979999e+02
2.457308723404993303e+06 6.186309673490984278e+04 2.194983779953390695e+02
2.457308723435217515e+06 6.216470184035535203e+04 2.200195897878386972e+02
2.457308723465442192e+06 6.077207271902888897e+04 2.179797106249304477e+02
2.457308723495666403e+06 6.303899212646491651e+04 2.212945251575143573e+02
2.457308723525891080e+06 6.274632514880959206e+04 2.208170603205094835e+02
2.457308723556115292e+06 6.147894255138566950e+04 2.190120152366610569e+02
2.457308723586339969e+06 6.181743454706107877e+04 2.194431133711673567e+02
2.457308723616564181e+06 6.260146840704061469e+04 2.205913184528965871e+02
2.457308723646788858e+06 6.355180277797141025e+04 2.219598618593559820e+02
2.457308723677013069e+06 6.254218410237636999e+04 2.205046851844564912e+02
2.457308723707237747e+06 6.181289165969128953e+04 2.194131046963447318e+02
2.457308723737461958e+06 6.190234238978783105e+04 2.195977820904457758e+02
