5.745938108420000208e+04 2.449650211572500666e+03 4.500944663809423929e+01
5.745938108916775673e+04 2.480954891082316863e+03 4.522433275421066412e+01
5.745938109413551865e+04 2.445422203178916334e+03 4.501201285536328101e+01
5.745938109910327330e+04 2.448544566830039912e+03 4.507059620113233933e+01
5.745938110407103522e+04 2.525302427248143886e+03 4.555810220523207477e+01
5.745938110903878987e+04 2.531191679589550859e+03 4.555840864880302377e+01
5.745938111400655180e+04 2.567139808492695920e+03 4.580581299007270246e+01
5.745938111897430645e+04 2.681339051143610959e+03 4.662648987770131015e+01
5.745938112394206837e+04 2.675048518918249556e+03 4.656525919901345389e+01
5.745938112890982302e+04 2.796805572894843408e+03 4.741067575893916342e+01
5.745938113387758494e+04 3.031176505241796804e+03 4.892883869955409182e+01
5.745938113884533959e+04 3.766022059204015022e+03 5.343466884562985797e+01
5.745938114381309424e+04 5.143379359403684248e+03 6.097661244612337583e+01
5.745938114878085617e+04 7.054948884245050976e+03 7.010148009770219346e+01
5.745938115374861081e+04 8.756545897193434939e+03 7.730656905452877936e+01
5.745938115871637274e+04 9.651699755541138074e+03 8.084085025628105825e+01
5.745938116368412739e+04 1.011714780789635006e+04 8.265747315519141125e+01
5.745938116865188931e+04 1.058698722922007619e+04 8.437937409818906076e+01
5.745938117361964396e+04 1.118490703651464537e+04 8.660435424363257084e+01
5.745938117858740588e+04 1.102988448772630363e+04 8.605110880752603464e+01
5.745938118355516053e+04 1.088830041575158066e+04 8.555668286636115738e+01
5.745938118852291518e+04 1.092689301672274269e+04 8.562949807695952131e+01
5.745938119349067711e+04 1.086605675880505078e+04 8.539263844672292691e+01
5.745938119845843175e+04 1.073422124217234887e+04 8.491087433276474883e+01
5.745938120342619368e+04 1.090728143142669614e+04 8.551744808142264276e+01
5.745938120839394833e+04 1.130839729254596932e+04 8.698156473434247005e+01
5.745938121336171025e+04 1.142233882363549492e+04 8.742404598126147164e+01
5.745938121832946490e+04 1.117504188211264591e+04 8.651546249196167082e+01
5.745938122329722682e+04 1.117685469865227606e+04 8.650163903157115897e+01
5.745938122826498147e+04 1.098921023611373494e+04 8.583014871408531121e+01
5.745938123323273612e+04 1.066800626862889112e+04 8.466314331722442432e+01
5.745938123820049805e+04 1.008854993195464522e+04 8.249123988778703165e+01
5.745938124316825269e+04 1.005622715327834885e+04 8.238384501417556294e+01
5.745938124813601462e+04 1.052160419607878794e+04 8.413296305328620406e+01
5.745938125310376927e+04 1.114190605852993576e+04 8.638391013897924609e+01
5.745938125807153119e+04 1.105083759802708664e+04 8.607045020505023558e+01
5.745938126303928584e+04 1.085734865936951064e+04 8.535133360417572135e+01
5.745938126800704777e+04 1.110459096066140592e+04 8.625756445076856949e+01
5.745938127297480241e+04 1.152907177244928789e+04 8.778952237367164457e+01
5.745938127794256434e+04 1.147153990061991135e+04 8.758082807261327218e+01
5.745938128291031899e+04 1.134157198955403510e+04 8.710262042445339148e+01
5.745938128787807364e+04 1.158302857497163859e+04 8.797386587875357122e+01
5.745938129284583556e+04 1.216972797047212225e+04 9.004526136600138386e+01
5.745938129781359021e+04 1.179520342085618904e+04 8.871690355366887104e+01
5.745938130278135213e+04 1.081340959436186677e+04 8.520557208096258250e+01
5.745938130774910678e+04 9.751920628476444108e+03 8.122468419771540482e+01
5.745938131271686871e+04 9.255342327989570549e+03 7.928118530623386562e+01
5.745938131768462335e+04 9.066810815698720035e+03 7.853385966737891977e+01
5.745938132265238528e+04 9.145714689174834348e+03 7.884797339334488697e+01
5.745938132762013993e+04 9.552917810093351363e+03 8.043277202136731319e+01
5.745938133258790185e+04 9.878374820792128958e+03 8.170351188443865453e+01
5.745938133755565650e+04 1.032795376963123817e+04 8.339495767266861037e+01
5.745938134252341115e+04 1.080131512873713837e+04 8.513979597053508996e+01
5.745938134749117307e+04 1.090595167783298712e+04 8.554080713834657956e+01
5.745938135245892772e+04 1.061554603260965450e+04 8.447023740774895373e+01
5.745938135742668965e+04 1.069712603707990274e+04 8.476687381978902636e+01
5.745938136239444430e+04 1.125072291674205371e+04 8.675704494378756237e+01
5.745938136736220622e+04 1.171302866251684827e+04 8.843482471149008006e+01
5.745938137232996087e+04 1.170260214825761432e+04 8.841808158392016992e+01
5.745938137729772279e+04 1.183366851008847698e+04 8.886928744877792496e+01
5.745938138226547744e+04 1.170366105391112978e+04 8.840906815587213430e+01
5.745938138723323209e+04 1.174821278266849731e+04 8.858006768624713345e+01
5.745938139220099401e+04 1.205934964084339481e+04 8.966853774302661861e+01
5.745938139716874866e+04 1.169525139032514562e+04 8.837124823123461681e+01
5.745938140213651059e+04 1.118513541508528942e+04 8.654007083726203575e+01
5.745938140710426524e+04 1.085896260539115792e+04 8.537758143985975323e+01
5.745938141207202716e+04 1.080358198292664747e+04 8.519539912042463925e+01
5.745938141703978181e+04 1.091328499618735987e+04 8.555782787563721570e+01
5.745938142200754373e+04 1.098189703068391827e+04 8.580428671609611513e+01
5.745938142697529838e+04 1.052048661621290194e+04 8.413303533598879369e+01
5.745938143194305303e+04 1.065303576009375138e+04 8.463250106817510243e+01
5.745938143691081495e+04 1.111123629846861513e+04 8.629719633789117950e+01
5.745938144187856960e+04 1.170099877645396737e+04 8.842041673466160034e+01
5.745938144684633153e+04 1.253410580736929114e+04 9.131250808223776971e+01
5.745938145181408618e+04 1.347482442135111887e+04 9.447049026622767087e+01
5.745938145678184810e+04 1.360174443492879800e+04 9.487582646910459516e+01
5.745938146174960275e+04 1.260181864955201854e+04 9.152975995799032205e+01
5.745938146671736467e+04 1.126263391067265366e+04 8.684054662163742933e+01
5.745938147168511932e+04 1.032333814682387856e+04 8.337546217182898545e+01
5.745938147665288125e+04 1.024726988661374708e+04 8.309229047985078864e+01
5.745938148162063590e+04 1.053760502147719671e+04 8.415702417910164002e+01
5.745938148658839054e+04 1.137854552800703095e+04 8.726190402585370975e+01
5.745938149155615247e+04 1.209347198086937533e+04 8.980427796919644834e+01
5.745938149652390712e+04 1.181825467541826765e+04 8.881546970949551678e+01
5.745938150149166904e+04 1.114880397967247518e+04 8.641868920321678615e+01
5.745938150645942369e+04 1.091476279117497688e+04 8.559436405109362056e+01
5.745938151142718561e+04 1.166135954541397041e+04 8.827449060892364230e+01
5.745938151639494026e+04 1.184517860934319469e+04 8.889214036732529678e+01
5.745938152136270219e+04 1.179236087613624113e+04 8.870744186473841353e+01
5.745938152633045684e+04 1.171031401736298176e+04 8.843918205231328500e+01
5.745938153129821148e+04 1.162362313858335074e+04 8.813529482491999545e+01
5.745938153626597341e+04 1.132469402234326299e+04 8.706899989885344837e+01
5.745938154123372806e+04 1.087923868599952948e+04 8.546023493665325077e+01
5.745938154620148998e+04 1.061022275538468421e+04 8.444849522199284308e+01
5.745938155116924463e+04 1.048002124825299325e+04 8.396409961677196065e+01
5.745938155613700656e+04 9.920678120843424040e+03 8.187844532012292120e+01
5.745938156110476120e+04 9.627846740444776515e+03 8.075065345285216267e+01
5.745938156607252313e+04 9.560594315099560845e+03 8.047436477900848217e+01
5.745938157104027778e+04 9.956608792405881104e+03 8.200483249220107496e+01
5.745938157600803970e+04 1.068239378327426311e+04 8.471008418945589824e+01
5.745938158097579435e+04 1.110195759213943165e+04 8.626850549280159441e+01
5.745938158594354900e+04 1.120631074717453157e+04 8.664679973168961169e+01
5.745938159091131092e+04 1.140774302514120245e+04 8.736902993295952058e+01
5.745938159587906557e+04 1.136703225086337261e+04 8.720898578062781326e+01
5.745938160084682750e+04 1.165889630953300366e+04 8.821520651588552653e+01
5.745938160581458214e+04 1.178969466354896758e+04 8.871054355008281789e+01
5.745938161078234407e+04 1.133147459556244212e+04 8.709548911648884939e+01
5.745938161575009872e+04 1.105944856507152144e+04 8.611409253446960577e+01
5.745938162071786064e+04 1.106668355940284346e+04 8.613931280740636964e+01
5.745938162568561529e+04 1.149016232432176730e+04 8.763129778634043987e+01
5.745938163065336994e+04 1.159459602110344349e+04 8.802704799178124517e+01
5.745938163562113186e+04 1.156631828135241449e+04 8.793013340351677698e+01
5.745938164058888651e+04 1.121718662452256467e+04 8.664865665006405493e+01
5.745938164555664844e+04 1.079235885430344388e+04 8.508963466459933045e+01
5.745938165052440309e+04 1.042302765067506334e+04 8.374336457744449547e+01
5.745938165549216501e+04 1.040398262711094867e+04 8.367535728443769472e+01
5.745938166045991966e+04 1.047269465718336869e+04 8.392019832304578131e+01
5.745938166542768158e+04 1.014031863772803263e+04 8.267836237912675301e+01
5.745938167039543623e+04 9.797919601699048144e+03 8.138945060926837982e+01
5.745938167536319816e+04 9.487577306112336373e+03 8.021378414217184627e+01
5.745938168033095280e+04 9.323826056575671828e+03 7.952851930402924552e+01
5.745938168529870745e+04 9.616889891877468472e+03 8.065432900651839532e+01
5.745938169026646938e+04 9.957442069601625917e+03 8.198434979903287001e+01
5.745938169523422403e+04 1.042910267411608402e+04 8.377002677152476906e+01
5.745938170020198595e+04 1.080515135166066466e+04 8.514483209393384300e+01
5.745938170516974060e+04 1.100252414452857192e+04 8.586263042058030237e+01
5.745938171013750252e+04 1.097351892879872867e+04 8.578330680785558116e+01
5.745938171510525717e+04 1.085578601417797108e+04 8.536099107095876093e+01
5.745938172007301910e+04 1.134180619862395906e+04 8.707270305341086214e+01
5.745938172504077374e+04 1.121956865212555567e+04 8.666400585035238180e+01
5.745938173000853567e+04 1.021403439306995097e+04 8.294784977949990434e+01
5.745938173497629032e+04 9.735612439655809794e+03 8.114178753358375218e+01
5.745938173994404497e+04 1.026336938136413664e+04 8.314230228223969732e+01
5.745938174491180689e+04 1.075679027422769832e+04 8.496350522520067727e+01
5.745938174987956154e+04 1.091499386066947773e+04 8.553396495074453298e+01
5.745938175484732346e+04 1.109778942301459392e+04 8.620487849211781395e+01
5.745938175981507811e+04 1.069256880267324959e+04 8.471879048852157723e+01
5.745938176478284004e+04 9.256222909599831837e+03 7.922412413539137788e+01
5.745938176975059469e+04 7.131849822325433706e+03 7.036895229312673905e+01
5.745938177471835661e+04 5.219578956356079289e+03 6.128253068611583387e+01
5.745938177968611126e+04 3.897138063827857877e+03 5.409164726758967134e+01
