5.736835294879999856e+04 -1.510944152381298045e+04 8.500111279192216784e+01
5.736835295873005816e+04 -2.337348993534045803e+04 9.335706516284290046e+01
5.736835296866011777e+04 -3.407329865747779695e+04 1.039734840181904474e+02
5.736835297859017737e+04 -4.564234448595796857e+04 1.152574976354283365e+02
5.736835298852023698e+04 -5.558295688110846095e+04 1.245681668412036913e+02
5.736835299845029658e+04 -6.270458256470310153e+04 1.302100062109148553e+02
5.736835300838035619e+04 -6.657521455783685087e+04 1.327492113852464968e+02
5.736835301831041579e+04 -6.925633728406488081e+04 1.347750886199335412e+02
5.736835302824047540e+04 -7.257625107807459426e+04 1.384916162029850000e+02
5.736835303817053500e+04 -7.936230601653430494e+04 1.413604857518965332e+02
5.736835304810059461e+04 -8.856457347881478199e+04 1.473758113484924195e+02
5.736835305803065421e+04 -9.996489470406022156e+04 1.537061855692639938e+02
5.736835306796071382e+04 -1.102461748366971879e+05 1.587667871220629650e+02
5.736835307789077342e+04 -1.159995995765802800e+05 1.616418115446691388e+02
5.736835308782083303e+04 -1.167337624191153591e+05 1.622284772041824965e+02
5.736835309775089263e+04 -1.143660500147595449e+05 1.607154750667046130e+02
5.736835310768095223e+04 -1.058785966328000068e+05 1.553204036076605519e+02
5.736835311761101184e+04 -9.787767916502855951e+04 1.506583064905971696e+02
5.736835312754107144e+04 -1.002701853331000311e+05 1.520113054210507073e+02
5.736835313747113105e+04 -1.076100649610182736e+05 1.559717791739894892e+02
5.736835314740119065e+04 -1.093088533050368715e+05 1.570269671034484134e+02
5.736835315733125026e+04 -1.067578646332664648e+05 1.555890670836437835e+02
5.736835316726130986e+04 -9.897714327810662508e+04 1.507790494017917240e+02
5.736835317719136947e+04 -9.047176513417693786e+04 1.454095593188911266e+02
5.736835318712142907e+04 -8.868765254093840485e+04 1.441740537657569519e+02
5.736835319705148868e+04 -9.631337639723948087e+04 1.487317553340367908e+02
5.736835320698154828e+04 -1.037970016598176881e+05 1.531866706335415813e+02
5.736835321691160789e+04 -1.063228967311739689e+05 1.542916618673596929e+02
5.736835322684166749e+04 -1.040097273762688565e+05 1.531109511297571544e+02
5.736835323677172710e+04 -9.968855716331562144e+04 1.506886547986738947e+02
5.736835324670178670e+04 -9.670109571179840714e+04 1.486880773786663497e+02
5.736835325663184631e+04 -9.494227941633043520e+04 1.473518726228674041e+02
5.736835326656190591e+04 -9.334212964100792306e+04 1.464091642875400225e+02
5.736835327649196552e+04 -9.051727774577417586e+04 1.444742174355332054e+02
5.736835328642202512e+04 -8.622081120202061720e+04 1.418177022087385808e+02
5.736835329635208473e+04 -8.554225187174021266e+04 1.414485465832976274e+02
5.736835330628213705e+04 -9.302649037223304913e+04 1.462046804844519841e+02
5.736835331621219666e+04 -1.064322431674688560e+05 1.541910847466241421e+02
5.736835332614225626e+04 -1.138599968905752321e+05 1.586982955562751556e+02
5.736835333607231587e+04 -1.124923249185161840e+05 1.577250821192072578e+02
5.736835334600237547e+04 -1.053034714703959471e+05 1.539577020010620458e+02
5.736835335593243508e+04 -9.761183694009049213e+04 1.491672855919486835e+02
5.736835336586249468e+04 -9.281960723413820961e+04 1.461180241320754760e+02
5.736835337579255429e+04 -9.193571415066298505e+04 1.457339504903271177e+02
5.736835338572261389e+04 -9.263781170881362050e+04 1.459552797275016474e+02
5.736835339565267350e+04 -9.265186350782425143e+04 1.462854304419522293e+02
5.736835340558273310e+04 -9.149643073423574970e+04 1.453342873790263354e+02
5.736835341551279271e+04 -8.970880443584865134e+04 1.441527439455727517e+02
5.736835342544285231e+04 -9.078133581761918322e+04 1.448572192525892035e+02
5.736835343537291192e+04 -9.500993076421142905e+04 1.479832183616798886e+02
5.736835344530297152e+04 -9.749799551128434541e+04 1.493058853966267634e+02
5.736835345523303113e+04 -9.312314303321413172e+04 1.467720740163796336e+02
5.736835346516309073e+04 -8.358873062644069432e+04 1.408253894126054604e+02
5.736835347509315034e+04 -7.556089485521278402e+04 1.352063134141826026e+02
5.736835348502320994e+04 -7.069986318468897662e+04 1.319443984340358611e+02
5.736835349495326955e+04 -6.950147343313806050e+04 1.310289702232726370e+02
5.736835350488332915e+04 -7.165288285603150143e+04 1.325823825349426670e+02
5.736835351481338876e+04 -7.648484994117535825e+04 1.359553389612802050e+02
5.736835352474344836e+04 -8.443955724042658403e+04 1.411226406305951855e+02
5.736835353467350797e+04 -9.292471399749665579e+04 1.465599045626875636e+02
5.736835354460356757e+04 -9.878912731309840456e+04 1.501907376959086946e+02
5.736835355453362718e+04 -1.001022303094058734e+05 1.508102691631329719e+02
5.736835356446368678e+04 -9.711394682967421249e+04 1.489542859864374691e+02
5.736835357439374638e+04 -9.025341250114528520e+04 1.447113544978409436e+02
5.736835358432380599e+04 -7.945216792292581522e+04 1.378913852230618602e+02
5.736835359425386559e+04 -6.626168255388103717e+04 1.281276241698025729e+02
5.736835360418392520e+04 -5.330228996463849035e+04 1.183390641812204223e+02
5.736835361411398480e+04 -4.089728059571611811e+04 1.082717626839014144e+02
5.736835362404404441e+04 -2.969142759790131095e+04 9.834379673514146702e+01
5.736835363397410401e+04 -2.022531371745224533e+04 8.846946268636845900e+01
5.736835364390416362e+04 -1.266752583705319921e+04 8.031503749384454238e+01
