3.000000003006000338e+00 2.529996949801675896e+02 8.999999999982946974e+01 3.794157981848542693e+00 4.468000000095273208e+03 2.531000000000000000e+03 6.370000000000000284e+01 9.526790000000000000e+05
3.000000003464931009e+00 2.529996860011828232e+02 8.999999999980342125e+01 3.794157981847700700e+00 3.461000000193848336e+03 2.872000000000000000e+03 6.370000000000000284e+01 1.060920875000000000e+06
3.000000003250641090e+00 2.529996836122506352e+02 8.999999999981558574e+01 3.794157981846668193e+00 2.239000000277520940e+03 1.245000000000000000e+03 6.370000000000000284e+01 9.556180625000000000e+05
3.000000003177792252e+00 2.529996858596782658e+02 8.999999999981972110e+01 3.794157981846852934e+00 2.430000000256684871e+03 1.232000000000000000e+03 6.370000000000000284e+01 9.409198750000000000e+05
3.000000000000000000e+00 2.530000000000000000e+02 9.000000000000000000e+01 3.794157981872558594e+00 1.755000000000000000e+03 2.590000000000000000e+03 6.370000000000000284e+01 9.486219375000000000e+05
3.000000003326733111e+00 2.529996817182653501e+02 8.999999999981126564e+01 3.794157981847334771e+00 3.500000000182992153e+03 2.510000000000000000e+03 6.370000000000000284e+01 1.003839375000000000e+06
3.000000003310856034e+00 2.529996798609856796e+02 8.999999999981217513e+01 3.794157981846771666e+00 4.609000000093692506e+03 3.460000000000000000e+03 6.370000000000000284e+01 9.772340625000000000e+05
3.000000000000000000e+00 2.530000000000000000e+02 9.000000000000000000e+01 3.794157981872558594e+00 2.147000000000000000e+03 2.350000000000000000e+03 6.370000000000000284e+01 9.791616250000000000e+05
3.000000003406471993e+00 2.529996768458457836e+02 8.999999999980674659e+01 3.794157981846598027e+00 2.180000000295664904e+03 9.320000000000000000e+02 6.370000000000000284e+01 9.987305625000000000e+05
3.000000003897344669e+00 2.529996560488104080e+02 8.999999999977890752e+01 3.794157981842292138e+00 2.858000000274635113e+03 3.280000000000000455e+03 6.370000000000000284e+01 9.800713750000000000e+05
3.000000000000000000e+00 2.530000000000000000e+02 9.000000000000000000e+01 3.794157981872558594e+00 7.770000000000000000e+02 1.754000000000000000e+03 6.370000000000000284e+01 1.011261000000000000e+06
3.000000003450123298e+00 2.529996752194196858e+02 8.999999999980427390e+01 3.794157981846397298e+00 1.882000000324212579e+03 1.094000000000000000e+03 6.370000000000000284e+01 1.003768687500000000e+06
3.000000003368057833e+00 2.529996784058944002e+02 8.999999999980892085e+01 3.794157981846949745e+00 3.224000000207652192e+03 2.409000000000000000e+03 6.370000000000000284e+01 1.001024250000000000e+06
3.000000000000000000e+00 2.530000000000000000e+02 9.000000000000000000e+01 3.794157981872558594e+00 1.219000000000000000e+03 2.166000000000000000e+03 6.370000000000000284e+01 1.002747000000000000e+06
3.000000003420559835e+00 2.529996777942032509e+02 8.999999999980595078e+01 3.794157981847527950e+00 4.325000000120192453e+03 3.459000000000000000e+03 6.370000000000000284e+01 1.040117125000000000e+06
3.000000002904886109e+00 2.529997069098079692e+02 8.999999999994777511e+01 3.794157981848515604e+00 1.962000000263253696e+03 5.790000000046313744e+02 6.370000000000000284e+01 9.205360000000000000e+05
3.000000003430268514e+00 2.529996748381152827e+02 8.999999999980539656e+01 3.794157981846697947e+00 3.030000000227513738e+03 3.620000000000000000e+03 6.370000000000000284e+01 1.009593875000000000e+06
3.000000002963160828e+00 2.529996967020430816e+02 8.999999999985267607e+01 3.794157981848299777e+00 1.936000000272064653e+03 7.100000000027110900e+02 6.370000000000000284e+01 9.225093750000000000e+05
3.000000003118261649e+00 2.529996936308629643e+02 8.999999999987754506e+01 3.794157981847677608e+00 3.659000000157092927e+03 2.454000000002841716e+03 6.370000000000000284e+01 9.435536250000000000e+05
3.000000003117449410e+00 2.529996909559924063e+02 8.999999999987757349e+01 3.794157981847669614e+00 3.636000000158751391e+03 2.574000000002700745e+03 6.370000000000000284e+01 9.430013750000000000e+05
3.000000000000000000e+00 2.530000000000000000e+02 9.000000000000000000e+01 3.794157981872558594e+00 4.230000000000000000e+03 4.380000000000000000e+03 6.370000000000000284e+01 1.134677875000000000e+06
3.000000004070284998e+00 2.529996517436689771e+02 8.999999999976908782e+01 3.794157981845062810e+00 3.961000000178703431e+03 2.546000000000000000e+03 6.370000000000000284e+01 1.126722000000000000e+06
3.000000000000000000e+00 2.530000000000000000e+02 9.000000000000000000e+01 3.794157981872558594e+00 1.999000000000000000e+03 2.618000000000000000e+03 6.370000000000000284e+01 1.233400250000000000e+06
3.000000005163915073e+00 2.529996095815064905e+02 8.999999999970704323e+01 3.794157981841630001e+00 3.113000000332176569e+03 3.637000000000000000e+03 6.370000000000000284e+01 1.270791750000000000e+06
3.000000005753246768e+00 2.529995894245783461e+02 8.999999999967360509e+01 3.794157981838873539e+00 3.227000000354291387e+03 3.759000000000000000e+03 6.370000000000000284e+01 1.299965500000000000e+06
3.000000005413414605e+00 2.529995957772588611e+02 8.999999999969288922e+01 3.794157981840003746e+00 2.764000000393723894e+03 3.222000000000000000e+03 6.370000000000000284e+01 1.265636500000000000e+06
3.000000006047310652e+00 2.529995809800184077e+02 8.999999999965692155e+01 3.794157981840076577e+00 3.169000000380846814e+03 3.643000000000000000e+03 6.370000000000000284e+01 1.417012500000000000e+06
3.000000000000000000e+00 2.530000000000000000e+02 9.000000000000000000e+01 3.794157981872558594e+00 3.383000000000000000e+03 1.603000000000000000e+03 6.370000000000000284e+01 7.167049375000000000e+05
3.000000000000000000e+00 2.530000000000000000e+02 9.000000000000000000e+01 3.794157981872558594e+00 6.430000000000000000e+02 1.664000000000000000e+03 6.370000000000000284e+01 1.342659400000000000e+07
