5.737343542509999679e+04 3.086441601893017832e+03 5.799393692564260760e+01
5.737343543630967179e+04 3.319935640421671906e+03 5.925991021777733891e+01
5.737343544751935406e+04 3.627262140496856773e+03 6.077837702333485481e+01
5.737343545872902905e+04 3.925563043705676137e+03 6.232674922566261699e+01
5.737343546993870405e+04 4.191933756646942129e+03 6.363666534323292723e+01
5.737343548114838632e+04 4.440630128244136358e+03 6.487028531386776820e+01
5.737343549235806131e+04 4.492842121130657688e+03 6.509042911310775992e+01
5.737343550356773630e+04 4.778938603840048017e+03 6.643838159833640589e+01
5.737343551477741858e+04 4.938765225243170789e+03 6.723339655122977376e+01
5.737343552598709357e+04 4.929720381423565414e+03 6.724760624789580277e+01
5.737343553719676856e+04 4.990061681757035331e+03 6.730233175386449318e+01
5.737343554840645083e+04 5.125608399361521151e+03 6.794600821483534503e+01
5.737343555961612583e+04 5.080128898901743014e+03 6.776103870103072779e+01
5.737343557082580082e+04 5.074669121378984528e+03 6.772365096116539007e+01
5.737343558203548309e+04 5.007954421356100283e+03 6.756737583394527746e+01
5.737343559324515809e+04 4.982587589169754210e+03 6.753733604903806054e+01
5.737343560445483308e+04 5.017547451593547521e+03 6.773062945361566278e+01
5.737343561566451535e+04 5.041087294012013444e+03 6.774806741621937078e+01
5.737343562687419035e+04 5.115032435091136904e+03 6.809787625931691935e+01
5.737343563808386534e+04 5.151950827646924154e+03 6.819343576116261829e+01
5.737343564929354761e+04 5.220022507343139296e+03 6.851025883289062790e+01
5.737343566050322261e+04 5.393508069544671343e+03 6.921682260358086580e+01
5.737343567171289760e+04 5.495666423941490393e+03 6.965167059328715027e+01
5.737343568292257987e+04 5.318822774402253344e+03 6.893357053461086537e+01
5.737343569413225487e+04 5.390120783426086746e+03 6.929273703929321471e+01
5.737343570534192986e+04 5.447746633715348253e+03 6.952162975609944340e+01
5.737343571655161213e+04 5.377759314187672317e+03 6.916952913443002160e+01
5.737343572776128713e+04 5.197380808979110952e+03 6.837011204855527069e+01
5.737343573897096212e+04 5.182377019446445047e+03 6.833269334605935796e+01
5.737343575018064439e+04 5.122089389031587416e+03 6.797779413512078861e+01
5.737343576139031939e+04 5.057454112446790532e+03 6.774330962795981748e+01
5.737343577260000166e+04 5.244632127638800739e+03 6.864869126376972019e+01
5.737343578380967665e+04 5.484700181246692409e+03 6.964452839594005695e+01
5.737343579501935164e+04 5.718421376592321394e+03 7.068310201507297563e+01
5.737343580622903391e+04 5.938703187112418163e+03 7.173313280845292184e+01
5.737343581743870891e+04 6.092586632511583048e+03 7.239402383063587365e+01
5.737343582864838390e+04 6.185145761944126207e+03 7.270129691661389870e+01
5.737343583985806617e+04 6.195213997565668251e+03 7.271012076497358123e+01
5.737343585106774117e+04 5.863496761579113809e+03 7.130593584897059145e+01
5.737343586227741616e+04 5.521858720518370319e+03 6.984903424272046379e+01
5.737343587348709843e+04 5.346797083546383874e+03 6.905555487442045148e+01
5.737343588469677343e+04 5.159160367161359318e+03 6.833270925415725117e+01
5.737343589590644842e+04 5.113213454391540836e+03 6.802049879777881358e+01
5.737343590711613069e+04 5.117604445206150558e+03 6.789844987430730328e+01
5.737343591832580569e+04 5.044758753043000979e+03 6.764760139666350369e+01
5.737343592953548068e+04 4.883674087607407273e+03 6.696207018106451869e+01
5.737343594074516295e+04 4.778564416999294735e+03 6.632556038605960680e+01
5.737343595195483795e+04 4.803946450148029726e+03 6.656469269078890250e+01
5.737343596316451294e+04 4.864149078392143565e+03 6.685058427042071116e+01
5.737343597437419521e+04 5.038067884896843680e+03 6.774160361653112261e+01
5.737343598558387021e+04 5.060525556292759575e+03 6.788330301745264705e+01
5.737343599679354520e+04 5.157911171573062347e+03 6.820235772468510049e+01
5.737343600800322747e+04 5.028795146544072850e+03 6.762573288543764249e+01
5.737343601921290247e+04 5.025893168025551859e+03 6.754952757054266499e+01
5.737343603042257746e+04 5.003756369395959155e+03 6.745344381638977893e+01
5.737343604163225973e+04 4.929141868240833901e+03 6.716690540868880532e+01
5.737343605284193472e+04 5.016049808694369858e+03 6.743968807703637935e+01
5.737343606405160972e+04 5.174010636161690854e+03 6.815980976202085628e+01
5.737343607526129199e+04 5.074264437316592193e+03 6.771690480960482716e+01
5.737343608647096698e+04 4.816183648389242990e+03 6.653310444245448707e+01
5.737343609768064198e+04 4.365259625432591747e+03 6.434573036395102008e+01
5.737343610889032425e+04 4.042419813742915267e+03 6.278538401999547602e+01
5.737343612009999924e+04 3.634513445545292143e+03 6.071562592415710924e+01
