5.737343542509999679e+04 2.288419742874349595e+03 4.747859086817820895e+01
5.737343543668332859e+04 2.412428898554684565e+03 4.839072187451143492e+01
5.737343544826666039e+04 2.546210384985020028e+03 4.920945864738563813e+01
5.737343545984999946e+04 2.621872516199051006e+03 4.977508670666826163e+01
5.737343547143333126e+04 2.715362389995736976e+03 5.038872031832048748e+01
5.737343548301666306e+04 2.807340843382283310e+03 5.091726181603834789e+01
5.737343549459999485e+04 2.945936598813714227e+03 5.173331260882345362e+01
5.737343550618333393e+04 3.061057729409600142e+03 5.244411554321485625e+01
5.737343551776666573e+04 3.044448426806039151e+03 5.230101305557797531e+01
5.737343552934999752e+04 3.164295875645650085e+03 5.304748205424306207e+01
5.737343554093332932e+04 3.165002284408329615e+03 5.304056417095340947e+01
5.737343555251666112e+04 3.163044894626506448e+03 5.296707662340720901e+01
5.737343556410000019e+04 3.213432353799194061e+03 5.326444931639862546e+01
5.737343557568333199e+04 3.204742335902307786e+03 5.321230622356383577e+01
5.737343558726666379e+04 3.120946348615468196e+03 5.278786343488336996e+01
5.737343559884999559e+04 3.110138319715534635e+03 5.266511917446636915e+01
5.737343561043332738e+04 3.105022986754532667e+03 5.267637261398709114e+01
5.737343562201666646e+04 3.096479672436428245e+03 5.269423866021020331e+01
5.737343563359999825e+04 3.094222263280900734e+03 5.270291444576815110e+01
5.737343564518333005e+04 3.183196641330747298e+03 5.308887554398827291e+01
5.737343565676666185e+04 3.285003154090133648e+03 5.380393263359614764e+01
5.737343566835000092e+04 3.268303794988898517e+03 5.372310633049632855e+01
5.737343567993333272e+04 3.261889044407403162e+03 5.356621711119403528e+01
5.737343569151666452e+04 3.304351649609739070e+03 5.387604252464923604e+01
5.737343570309999632e+04 3.338509988971057282e+03 5.401411297199044270e+01
5.737343571468332811e+04 3.321991327646222544e+03 5.385759947150337723e+01
5.737343572626666719e+04 3.277288717197076039e+03 5.367842603183966332e+01
5.737343573784999899e+04 3.227531759583665462e+03 5.334376263895707382e+01
5.737343574943333078e+04 3.150142174423795950e+03 5.293819125166386641e+01
5.737343576101666258e+04 3.135965010231836459e+03 5.282513137243297763e+01
5.737343577260000166e+04 3.096581155007273082e+03 5.270595562530846934e+01
5.737343578418333345e+04 3.208638911102564634e+03 5.332764221805370397e+01
5.737343579576666525e+04 3.326146029149250353e+03 5.399319730597072464e+01
5.737343580734999705e+04 3.441844053579300635e+03 5.458981063479445339e+01
5.737343581893332885e+04 3.528133804344671262e+03 5.500850297659243893e+01
5.737343583051666792e+04 3.646170623318650996e+03 5.570176554085159637e+01
5.737343584209999972e+04 3.717049020195628600e+03 5.612794127527333643e+01
5.737343585368333152e+04 3.578091136269546496e+03 5.541956416448569911e+01
5.737343586526666331e+04 3.409398700901808752e+03 5.440839817977882120e+01
5.737343587684999511e+04 3.312719906185222044e+03 5.376503557007055889e+01
5.737343588843333418e+04 3.147484275389159393e+03 5.281774941525701195e+01
5.737343590001666598e+04 3.181808408032378338e+03 5.302707313599713501e+01
5.737343591159999778e+04 3.132499539133984854e+03 5.280993147816852229e+01
5.737343592318332958e+04 3.127490903240976877e+03 5.270753060799270173e+01
5.737343593476666865e+04 3.110321711918685196e+03 5.263024046055551253e+01
5.737343594635000045e+04 3.048229742025743690e+03 5.223243850968239599e+01
5.737343595793333225e+04 3.015026062498964620e+03 5.206983060655507245e+01
5.737343596951666404e+04 2.971642808589221204e+03 5.172458464407341694e+01
5.737343598109999584e+04 3.067465837155706595e+03 5.237647154982160203e+01
5.737343599268333492e+04 3.135768552280647782e+03 5.270307743183442284e+01
5.737343600426666671e+04 3.162269688596774358e+03 5.287123816150057110e+01
5.737343601584999851e+04 3.183351149137513858e+03 5.308272994775127529e+01
5.737343602743333031e+04 3.094370110822571405e+03 5.256437197025227448e+01
5.737343603901666211e+04 3.031520041434228006e+03 5.213149129176058949e+01
5.737343605060000118e+04 3.040781127874631693e+03 5.216204675198635954e+01
5.737343606218333298e+04 3.152135837042088497e+03 5.279881550148959235e+01
5.737343607376666478e+04 3.237348092443396126e+03 5.329601864803558442e+01
5.737343608534999657e+04 3.239924373645883861e+03 5.332603798765449454e+01
5.737343609693333565e+04 3.160498255043163681e+03 5.289312976495396867e+01
5.737343610851666745e+04 3.027916229202824979e+03 5.210983731244520101e+01
5.737343612009999924e+04 2.814553643322173684e+03 5.070993477013229267e+01
