5.743145472380000137e+04 -1.138199612974001328e+06 1.937122641014196688e+03
5.743145473208056501e+04 -1.235568819187922170e+06 1.961930711687040457e+03
5.743145474036112137e+04 -1.333292653863396263e+06 1.989410309631709424e+03
5.743145474864168500e+04 -1.424676560536467470e+06 2.012395153740754267e+03
5.743145475692224863e+04 -1.517545397073766217e+06 2.037959497043470719e+03
5.743145476520280499e+04 -1.570502817377789412e+06 2.064323514247846560e+03
5.743145477348336863e+04 -1.494060718088728376e+06 2.086952330158449968e+03
5.743145478176393226e+04 -1.466239392332773190e+06 2.090893885067225256e+03
5.743145479004448862e+04 -1.469744216241682647e+06 2.095211355340755745e+03
5.743145479832505225e+04 -1.481918987761717755e+06 2.090774990047556003e+03
5.743145480660560861e+04 -1.472030351812317967e+06 2.091172436147822282e+03
5.743145481488617224e+04 -1.474869657687713625e+06 2.091001757345875831e+03
5.743145482316673588e+04 -1.481942350732143968e+06 2.089685350218753229e+03
5.743145483144729224e+04 -1.547132458871540613e+06 2.080092608538652712e+03
5.743145483972785587e+04 -1.628989541444547009e+06 2.067951719089780454e+03
5.743145484800841950e+04 -1.637805219312159810e+06 2.065718503038450308e+03
5.743145485628897586e+04 -1.638732208132355707e+06 2.065775254775048325e+03
5.743145486456953950e+04 -1.643738836921886308e+06 2.065658602717986923e+03
5.743145487285010313e+04 -1.638690619362499332e+06 2.066248083748604586e+03
5.743145488113065949e+04 -1.630823898454713169e+06 2.066235209087858038e+03
5.743145488941122312e+04 -1.641296292007533601e+06 2.064710538979704324e+03
5.743145489769178675e+04 -1.637384856165764388e+06 2.065071040080130388e+03
5.743145490597234311e+04 -1.644629172030923422e+06 2.065636271795246103e+03
5.743145491425290675e+04 -1.639302813104419736e+06 2.065735573945682518e+03
5.743145492253346310e+04 -1.641003161191587802e+06 2.066513909165229506e+03
5.743145493081402674e+04 -1.636231779792160029e+06 2.067780689697129674e+03
5.743145493909459037e+04 -1.606591247220912017e+06 2.071789321329224549e+03
5.743145494737514673e+04 -1.369032456399715506e+06 2.106727199956099412e+03
5.743145495565571036e+04 -1.021467688087543473e+06 2.157512319140641466e+03
5.743145496393627400e+04 -9.446578773242007010e+05 2.168644733001523946e+03
5.743145497221683036e+04 -9.648331610058550723e+05 2.167426821808755903e+03
5.743145498049739399e+04 -1.028972076275796164e+06 2.157213634304783227e+03
5.743145498877795762e+04 -9.618137783685442992e+05 2.165644853995358517e+03
5.743145499705851398e+04 -1.015656178946873639e+06 2.155583897122822691e+03
5.743145500533907762e+04 -1.009529304869273212e+06 2.156699055359447811e+03
5.743145501361963397e+04 -1.403844174722301774e+06 2.097092258844460503e+03
5.743145502190019761e+04 -1.614630280651231529e+06 2.069022877453736328e+03
5.743145503018076124e+04 -1.628921500652474817e+06 2.066818816189305835e+03
5.743145503846131760e+04 -1.637456364877047716e+06 2.066847104333238804e+03
5.743145504674188123e+04 -1.644168552607455524e+06 2.068097620577784255e+03
5.743145505502244487e+04 -1.643550153008468216e+06 2.067992550292950909e+03
5.743145506330300122e+04 -1.648099421188577311e+06 2.067926805830138164e+03
5.743145507158356486e+04 -1.654297088058373192e+06 2.069962515438875926e+03
5.743145507986412849e+04 -1.645662834521652432e+06 2.068894448828968052e+03
5.743145508814468485e+04 -1.653802234458857682e+06 2.069133100626440864e+03
5.743145509642524848e+04 -1.634528358821725473e+06 2.068504695792370512e+03
5.743145510470581212e+04 -1.639170888491186313e+06 2.065360129824947307e+03
5.743145511298636848e+04 -1.637285522237009834e+06 2.064999947791818613e+03
5.743145512126693211e+04 -1.635325276747707743e+06 2.064452635911342441e+03
5.743145512954749574e+04 -1.631287259105447913e+06 2.063080640543268601e+03
5.743145513782805210e+04 -1.627491593221253483e+06 2.062468341023773974e+03
5.743145514610861574e+04 -1.608359856277089333e+06 2.064263610786061690e+03
5.743145515438917209e+04 -1.537715598357525421e+06 2.074549760513994443e+03
5.743145516266973573e+04 -1.512300910882628057e+06 2.077999491159067020e+03
5.743145517095029936e+04 -1.500308922242003726e+06 2.078085714672337872e+03
5.743145517923085572e+04 -1.513909423054635059e+06 2.077064521441113357e+03
5.743145518751141935e+04 -1.511752086929263547e+06 2.076126039298207616e+03
5.743145519579198299e+04 -1.512662965096622705e+06 2.077480348489684729e+03
5.743145520407253935e+04 -1.515313178741874639e+06 2.075132134269728340e+03
5.743145521235310298e+04 -1.544546052833959460e+06 2.070673665304527276e+03
5.743145522063366661e+04 -1.608111328111585230e+06 2.059469957880146922e+03
5.743145522891422297e+04 -1.623684487804263597e+06 2.061124114876617568e+03
5.743145523719478660e+04 -1.611934045983213931e+06 2.057914576411681082e+03
5.743145524547534296e+04 -1.614926418427849188e+06 2.058061960793961589e+03
5.743145525375590660e+04 -1.617038830735380063e+06 2.058272910940654583e+03
5.743145526203647023e+04 -1.616392586396690924e+06 2.057757997901029739e+03
5.743145527031702659e+04 -1.618334419867028482e+06 2.058271390467831225e+03
5.743145527859759022e+04 -1.616054353762630839e+06 2.057160997667267111e+03
5.743145528687815386e+04 -1.614892210927768145e+06 2.057575687066826049e+03
5.743145529515871021e+04 -1.617102212271438679e+06 2.057119571842652022e+03
5.743145530343927385e+04 -1.613706210324319545e+06 2.056219801338488196e+03
5.743145531171983748e+04 -1.613217565748308785e+06 2.055665542309082412e+03
5.743145532000039384e+04 -1.609171118448778987e+06 2.055566977842967390e+03
5.743145532828095747e+04 -1.606793420252221869e+06 2.054873212916431839e+03
5.743145533656152111e+04 -1.606169385435464093e+06 2.055700416937009322e+03
5.743145534484207747e+04 -1.606363407168463571e+06 2.055311099083668978e+03
5.743145535312264110e+04 -1.612636716485800222e+06 2.057159191177129287e+03
5.743145536140320473e+04 -1.612652067045387579e+06 2.058293634960911731e+03
5.743145536968376109e+04 -1.605029700803126441e+06 2.056322604586659509e+03
5.743145537796432473e+04 -1.618021017629649490e+06 2.058655205060104436e+03
5.743145538624488108e+04 -1.605376330867193639e+06 2.055597311440032627e+03
5.743145539452544472e+04 -1.603482756975973258e+06 2.055807338412024819e+03
5.743145540280600835e+04 -1.603351554078664631e+06 2.056191494626944404e+03
5.743145541108656471e+04 -1.600720121994964080e+06 2.055738797833348599e+03
5.743145541936712834e+04 -1.597686031853367109e+06 2.054532170875871088e+03
