2.457368846986299846e+06 2.221626724321208894e+04 1.485455372976038575e+02
2.457368847015273757e+06 2.150856912909835955e+04 1.472280221985548394e+02
2.457368847044247203e+06 2.198259086577869311e+04 1.481302469340013204e+02
2.457368847073221114e+06 2.288741088466956717e+04 1.498956680674089057e+02
2.457368847102195024e+06 2.373969788037909166e+04 1.519517228905204149e+02
2.457368847131168470e+06 2.281258834208505505e+04 1.497522534375441694e+02
2.457368847160142381e+06 2.240629012551227788e+04 1.489168922464084233e+02
2.457368847189116292e+06 2.205478313812757187e+04 1.481518220263691319e+02
2.457368847218089737e+06 2.248847109471056683e+04 1.487082429526263354e+02
2.457368847247063648e+06 2.152040357005633268e+04 1.464007734312879734e+02
2.457368847276037559e+06 2.271535552094007289e+04 1.485863746154699356e+02
2.457368847305011004e+06 2.298312809106046188e+04 1.489724928500038175e+02
2.457368847333984915e+06 2.276563586289701198e+04 1.485288814054496243e+02
2.457368847362958826e+06 2.381000452612702793e+04 1.505439046986620610e+02
2.457368847391932271e+06 2.224211452196469327e+04 1.474057900280021727e+02
2.457368847420906182e+06 2.195396712730530999e+04 1.467531921430786497e+02
2.457368847449880093e+06 2.295392325243337837e+04 1.487705751638219454e+02
2.457368847478853539e+06 2.365293910508457338e+04 1.504091666006628429e+02
2.457368847507827450e+06 2.282692052126022463e+04 1.487015763600698790e+02
2.457368847536801361e+06 2.268753787013317924e+04 1.484949799321502155e+02
2.457368847565774806e+06 2.243618024590168352e+04 1.480659192122597574e+02
2.457368847594748717e+06 2.308840666175715160e+04 1.492644804938879020e+02
2.457368847623722628e+06 2.296987994813009936e+04 1.488590321580025488e+02
2.457368847652696073e+06 2.217044333087863197e+04 1.472947751432506323e+02
2.457368847681669984e+06 2.188125252305325921e+04 1.468098845012046070e+02
