5.733649214539999957e+04 1.244858098025717773e+07 2.793695601288861781e+03
5.733649636497243773e+04 1.245096660827248730e+07 2.793962442512480266e+03
5.733650058454488317e+04 1.245194385407195613e+07 2.794071743673553556e+03
5.733650480411732133e+04 1.244871030522833206e+07 2.793710067413529487e+03
5.733650902368975949e+04 1.244765163848390058e+07 2.793591644112008908e+03
5.733651324326219765e+04 1.242765547283188999e+07 2.791353913519375055e+03
5.733651746283464308e+04 1.245245324855367467e+07 2.794128715779937920e+03
5.733652168240708124e+04 1.245815490804255195e+07 2.794766326104312157e+03
5.733652590197951940e+04 1.245176262030926161e+07 2.794051473701457780e+03
5.733653012155195756e+04 1.246285194010891579e+07 2.795291480788375793e+03
5.733653434112440300e+04 1.246140904297904857e+07 2.795130167248370981e+03
5.733653856069684116e+04 1.247012379857972637e+07 2.796104321035309567e+03
5.733654278026927932e+04 1.246754880634904280e+07 2.795816518294459001e+03
5.733654699984171748e+04 1.246879378725408576e+07 2.795955671507294028e+03
5.733655121941416292e+04 1.247022996763791330e+07 2.796116186744337483e+03
5.733655543898660108e+04 1.248395299541632831e+07 2.797649481642617502e+03
5.733655965855903924e+04 1.247331754936059192e+07 2.796461240273208205e+03
5.733656387813147740e+04 1.248079894386233576e+07 2.797297149019738754e+03
5.733656809770392283e+04 1.248138193144525215e+07 2.797362276708771788e+03
5.733657231727636099e+04 1.248237381492016464e+07 2.797473080178807322e+03
5.733657653684879915e+04 1.248531560243239813e+07 2.797801681949642443e+03
5.733658075642124459e+04 1.248721227142977342e+07 2.798013522062323318e+03
5.733658497599368275e+04 1.246447370596518740e+07 2.795472780448459616e+03
5.733658919556612091e+04 1.244628439576867223e+07 2.793438695829106564e+03
5.733659341513855907e+04 1.243330481343193725e+07 2.791986301613057549e+03
5.733659763471100450e+04 1.239565701787411980e+07 2.787769293928628485e+03
5.733660185428344266e+04 1.236961856739961356e+07 2.784848937487410240e+03
5.733660607385588082e+04 1.234787037874487229e+07 2.782407408471222425e+03
5.733661029342831898e+04 1.233408974596468918e+07 2.780859236140500798e+03
5.733661451300076442e+04 1.230405440186798573e+07 2.777481953346860337e+03
5.733661873257320258e+04 1.228563537455565669e+07 2.775408818372040514e+03
5.733662295214564074e+04 1.228472498856310174e+07 2.775306310635266982e+03
5.733662717171807890e+04 1.227171039565481618e+07 2.773840477980711057e+03
5.733663139129052433e+04 1.224114466213486344e+07 2.770394811905749066e+03
5.733663561086296249e+04 1.222227024622069299e+07 2.768264962731698688e+03
5.733663983043540065e+04 1.220084742580364458e+07 2.765845556267970096e+03
5.733664405000784609e+04 1.217178828407878429e+07 2.762560348218521540e+03
5.733664826958028425e+04 1.215689889064669423e+07 2.760875550736429432e+03
5.733665248915272241e+04 1.213521026290179975e+07 2.758419550089076893e+03
5.733665670872516057e+04 1.211108909139501303e+07 2.755685519452806147e+03
5.733666092829760601e+04 1.207602534289621189e+07 2.751706350486936117e+03
5.733666514787004417e+04 1.205176743561339378e+07 2.748950099084807334e+03
5.733666936744248233e+04 1.203227576113638096e+07 2.746733396365624230e+03
5.733667358701492049e+04 1.200679788417997770e+07 2.743833208781555186e+03
5.733667780658736592e+04 1.199107312385983579e+07 2.742041703259160386e+03
5.733668202615980408e+04 1.197141720170401037e+07 2.739800677250994340e+03
5.733668624573224224e+04 1.210261188352496363e+07 2.754724020152128105e+03
5.733669046530468040e+04 1.206921025835080817e+07 2.750932280422267013e+03
5.733669468487712584e+04 1.205551171239425614e+07 2.749375714638944828e+03
5.733669890444956400e+04 1.204250558905305900e+07 2.747897012836936938e+03
5.733670312402200216e+04 1.203533009912539460e+07 2.747080871025345459e+03
5.733670734359444759e+04 1.206900962412697822e+07 2.750909488710844926e+03
5.733671156316688575e+04 1.208325436324493587e+07 2.752527198235847663e+03
5.733671578273932391e+04 1.208771059765374660e+07 2.753033077086723097e+03
5.733672000231176207e+04 1.210204779865254834e+07 2.754660028779929689e+03
5.733672422188420751e+04 1.205862730276096240e+07 2.749729816586640936e+03
5.733672844145664567e+04 1.208681922974283248e+07 2.752931895014707607e+03
5.733673266102908383e+04 1.905680226762507111e+07 3.454688613647497732e+03
5.733673688060152199e+04 2.818375738588316366e+07 4.199907185424099225e+03
5.733674110017396742e+04 3.798026016539748758e+07 4.874631740282892679e+03
5.733674531974640558e+04 4.234230297489757836e+07 5.146679644130862471e+03
5.733674953931884374e+04 4.909971677139875293e+07 5.541813329779723063e+03
5.733675375889128190e+04 5.165099988163370639e+07 5.683858454080384945e+03
5.733675797846372734e+04 5.036695878268202394e+07 5.612817584705230729e+03
5.733676219803616550e+04 5.012452658491861820e+07 5.599303627735696864e+03
5.733676641760860366e+04 4.887855727034747601e+07 5.529328195537606916e+03
5.733677063718104182e+04 4.706967596674492210e+07 5.426133013409787054e+03
5.733677485675348726e+04 4.278926247014119476e+07 5.173747292228162223e+03
5.733677907632592542e+04 3.652835617713998258e+07 4.780647927918608730e+03
5.733678329589836358e+04 2.625578970160388574e+07 4.053916694198639561e+03
5.733678751547080901e+04 1.547535575852299295e+07 3.113915437046560328e+03
5.733679173504324717e+04 1.255033559708582051e+07 2.805054678286795479e+03
5.733679595461568533e+04 1.247147180810402706e+07 2.796254974079619842e+03
5.733680017418812349e+04 1.233505730330230482e+07 2.780967963598994629e+03
5.733680439376056893e+04 1.224237622482090071e+07 2.770533728456136942e+03
5.733680861333300709e+04 1.219967187586926483e+07 2.765712733169931198e+03
5.733681283290544525e+04 1.214706946738210879e+07 2.759762746526196679e+03
5.733681705247788341e+04 1.137004491024566069e+07 2.670327708148110105e+03
5.733682127205032884e+04 1.120351086336785555e+07 2.650767113423001319e+03
5.733682549162276700e+04 1.115538882158461399e+07 2.645087902790828593e+03
5.733682971119520516e+04 1.110808313723646849e+07 2.639493125729406529e+03
5.733683393076764332e+04 1.107263284977014922e+07 2.635292684144655595e+03
5.733683815034008876e+04 1.104456948824707977e+07 2.631962752425350118e+03
5.733684236991252692e+04 1.101107266386535764e+07 2.627982575078428454e+03
5.733684658948496508e+04 1.098389362948144972e+07 2.624748658143462308e+03
5.733685080905740324e+04 1.095264636488762312e+07 2.621025749216280474e+03
5.733685502862984868e+04 1.092305745906450227e+07 2.617495541909348503e+03
5.733685924820228684e+04 1.088808367416903749e+07 2.613316723314579122e+03
5.733686346777472500e+04 1.085996504325012676e+07 2.609952135965586876e+03
5.733686768734717043e+04 1.083025477179330215e+07 2.606392378819968144e+03
5.733687190691960859e+04 1.080675468232621811e+07 2.603573251601323136e+03
5.733687612649204675e+04 1.077625796747949719e+07 2.599910234926330304e+03
5.733688034606448491e+04 1.075765636410518363e+07 2.597673425888200200e+03
5.733688456563693035e+04 1.074571105443266407e+07 2.596236007958524169e+03
5.733688878520936851e+04 1.113406100357339531e+07 2.642566957947020910e+03
5.733689300478180667e+04 1.320820258999327570e+07 2.877411791653359614e+03
5.733689722435424483e+04 1.310972586183395050e+07 2.866696821020007974e+03
5.733690144392669026e+04 1.319101976061557978e+07 2.875545052748215312e+03
5.733690566349912842e+04 1.311514028964158148e+07 2.867286989651714066e+03
5.733690988307156658e+04 1.312817874111349322e+07 2.868707673011652787e+03
5.733691410264400474e+04 1.305227649237520061e+07 2.860427382006839252e+03
5.733691832221645018e+04 1.292374575190895237e+07 2.846350838344264048e+03
5.733692254178888834e+04 1.302790150837358460e+07 2.857763188707820518e+03
5.733692676136132650e+04 1.308387315858616680e+07 2.863877218757178980e+03
5.733693098093377193e+04 1.108040640947916359e+07 2.636214332319069399e+03
5.733693520050621009e+04 1.045142639918329753e+07 2.560568979639010195e+03
5.733693942007864825e+04 1.041322642624817044e+07 2.555902681325153026e+03
5.733694363965108641e+04 1.038785269012935646e+07 2.552798450980971666e+03
5.733694785922353185e+04 1.035726075063884445e+07 2.549050797679260995e+03
5.733695207879597001e+04 1.032983155775445327e+07 2.545685904348086297e+03
5.733695629836840817e+04 1.028992944062474370e+07 2.540782930592549747e+03
5.733696051794084633e+04 1.028949605422250181e+07 2.540729626286327857e+03
5.733696473751329177e+04 1.026849897170404717e+07 2.538145751787124937e+03
5.733696895708572993e+04 1.024128188493517227e+07 2.534792531566337402e+03
5.733697317665816809e+04 1.021813386440676264e+07 2.531937136908068169e+03
5.733697739623060625e+04 1.020639887871240824e+07 2.530488351918509579e+03
5.733698161580305168e+04 1.024441449958591349e+07 2.535178704202367499e+03
5.733698583537548984e+04 1.021831069597024471e+07 2.531958961946540512e+03
5.733699005494792800e+04 1.019757644531979226e+07 2.529398600127087320e+03
5.733699427452037344e+04 1.016993799405585043e+07 2.525981640132189568e+03
5.733699849409281160e+04 1.012451891103694215e+07 2.520356387378199543e+03
5.733700271366524976e+04 1.009329745208188146e+07 2.516482248606410394e+03
5.733700693323768792e+04 1.008463745718913339e+07 2.515406609425841452e+03
5.733701115281013335e+04 1.007917295455075614e+07 2.514727638650798781e+03
5.733701537238257151e+04 1.005353838167069294e+07 2.511540063097577331e+03
5.733701959195500967e+04 9.985565416030555964e+06 2.503068194240639968e+03
5.733702381152744783e+04 9.916379586404440925e+06 2.494415611220947994e+03
5.733702803109989327e+04 9.900048916985325515e+06 2.492368867787396539e+03
5.733703225067233143e+04 9.866157249616809189e+06 2.488115809404881020e+03
5.733703647024476959e+04 9.843214194315372035e+06 2.485232558825653996e+03
5.733704068981720775e+04 9.815130095915468410e+06 2.481698674284847129e+03
5.733704490938965318e+04 9.762525307091703638e+06 2.475065719719844765e+03
5.733704912896209134e+04 9.770086552095705643e+06 2.476020212974808601e+03
5.733705334853452950e+04 9.739872092546805739e+06 2.472203886786393923e+03
5.733705756810696766e+04 9.719443325474824756e+06 2.469620229594373086e+03
5.733706178767941310e+04 9.694308737195126712e+06 2.466437706642305329e+03
5.733706600725185126e+04 9.671245294447427616e+06 2.463513813444048992e+03
5.733707022682428942e+04 9.641846115975713357e+06 2.459781661547386193e+03
5.733707444639673486e+04 9.613138103292344138e+06 2.456131778744315397e+03
5.733707866596917302e+04 9.587824922124663368e+06 2.452909002863317255e+03
5.733708288554161118e+04 9.553781113675013185e+06 2.448567988855299063e+03
5.733708710511404934e+04 9.510113246515620500e+06 2.442988493438367186e+03
5.733709132468649477e+04 9.466688884148655459e+06 2.437427445605901084e+03
5.733709554425893293e+04 9.427491733569202945e+06 2.432396828948918028e+03
5.733709976383137109e+04 9.406704371080460027e+06 2.429724723487269330e+03
5.733710398340380925e+04 9.388753857398346066e+06 2.427414913209928727e+03
5.733710820297625469e+04 9.358931268397102132e+06 2.423572578395000164e+03
5.733711242254869285e+04 9.328661597416667268e+06 2.419666402292972180e+03
5.733711664212113101e+04 9.309291174903145060e+06 2.417163416965113811e+03
5.733712086169356917e+04 9.277179833377022296e+06 2.413008370449766517e+03
5.733712508126601460e+04 9.268785388991909102e+06 2.411920991268151738e+03
5.733712930083845276e+04 9.248207672605149448e+06 2.409253368863104697e+03
5.733713352041089092e+04 9.237541343630952761e+06 2.407869460699509091e+03
5.733713773998332908e+04 9.217627914215436205e+06 2.405283651959711733e+03
5.733714195955577452e+04 9.192846548897426575e+06 2.402061842055880788e+03
5.733714617912821268e+04 9.172256988556513563e+06 2.399381715744249959e+03
5.733715039870065084e+04 9.171633150856278837e+06 2.399300464569866108e+03
5.733715461827309628e+04 9.137179604245532304e+06 2.394808813382282551e+03
5.733715883784553444e+04 9.118519347332855687e+06 2.392372586384285114e+03
5.733716305741797260e+04 9.085049932685667649e+06 2.387996693450085786e+03
5.733716727699041076e+04 9.042516347092764452e+06 2.382424126164981772e+03
5.733717149656285619e+04 9.014885059510009363e+06 2.378796998945844280e+03
5.733717571613529435e+04 8.987349863609682769e+06 2.375176975460155518e+03
5.733717993570773251e+04 8.957216269551351666e+06 2.371209009865978715e+03
5.733718415528017067e+04 8.921069645271722227e+06 2.366440476389555442e+03
5.733718837485261611e+04 8.893032993686353788e+06 2.362735199097429813e+03
5.733719259442505427e+04 8.863627993982864544e+06 2.358842829914551658e+03
5.733719681399749243e+04 8.820426064518108964e+06 2.353112468694137533e+03
5.733720103356993059e+04 8.789876381872281432e+06 2.349051880795776924e+03
5.733720525314237602e+04 8.774737240907967091e+06 2.347037020493600721e+03
5.733720947271481418e+04 8.760561884547449648e+06 2.345148860486719059e+03
5.733721369228725234e+04 8.741903798455825076e+06 2.342661280261167121e+03
5.733721791185969778e+04 8.714600910382088274e+06 2.339016367832598917e+03
5.733722213143213594e+04 8.687234278234727681e+06 2.335357236890472905e+03
5.733722635100457410e+04 8.662565601407213137e+06 2.332053923235804632e+03
5.733723057057701226e+04 8.633154884575923905e+06 2.328109491166588668e+03
5.733723479014945769e+04 8.604846656077532098e+06 2.324306597686384521e+03
5.733723900972189585e+04 8.584834468161271885e+06 2.321614425911588569e+03
5.733724322929433401e+04 8.595880789433365688e+06 2.323100835821780038e+03
5.733724744886677217e+04 8.561511844661118463e+06 2.318472967906505346e+03
5.733725166843921761e+04 8.539914639660280198e+06 2.315560115779263015e+03
5.733725588801165577e+04 8.515812393171068281e+06 2.312305071942696031e+03
5.733726010758409393e+04 8.494820972595956177e+06 2.309466411938582951e+03
5.733726432715653209e+04 8.472752136720690876e+06 2.306478286360058519e+03
5.733726854672897753e+04 8.461686330474270508e+06 2.304978515419702944e+03
5.733727276630141569e+04 8.426577066963240504e+06 2.300213613308995718e+03
5.733727698587385385e+04 8.399425921379331499e+06 2.296521979181144616e+03
5.733728120544629928e+04 8.349874490651207045e+06 2.289769323896406149e+03
5.733728542501873744e+04 8.297996553001509979e+06 2.282678217713995764e+03
5.733728964459117560e+04 8.288804571867022663e+06 2.281419483001074241e+03
5.733729386416361376e+04 8.263823664373684675e+06 2.277995125155791811e+03
5.733729808373605920e+04 8.250239337095244788e+06 2.276130836679765252e+03
5.733730230330849736e+04 8.226407125165108591e+06 2.272856452402613286e+03
5.733730652288093552e+04 8.200427630716886371e+06 2.269281663698460761e+03
5.733731074245337368e+04 8.177788722759389319e+06 2.266161942960965462e+03
5.733731496202581911e+04 8.149472876245952211e+06 2.262253864546089972e+03
5.733731918159825727e+04 8.124827752645752393e+06 2.258846906145610319e+03
5.733732340117069543e+04 8.099582684553013183e+06 2.255351674982337045e+03
5.733732762074313359e+04 8.062115773891379125e+06 2.250154296638813321e+03
5.733733184031557903e+04 8.031739957628604025e+06 2.245931760654779282e+03
5.733733605988801719e+04 8.004380797096928582e+06 2.242121762569013299e+03
5.733734027946045535e+04 7.971941722872942686e+06 2.237595936892000282e+03
5.733734449903289351e+04 7.946187648762315512e+06 2.233996257936983966e+03
5.733734871860533895e+04 7.919029498900808394e+06 2.230194035686806728e+03
5.733735293817777711e+04 7.893849145247535780e+06 2.226662910226806162e+03
5.733735715775021526e+04 7.844472106225058436e+06 2.219722294880749814e+03
5.733736137732266070e+04 7.628701335122974589e+06 2.189134608572953766e+03
5.733736559689509886e+04 7.372607211225943640e+06 2.152266597570155682e+03
5.733736981646753702e+04 7.118042189471771009e+06 2.114981883709611338e+03
5.733737403603997518e+04 6.875276945708208717e+06 2.078802561829196293e+03
5.733737825561242062e+04 6.629286517810165882e+06 2.041488690547012084e+03
5.733738247518485878e+04 6.371173604913119227e+06 2.001588245137020976e+03
5.733738669475729694e+04 6.115867118872157298e+06 1.961323264863571012e+03
5.733739091432973510e+04 5.861634938630671240e+06 1.920388980556847855e+03
5.733739513390218053e+04 5.605146197688477114e+06 1.878187523533073090e+03
5.733739935347461869e+04 5.361343136058094911e+06 1.837174858318148381e+03
5.733740357304705685e+04 5.101855715477445163e+06 1.792493186088416678e+03
5.733740779261949501e+04 4.845988193450460210e+06 1.747316405493446155e+03
5.733741201219194045e+04 4.587985019047289155e+06 1.700547746140800200e+03
5.733741623176437861e+04 4.335936669411707669e+06 1.653581693894292357e+03
5.733742045133681677e+04 4.080357816288553178e+06 1.604554653223238120e+03
5.733742467090925493e+04 3.824364698398811743e+06 1.553898303139319751e+03
5.733742889048170036e+04 3.570841113500835840e+06 1.502047834104500907e+03
5.733743311005413852e+04 3.329822775481717195e+06 1.451037985262988741e+03
5.733743732962657668e+04 3.128228112458888441e+06 1.406952227435887380e+03
5.733744154919902212e+04 2.866273881597776897e+06 1.347513701599583101e+03
5.733744576877146028e+04 2.572364207471232396e+06 1.277536547293078456e+03
5.733744998834389844e+04 2.294804556942859665e+06 1.207735421393811521e+03
5.733745420791633660e+04 2.041368546273600543e+06 1.140275116549072209e+03
5.733745842748878204e+04 1.789628750371568836e+06 1.069060320553630163e+03
5.733746264706122020e+04 1.531918360487816622e+06 9.908687982295563188e+02
5.733746686663365836e+04 1.278452717946182005e+06 9.074166345821327013e+02
5.733747108620609652e+04 1.026657024137027212e+06 8.161082281693047662e+02
5.733747530577854195e+04 7.714248767247598153e+05 7.116969495178231000e+02
5.733747952535098011e+04 5.174270791050447733e+05 5.897151214278406997e+02
5.733748374492341827e+04 2.601904673253585934e+05 4.324246085485296476e+02
5.733748796449585643e+04 3.437636728390586359e+04 2.141430119159650758e+02
5.733749218406830187e+04 6.123520931507649145e-04 1.561153432008528057e+02
5.733749640364074003e+04 -7.404382529407454829e-12 1.561153419750922353e+02
