2.457308729698486626e+06 1.327903708921371144e+05 3.610111699387973658e+02
2.457308729827178642e+06 1.330609707535282359e+05 3.612686807721926243e+02
2.457308729955870192e+06 1.313820403099798714e+05 3.600072015251350876e+02
2.457308730084562209e+06 1.329956289818548248e+05 3.612342134122696393e+02
2.457308730213254225e+06 1.317100548387096787e+05 3.602593041696350156e+02
2.457308730341945775e+06 1.334285659778226400e+05 3.613959702090351698e+02
2.457308730470637791e+06 1.335756925655241066e+05 3.615845993317530542e+02
2.457308730599329807e+06 1.326377469506048947e+05 3.609045709453358768e+02
2.457308730728021357e+06 1.322631537046371668e+05 3.606694535303020075e+02
2.457308730856713373e+06 1.339883699092741008e+05 3.619109619224378207e+02
