5.742357575119999819e+04 1.219489696243242906e+04 9.824521835039998052e+01
5.742357575313834968e+04 1.234128639241034762e+04 9.872515223521871519e+01
5.742357575507670117e+04 1.229061397523579581e+04 9.857599910203786919e+01
5.742357575701505266e+04 1.228352906308105594e+04 9.849721631315433967e+01
5.742357575895340415e+04 1.231049266300531599e+04 9.860552342007572690e+01
5.742357576089175564e+04 1.231226549766322205e+04 9.861894906529762750e+01
5.742357576283010712e+04 1.224348788524332485e+04 9.837288621605149785e+01
5.742357576476845861e+04 1.235289455827286110e+04 9.877897540115155550e+01
5.742357576670681010e+04 1.226311448524180742e+04 9.847061794039403537e+01
5.742357576864516159e+04 1.240281237689073350e+04 9.889469232131976639e+01
5.742357577058350580e+04 1.247253470196867602e+04 9.912155916370535635e+01
5.742357577252185729e+04 1.236033699965028063e+04 9.875090524516632229e+01
5.742357577446020878e+04 1.232012337493046289e+04 9.866498665986564731e+01
5.742357577639856027e+04 1.232465903763183633e+04 9.860240026532321167e+01
5.742357577833691175e+04 1.243317050882619333e+04 9.899852728743400121e+01
5.742357578027526324e+04 1.228987433268447239e+04 9.852701455583412837e+01
5.742357578221361473e+04 1.222292894033932316e+04 9.826343604095750095e+01
5.742357578415196622e+04 1.240755662654791740e+04 9.884942113773998074e+01
5.742357578609031771e+04 1.227820859133640079e+04 9.846972503374968255e+01
5.742357578802866919e+04 1.244073899805822839e+04 9.897513916367803688e+01
5.742357578996702068e+04 1.252207148041506662e+04 9.926801763523587852e+01
5.742357579190537217e+04 1.232115865933109308e+04 9.861282548236547996e+01
5.742357579384372366e+04 1.242185009242305568e+04 9.895518835245567857e+01
5.742357579578207515e+04 1.252000902840773415e+04 9.928602590918714554e+01
5.742357579772042664e+04 1.243995017527007440e+04 9.907118312224899626e+01
5.742357579965877812e+04 1.231319828676661018e+04 9.867071653232378026e+01
5.742357580159712961e+04 1.236190444357698652e+04 9.876663664173764801e+01
5.742357580353548110e+04 1.229157569667807911e+04 9.852209371630499390e+01
5.742357580547383259e+04 1.249757719080928837e+04 9.921333810605405290e+01
5.742357580741218408e+04 1.237163051484704192e+04 9.878764819264478092e+01
5.742357580935052829e+04 1.245020903341720441e+04 9.903752478619041710e+01
5.742357581128887978e+04 1.239172743374268794e+04 9.881544644518922382e+01
5.742357581322723127e+04 1.241663829518400235e+04 9.893562527351845404e+01
5.742357581516558275e+04 1.233936754773906068e+04 9.866370746500594180e+01
5.742357581710393424e+04 1.236221791496074184e+04 9.879765358145482423e+01
5.742357581904228573e+04 1.236460551379890239e+04 9.884069821890024343e+01
5.742357582098063722e+04 1.261390996651920977e+04 9.952253778520257299e+01
5.742357582291898871e+04 1.268593833068255481e+04 9.980137173544969187e+01
5.742357582485734019e+04 1.258550987813208121e+04 9.944876308839863555e+01
5.742357582679569168e+04 1.268494960157816422e+04 9.974987878822720688e+01
5.742357582873404317e+04 1.291027019449478576e+04 1.005280807950558142e+02
5.742357583067239466e+04 1.317516130006851199e+04 1.012823506105597602e+02
5.742357583261074615e+04 1.377643918077016497e+04 1.031609379050078701e+02
5.742357583454909764e+04 1.575673057776157475e+04 1.089826390995161347e+02
5.742357583648744912e+04 2.047349449908472161e+04 1.217287610481008642e+02
5.742357583842580061e+04 2.401727413499473550e+04 1.305455001916567426e+02
5.742357584036415210e+04 2.508783461937792163e+04 1.330495802468671229e+02
5.742357584230250359e+04 2.527874471813294440e+04 1.335488284554385814e+02
5.742357584424085508e+04 2.444001700666628676e+04 1.315594926696000471e+02
5.742357584617920656e+04 2.427045895833532632e+04 1.310973290063651007e+02
5.742357584811755078e+04 2.541107192432606098e+04 1.338446369963906761e+02
5.742357585005590227e+04 2.570370053536814521e+04 1.344918155684382839e+02
5.742357585199425375e+04 2.561826318299005288e+04 1.342810065089773559e+02
5.742357585393260524e+04 2.586763813674865014e+04 1.348902877004074128e+02
5.742357585587095673e+04 2.508340968731914109e+04 1.330303944242923251e+02
5.742357585780930822e+04 2.486851382749482218e+04 1.325719531978845112e+02
5.742357585974765971e+04 2.550147205559759823e+04 1.340871722429710076e+02
5.742357586168601119e+04 2.640433091029784919e+04 1.361076266069751455e+02
5.742357586362436268e+04 2.716894886911942740e+04 1.379021914006783902e+02
5.742357586556271417e+04 2.726719004178833711e+04 1.380940226460204201e+02
5.742357586750106566e+04 2.691490623690615394e+04 1.372616777398858972e+02
5.742357586943941715e+04 2.565702631172780457e+04 1.344172559107385041e+02
5.742357587137776864e+04 2.485869342709461853e+04 1.325282444733429088e+02
5.742357587331612012e+04 2.498154023517213864e+04 1.328306461732380228e+02
5.742357587525447161e+04 2.529511314925592524e+04 1.335273515599712653e+02
5.742357587719282310e+04 2.699486885566445198e+04 1.374567181156164111e+02
5.742357587913117459e+04 2.630263830843671531e+04 1.358675046017958152e+02
5.742357588106952608e+04 2.482003496131466454e+04 1.324324924242315262e+02
5.742357588300787756e+04 2.456429778170089412e+04 1.318655760957653911e+02
5.742357588494622905e+04 2.565722951416442811e+04 1.344119630826472189e+02
5.742357588688457326e+04 2.655903814823221910e+04 1.364844354385791405e+02
5.742357588882292475e+04 2.557969282326560642e+04 1.342043552835075957e+02
5.742357589076127624e+04 2.556575988258566213e+04 1.342202384253476453e+02
5.742357589269962773e+04 2.517633124443334236e+04 1.333071545089471783e+02
5.742357589463797922e+04 2.589682729252413628e+04 1.349548220881722784e+02
5.742357589657633071e+04 2.702975103837939969e+04 1.375644759123277652e+02
5.742357589851468219e+04 2.625920236728391319e+04 1.357879350310107043e+02
5.742357590045303368e+04 2.550586719492650082e+04 1.340759818187156327e+02
5.742357590239138517e+04 2.471111709606645309e+04 1.322096213026968030e+02
5.742357590432973666e+04 2.529664074295246610e+04 1.335811607369998910e+02
5.742357590626808815e+04 2.525568226273675100e+04 1.334635811601801834e+02
5.742357590820643964e+04 2.476231303222410861e+04 1.323042109254467960e+02
5.742357591014479112e+04 2.639965553879566869e+04 1.361645277800491272e+02
5.742357591208314261e+04 2.638655972600165114e+04 1.361256245868815995e+02
5.742357591402149410e+04 2.532977905022234336e+04 1.336678261299159942e+02
5.742357591595984559e+04 2.484440180071213763e+04 1.325098756200398782e+02
5.742357591789819708e+04 2.481315641857150331e+04 1.324072477101784671e+02
5.742357591983654856e+04 2.594675630205064226e+04 1.350649901052880466e+02
5.742357592177490005e+04 2.601310133412567302e+04 1.352472145472009970e+02
5.742357592371325154e+04 2.516202696334951906e+04 1.332703095279400145e+02
5.742357592565159575e+04 2.485349823268457112e+04 1.325256373667297680e+02
5.742357592758994724e+04 2.565306058988191580e+04 1.343931104147686710e+02
5.742357592952829873e+04 2.554832932441345838e+04 1.341711862020670196e+02
5.742357593146665022e+04 2.561580109266765430e+04 1.343112116835669667e+02
5.742357593340500171e+04 2.567397699180233394e+04 1.344306875403264030e+02
5.742357593534335319e+04 2.644976100897606739e+04 1.362232821243776755e+02
5.742357593728170468e+04 2.642616824891427677e+04 1.361901041458594079e+02
5.742357593922005617e+04 2.588510158626554039e+04 1.349475319615235662e+02
5.742357594115840766e+04 2.549997932113900606e+04 1.340456753977652795e+02
5.742357594309675915e+04 2.599326037630969222e+04 1.352191333146726890e+02
5.742357594503511064e+04 2.651861238416942069e+04 1.364425186350297281e+02
5.742357594697346212e+04 2.688983458836340287e+04 1.373007150484061469e+02
5.742357594891181361e+04 2.635155794069507101e+04 1.360042062828995029e+02
5.742357595085016510e+04 2.542213499193875396e+04 1.338824608850710263e+02
5.742357595278851659e+04 2.565760009969392195e+04 1.344467619095087798e+02
5.742357595472686808e+04 2.635345542412796567e+04 1.360488612346091770e+02
5.742357595666521956e+04 2.623098347223983728e+04 1.357688415822338186e+02
5.742357595860357105e+04 2.557833926461393639e+04 1.341860858903808094e+02
5.742357596054192254e+04 2.578481978601713854e+04 1.347315001272810377e+02
5.742357596248027403e+04 2.627320167840374415e+04 1.358566635004411296e+02
5.742357596441861824e+04 2.572831272735877064e+04 1.346212303348189891e+02
5.742357596635696973e+04 2.628671540093648218e+04 1.358603780777692123e+02
5.742357596829532122e+04 2.572349158321058712e+04 1.345800328241350030e+02
5.742357597023367271e+04 2.613741702684423217e+04 1.355350948366665023e+02
5.742357597217202419e+04 2.595784788682928047e+04 1.351104510504911218e+02
5.742357597411037568e+04 2.597387456811599986e+04 1.351108381394861055e+02
5.742357597604872717e+04 2.623229500299206848e+04 1.357504908457054853e+02
5.742357597798707866e+04 2.672444622288583923e+04 1.368794491137578859e+02
5.742357597992543015e+04 2.637210185030329012e+04 1.360738225619818991e+02
5.742357598186378164e+04 2.518654792663067201e+04 1.333487574752014098e+02
5.742357598380213312e+04 2.535015704068196283e+04 1.337270026983678690e+02
5.742357598574048461e+04 2.710621724291737701e+04 1.377662525967425040e+02
5.742357598767883610e+04 2.742682984889052022e+04 1.384269090631721895e+02
5.742357598961718759e+04 2.713299596561326325e+04 1.377720877262474630e+02
5.742357599155553908e+04 2.651255371728250611e+04 1.364074369455784392e+02
5.742357599349389056e+04 2.581701491256317240e+04 1.347841365671517053e+02
5.742357599543224205e+04 2.546261091011071403e+04 1.339568087759248840e+02
5.742357599737059354e+04 2.514614806762306398e+04 1.332096143284038305e+02
5.742357599930894503e+04 2.567557788690281814e+04 1.345122712163830556e+02
5.742357600124729652e+04 2.765693248746158497e+04 1.390017893095796637e+02
5.742357600318564073e+04 2.606804254572924037e+04 1.354170153936401277e+02
5.742357600512399222e+04 2.493655897513655509e+04 1.327749209440501659e+02
5.742357600706234371e+04 2.451190778505449998e+04 1.317167430843606155e+02
5.742357600900069519e+04 2.445572066671981156e+04 1.316457651104888953e+02
5.742357601093904668e+04 2.635497261075048300e+04 1.360680166669712321e+02
5.742357601287739817e+04 2.762408231378147684e+04 1.389365752810321908e+02
5.742357601481574966e+04 2.631356541112328341e+04 1.359482241419879074e+02
5.742357601675410115e+04 2.475436432363079075e+04 1.323207595255969125e+02
5.742357601869245264e+04 2.409418058387399651e+04 1.307458320173345498e+02
5.742357602063080412e+04 2.543916449866792027e+04 1.339713564316538168e+02
5.742357602256915561e+04 2.673756434920844913e+04 1.369366032905488737e+02
5.742357602450750710e+04 2.711587214217149085e+04 1.377485632573431076e+02
5.742357602644585859e+04 2.602663421500136610e+04 1.352584649321728421e+02
5.742357602838421008e+04 2.540834081193296515e+04 1.338889085448309686e+02
5.742357603032256156e+04 2.635372981282034016e+04 1.360642862657036005e+02
5.742357603226091305e+04 2.662912709765479667e+04 1.366673032879627101e+02
5.742357603419926454e+04 2.720642129713681788e+04 1.379883635231227856e+02
5.742357603613761603e+04 2.677278613032555950e+04 1.370033168344179728e+02
5.742357603807596752e+04 2.476695485066577385e+04 1.322919098760996803e+02
5.742357604001431901e+04 2.460639501390674195e+04 1.319765155190493431e+02
5.742357604195266322e+04 2.569816289450308614e+04 1.345081161884322398e+02
5.742357604389101471e+04 2.610524416897681658e+04 1.354320044997461707e+02
5.742357604582936619e+04 2.573172168667783262e+04 1.346064454179094696e+02
5.742357604776771768e+04 2.534303748822189664e+04 1.336723598322481621e+02
5.742357604970606917e+04 2.546039497838333773e+04 1.339790996923226487e+02
5.742357605164442066e+04 2.621321972364069370e+04 1.356975210726306784e+02
5.742357605358277215e+04 2.736811603204218773e+04 1.383085979678969295e+02
5.742357605552112364e+04 2.574143504293288061e+04 1.345719516348536047e+02
5.742357605745947512e+04 2.551058373555224534e+04 1.340871006992472303e+02
5.742357605939782661e+04 2.600849784505178468e+04 1.352281411187892388e+02
5.742357606133617810e+04 2.596066610488389779e+04 1.351102838405355726e+02
5.742357606327452959e+04 2.464231409925687694e+04 1.320239005483767301e+02
5.742357606521288108e+04 2.459324461083159622e+04 1.319537962673611275e+02
5.742357606715123256e+04 2.765134848348790183e+04 1.389929565502318667e+02
5.742357606908958405e+04 2.871378431645198361e+04 1.413280653137043430e+02
5.742357607102793554e+04 2.735561054259097364e+04 1.382972529364530772e+02
5.742357607296628703e+04 2.594119353149900053e+04 1.350567816116762572e+02
5.742357607490463852e+04 2.529868133652197139e+04 1.335721570179876494e+02
5.742357607684299001e+04 2.592033040424538194e+04 1.350356249342455897e+02
5.742357607878134149e+04 2.560221763112465851e+04 1.342669022012430275e+02
5.742357608071968571e+04 2.531507944340071845e+04 1.335628811969722562e+02
5.742357608265803719e+04 2.482182814490848250e+04 1.324674273525996568e+02
5.742357608459638868e+04 2.528769020214906777e+04 1.335570562093953981e+02
5.742357608653474017e+04 2.581189597340429100e+04 1.347696244167732971e+02
5.742357608847309166e+04 2.567721350958436597e+04 1.344184101544139196e+02
5.742357609041144315e+04 2.645939075850687732e+04 1.362690490426074348e+02
5.742357609234979464e+04 2.750942827600712189e+04 1.386300996037185200e+02
5.742357609428814612e+04 2.544220202436357067e+04 1.338955545125329536e+02
5.742357609622649761e+04 2.607805000983994978e+04 1.353951743823842833e+02
5.742357609816484910e+04 2.671461262661564615e+04 1.368469997936938114e+02
5.742357610010320059e+04 2.520441431635220215e+04 1.333693148744947337e+02
5.742357610204155208e+04 2.548151293981779236e+04 1.340311347016260015e+02
5.742357610397990356e+04 2.476408815608550140e+04 1.323167473323921683e+02
5.742357610591825505e+04 2.510572777924590628e+04 1.331208890124365212e+02
5.742357610785660654e+04 2.653419998941867379e+04 1.364139824153396034e+02
5.742357610979495803e+04 2.686691617152204344e+04 1.371782798419998812e+02
5.742357611173330952e+04 2.716647428246901836e+04 1.378784670979927114e+02
5.742357611367166101e+04 2.602654021145222214e+04 1.352768320008387093e+02
5.742357611561001249e+04 2.613850271154567599e+04 1.355376375922490695e+02
5.742357611754836398e+04 2.751031225319802252e+04 1.386477342424744847e+02
5.742357611948670819e+04 2.803374431032370921e+04 1.398361929960691725e+02
5.742357612142505968e+04 2.732711370826986240e+04 1.382462850408871873e+02
5.742357612336341117e+04 2.723217163333561621e+04 1.380137017640822990e+02
5.742357612530176266e+04 2.614337527067437259e+04 1.355544151896184246e+02
5.742357612724011415e+04 2.488842386993371474e+04 1.326049942680079141e+02
5.742357612917846564e+04 2.575819995003981603e+04 1.346501648797559199e+02
5.742357613111681712e+04 2.592325093006485622e+04 1.350054867712647706e+02
5.742357613305516861e+04 2.492693065749643210e+04 1.326860778783990042e+02
5.742357613499352010e+04 2.451464463221307597e+04 1.317020644854888474e+02
5.742357613693187159e+04 2.571248298227147461e+04 1.345297854203045915e+02
5.742357613887022308e+04 2.706015823003512196e+04 1.376319615776667717e+02
5.742357614080857456e+04 2.606215070546058632e+04 1.353529157538859238e+02
5.742357614274692605e+04 2.563719181208209557e+04 1.343813516090507960e+02
5.742357614468527754e+04 2.573661902271585132e+04 1.345760318301075813e+02
5.742357614662362903e+04 2.601831117692941916e+04 1.352197673979843557e+02
5.742357614856198052e+04 2.538642833389723091e+04 1.337568987587154083e+02
5.742357615050033201e+04 2.427417719603102887e+04 1.311115773932107516e+02
5.742357615243868349e+04 2.478420585093163754e+04 1.323588200119801570e+02
5.742357615437703498e+04 2.510864671973727309e+04 1.331313849361715143e+02
5.742357615631538647e+04 2.500800288798081601e+04 1.328711242862722486e+02
5.742357615825373068e+04 2.520619294727969827e+04 1.333082093698989752e+02
5.742357616019208217e+04 2.497489370008972037e+04 1.328089410621543323e+02
5.742357616213043366e+04 2.410162934365981710e+04 1.307427024100140613e+02
5.742357616406878515e+04 2.493404885598859255e+04 1.327200198188317586e+02
5.742357616600713664e+04 2.530491929660743699e+04 1.336055539466641164e+02
5.742357616794548812e+04 2.556720488755124825e+04 1.342566296214421584e+02
5.742357616988383961e+04 2.513904756261728471e+04 1.331943759802462637e+02
5.742357617182219110e+04 2.543249537538453660e+04 1.338858811464489804e+02
5.742357617376054259e+04 2.597217863738281449e+04 1.351253011483914293e+02
5.742357617569889408e+04 2.755132768304921774e+04 1.387642348696640227e+02
5.742357617763724556e+04 2.734564141585318794e+04 1.382874376369649667e+02
5.742357617957559705e+04 2.598286918040100136e+04 1.351350957130244694e+02
5.742357618151394854e+04 2.573332168149482823e+04 1.346408820680554470e+02
5.742357618345230003e+04 2.582452073773592929e+04 1.349645663795380415e+02
5.742357618539065152e+04 2.552632556030594787e+04 1.340862567914136037e+02
5.742357618732900301e+04 2.623476139562838944e+04 1.357436274678663892e+02
5.742357618926735449e+04 2.630930728613662359e+04 1.359301504089604293e+02
5.742357619120570598e+04 2.562385120615687629e+04 1.342975186733467865e+02
5.742357619314405747e+04 2.704562672378559364e+04 1.375868682194003441e+02
5.742357619508240896e+04 2.751221066944948325e+04 1.386363325342015287e+02
5.742357619702075317e+04 2.601319508859040798e+04 1.352416694958874928e+02
5.742357619895910466e+04 2.490619443135593610e+04 1.326440972713807014e+02
5.742357620089745615e+04 2.572325274516961872e+04 1.345381562108268838e+02
5.742357620283580763e+04 2.635756829151284910e+04 1.360286528036452296e+02
5.742357620477415912e+04 2.641930921317411412e+04 1.361424954409224313e+02
5.742357620671251061e+04 2.691442439088111860e+04 1.372953243734841635e+02
5.742357620865086210e+04 2.659669913178715797e+04 1.365793472871208394e+02
5.742357621058921359e+04 2.509786134630686502e+04 1.331102630999163239e+02
5.742357621252756508e+04 2.477028799148997496e+04 1.323111358709376759e+02
5.742357621446591656e+04 2.520540769696103598e+04 1.333125705031457642e+02
5.742357621640426805e+04 2.689746046204802042e+04 1.372445596874581781e+02
5.742357621834261954e+04 2.742089578039348999e+04 1.384428016865981874e+02
5.742357622028097103e+04 2.599990820614593031e+04 1.351878727810634473e+02
5.742357622221932252e+04 2.472015623440469426e+04 1.322338132202827694e+02
5.742357622415767401e+04 2.459835137016373483e+04 1.319080931857726000e+02
5.742357622609602549e+04 2.569997178944716870e+04 1.344562609606503258e+02
5.742357622803437698e+04 2.569693899659110320e+04 1.344811248074305468e+02
5.742357622997272847e+04 2.590234242955511945e+04 1.349792070222336804e+02
5.742357623191107996e+04 2.600211177754468008e+04 1.352167877939829168e+02
5.742357623384943145e+04 2.547392007238611041e+04 1.339963354658123365e+02
5.742357623578777566e+04 2.472497217828774956e+04 1.322016429644558002e+02
5.742357623772612715e+04 2.533575317758394885e+04 1.336558064887290129e+02
5.742357623966447863e+04 2.558787586499039753e+04 1.342035663295124834e+02
5.742357624160283012e+04 2.645458750335167861e+04 1.362724987655632845e+02
5.742357624354118161e+04 2.795997054527190630e+04 1.396432506786742351e+02
5.742357624547953310e+04 2.698290432490299281e+04 1.374173608931261583e+02
5.742357624741788459e+04 2.674268777647046227e+04 1.369071033919224760e+02
5.742357624935623608e+04 2.617187386122339012e+04 1.356009646037012715e+02
5.742357625129458756e+04 2.535253724343249269e+04 1.336996098527080790e+02
5.742357625323293905e+04 2.509746995099756896e+04 1.330932471537234107e+02
5.742357625517129054e+04 2.464072693061077371e+04 1.320273498464805471e+02
5.742357625710964203e+04 2.447319102057116834e+04 1.316151001874634972e+02
5.742357625904799352e+04 2.496223708251251810e+04 1.327922275526871942e+02
5.742357626098634501e+04 2.586442590676177861e+04 1.348866852704248060e+02
5.742357626292469649e+04 2.605707851083789865e+04 1.352948494523473073e+02
5.742357626486304798e+04 2.713611054695458006e+04 1.378276331197070874e+02
5.742357626680139947e+04 2.686958999533306269e+04 1.371866664060549681e+02
5.742357626873975096e+04 2.654940640956632706e+04 1.364600091587807071e+02
5.742357627067810245e+04 2.689568784163870077e+04 1.372270277783083259e+02
5.742357627261645393e+04 2.546210010304410389e+04 1.339200554238992140e+02
5.742357627455479815e+04 2.490814539218031496e+04 1.326269715124275024e+02
5.742357627649314963e+04 2.553396799275501689e+04 1.341065895333319418e+02
5.742357627843150112e+04 2.606928383708040201e+04 1.353486537132010028e+02
5.742357628036985261e+04 2.673039204240597974e+04 1.368752787198385477e+02
5.742357628230820410e+04 2.602911087138497169e+04 1.352258225820380915e+02
5.742357628424655559e+04 2.573407473781496810e+04 1.345479772868447697e+02
5.742357628618490708e+04 2.627280925841289354e+04 1.358432117676466930e+02
5.742357628812325856e+04 2.611815442600831011e+04 1.354380465899340322e+02
5.742357629006161005e+04 2.454358538915508689e+04 1.318179351086234874e+02
5.742357629199996154e+04 2.502600743014379259e+04 1.329129898441543958e+02
5.742357629393831303e+04 2.559143161944723397e+04 1.342499681088756347e+02
5.742357629587666452e+04 2.568396699930073373e+04 1.344662755428548451e+02
5.742357629781501601e+04 2.590151912627649290e+04 1.349971809426384652e+02
5.742357629975336749e+04 2.665230601135214965e+04 1.366206984265283211e+02
5.742357630169171898e+04 2.618689121732057902e+04 1.356279866957542595e+02
5.742357630363007047e+04 2.662927695092768045e+04 1.366609377269564050e+02
5.742357630556842196e+04 2.631272535299461742e+04 1.359228447324056219e+02
5.742357630750677345e+04 2.525596367660823671e+04 1.334862215326175203e+02
5.742357630944512493e+04 2.486615561449674351e+04 1.325174451132748175e+02
5.742357631138347642e+04 2.457026637149209637e+04 1.318658909525111653e+02
5.742357631332182063e+04 2.449737786643812433e+04 1.316510636063253799e+02
5.742357631526017212e+04 2.519706654104707923e+04 1.332662573086341240e+02
5.742357631719852361e+04 2.581837851168925408e+04 1.347577845960225318e+02
5.742357631913687510e+04 2.511891594091014485e+04 1.331047243161399081e+02
5.742357632107522659e+04 2.467003989989999900e+04 1.320713646930316258e+02
5.742357632301357808e+04 2.585863607855783266e+04 1.348941726734065583e+02
5.742357632495192956e+04 2.711678129012679710e+04 1.377046935209145317e+02
5.742357632689028105e+04 2.774355088683768190e+04 1.391479093373953333e+02
5.742357632882863254e+04 2.734110627771255167e+04 1.382402001476912687e+02
5.742357633076698403e+04 2.703898983891879834e+04 1.375652438092876082e+02
5.742357633270533552e+04 2.759352033751953059e+04 1.388070361504584014e+02
5.742357633464368701e+04 2.758774323262620601e+04 1.388595283724110914e+02
5.742357633658203849e+04 2.572049874247939806e+04 1.345530103329300289e+02
5.742357633852038998e+04 2.568559626585851947e+04 1.344750057475554570e+02
5.742357634045874147e+04 2.634688424098054747e+04 1.360285644029912078e+02
5.742357634239709296e+04 2.552425797652941401e+04 1.340704254220135283e+02
5.742357634433544445e+04 2.524444270470493939e+04 1.334041082594595480e+02
5.742357634627379593e+04 2.612419632274627656e+04 1.354287136275814873e+02
5.742357634821214742e+04 2.581620434643318367e+04 1.347502519854475622e+02
5.742357635015049891e+04 2.547852663926803871e+04 1.339703401854253286e+02
5.742357635208884312e+04 2.481233346575604082e+04 1.324494972239949959e+02
5.742357635402719461e+04 2.474616077461866007e+04 1.322551222046857049e+02
5.742357635596554610e+04 2.506386852079728851e+04 1.330068636052006070e+02
5.742357635790389759e+04 2.433401417522341217e+04 1.313183514054240391e+02
5.742357635984224908e+04 2.326233255167741663e+04 1.289239117055104487e+02
5.742357636178060056e+04 2.061587887341283204e+04 1.221492815297657017e+02
5.742357636371895205e+04 1.588837528683232813e+04 1.093695499284902581e+02
5.742357636565730354e+04 1.402043053874530779e+04 1.038710985843702019e+02
5.742357636759565503e+04 1.326551798761316968e+04 1.015598256937729360e+02
5.742357636953400652e+04 1.286151893765694695e+04 1.004466961058276127e+02
5.742357637147235801e+04 1.285571107793950978e+04 1.005291590591454565e+02
5.742357637341070949e+04 1.272074693367843247e+04 1.000533972679280339e+02
5.742357637534906098e+04 1.285380632084084573e+04 1.002709341602860604e+02
5.742357637728741247e+04 1.269262876447572125e+04 9.975453899406264213e+01
5.742357637922576396e+04 1.278533536931855451e+04 1.000520709392888818e+02
5.742357638116411545e+04 1.263964746726441626e+04 9.962186293900526834e+01
5.742357638310246693e+04 1.272956511975671492e+04 9.994094183307707624e+01
5.742357638504081842e+04 1.256278961172479831e+04 9.938011239729411272e+01
5.742357638697916991e+04 1.243986865982587187e+04 9.893473675455707905e+01
5.742357638891752140e+04 1.254976826100471953e+04 9.933992652594189110e+01
5.742357639085586561e+04 1.252099425739580511e+04 9.924703106426075294e+01
5.742357639279421710e+04 1.261442236121233145e+04 9.948803073018513032e+01
5.742357639473256859e+04 1.274200031141903310e+04 9.988496124411457799e+01
5.742357639667092008e+04 1.269266606198653790e+04 9.978618925655975147e+01
5.742357639860927156e+04 1.247780657210692334e+04 9.915527409378873358e+01
5.742357640054762305e+04 1.255217986809723334e+04 9.936145805431402778e+01
5.742357640248597454e+04 1.253962574119356577e+04 9.930722521784313983e+01
5.742357640442432603e+04 1.246451333351221365e+04 9.905889891261132618e+01
5.742357640636267752e+04 1.256064720080073494e+04 9.937358049734234555e+01
5.742357640830102901e+04 1.261469739516421578e+04 9.955918892497561501e+01
5.742357641023938049e+04 1.249066482467807327e+04 9.914615800171999638e+01
5.742357641217773198e+04 1.239478239876026419e+04 9.887066958150982998e+01
5.742357641411608347e+04 1.253118808550451649e+04 9.930402940123178723e+01
5.742357641605443496e+04 1.249288229529622367e+04 9.915412124831151175e+01
5.742357641799278645e+04 1.253260245577095338e+04 9.931424418962086520e+01
5.742357641993113793e+04 1.251466045357814437e+04 9.933943329109237652e+01
5.742357642186948942e+04 1.254840009090286549e+04 9.936666089110518385e+01
5.742357642380784091e+04 1.253235821533671333e+04 9.934073782806986230e+01
5.742357642574619240e+04 1.230219183224220978e+04 9.862016652226300550e+01
5.742357642768454389e+04 1.253772778567156274e+04 9.927809473951522534e+01
5.742357642962288810e+04 1.241848375905026478e+04 9.895333197855624974e+01
5.742357643156123959e+04 1.240987196679854787e+04 9.889115829546898340e+01
5.742357643349959108e+04 1.226288619503252448e+04 9.839646927985123170e+01
5.742357643543794256e+04 1.254516836730350406e+04 9.937753159797897240e+01
5.742357643737629405e+04 1.269414356485599637e+04 9.977609947961816772e+01
5.742357643931464554e+04 1.259233408327493635e+04 9.951026374871479163e+01
5.742357644125299703e+04 1.246546657592672636e+04 9.907265881469670887e+01
5.742357644319134852e+04 1.217720424180245755e+04 9.820296734317120979e+01
5.742357644512970001e+04 1.242189304170015384e+04 9.896783686636331367e+01
5.742357644706805149e+04 1.235688717697065840e+04 9.872274504769238490e+01
