2.457481060525999870e+06 1.204290934244792879e+03 1.545594489639673270e+02
2.457481060556223150e+06 1.340735107421875000e+03 1.542866429399011565e+02
2.457481060586446896e+06 1.368847005208332121e+03 1.542404027346379962e+02
2.457481060616670176e+06 1.158769205729167879e+03 1.543195158069307240e+02
2.457481060646893457e+06 1.060806152343750000e+03 1.541767803977479332e+02
2.457481060677117202e+06 1.080187825520828483e+03 1.541348804767358445e+02
2.457481060707340483e+06 9.591326497395821207e+02 1.547138714025496995e+02
2.457481060737563763e+06 1.203481770833332121e+03 1.543434704190215996e+02
2.457481060767787043e+06 1.176880452473960759e+03 1.544708229649734506e+02
2.457481060798010789e+06 9.535340983072928793e+02 1.541041339375019561e+02
2.457481060828234069e+06 1.153350504557292879e+03 1.539372564622867401e+02
2.457481060858457349e+06 1.117012613932296517e+03 1.538703098873752992e+02
2.457481060888681095e+06 1.441081624348953483e+03 1.545946759739476875e+02
2.457481060918904375e+06 1.255296142578125000e+03 1.544969818894684295e+02
2.457481060949127655e+06 1.070133951822917879e+03 1.543573178265726824e+02
2.457481060979351401e+06 1.308959960937500000e+03 1.544445318110361711e+02
2.457481061009574682e+06 1.446717447916664241e+03 1.547033245088421438e+02
2.457481061039797962e+06 1.426883138020835759e+03 1.545468208328977937e+02
2.457481061070021242e+06 1.373440511067710759e+03 1.545017673343984086e+02
2.457481061100244988e+06 1.134993733723957121e+03 1.541246250885559164e+02
2.457481061130468268e+06 9.982481282552107587e+02 1.542198619990061275e+02
2.457481061160691548e+06 1.139847574869785603e+03 1.542576836047543054e+02
2.457481061190915294e+06 1.042549641927082121e+03 1.539134149571409864e+02
2.457481061221138574e+06 1.221751464843753638e+03 1.546084599361120695e+02
