2.457481060525999870e+06 1.986338623046875000e+03 1.572908466952127640e+02
2.457481060556223150e+06 2.120889729817710759e+03 1.573454220645279520e+02
2.457481060586446896e+06 2.197685221354167879e+03 1.573262238340641659e+02
2.457481060616670176e+06 2.131442220052082121e+03 1.573032264261509567e+02
2.457481060646893457e+06 2.303434651692707121e+03 1.576656185858277297e+02
2.457481060677117202e+06 1.844953694661460759e+03 1.568709461289154206e+02
2.457481060707340483e+06 2.087925455729160603e+03 1.571328834342749872e+02
2.457481060737563763e+06 2.056996744791671517e+03 1.571275271960404609e+02
2.457481060767787043e+06 2.137455485026042879e+03 1.571699139508207850e+02
2.457481060798010789e+06 1.963713948567710759e+03 1.567296692594548517e+02
2.457481060828234069e+06 1.844630940755207121e+03 1.570155037672365097e+02
2.457481060858457349e+06 1.978685628255214397e+03 1.572416095200348138e+02
2.457481060888681095e+06 2.291396565755203483e+03 1.575552936153125358e+02
2.457481060918904375e+06 2.128080973307289241e+03 1.573387504303520927e+02
2.457481060949127655e+06 2.276455322265625000e+03 1.575991586656609229e+02
2.457481060979351401e+06 2.191006266276039241e+03 1.577618150736714426e+02
2.457481061009574682e+06 2.440428710937500000e+03 1.577382539837962554e+02
2.457481061039797962e+06 2.179540852864589397e+03 1.572149796332508913e+02
2.457481061070021242e+06 2.167933024088539241e+03 1.570922015514056227e+02
2.457481061100244988e+06 1.935663167317703483e+03 1.571237217977803198e+02
2.457481061130468268e+06 2.112316406250000000e+03 1.574484070937821798e+02
2.457481061160691548e+06 1.984677246093746362e+03 1.572396793448758956e+02
2.457481061190915294e+06 2.029984130859382276e+03 1.574916231608497696e+02
2.457481061221138574e+06 2.163625732421878638e+03 1.574635901262618631e+02
