5.736751016459999664e+04 1.947701398332668032e+04 1.494553258621719181e+02
5.736751016846676794e+04 1.955640487042673340e+04 1.495498497577502235e+02
5.736751017233353923e+04 1.936217151872485556e+04 1.489971487659916534e+02
5.736751017620030325e+04 1.951042116619160515e+04 1.491196027727135913e+02
5.736751018006707454e+04 1.932850729692919049e+04 1.489359875049999289e+02
5.736751018393384584e+04 1.941176500418125943e+04 1.490886184633362745e+02
5.736751018780061713e+04 1.965815633863796756e+04 1.495587330417148166e+02
5.736751019166738115e+04 1.964796438012368162e+04 1.495145829501845185e+02
5.736751019553415244e+04 1.966364042121346574e+04 1.495428771901667346e+02
5.736751019940092374e+04 1.951891085588190981e+04 1.493687936085795229e+02
5.736751020326769503e+04 1.943014643114878709e+04 1.491617406071519554e+02
5.736751020713445905e+04 1.957911689188830132e+04 1.493023679811507236e+02
5.736751021100123035e+04 1.953294042606795119e+04 1.491996311501111450e+02
5.736751021486800164e+04 1.973002897940533148e+04 1.494075847676567719e+02
5.736751021873477293e+04 1.973708744176491018e+04 1.493562325519883984e+02
5.736751022260153695e+04 1.976051849212034722e+04 1.494265753173528708e+02
5.736751022646830825e+04 1.955829333224803122e+04 1.493466345478957464e+02
5.736751023033507954e+04 1.971911141972615587e+04 1.496294183552956270e+02
5.736751023420185084e+04 1.982437020340006711e+04 1.500455497906208961e+02
5.736751023806861485e+04 1.948356657390355394e+04 1.494746547041062001e+02
5.736751024193538615e+04 1.953080790818791866e+04 1.496735830252137589e+02
5.736751024580215744e+04 1.980243502797973633e+04 1.502172271899464704e+02
5.736751024966892874e+04 1.975800137939295382e+04 1.499787537713489201e+02
5.736751025353570003e+04 1.990296858477201386e+04 1.499373161973620086e+02
5.736751025740246405e+04 2.001314165778521783e+04 1.501661062578822907e+02
5.736751026126923534e+04 2.020572846638434567e+04 1.503537558938342045e+02
5.736751026513600664e+04 2.023271795848823967e+04 1.506555660978785909e+02
5.736751026900277793e+04 2.058924697126606770e+04 1.514206423701272968e+02
5.736751027286954195e+04 2.108208967335074703e+04 1.525185932641065563e+02
5.736751027673631324e+04 2.141740187892349786e+04 1.531987422688994798e+02
5.736751028060308454e+04 2.186435724556462083e+04 1.538579132067922615e+02
5.736751028446985583e+04 2.272557753269582463e+04 1.552741432941460289e+02
5.736751028833661985e+04 2.334815966929348724e+04 1.566796334844864873e+02
5.736751029220339115e+04 2.420060496741346651e+04 1.584380825461751954e+02
5.736751029607016244e+04 2.505426357412752259e+04 1.603463884712912773e+02
5.736751029993693373e+04 2.710379043821575033e+04 1.643489084305685424e+02
5.736751030380369775e+04 2.766963485718636730e+04 1.651367201545276373e+02
5.736751030767046905e+04 2.870138376124190836e+04 1.672752582187638097e+02
5.736751031153724034e+04 2.910479289050642183e+04 1.680514370585927679e+02
5.736751031540401164e+04 2.899309831786900759e+04 1.680537389914262008e+02
5.736751031927077565e+04 2.858513033969526441e+04 1.674314949796451515e+02
5.736751032313754695e+04 2.851992094605167949e+04 1.671792767204178745e+02
5.736751032700431824e+04 2.833569593374577380e+04 1.664369076003572729e+02
5.736751033087108954e+04 2.872048799433499516e+04 1.669340809088217839e+02
5.736751033473785355e+04 2.857516882574632473e+04 1.664807513021772536e+02
5.736751033860462485e+04 2.897432622704681125e+04 1.672764548434061567e+02
5.736751034247139614e+04 2.902496999595440138e+04 1.672624751615013849e+02
5.736751034633816744e+04 2.982883111179090338e+04 1.686473543804233088e+02
5.736751035020493873e+04 3.026023340351869410e+04 1.695722607598120817e+02
5.736751035407170275e+04 3.079151033953970909e+04 1.706650396619419325e+02
5.736751035793847404e+04 3.086991820015160192e+04 1.711224461695240393e+02
5.736751036180524534e+04 3.075596602699553114e+04 1.709346931755291052e+02
5.736751036567201663e+04 3.060157737001480564e+04 1.707939392276703643e+02
5.736751036953878065e+04 3.067603879454895650e+04 1.708899060112401287e+02
5.736751037340555195e+04 3.050894517100479788e+04 1.705359409245730831e+02
5.736751037727232324e+04 3.065423337614076081e+04 1.707919098490980332e+02
5.736751038113909453e+04 3.060299544252327905e+04 1.709604938693538259e+02
5.736751038500585855e+04 3.020463340017769951e+04 1.700470499001521318e+02
5.736751038887262985e+04 2.893804411053180229e+04 1.678563639072191336e+02
5.736751039273940114e+04 2.832643968222298281e+04 1.667496627736625499e+02
5.736751039660617243e+04 2.808369525898881693e+04 1.664952997162060626e+02
5.736751040047293645e+04 2.847454078698007652e+04 1.671793134286450311e+02
5.736751040433970775e+04 2.948470249649236212e+04 1.691613699266138440e+02
5.736751040820647904e+04 3.053760709804212820e+04 1.710916157525810490e+02
5.736751041207325034e+04 3.117946665185668462e+04 1.718697368723259160e+02
5.736751041594001435e+04 3.143077440888143974e+04 1.723482194851063980e+02
5.736751041980678565e+04 3.171611343926967675e+04 1.726772378862887081e+02
5.736751042367355694e+04 3.116857866325243231e+04 1.713667772485390799e+02
5.736751042754032824e+04 3.036512994207697557e+04 1.700432080515205371e+02
5.736751043140709953e+04 2.983301844459322820e+04 1.691935654132235243e+02
5.736751043527386355e+04 2.997001355539594806e+04 1.692391641962904600e+02
5.736751043914063484e+04 3.020038207570242594e+04 1.695812417476144844e+02
5.736751044300740614e+04 3.055240301740612267e+04 1.700967285393056159e+02
5.736751044687417743e+04 3.113389060593382237e+04 1.710808742426577567e+02
5.736751045074094145e+04 3.127292394588624302e+04 1.714870231570577630e+02
5.736751045460771275e+04 3.130443844880663892e+04 1.711390545417953604e+02
5.736751045847448404e+04 3.108285846642130491e+04 1.705175721536177775e+02
5.736751046234125533e+04 3.060009488068689825e+04 1.695351197980543816e+02
5.736751046620801935e+04 3.048381719478133891e+04 1.691523530102453492e+02
5.736751047007479065e+04 2.984903948933394713e+04 1.678226230591850765e+02
5.736751047394156194e+04 3.027790834254518268e+04 1.686247885322108573e+02
5.736751047780833323e+04 3.066966843478723604e+04 1.691153923256105998e+02
5.736751048167509725e+04 3.082892638998675829e+04 1.694613952911697936e+02
5.736751048554186855e+04 3.074375949684174702e+04 1.691332266714625518e+02
5.736751048940863984e+04 3.052664763293537180e+04 1.688126558133621131e+02
5.736751049327541114e+04 3.003451049180728296e+04 1.677514372576196422e+02
5.736751049714217515e+04 2.923481419225193531e+04 1.662307800018310502e+02
5.736751050100894645e+04 2.875939265902110856e+04 1.653173233306021359e+02
5.736751050487571774e+04 2.851426054955476138e+04 1.647930447833479093e+02
5.736751050874248904e+04 2.925415235866957300e+04 1.662483800877921283e+02
5.736751051260925306e+04 2.971643126755177946e+04 1.671454029565944950e+02
5.736751051647602435e+04 3.042063824468502571e+04 1.684983965548502738e+02
5.736751052034279564e+04 3.144325029400183121e+04 1.703385652517852407e+02
5.736751052420956694e+04 3.183509226455221506e+04 1.710068121494025206e+02
5.736751052807633823e+04 3.171937218987837696e+04 1.708609259851633624e+02
5.736751053194310225e+04 3.169803673455904936e+04 1.706019971020341188e+02
5.736751053580987355e+04 3.129972356700925593e+04 1.700074363045401640e+02
5.736751053967664484e+04 3.034956406488994253e+04 1.683793309353901009e+02
5.736751054354341613e+04 2.994290495233045294e+04 1.676101298842800702e+02
5.736751054741018015e+04 3.067259761484145565e+04 1.688176381289515575e+02
5.736751055127695145e+04 3.102680871135491907e+04 1.693527656508161954e+02
5.736751055514372274e+04 3.162341467639624170e+04 1.706111906203442743e+02
5.736751055901049403e+04 3.110914095999542769e+04 1.696573643327986645e+02
5.736751056287725805e+04 3.036038831635891984e+04 1.683007263806350977e+02
5.736751056674402935e+04 2.951413604737232527e+04 1.666884583871968175e+02
5.736751057061080064e+04 2.948847952192021694e+04 1.666785588786333392e+02
5.736751057447757194e+04 3.077922669025764480e+04 1.690498987945993008e+02
5.736751057834433595e+04 3.209451150573034465e+04 1.715258042909606218e+02
5.736751058221110725e+04 3.246632492441729846e+04 1.721348397638128631e+02
5.736751058607787854e+04 3.107158897538173915e+04 1.697791822374073831e+02
5.736751058994464984e+04 3.010794796279418370e+04 1.679932708403844686e+02
5.736751059381141386e+04 3.013960253295152506e+04 1.679829286044773937e+02
5.736751059767818515e+04 3.101644657887829817e+04 1.695130775478287717e+02
5.736751060154495644e+04 3.183261214287752955e+04 1.710158019459165928e+02
5.736751060541172774e+04 3.176808119630510555e+04 1.709072783847314554e+02
5.736751060927849903e+04 3.103324144659989543e+04 1.697849756688079310e+02
5.736751061314526305e+04 2.945885293599542274e+04 1.667711030286685912e+02
5.736751061701203434e+04 2.840698322235258820e+04 1.647803612838132494e+02
5.736751062087880564e+04 2.787856893586105434e+04 1.635750568496454207e+02
5.736751062474557693e+04 2.736091751664859476e+04 1.628346211591423298e+02
5.736751062861234095e+04 2.736342423383211644e+04 1.627508651079547519e+02
5.736751063247911225e+04 2.732119901858248340e+04 1.625886089859824040e+02
5.736751063634588354e+04 2.791222661698291267e+04 1.637359254584351902e+02
5.736751064021265483e+04 2.862010193668952707e+04 1.650896222712476344e+02
5.736751064407941885e+04 2.935715312722419912e+04 1.665339513388711339e+02
5.736751064794619015e+04 2.974162224016731489e+04 1.672425482043632883e+02
5.736751065181296144e+04 3.038580523397609068e+04 1.684327530192697111e+02
5.736751065567973274e+04 3.054264103447905654e+04 1.687594029132945366e+02
5.736751065954649675e+04 3.024982319798181197e+04 1.683452532390028011e+02
5.736751066341326805e+04 3.035407643007532170e+04 1.684814101057466758e+02
5.736751066728003934e+04 3.047784724234390887e+04 1.686039813666548355e+02
5.736751067114681064e+04 3.091687925938865374e+04 1.694925124222538386e+02
5.736751067501357466e+04 3.120712578715461132e+04 1.699820443859345573e+02
5.736751067888034595e+04 3.144477253965450291e+04 1.705896193197861805e+02
5.736751068274711724e+04 3.188289027850360435e+04 1.713851147839804980e+02
5.736751068661388854e+04 3.236367871757829926e+04 1.718960070475268367e+02
5.736751069048065983e+04 3.217037296767260705e+04 1.716939930759933475e+02
5.736751069434742385e+04 3.163223251348248596e+04 1.707246108999346177e+02
5.736751069821419514e+04 3.067927363360387972e+04 1.688090430668861472e+02
5.736751070208096644e+04 2.917054196221897291e+04 1.661588045354343990e+02
5.736751070594773773e+04 2.835206635895849104e+04 1.645340905922458035e+02
5.736751070981450175e+04 2.813763562866012944e+04 1.640892842454703384e+02
5.736751071368127305e+04 2.810687197840665613e+04 1.641415693200559929e+02
5.736751071754804434e+04 2.807505877016287559e+04 1.640733911253976487e+02
5.736751072141481563e+04 2.746731563363745227e+04 1.629518435033302808e+02
5.736751072528157965e+04 2.731401973578248726e+04 1.625932791121008734e+02
5.736751072914835095e+04 2.699624909038513579e+04 1.620094957915466978e+02
5.736751073301512224e+04 2.692660580477525946e+04 1.618287788368646147e+02
5.736751073688189354e+04 2.611663982291745924e+04 1.602383695897557345e+02
5.736751074074865755e+04 2.520151725347615866e+04 1.584158855492211728e+02
5.736751074461542885e+04 2.413154970643123670e+04 1.563722274556737091e+02
5.736751074848220014e+04 2.356381589796194748e+04 1.552600823592489405e+02
5.736751075234897144e+04 2.299628449068954069e+04 1.540869324554262789e+02
5.736751075621573546e+04 2.213032695148809580e+04 1.521941528646349866e+02
5.736751076008250675e+04 2.134402501405811927e+04 1.507217134670447081e+02
5.736751076394927804e+04 2.125013724528583407e+04 1.505749258855027506e+02
5.736751076781604934e+04 2.122018856567201146e+04 1.503914333955186464e+02
5.736751077168281336e+04 2.078990191273192249e+04 1.495352632245553366e+02
5.736751077554958465e+04 2.052655868904357703e+04 1.489769969745203468e+02
5.736751077941635594e+04 2.048641451220286399e+04 1.488954876785853685e+02
5.736751078328312724e+04 2.025974860134023766e+04 1.484514443242086656e+02
5.736751078714989853e+04 2.007730080889135934e+04 1.481544917027035524e+02
5.736751079101666255e+04 2.051306301951450587e+04 1.488744408995418951e+02
5.736751079488343385e+04 2.005238573610219100e+04 1.479307507832193664e+02
5.736751079875020514e+04 2.014743669230533487e+04 1.480589602131250615e+02
5.736751080261697643e+04 2.011173522489191600e+04 1.480439937039139409e+02
5.736751080648374045e+04 1.996134959735548910e+04 1.478091016582094710e+02
5.736751081035051175e+04 1.986636289608211518e+04 1.475330867888796149e+02
5.736751081421728304e+04 1.996197468494511850e+04 1.476591846418972125e+02
5.736751081808405434e+04 2.006495449198771166e+04 1.479462726228913994e+02
5.736751082195081835e+04 1.996036670877676806e+04 1.476856190813135470e+02
5.736751082581758965e+04 1.994362221202228102e+04 1.476619746179569574e+02
5.736751082968436094e+04 1.987230661133988178e+04 1.477260650153486949e+02
5.736751083355113224e+04 1.967105829810082651e+04 1.472616293722761043e+02
5.736751083741789625e+04 1.973491908643396164e+04 1.474526010570324672e+02
5.736751084128466755e+04 1.983562861584197526e+04 1.474855565391922312e+02
5.736751084515143884e+04 1.997904502105695428e+04 1.477277589652081815e+02
5.736751084901821014e+04 1.993503866139858292e+04 1.477995771477737037e+02
5.736751085288497416e+04 1.997769340096502128e+04 1.478240614180590740e+02
5.736751085675174545e+04 2.008350736631885957e+04 1.479616988214714866e+02
5.736751086061851674e+04 1.995631957744054671e+04 1.478633697796902027e+02
