5.736835163689999899e+04 -1.435987821726415859e+03 1.767817706898539143e+02
5.736835164013299072e+04 -6.330520995435908844e+02 1.783312997491052840e+02
5.736835164336597518e+04 2.697741824824843206e+02 1.799118783210942922e+02
5.736835164659896691e+04 1.285052669323420560e+03 1.813870362006565529e+02
5.736835164983195136e+04 2.124247595977452875e+03 1.829701726075350905e+02
5.736835165306494309e+04 2.638736017705257836e+03 1.839361509779136270e+02
5.736835165629793482e+04 3.393712828776588140e+03 1.856566066851004564e+02
5.736835165953091928e+04 4.546016938549557381e+03 1.869391736741590933e+02
5.736835166276391101e+04 5.581156717730333185e+03 1.884362491922255174e+02
5.736835166599689546e+04 6.030304844770966156e+03 1.892692704257684966e+02
5.736835166922988719e+04 7.286412734186695161e+03 1.912088187911019759e+02
5.736835167246287892e+04 7.675209949924053944e+03 1.921221803749432411e+02
5.736835167569586338e+04 8.748271812263945321e+03 1.938834859475137478e+02
5.736835167892885511e+04 9.165376929304769874e+03 1.946794262423700843e+02
5.736835168216183956e+04 1.022970746073814735e+04 1.962699015922472370e+02
5.736835168539483129e+04 1.098169850630155997e+04 1.977816183081696977e+02
5.736835168862782302e+04 1.197655887809725391e+04 1.989715049665832112e+02
5.736835169186080748e+04 1.278134808672726649e+04 2.002320660557952579e+02
5.736835169509379921e+04 1.364295327373016698e+04 2.016634471210424522e+02
5.736835169832678366e+04 1.447744275758008735e+04 2.029217880244683840e+02
5.736835170155977539e+04 1.518912282554217381e+04 2.039527352946700773e+02
5.736835170479276712e+04 1.633542489648651826e+04 2.054301899763534038e+02
5.736835170802575158e+04 1.693045794430928800e+04 2.066454354339052202e+02
5.736835171125874331e+04 1.785162373835414473e+04 2.079486144961129810e+02
5.736835171449172776e+04 1.887624755029423250e+04 2.093673761923663221e+02
5.736835171772471949e+04 1.936606533263875099e+04 2.105376615996236467e+02
5.736835172095770395e+04 2.045966465751888609e+04 2.117973824458944136e+02
5.736835172419069568e+04 2.165092994787320276e+04 2.138076906985930066e+02
5.736835172742368741e+04 2.184255884321013946e+04 2.139420061772391648e+02
5.736835173065667186e+04 2.269727022263030813e+04 2.153356621118627743e+02
5.736835173388966359e+04 2.369132983402541868e+04 2.165118511982405778e+02
5.736835173712264805e+04 2.460910544161825601e+04 2.180216348515460254e+02
5.736835174035563978e+04 2.508309791653987486e+04 2.189747760302089432e+02
5.736835174358863151e+04 2.575485804859103882e+04 2.199804865072457289e+02
5.736835174682161596e+04 2.686603856616343546e+04 2.214425161989753121e+02
5.736835175005460769e+04 2.764735640002655418e+04 2.224406007515947294e+02
5.736835175328759215e+04 2.881167242775175328e+04 2.241444188683857988e+02
5.736835175652058388e+04 2.943441361927378239e+04 2.251977117162540765e+02
5.736835175975357561e+04 3.046632047574088574e+04 2.263867962839239567e+02
5.736835176298656006e+04 3.136818038457130024e+04 2.276547663171035651e+02
5.736835176621955179e+04 3.231838732524367879e+04 2.289691310028765372e+02
5.736835176945253625e+04 3.282698743633700360e+04 2.295417872952218374e+02
5.736835177268552798e+04 3.366522247143934510e+04 2.308727683273739899e+02
5.736835177591851971e+04 3.453649701290173834e+04 2.319682337574092799e+02
5.736835177915150416e+04 3.550744884293968789e+04 2.332033649000420610e+02
5.736835178238449589e+04 3.602953215113280748e+04 2.335121712348571918e+02
5.736835178561748035e+04 3.757956397314232890e+04 2.357326571616540036e+02
5.736835178885047208e+04 3.832050884419660724e+04 2.368735678034707064e+02
5.736835179208346381e+04 3.903056986753778619e+04 2.378423402285575321e+02
5.736835179531644826e+04 3.967004440381968016e+04 2.388811786670017057e+02
5.736835179854943999e+04 4.015976666617844603e+04 2.392114526762716196e+02
5.736835180178242445e+04 4.128822469763216213e+04 2.406620166538489229e+02
5.736835180501541618e+04 4.180448959754045063e+04 2.414057566047685270e+02
5.736835180824840791e+04 4.316275236808363115e+04 2.430911886652369560e+02
5.736835181148139236e+04 4.342931207351815829e+04 2.437339953077865005e+02
5.736835181471438409e+04 4.476985672775009152e+04 2.451446595128118418e+02
5.736835181794736854e+04 4.559963890110791544e+04 2.462777833811184109e+02
5.736835182118036028e+04 4.597592094512325275e+04 2.467904712263210740e+02
5.736835182441335201e+04 4.705533691017743695e+04 2.480625258034678211e+02
5.736835182764633646e+04 4.802722922159761220e+04 2.489869163020446479e+02
5.736835183087932819e+04 4.876031466666841152e+04 2.500174394186973359e+02
5.736835183411231264e+04 4.960911510793991329e+04 2.514037469417684747e+02
5.736835183734530438e+04 5.068611782456418587e+04 2.526985389394710637e+02
5.736835184057829611e+04 5.156266104992258624e+04 2.536927018415919974e+02
5.736835184381128056e+04 5.158249536185544275e+04 2.536699607937046324e+02
5.736835184704427229e+04 5.229653273048642586e+04 2.546426480956058072e+02
5.736835185027725674e+04 5.324214420170985977e+04 2.560482195006373445e+02
5.736835185351024847e+04 5.372118519257644948e+04 2.569882474471129967e+02
5.736835185674323293e+04 5.404544375102173944e+04 2.584931417105595983e+02
5.736835185997622466e+04 5.256365243609130266e+04 2.617269166806464114e+02
5.736835186320921639e+04 4.648322932511477120e+04 2.659236916228259702e+02
5.736835186644220084e+04 4.388237154199775978e+04 2.692579585250959440e+02
5.736835186967519257e+04 4.291107804081919312e+04 2.713298769468913179e+02
5.736835187290817703e+04 4.573434616779655335e+04 2.717322071533436656e+02
5.736835187614116876e+04 4.551399805160996766e+04 2.731725899253701755e+02
5.736835187937416049e+04 4.451463210048565816e+04 2.753942794920270103e+02
5.736835188260714494e+04 4.405194627887901152e+04 2.765074963188910715e+02
5.736835188584013667e+04 4.305747753689625097e+04 2.788598698364882011e+02
5.736835188907312113e+04 4.761710713525838219e+04 2.792291759423010262e+02
5.736835189230611286e+04 4.983822820776976732e+04 2.812352191025760249e+02
5.736835189553910459e+04 5.364613657154925022e+04 2.861545715864924659e+02
5.736835189877208904e+04 6.143350447861028078e+04 2.963940475332001938e+02
5.736835190200508077e+04 1.023366585444800876e+05 3.327197373962379743e+02
5.736835190523806523e+04 2.044617769936044060e+05 4.160904134310853806e+02
5.736835190847105696e+04 2.710894866782373283e+05 4.647662959106600624e+02
5.736835191170404869e+04 2.939761852427310660e+05 4.814732128495382995e+02
5.736835191493703314e+04 2.741280109726223163e+05 4.683384777709147215e+02
5.736835191817002487e+04 2.841429008561442606e+05 4.743370390450888294e+02
5.736835192140300933e+04 3.244827616821860429e+05 5.002669062952030572e+02
5.736835192463600106e+04 3.329308687296637800e+05 5.071155706864114450e+02
5.736835192786899279e+04 3.752392644055526471e+05 5.334729252943516258e+02
5.736835193110197724e+04 3.349098205998262856e+05 5.092189423393295442e+02
5.736835193433496897e+04 3.246507502583387541e+05 5.024770402136550160e+02
5.736835193756795343e+04 3.299516640483327210e+05 5.069056848187074138e+02
5.736835194080094516e+04 3.480302693256580387e+05 5.148445216851928308e+02
5.736835194403393689e+04 3.158855820623284671e+05 4.874058356173634934e+02
5.736835194726692134e+04 2.884298258856502362e+05 4.647456143155171731e+02
5.736835195049991307e+04 3.131336966359961662e+05 4.786551412456534536e+02
5.736835195373289753e+04 3.375019998780443566e+05 4.935376290207022407e+02
5.736835195696588926e+04 3.372086145183568588e+05 4.930174169420114367e+02
5.736835196019888099e+04 3.341706772955336492e+05 4.909695688734003056e+02
5.736835196343186544e+04 3.287757877880129963e+05 4.875832888025602756e+02
5.736835196666485717e+04 3.622669098775112652e+05 5.086107839321737174e+02
5.736835196989784163e+04 3.779638087500452530e+05 5.181046751137897672e+02
5.736835197313083336e+04 3.853643894415313262e+05 5.224919021931888210e+02
5.736835197636382509e+04 3.666515315001338604e+05 5.110064132338391687e+02
5.736835197959680954e+04 3.729712244046009728e+05 5.150060019672437193e+02
5.736835198282980127e+04 3.292485901633510948e+05 4.876522953240507832e+02
5.736835198606278573e+04 2.008643290214449516e+05 3.972241212075053909e+02
5.736835198929577746e+04 1.204092335251273907e+05 3.275931169170119119e+02
5.736835199252876191e+04 9.339683998053854157e+04 3.007388228162799919e+02
5.736835199576175364e+04 8.125672008850878046e+04 2.877266548156682120e+02
5.736835199899474537e+04 7.627579027645380120e+04 2.824671544839299031e+02
5.736835200222772983e+04 7.386085424785183568e+04 2.797414171018028810e+02
5.736835200546072156e+04 7.262721364430105314e+04 2.784509841050153796e+02
5.736835200869370601e+04 7.252003152491783840e+04 2.782740456904404027e+02
5.736835201192669774e+04 6.964129253528860863e+04 2.773767535974839689e+02
5.736835201515968947e+04 7.019934316522401059e+04 2.770792191586391482e+02
5.736835201839267393e+04 7.057945170870985021e+04 2.761532168538740279e+02
5.736835202162566566e+04 7.133266758674051380e+04 2.769184193910796239e+02
5.736835202485865011e+04 7.099444768041712814e+04 2.764005314026737778e+02
5.736835202809164184e+04 7.101510385606142518e+04 2.763759091105075072e+02
5.736835203132463357e+04 7.061045528457753244e+04 2.760690678673528851e+02
5.736835203455761803e+04 7.103756208425346995e+04 2.763368548725620144e+02
5.736835203779060976e+04 7.063611066464321630e+04 2.760990840808875078e+02
5.736835204102359421e+04 7.083215385446610162e+04 2.762113970470959430e+02
5.736835204425658594e+04 7.038375111333077075e+04 2.755495321637207553e+02
5.736835204748957767e+04 7.101884254286465875e+04 2.760892051398735703e+02
5.736835205072256213e+04 7.022728742167717428e+04 2.754733303649823029e+02
5.736835205395555386e+04 7.022543651766312541e+04 2.756115281083044124e+02
5.736835205718853831e+04 7.084010099924210226e+04 2.761998072161190407e+02
5.736835206042153004e+04 7.025870224446419161e+04 2.755810046940684401e+02
5.736835206365452177e+04 7.009916925040597562e+04 2.755577163307665955e+02
5.736835206688750623e+04 7.390101482083433075e+04 2.796434835411031372e+02
5.736835207012049796e+04 7.029106437725987053e+04 2.753969606198127735e+02
5.736835207335348241e+04 7.052452033455275523e+04 2.760192226723251565e+02
5.736835207658647414e+04 7.052080995118033024e+04 2.756520567592240809e+02
5.736835207981946587e+04 7.039583376731981116e+04 2.756091786202522940e+02
5.736835208305245033e+04 7.059187080366024747e+04 2.755681943219856294e+02
5.736835208628544206e+04 7.048729439439324779e+04 2.756252724758039676e+02
5.736835208951842651e+04 6.975615732614845911e+04 2.752374082778313777e+02
5.736835209275141824e+04 6.997666433053760557e+04 2.752710237651211287e+02
5.736835209598440997e+04 7.026007495340189780e+04 2.755199656428963522e+02
5.736835209921739443e+04 7.043022764648606244e+04 2.758195596467529640e+02
5.736835210245038616e+04 7.067639450287604996e+04 2.759480747778735577e+02
5.736835210568337061e+04 7.055242970207621693e+04 2.756956144872714276e+02
5.736835210891636234e+04 7.097163630159216700e+04 2.763712015550923411e+02
5.736835211214935407e+04 7.051904629096417921e+04 2.757239782352120301e+02
5.736835211538233852e+04 7.037764602513995487e+04 2.756429252821879459e+02
5.736835211861533026e+04 7.026126874632456747e+04 2.755027812751160923e+02
5.736835212184831471e+04 7.062742169460801233e+04 2.757239902183565050e+02
5.736835212508130644e+04 7.045303795821095991e+04 2.755989333587022543e+02
5.736835212831429089e+04 7.052848910966598487e+04 2.758106093104548791e+02
5.736835213154728262e+04 7.046333029870766040e+04 2.755642234327496567e+02
5.736835213478027435e+04 7.042451110073240125e+04 2.757741432483021526e+02
5.736835213801325881e+04 7.004352668878762051e+04 2.754316926219843822e+02
5.736835214124625054e+04 6.996983951107092435e+04 2.751965515825863804e+02
5.736835214447923499e+04 7.020478570877283346e+04 2.752564283028389127e+02
5.736835214771222672e+04 7.021767545725914533e+04 2.754297898780084779e+02
5.736835215094521845e+04 7.006220036301942309e+04 2.751845403707364426e+02
5.736835215417820291e+04 7.005678463346876379e+04 2.754346303595303880e+02
5.736835215741119464e+04 7.001531209794114693e+04 2.750528998745735976e+02
5.736835216064417909e+04 7.045068968918125029e+04 2.757648884546813974e+02
5.736835216387717082e+04 7.068377271265235322e+04 2.757146051804475633e+02
5.736835216711016255e+04 7.015550550673221005e+04 2.751761221994653397e+02
5.736835217034314701e+04 7.016157540005125338e+04 2.754726611030142180e+02
5.736835217357613874e+04 7.020809507366409525e+04 2.753532164022026336e+02
5.736835217680912319e+04 7.036542150700853381e+04 2.757271803137347774e+02
5.736835218004211492e+04 7.071296404805271595e+04 2.760202930698449677e+02
5.736835218327510665e+04 7.044507891581913282e+04 2.755334959441645424e+02
5.736835218650809111e+04 7.040131974049691053e+04 2.757363393271773475e+02
5.736835218974108284e+04 7.082094549948646454e+04 2.759779461331028187e+02
5.736835219297406729e+04 7.026260843236678920e+04 2.754500450800931617e+02
5.736835219620705902e+04 7.078714924081329082e+04 2.760116321259631604e+02
5.736835219944005075e+04 7.046173328531780862e+04 2.758367813837875815e+02
5.736835220267303521e+04 7.032876428575847240e+04 2.752642607007241509e+02
5.736835220590602694e+04 7.035700288527924567e+04 2.755032150387615957e+02
5.736835220913901139e+04 7.113932796384589165e+04 2.763059399874315432e+02
5.736835221237200312e+04 7.144603306856828567e+04 2.763346938166828863e+02
5.736835221560499485e+04 7.195976916292103124e+04 2.767913902376359943e+02
5.736835221883797931e+04 7.155222580103551445e+04 2.763573242416592279e+02
5.736835222207097104e+04 7.137740167573485815e+04 2.765053268826449084e+02
5.736835222530395549e+04 7.110870002864173148e+04 2.762748542850965805e+02
5.736835222853694722e+04 7.178249261561114690e+04 2.768739397838863283e+02
5.736835223176993895e+04 7.114863209137147351e+04 2.762314248125269955e+02
5.736835223500292341e+04 7.067947294954289100e+04 2.758262196744357766e+02
5.736835223823591514e+04 7.100823191487057193e+04 2.761488867780778378e+02
5.736835224146889959e+04 7.127524159601272549e+04 2.763584267491273749e+02
5.736835224470189132e+04 7.136496993834659224e+04 2.765150798209968457e+02
5.736835224793488305e+04 7.036235242390404164e+04 2.765693684162456520e+02
5.736835225116786751e+04 7.166353300676037907e+04 2.766626706005383767e+02
5.736835225440085924e+04 7.062678016011251020e+04 2.765460402078679749e+02
5.736835225763384369e+04 6.988175952713882725e+04 2.765680558443436894e+02
5.736835226086683542e+04 7.140899522374426306e+04 2.767440162341857786e+02
5.736835226409981988e+04 7.128544850880927697e+04 2.767259746153686706e+02
5.736835226733281161e+04 7.126860150798353425e+04 2.764551607008990004e+02
5.736835227056580334e+04 7.102433907972436282e+04 2.764492746101359444e+02
5.736835227379878779e+04 7.086903142697806470e+04 2.759197879155072428e+02
5.736835227703177952e+04 7.010647749693071819e+04 2.754096888019781204e+02
5.736835228026476398e+04 7.074662035298161209e+04 2.760208440703969472e+02
5.736835228349775571e+04 7.092719831028010231e+04 2.763595018080198997e+02
5.736835228673074744e+04 7.074053813068557065e+04 2.762543989228456098e+02
5.736835228996373189e+04 7.022994095332591678e+04 2.756356598137447804e+02
5.736835229319672362e+04 7.085684331119495619e+04 2.763595612074933570e+02
5.736835229642970808e+04 7.118550177918441477e+04 2.765646087658348620e+02
5.736835229966269981e+04 7.095876872273093613e+04 2.762665468278113394e+02
5.736835230289569154e+04 7.024025609558014548e+04 2.758174871939925197e+02
5.736835230612867599e+04 7.101727506691581220e+04 2.765283795359047190e+02
5.736835230936166772e+04 7.063081578656363126e+04 2.757978309626400915e+02
5.736835231259465218e+04 7.095095076034736121e+04 2.762257212303750293e+02
5.736835231582764391e+04 7.106701084502000595e+04 2.763171109670075793e+02
5.736835231906063564e+04 7.142178131646927795e+04 2.765678506783121975e+02
5.736835232229362009e+04 7.105277601951792894e+04 2.763666090292953186e+02
5.736835232552661182e+04 7.145368946742075786e+04 2.765459120447602004e+02
5.736835232875959628e+04 7.105665902407579415e+04 2.761944904664160276e+02
5.736835233199258801e+04 7.021266782765752578e+04 2.754201219754056638e+02
