2.457363984852499794e+06 1.098939954275678247e+04 1.314360346701266167e+02
2.457363984869050793e+06 1.095808878139131048e+04 1.313897919467812301e+02
2.457363984885601792e+06 1.112213517441860495e+04 1.307801375124502101e+02
2.457363984902152792e+06 1.091276235969800109e+04 1.294831261684110189e+02
2.457363984918703325e+06 1.048652927668766642e+04 1.301247191067670030e+02
2.457363984935254324e+06 1.063196745548691433e+04 1.304312434070351117e+02
2.457363984951805323e+06 1.080051930414243725e+04 1.310958128468904818e+02
2.457363984968356322e+06 1.065872894965278465e+04 1.304593683810767288e+02
2.457363984984907322e+06 1.019463169462613223e+04 1.301353629245053014e+02
2.457363985001457855e+06 1.089241102178214351e+04 1.309269805840243066e+02
2.457363985018008854e+06 1.096495780341568752e+04 1.305760117299574858e+02
2.457363985034559853e+06 1.106219583232397054e+04 1.293630440248343803e+02
2.457363985051110853e+06 1.145193016947271099e+04 1.317315466539504030e+02
2.457363985067661852e+06 1.105972955274950436e+04 1.304264345511197121e+02
2.457363985084212851e+06 1.114807588168203074e+04 1.314423582746287593e+02
2.457363985100763850e+06 1.126567902636465442e+04 1.311022208505657431e+02
2.457363985117314383e+06 1.115667942506458712e+04 1.305576204492413979e+02
2.457363985133865383e+06 1.076423839228038014e+04 1.300765987623012734e+02
2.457363985150416382e+06 1.126170327640502546e+04 1.304872215004205032e+02
2.457363985166967381e+06 1.120758900092863769e+04 1.314924551507429555e+02
2.457363985183518380e+06 1.084166098645428247e+04 1.314611298042551937e+02
2.457363985200068913e+06 1.115011904978196253e+04 1.307663730114518899e+02
2.457363985216619913e+06 1.075117265978280193e+04 1.305587668104258512e+02
2.457363985233170912e+06 1.112746756399385049e+04 1.305894004792120313e+02
2.457363985249721911e+06 1.115012070514372135e+04 1.297102175675070441e+02
2.457363985266272910e+06 1.196445646852796199e+04 1.313702244109684045e+02
2.457363985282823909e+06 1.131576977854488541e+04 1.309005111130889247e+02
2.457363985299374908e+06 1.090644748263887959e+04 1.304334271330263277e+02
2.457363985315925442e+06 1.132979265584624227e+04 1.313374734205313814e+02
2.457363985332476441e+06 1.019879088945418698e+04 1.297379992818196399e+02
2.457363985349027440e+06 1.086634665697673154e+04 1.316179114797359375e+02
2.457363985365578439e+06 1.047610276364662968e+04 1.311021420469052998e+02
2.457363985382129438e+06 1.058283694686691342e+04 1.316234814463724661e+02
2.457363985398679972e+06 1.011307212431361950e+04 1.316717224664919001e+02
2.457363985415230971e+06 1.058204232780205348e+04 1.315713998011180195e+02
2.457363985431781970e+06 1.078949652273093125e+04 1.315511439410702792e+02
2.457363985448332969e+06 1.053433467579133321e+04 1.305438426671455829e+02
2.457363985464883968e+06 1.052884606902050109e+04 1.305715756496844620e+02
2.457363985481434967e+06 1.063354842942505456e+04 1.321560875061672107e+02
2.457363985497985967e+06 1.064208185965767188e+04 1.312422536825733062e+02
2.457363985514536500e+06 1.040832558896559203e+04 1.312245528597274813e+02
2.457363985531087499e+06 1.020033731528584212e+04 1.309162238439711530e+02
2.457363985547638498e+06 9.835881379198955983e+03 1.307662817303426834e+02
