5.733952772430000186e+04 1.850889092557681215e+04 1.222069885627824135e+02
5.733953192547749495e+04 1.877839737997639168e+04 1.228776882039321663e+02
5.733953612665498076e+04 1.875499246569675233e+04 1.227900515903360912e+02
5.733954032783247385e+04 1.870992698688544624e+04 1.227515742467940640e+02
5.733954452900995966e+04 1.879441871868841918e+04 1.229535403307318973e+02
5.733954873018745275e+04 1.889979197462477168e+04 1.232671632589686226e+02
5.733955293136493856e+04 1.880429078635082988e+04 1.229797593551868431e+02
5.733955713254243165e+04 1.913780031296526795e+04 1.237935166354060783e+02
5.733956133371992473e+04 1.921356068122564466e+04 1.239336303952517540e+02
5.733956553489741054e+04 1.942792002278733344e+04 1.245754083029569443e+02
5.733956973607490363e+04 1.940628533205234999e+04 1.244483261374487739e+02
5.733957393725238944e+04 1.930485633520973715e+04 1.241898484936951661e+02
5.733957813842988253e+04 1.948244784866770715e+04 1.246332866274769628e+02
5.733958233960736834e+04 1.945091147507459391e+04 1.245335909040127973e+02
5.733958654078486143e+04 1.929551707043815259e+04 1.241667394211543467e+02
5.733959074196235451e+04 1.923605552107618132e+04 1.240083307015802774e+02
5.733959494313984032e+04 1.908932959759885125e+04 1.235927437698373410e+02
5.733959914431733341e+04 1.887122197443569166e+04 1.231239428877666882e+02
5.733960334549481922e+04 1.922104114914781530e+04 1.239579732466616377e+02
5.733960754667231231e+04 1.943266965935243570e+04 1.244983008331343086e+02
5.733961174784980540e+04 1.938096644699997341e+04 1.243684485138697227e+02
5.733961594902729121e+04 1.939408919238942690e+04 1.244397444306310092e+02
5.733962015020478430e+04 1.956757982379717578e+04 1.248882676975294999e+02
5.733962435138227011e+04 1.962264090880890581e+04 1.250123266788027792e+02
5.733962855255976319e+04 1.967393433445531991e+04 1.251683104603054204e+02
5.733963275373724900e+04 1.932196648475832990e+04 1.243100981537680525e+02
5.733963695491474209e+04 1.930230378824736908e+04 1.242351677991539987e+02
5.733964115609223518e+04 1.931270629100430597e+04 1.242147766446626775e+02
5.733964535726972099e+04 1.929149289129783574e+04 1.241266574212577893e+02
5.733964955844721408e+04 1.942518416696884378e+04 1.245321697633513338e+02
5.733965375962469989e+04 1.958283720511897627e+04 1.249404610075885245e+02
5.733965796080219297e+04 1.953614310135376581e+04 1.247666501185060923e+02
5.733966216197967879e+04 1.972588927572793546e+04 1.252656673226401551e+02
5.733966636315717187e+04 1.970348151733120903e+04 1.252168639858069952e+02
5.733967056433466496e+04 1.955398714353316609e+04 1.248225077670808645e+02
5.733967476551215077e+04 1.967673017778675421e+04 1.250917305699664297e+02
5.733967896668964386e+04 1.949920217248820700e+04 1.246963037966780377e+02
5.733968316786712967e+04 1.966359447326500231e+04 1.250733725879222504e+02
5.733968736904462276e+04 1.950754777525054669e+04 1.246749824066201882e+02
5.733969157022210857e+04 1.965493792363955072e+04 1.251357350370395665e+02
5.733969577139960165e+04 1.984986772542617473e+04 1.257083410806247059e+02
5.733969997257709474e+04 1.967929735551592603e+04 1.252120892546586077e+02
5.733970417375458055e+04 1.971515147141403577e+04 1.252905014340138194e+02
5.733970837493207364e+04 1.963634773482515448e+04 1.250640824771579531e+02
5.733971257610955945e+04 1.954378576268445977e+04 1.248135556309398311e+02
5.733971677728705254e+04 1.962381203965620080e+04 1.250313041837188166e+02
5.733972097846453835e+04 1.962722362523653646e+04 1.251045389694120189e+02
5.733972517964203143e+04 1.928971476599729795e+04 1.242897895352223259e+02
5.733972938081952452e+04 1.957154578117112032e+04 1.247770231008507409e+02
5.733973358199701033e+04 1.935396104279152496e+04 1.243543357719207307e+02
5.733973778317450342e+04 1.970079035387511612e+04 1.252756529482238648e+02
5.733974198435198923e+04 1.951401496463289732e+04 1.248211425668157943e+02
5.733974618552948232e+04 1.927144814223157664e+04 1.242341924427124553e+02
5.733975038670697541e+04 1.922669541259708785e+04 1.241989545306882405e+02
5.733975458788446122e+04 1.902251190050151854e+04 1.238961614148586534e+02
5.733975878906195430e+04 1.917899968726284715e+04 1.245167186278094391e+02
5.733976299023944011e+04 1.902779826600481465e+04 1.242826359038910056e+02
5.733976719141693320e+04 1.935151898245063057e+04 1.252162226291205798e+02
5.733977139259441901e+04 1.929993595170270055e+04 1.251193328536966760e+02
5.733977559377191210e+04 1.952526658364321338e+04 1.256493399122003893e+02
5.733977979494940519e+04 1.948347504845553340e+04 1.255054323697710430e+02
5.733978399612689100e+04 1.950128062448972923e+04 1.255489239604788452e+02
5.733978819730438408e+04 1.946382284244073162e+04 1.254732407899613946e+02
5.733979239848186990e+04 1.946398165824576063e+04 1.254794191423694656e+02
5.733979659965936298e+04 1.963617320162979740e+04 1.259057025524232785e+02
5.733980080083684879e+04 1.967138737934170422e+04 1.260014530864340543e+02
5.733980500201434188e+04 1.994390767562988549e+04 1.267153239866398025e+02
5.733980920319183497e+04 2.016452150718911435e+04 1.272964009972421877e+02
5.733981340436932078e+04 2.059171487263050949e+04 1.282459211086562902e+02
5.733981760554681387e+04 2.116882393232604227e+04 1.296493218075707432e+02
5.733982180672429968e+04 2.183849436830223931e+04 1.312832427678069394e+02
5.733982600790179276e+04 2.231634641141642715e+04 1.323570268758440136e+02
5.733983020907927857e+04 2.279979742356470160e+04 1.334224594801098362e+02
5.733983441025677166e+04 2.312675896490762898e+04 1.342440595069379583e+02
5.733983861143426475e+04 2.345402967793084099e+04 1.350216644296019979e+02
5.733984281261175056e+04 2.331825714910352326e+04 1.348170146179247979e+02
5.733984701378924365e+04 2.316544518009441163e+04 1.344689856908628940e+02
5.733985121496672946e+04 2.339705231081264355e+04 1.349684799307065646e+02
5.733985541614422254e+04 2.308484340462205728e+04 1.343346417358087024e+02
5.733985961732170836e+04 2.332979447309274474e+04 1.348772664515005317e+02
5.733986381849920144e+04 2.326646366413697615e+04 1.347978528304718964e+02
5.733986801967669453e+04 2.335109098188741336e+04 1.350098881795940713e+02
5.733987222085418034e+04 2.340922840300684766e+04 1.351313918898492261e+02
5.733987642203167343e+04 2.322275206426631121e+04 1.346205069360448192e+02
5.733988062320915924e+04 2.308962605059705311e+04 1.343030635103908708e+02
5.733988482438665233e+04 2.303162905056216186e+04 1.341539453084661488e+02
5.733988902556414541e+04 2.313560877914418961e+04 1.343523943587581471e+02
5.733989322674163122e+04 2.327923587832968769e+04 1.347271652399909385e+02
5.733989742791912431e+04 2.356905509796250044e+04 1.353520052827288396e+02
5.733990162909661012e+04 2.359848384677063586e+04 1.354432046151420082e+02
5.733990583027410321e+04 2.367095313429929956e+04 1.356405429307722841e+02
5.733991003145158902e+04 2.371305623735781410e+04 1.357460429179347727e+02
5.733991423262908211e+04 2.373931193736179921e+04 1.358203075444261003e+02
5.733991843380657519e+04 2.359714828232485888e+04 1.354276735026827510e+02
5.733992263498406101e+04 2.372918570371885653e+04 1.357508495274502138e+02
5.733992683616155409e+04 2.358942981280692038e+04 1.354101406078311243e+02
5.733993103733903990e+04 2.385540480536717951e+04 1.360730395531002159e+02
5.733993523851653299e+04 2.423091354801954731e+04 1.368484278697157777e+02
5.733993943969401880e+04 2.363927869754403218e+04 1.355135668584308917e+02
5.733994364087151189e+04 2.377529675236616822e+04 1.358041266490610894e+02
5.733994784204900498e+04 2.366042701499545365e+04 1.354912332228645369e+02
5.733995204322649079e+04 2.387333795747003751e+04 1.359925112864396226e+02
5.733995624440398387e+04 2.392692935034569382e+04 1.361237421027793459e+02
5.733996044558146968e+04 2.396400134491411882e+04 1.361247651166269179e+02
5.733996464675896277e+04 2.383280766343343930e+04 1.359203054612935091e+02
5.733996884793644858e+04 2.392128679009884581e+04 1.362161487865970173e+02
5.733997304911394167e+04 2.371038832844831268e+04 1.357955840428459737e+02
5.733997725029143476e+04 2.350235712273990794e+04 1.353041297408106516e+02
5.733998145146892057e+04 2.353313232295355556e+04 1.353180332732188731e+02
5.733998565264641366e+04 2.354779814178063680e+04 1.352770657887100754e+02
5.733998985382389947e+04 2.330451155098975505e+04 1.347560172126969178e+02
5.733999405500139255e+04 2.323867558576232113e+04 1.346359522403184883e+02
5.733999825617887836e+04 2.332069191965648861e+04 1.348530240801059392e+02
5.734000245735637145e+04 2.352059777871327969e+04 1.353389232842647232e+02
5.734000665853386454e+04 2.314748927036100940e+04 1.344648793288062336e+02
5.734001085971135035e+04 2.281924411880182743e+04 1.337275566017944186e+02
5.734001506088884344e+04 2.281306683156488725e+04 1.337546152260478607e+02
5.734001926206632925e+04 2.268153804806637345e+04 1.334280013430203553e+02
5.734002346324382233e+04 2.274807209738223173e+04 1.335308768586920394e+02
5.734002766442131542e+04 2.344176629230722028e+04 1.349898662110983025e+02
5.734003186559880123e+04 2.392910058669597129e+04 1.361440973001017483e+02
5.734003606677629432e+04 2.434908394289058197e+04 1.369815483843863433e+02
5.734004026795378013e+04 2.446980502283614260e+04 1.372409996913524424e+02
5.734004446913127322e+04 2.502921984480681567e+04 1.386611631776091542e+02
5.734004867030875903e+04 2.523808964783471674e+04 1.391360148770955902e+02
5.734005287148625212e+04 2.598387840137352396e+04 1.407813664072854465e+02
5.734005707266374520e+04 2.675382270736114515e+04 1.424257956153983287e+02
5.734006127384123101e+04 2.733626830684150991e+04 1.437356642584655333e+02
5.734006547501872410e+04 2.750761166618495554e+04 1.439878752103993236e+02
5.734006967619620991e+04 2.778214882218836647e+04 1.445270638348140437e+02
5.734007387737370300e+04 2.809060092358955080e+04 1.450217327773337956e+02
5.734007807855118881e+04 2.825294323591131979e+04 1.453181574964949903e+02
5.734008227972868190e+04 2.792798324738867450e+04 1.446726556647204234e+02
5.734008648090617498e+04 2.792285350979254508e+04 1.447053752244549685e+02
5.734009068208366079e+04 2.765537018881769109e+04 1.441003629351089614e+02
5.734009488326115388e+04 2.762472444875949805e+04 1.439905907826292264e+02
5.734009908443863969e+04 2.760582984499431404e+04 1.439623034026617177e+02
5.734010328561613278e+04 2.757794307040724379e+04 1.439152046976059580e+02
5.734010748679361859e+04 2.747283842699936940e+04 1.436475519298566041e+02
5.734011168797111168e+04 2.757152562794724872e+04 1.438725708129565533e+02
5.734011588914860477e+04 2.753371268301532473e+04 1.438510488463861350e+02
5.734012009032609058e+04 2.762512668439683694e+04 1.440726511209518890e+02
5.734012429150358366e+04 2.800766884341515470e+04 1.449629103999057520e+02
5.734012849268106947e+04 2.822902386800811655e+04 1.454314968066533709e+02
5.734013269385856256e+04 2.828094098314173243e+04 1.455150669583127296e+02
5.734013689503604837e+04 2.782263980528046523e+04 1.445335598952785006e+02
5.734014109621354146e+04 2.754779381012767408e+04 1.439161999892489519e+02
5.734014529739103455e+04 2.747371439878643287e+04 1.437285881640213177e+02
5.734014949856852036e+04 2.732298422848318296e+04 1.434543449700525173e+02
5.734015369974601344e+04 2.745457824095185060e+04 1.436988128001969756e+02
5.734015790092349926e+04 2.765697266387107084e+04 1.441017619747736660e+02
5.734016210210099234e+04 2.787857283597340574e+04 1.445778129067953728e+02
5.734016630327848543e+04 2.797399701773786001e+04 1.447701084207072029e+02
5.734017050445597124e+04 2.748612197453164845e+04 1.437498234783416251e+02
5.734017470563346433e+04 2.718885306370994658e+04 1.430368721032967585e+02
5.734017890681095014e+04 2.748663058451716643e+04 1.437367694691294844e+02
5.734018310798844323e+04 2.773460767219807531e+04 1.442870105320809557e+02
5.734018730916592904e+04 2.835201596128804886e+04 1.455649755602935898e+02
5.734019151034342212e+04 2.865629455472670452e+04 1.462070371190782510e+02
5.734019571152091521e+04 2.876550708068781751e+04 1.464512450571683075e+02
5.734019991269840102e+04 2.844099292953354598e+04 1.457865887003569014e+02
5.734020411387589411e+04 2.804050043035708950e+04 1.449489329675258205e+02
5.734020831505337992e+04 2.774778234898889059e+04 1.443034517094122009e+02
5.734021251623087301e+04 2.782080853894866232e+04 1.445251760869532234e+02
5.734021671740835882e+04 2.805262076179634096e+04 1.450209871689762053e+02
5.734022091858585190e+04 2.804828632922040197e+04 1.450094384645102252e+02
5.734022511976334499e+04 2.781868407292082702e+04 1.444723936970824525e+02
5.734022932094083080e+04 2.746382809503232784e+04 1.435889479280668581e+02
5.734023352211832389e+04 2.722720597135970456e+04 1.431852812624331932e+02
5.734023772329580970e+04 2.733155390682463621e+04 1.433960712236978168e+02
5.734024192447330279e+04 2.709770251662044393e+04 1.428381765225749120e+02
5.734024612565078860e+04 2.684464468463059529e+04 1.423697929673332965e+02
5.734025032682828169e+04 2.667657794607339747e+04 1.419885935579848706e+02
5.734025452800577477e+04 2.716946875045692286e+04 1.431577405110556356e+02
5.734025872918326058e+04 2.758154671590049111e+04 1.440872579090228101e+02
5.734026293036075367e+04 2.807983852579496306e+04 1.451059021099861184e+02
5.734026713153823948e+04 2.812425244984881647e+04 1.451888458870766669e+02
5.734027133271573257e+04 2.830821633295475476e+04 1.455268372361748277e+02
5.734027553389321838e+04 2.826323722589701720e+04 1.454622793358305444e+02
5.734027973507071147e+04 2.838736718662487328e+04 1.457034793058826097e+02
5.734028393624820455e+04 2.802034000864581685e+04 1.448689673038218189e+02
5.734028813742569037e+04 2.809587312557116093e+04 1.450679647417255183e+02
5.734029233860318345e+04 2.794819788125839841e+04 1.447300313041740480e+02
5.734029653978066926e+04 2.788597956514287216e+04 1.445605607481446668e+02
5.734030074095816235e+04 2.774589338047732963e+04 1.442986003020870669e+02
5.734030494213565544e+04 2.781048384869129586e+04 1.444335932812251997e+02
5.734030914331314125e+04 2.788026118647750263e+04 1.446327589427215798e+02
5.734031334449063434e+04 2.783856296965195361e+04 1.445131518504196890e+02
5.734031754566812015e+04 2.783844494808988384e+04 1.444506326135894483e+02
5.734032174684561323e+04 2.804308062363424688e+04 1.448053403236002907e+02
5.734032594802309904e+04 2.786028220013145256e+04 1.445185420725460972e+02
5.734033014920059213e+04 2.778760232532234295e+04 1.442982382761440192e+02
5.734033435037808522e+04 2.760449004935813718e+04 1.438821321293288804e+02
5.734033855155557103e+04 2.733392071923168987e+04 1.432492809055310659e+02
5.734034275273306412e+04 2.754598070556090534e+04 1.436721266596424869e+02
5.734034695391054993e+04 2.761034820348230278e+04 1.437851227451537284e+02
5.734035115508804301e+04 2.795962777459830249e+04 1.446318602514834026e+02
5.734035535626552883e+04 2.806282783044008465e+04 1.449179270396861909e+02
5.734035955744302191e+04 2.822320897571161186e+04 1.453758085476539748e+02
5.734036375862051500e+04 2.821176398292845261e+04 1.454164254222980901e+02
5.734036795979800081e+04 2.762935792763383142e+04 1.441205479290602511e+02
5.734037216097549390e+04 2.756123929733714249e+04 1.439100916442617120e+02
5.734037636215297971e+04 2.767916992747471886e+04 1.441605034919122659e+02
5.734038056333047280e+04 2.735488637344648305e+04 1.434467191716432808e+02
5.734038476450795861e+04 2.733966236708307406e+04 1.434628452187905054e+02
5.734038896568545169e+04 2.713366691817669926e+04 1.430872468369780108e+02
5.734039316686294478e+04 2.682975140497131360e+04 1.423068988881360895e+02
5.734039736804043059e+04 2.680304721911910747e+04 1.421502137272051129e+02
5.734040156921792368e+04 2.639729722396043508e+04 1.412771763178988920e+02
5.734040577039540949e+04 2.675622092705858449e+04 1.420921461988606325e+02
5.734040997157290258e+04 2.715628585111365464e+04 1.429958260431077122e+02
5.734041417275038839e+04 2.737008100870972703e+04 1.434643852728259219e+02
5.734041837392788148e+04 2.817101077611658548e+04 1.452426213993520037e+02
5.734042257510537456e+04 2.876577734438321204e+04 1.465093163622556176e+02
5.734042677628286037e+04 2.877468771275307517e+04 1.464619462986278222e+02
5.734043097746035346e+04 2.856824959632356695e+04 1.460204572968655725e+02
5.734043517863783927e+04 2.787231895828072084e+04 1.444498287939385648e+02
5.734043937981533236e+04 2.757389190041915936e+04 1.437642754482338034e+02
5.734044358099281817e+04 2.777600328818019261e+04 1.442641416776901622e+02
5.734044778217031126e+04 2.781496081833166318e+04 1.443757413413966617e+02
5.734045198334780434e+04 2.757993887004769203e+04 1.439677039520685753e+02
5.734045618452529015e+04 2.697552535325637291e+04 1.426853451597443438e+02
5.734046038570278324e+04 2.654521998464317221e+04 1.417821450785092736e+02
5.734046458688026905e+04 2.628634334608115387e+04 1.412493363799306678e+02
5.734046878805776214e+04 2.623931462324204767e+04 1.410829989384111798e+02
5.734047298923525523e+04 2.608257986293271824e+04 1.407722268476211980e+02
5.734047719041274104e+04 2.620285324930854404e+04 1.409890416964227029e+02
5.734048139159023413e+04 2.619201176967846550e+04 1.410126348834492092e+02
5.734048559276771994e+04 2.633869521119923593e+04 1.413364447551457488e+02
5.734048979394521302e+04 2.646956875375012532e+04 1.416262692014589391e+02
5.734049399512269883e+04 2.645919000715632501e+04 1.415438331464046371e+02
5.734049819630019192e+04 2.597290953492787958e+04 1.405010140486042189e+02
5.734050239747768501e+04 2.590867292468821688e+04 1.403479270559127201e+02
5.734050659865517082e+04 2.613100840590950611e+04 1.408449364575341463e+02
5.734051079983266391e+04 2.658391178161573407e+04 1.418197683982805586e+02
5.734051500101014972e+04 2.691962250054128890e+04 1.425607039018191529e+02
5.734051920218764280e+04 2.700024675580194162e+04 1.427007774277454359e+02
5.734052340336512862e+04 2.715198214143295627e+04 1.431177409558420095e+02
5.734052760454262170e+04 2.686267695892184565e+04 1.424532477728990614e+02
5.734053180572011479e+04 2.664026189282232008e+04 1.419133416975333262e+02
5.734053600689760060e+04 2.623842891161951047e+04 1.410196905316811637e+02
5.734054020807509369e+04 2.636155194828463573e+04 1.413134698107904512e+02
5.734054440925257950e+04 2.616792197838877473e+04 1.408884765783631110e+02
5.734054861043007259e+04 2.629599274308123131e+04 1.411677338843671805e+02
5.734055281160755840e+04 2.642191716566693140e+04 1.414753818099744080e+02
5.734055701278505148e+04 2.644194901704373478e+04 1.416240812913914624e+02
5.734056121396254457e+04 2.619358347892149322e+04 1.410627051868357000e+02
5.734056541514003038e+04 2.644883200630150895e+04 1.415859203932362220e+02
5.734056961631752347e+04 2.621612728662766676e+04 1.411079105425948512e+02
5.734057381749500928e+04 2.609530119369333624e+04 1.408778106878699248e+02
5.734057801867250237e+04 2.603568777279872666e+04 1.406979346351349136e+02
5.734058221984998818e+04 2.603729084961824265e+04 1.406937405488501440e+02
5.734058642102748126e+04 2.629270452806139656e+04 1.411815186578567420e+02
5.734059062220497435e+04 2.633554236281172780e+04 1.412883168919265700e+02
5.734059482338246016e+04 2.613624003497548256e+04 1.408889427203283162e+02
5.734059902455995325e+04 2.579164502796201850e+04 1.400697090573181072e+02
5.734060322573743906e+04 2.615986867828806498e+04 1.409991471114429373e+02
5.734060742691493215e+04 2.598020402646565708e+04 1.406649861573451119e+02
5.734061162809242524e+04 2.604118081289326801e+04 1.408499630324238296e+02
5.734061582926991105e+04 2.590730026105987417e+04 1.405647984931237318e+02
5.734062003044740413e+04 2.577935672627396343e+04 1.403158385844987777e+02
5.734062423162488994e+04 2.571908700911718552e+04 1.401992678658654086e+02
5.734062843280238303e+04 2.521208048056753250e+04 1.390507652856188372e+02
5.734063263397986884e+04 2.523950134836298457e+04 1.391466405046163288e+02
5.734063683515736193e+04 2.527445421691282900e+04 1.391497590555711099e+02
5.734064103633485502e+04 2.507350651918638687e+04 1.385890090068125176e+02
5.734064523751234083e+04 2.520539715864841855e+04 1.388445689620295980e+02
5.734064943868983391e+04 2.530449970629741802e+04 1.390548079520163753e+02
5.734065363986731973e+04 2.566075280964884951e+04 1.397491978883192871e+02
5.734065784104481281e+04 2.579617562217657542e+04 1.400545009274068207e+02
5.734066204222229862e+04 2.594243902713140051e+04 1.404608517062047781e+02
5.734066624339979171e+04 2.584717870958116691e+04 1.402993612396435594e+02
5.734067044457728480e+04 2.589214208386171231e+04 1.404402803733881058e+02
5.734067464575477061e+04 2.601927347186354746e+04 1.408904048144382841e+02
5.734067884693226370e+04 2.610864760020760878e+04 1.413650539468766851e+02
5.734068304810974951e+04 2.604406796325561663e+04 1.412721040878182066e+02
5.734068724928724259e+04 2.544501922480537905e+04 1.401124947926419679e+02
5.734069145046472840e+04 2.531569536827703269e+04 1.398935652199496644e+02
5.734069565164222149e+04 2.534447278413613822e+04 1.400025081968397558e+02
5.734069985281971458e+04 2.556329335641149009e+04 1.405134707410371107e+02
5.734070405399720039e+04 2.548538667740599340e+04 1.403539200181445494e+02
5.734070825517469348e+04 2.519412820498699512e+04 1.397344100644403397e+02
5.734071245635217929e+04 2.495408646394105017e+04 1.393030863542542193e+02
5.734071665752967237e+04 2.487202032846227303e+04 1.390512006430633960e+02
5.734072085870715819e+04 2.491681142174913475e+04 1.391005145267609748e+02
5.734072505988465127e+04 2.441289317393077727e+04 1.378914162464162985e+02
5.734072926106214436e+04 2.432407116218056763e+04 1.376497067496609077e+02
5.734073346223963017e+04 2.378416200937557733e+04 1.364009692564955003e+02
5.734073766341712326e+04 2.366092691077026393e+04 1.360956424972796981e+02
5.734074186459460907e+04 2.398320719316835311e+04 1.367120838233849724e+02
5.734074606577210216e+04 2.457676015517605992e+04 1.380556914456201696e+02
5.734075026694959524e+04 2.534703732746921014e+04 1.398282355323850084e+02
5.734075446812708105e+04 2.591731548300119175e+04 1.411934268372758368e+02
5.734075866930457414e+04 2.627481550798890021e+04 1.419933334886659111e+02
5.734076287048205995e+04 2.611263922386810009e+04 1.417100690085699171e+02
5.734076707165955304e+04 2.578118976466426830e+04 1.410810617050990174e+02
5.734077127283703885e+04 2.548129652330994577e+04 1.404111757980775508e+02
5.734077547401453194e+04 2.522900579934005145e+04 1.398053997204947336e+02
5.734077967519202502e+04 2.506986590308708037e+04 1.393366015407189025e+02
5.734078387636951084e+04 2.475027262575742498e+04 1.386192644769798505e+02
5.734078807754700392e+04 2.468825011866389468e+04 1.384627764110367423e+02
5.734079227872448973e+04 2.464065357044522170e+04 1.383557770623657461e+02
5.734079647990198282e+04 2.467781420855351826e+04 1.384976625793959215e+02
5.734080068107946863e+04 2.450577485680732934e+04 1.380624547669559661e+02
5.734080488225696172e+04 2.448455462360472666e+04 1.380217851052265701e+02
5.734080908343445481e+04 2.442318479493564519e+04 1.378336246833782752e+02
5.734081328461194062e+04 2.464303359400023328e+04 1.381887464639954999e+02
5.734081748578943370e+04 2.471486559239683993e+04 1.381255087151361067e+02
5.734082168696691951e+04 2.482526020050639272e+04 1.380973310828229046e+02
5.734082588814441260e+04 2.506738967241270439e+04 1.385727536369114432e+02
5.734083008932189841e+04 2.535464468916158148e+04 1.391499608675039212e+02
5.734083429049939150e+04 2.608594349425439941e+04 1.409663790664462795e+02
5.734083849167688459e+04 2.569973292162347934e+04 1.400000914447953733e+02
5.734084269285437040e+04 2.522937264684990078e+04 1.387024049932857395e+02
5.734084689403186348e+04 2.518170548218212571e+04 1.385799870606272464e+02
5.734085109520934930e+04 2.484912397357518785e+04 1.378261469405206299e+02
5.734085529638684238e+04 2.500911695251691344e+04 1.381169426747090085e+02
5.734085949756432819e+04 2.517239649020204160e+04 1.385151957951391921e+02
5.734086369874182128e+04 2.536470251371588529e+04 1.388971932638047804e+02
5.734086789991931437e+04 2.551253745339886882e+04 1.392007208089708570e+02
5.734087210109680018e+04 2.531828147840638121e+04 1.387599103340908187e+02
5.734087630227429327e+04 2.428683778536849422e+04 1.364312707731250214e+02
5.734088050345177908e+04 2.340634869803056063e+04 1.344336124336570037e+02
5.734088470462927216e+04 2.253328811990013492e+04 1.324243190171324613e+02
5.734088890580676525e+04 2.170678742171340491e+04 1.304918798604031167e+02
5.734089310698425106e+04 2.142461512925811621e+04 1.298612629381319437e+02
5.734089730816174415e+04 2.121612476605852135e+04 1.294382027525701915e+02
5.734090150933922996e+04 2.168208595089897790e+04 1.303970822526602831e+02
5.734090571051672305e+04 2.179119568756529770e+04 1.307354775223330705e+02
5.734090991169420886e+04 2.182878897137110471e+04 1.308295753878130085e+02
5.734091411287170195e+04 2.183440123449061866e+04 1.307560312658616510e+02
5.734091831404919503e+04 2.156901859481688734e+04 1.302389259608298175e+02
5.734092251522668084e+04 2.179088469643190547e+04 1.307872137591338912e+02
5.734092671640417393e+04 2.165147869772664126e+04 1.304345465413992144e+02
5.734093091758165974e+04 2.166046545979589791e+04 1.304665259027697459e+02
5.734093511875915283e+04 2.150003634240452084e+04 1.301274739259904720e+02
5.734093931993663864e+04 2.105902468001191301e+04 1.289843328136333014e+02
5.734094352111413173e+04 2.092044412199514773e+04 1.286460348748931892e+02
5.734094772229162481e+04 2.089619271296611259e+04 1.285408958865134252e+02
5.734095192346911062e+04 2.104987369355399278e+04 1.288349642529739754e+02
5.734095612464660371e+04 2.099990869514682709e+04 1.287187052801936318e+02
5.734096032582408952e+04 2.092234415748868923e+04 1.285701018972151530e+02
5.734096452700158261e+04 2.096446649816273930e+04 1.286539999514464228e+02
5.734096872817906842e+04 2.067907054767457885e+04 1.279722654411519471e+02
5.734097292935656151e+04 2.068174104182912561e+04 1.281356700195096323e+02
5.734097713053405460e+04 2.062362565987696871e+04 1.280368762206065867e+02
5.734098133171154041e+04 2.108500825447743773e+04 1.291545176822084784e+02
5.734098553288903349e+04 2.140495704976412162e+04 1.298578479174487370e+02
5.734098973406651930e+04 2.185368546002690709e+04 1.308929659069080742e+02
5.734099393524401239e+04 2.190609936570894570e+04 1.309597947915827945e+02
5.734099813642149820e+04 2.177997919207559607e+04 1.306953932005363868e+02
5.734100233759899129e+04 2.194075651246124835e+04 1.311001554361887429e+02
5.734100653877648438e+04 2.172153842410756988e+04 1.305857027559304129e+02
5.734101073995397019e+04 2.186344638261258660e+04 1.309055466893974824e+02
5.734101494113146327e+04 2.154668640654123737e+04 1.301393331567202551e+02
5.734101914230894909e+04 2.145349262648120566e+04 1.298514298182094819e+02
5.734102334348644217e+04 2.149364350826207374e+04 1.299681616968223352e+02
5.734102754466393526e+04 2.154388296527482089e+04 1.301157429104686969e+02
5.734103174584142107e+04 2.145945979057094883e+04 1.299573526751748034e+02
5.734103594701891416e+04 2.113334069764135711e+04 1.292617707709705996e+02
5.734104014819639997e+04 2.104946766491644303e+04 1.290929159690877270e+02
5.734104434937389306e+04 2.088027093598841020e+04 1.287200030448144048e+02
5.734104855055137887e+04 2.114054981133549154e+04 1.292747565810238939e+02
5.734105275172887195e+04 2.150886168342402016e+04 1.301562515780989600e+02
5.734105695290636504e+04 2.165420137615115891e+04 1.304670653625605894e+02
5.734106115408385085e+04 2.211883698894130794e+04 1.314892494758842929e+02
5.734106535526134394e+04 2.198481029982686232e+04 1.311981080053241442e+02
5.734106955643882975e+04 2.165650427391332414e+04 1.305121275154162390e+02
5.734107375761632284e+04 2.152261004573495302e+04 1.301861811964273556e+02
5.734107795879380865e+04 2.131141244990788982e+04 1.296706961510559211e+02
5.734108215997130173e+04 2.121341625656324322e+04 1.294634233358902691e+02
