5.736258204700000351e+04 1.855904335128713865e+06 1.084197034424760886e+03
5.736258204994722473e+04 2.024905655385935446e+06 1.131860872464548720e+03
5.736258205289444595e+04 2.170027209819545969e+06 1.171242932161050931e+03
5.736258205584166717e+04 2.279825748207048047e+06 1.200180858299866713e+03
5.736258205878888111e+04 2.384683178433868103e+06 1.227179687951673714e+03
5.736258206173610233e+04 2.489277609660254326e+06 1.253531613497505305e+03
5.736258206468332355e+04 2.594673484148686286e+06 1.279536606585731306e+03
5.736258206763054477e+04 2.725209304043673910e+06 1.311029677401429353e+03
5.736258207057776599e+04 2.884225567438903265e+06 1.348400526419844709e+03
5.736258207352498721e+04 2.999258588644206524e+06 1.374801664933029087e+03
5.736258207647220843e+04 3.020556937373847235e+06 1.379634402970096517e+03
5.736258207941942965e+04 3.103383252852955367e+06 1.398269477973790572e+03
5.736258208236664359e+04 3.210269464409899432e+06 1.421956896412893002e+03
5.736258208531386481e+04 3.313727714076902252e+06 1.444514735576810153e+03
5.736258208826108603e+04 3.431027186802576762e+06 nan
5.736258209120830725e+04 3.489142578085386660e+06 1.484942330331312860e+03
5.736258209415552847e+04 3.496032922757980414e+06 1.493503601126700232e+03
5.736258209710274969e+04 3.467721527986484114e+06 1.494948960527222653e+03
5.736258210004997090e+04 3.434790167714640964e+06 1.495263186798979859e+03
5.736258210299719212e+04 3.437862632741039619e+06 1.502981666459724920e+03
5.736258210594440607e+04 3.445144291083274409e+06 1.511498563486989951e+03
5.736258210889162729e+04 3.454017230779339094e+06 1.520236529154500886e+03
5.736258211183884850e+04 3.459988249742991291e+06 1.528270814359751739e+03
5.736258211478606972e+04 3.470669885210174602e+06 1.537362308623376293e+03
5.736258211773329094e+04 3.499090487273963168e+06 1.550230350826424683e+03
5.736258212068051216e+04 3.499615051483563147e+06 1.558380006924662212e+03
5.736258212362773338e+04 3.525296975311834365e+06 1.569817651969821100e+03
5.736258212657494732e+04 3.512117957440558821e+06 1.573246776306479205e+03
5.736258212952216854e+04 3.517177403830437455e+06 1.580972094084891978e+03
5.736258213246938976e+04 3.522489586904495023e+06 1.589071913674139296e+03
5.736258213541661098e+04 3.529560824771098327e+06 1.597396227791683032e+03
5.736258213836383220e+04 3.538984397862853482e+06 1.605842529669369469e+03
5.736258214131105342e+04 3.546890312167438678e+06 1.613500542927157994e+03
5.736258214425827464e+04 3.539445454282866325e+06 1.618786402775983106e+03
5.736258214720549586e+04 3.544188889632130042e+06 1.626737769579074438e+03
5.736258215015270980e+04 3.556595824533024337e+06 1.635466512699644454e+03
5.736258215309993102e+04 3.556921954710727558e+06 1.642104728862376987e+03
5.736258215604715224e+04 3.568273564802171197e+06 1.650525372952899488e+03
5.736258215899437346e+04 3.576054385461857077e+06 1.658011371176565262e+03
5.736258216194159468e+04 3.577878227631391026e+06 1.665087830397294056e+03
5.736258216488881590e+04 3.586383273279058281e+06 1.673360221694237453e+03
5.736258216783603712e+04 3.601222166795455851e+06 1.682263989581017313e+03
5.736258217078325106e+04 3.613007211466878653e+06 1.690664979449183875e+03
5.736258217373047228e+04 3.628042176130158361e+06 1.699977248715593987e+03
5.736258217667769350e+04 3.638440774081333540e+06 1.708199687726522598e+03
5.736258217962491472e+04 3.645054165075750090e+06 1.715625033295307503e+03
5.736258218257213593e+04 3.696620071014878340e+06 1.731335551878771867e+03
5.736258218551935715e+04 3.738969452639256604e+06 1.745199741162488635e+03
5.736258218846657837e+04 3.760181822861386929e+06 1.754655231234988833e+03
5.736258219141379959e+04 3.763751034183782060e+06 1.761109052101303632e+03
5.736258219436101353e+04 3.776904359741801396e+06 1.769451967888902800e+03
5.736258219730823475e+04 3.780047664885493927e+06 1.775923391165538987e+03
5.736258220025545597e+04 3.794696556055214722e+06 1.784715443216377025e+03
5.736258220320267719e+04 3.798800562461303547e+06 1.791096396994166298e+03
5.736258220614989841e+04 3.808863109609350096e+06 1.798905493820224365e+03
5.736258220909711963e+04 3.788506974447751418e+06 1.801416433281833861e+03
5.736258221204434085e+04 3.734364221875907853e+06 1.801085738606248015e+03
5.736258221499156207e+04 3.711403951985123567e+06 1.810928111956384782e+03
5.736258221793877601e+04 3.731068100655473769e+06 1.820572275408821724e+03
5.736258222088599723e+04 3.781534662625298835e+06 1.834950452232652879e+03
5.736258222383321845e+04 4.168282248720439617e+06 1.905744793984809803e+03
5.736258222678043967e+04 4.497253684772337787e+06 1.964370643457842561e+03
5.736258222972766089e+04 4.502577340290062129e+06 1.970824355330176331e+03
5.736258223267488211e+04 4.484633482500168495e+06 1.974437390212784976e+03
5.736258223562210333e+04 4.545369839920885861e+06 1.988491406283334527e+03
5.736258223856931727e+04 4.512231706329462118e+06 1.988409840996745970e+03
5.736258224151653849e+04 4.616908015569539741e+06 2.002441824540261450e+03
5.736258224446375971e+04 4.632895487224084325e+06 2.009381015309790882e+03
5.736258224741098093e+04 4.568246356263754889e+06 2.004778675402656972e+03
5.736258225035820215e+04 4.379561617936631665e+06 1.980579693587129896e+03
5.736258225330542336e+04 3.876271118407257833e+06 1.906731565607885386e+03
5.736258225625264458e+04 3.851119503456965555e+06 1.906496078703598869e+03
5.736258225919986580e+04 3.847943844064549543e+06 1.911393515790870424e+03
5.736258226214707975e+04 3.833713530381002463e+06 1.915284156689214569e+03
5.736258226509430096e+04 3.826226935209306888e+06 1.920443627262626023e+03
5.736258226804152218e+04 3.829984615592257120e+06 1.927129110676473374e+03
5.736258227098874340e+04 3.841367772592652123e+06 1.933935122266442477e+03
5.736258227393596462e+04 3.859463692615880631e+06 1.942750052470091077e+03
5.736258227688318584e+04 3.871737109283377416e+06 1.950367828484558686e+03
5.736258227983040706e+04 3.880933404284887016e+06 1.957499023352305812e+03
5.736258228277762100e+04 3.936034006443178281e+06 1.971656335600204102e+03
5.736258228572484222e+04 4.017358896032809280e+06 1.990036663150309550e+03
5.736258228867206344e+04 4.027950073712398298e+06 1.997637754015406244e+03
5.736258229161928466e+04 4.061985452888967469e+06 2.007943973418712631e+03
5.736258229456650588e+04 4.117010027797787450e+06 2.021130360697467040e+03
5.736258229751372710e+04 4.138630365972148255e+06 2.029626794659484403e+03
5.736258230046094832e+04 4.158571154238141142e+06 2.038016119075234201e+03
5.736258230340816954e+04 4.124964493600769434e+06 2.042307494252374454e+03
5.736258230635538348e+04 4.116578353727585636e+06 2.049525349589170219e+03
5.736258230930260470e+04 4.097690054157654755e+06 2.052041837466078960e+03
5.736258231224982592e+04 4.123667553423350677e+06 2.060469834084760805e+03
5.736258231519704714e+04 4.171882248008883558e+06 2.073531470299009470e+03
5.736258231814426836e+04 4.216426398534378037e+06 2.084394765880201248e+03
5.736258232109148958e+04 4.157571136519145221e+06 2.081650806270995872e+03
5.736258232403871079e+04 4.152922226485499181e+06 2.087070201460768658e+03
5.736258232698593201e+04 4.153972987299067900e+06 2.093682186704839751e+03
5.736258232993314596e+04 4.226913864435223863e+06 2.107744138176407887e+03
5.736258233288036718e+04 4.267748689407219179e+06 2.113880145428292053e+03
5.736258233582758839e+04 4.264234203889525495e+06 2.118657276055067541e+03
5.736258233877480961e+04 4.175531138381513767e+06 2.118590882185936607e+03
5.736258234172203083e+04 3.966174746286546811e+06 2.120857442490935682e+03
5.736258234466925205e+04 3.903014304014452733e+06 2.118388717581468882e+03
5.736258234761647327e+04 3.900904052672686055e+06 2.122348344026633185e+03
5.736258235056368721e+04 3.892891967338626739e+06 2.127979524988541016e+03
5.736258235351090843e+04 3.904617960088229738e+06 2.133000485448233576e+03
5.736258235645812965e+04 3.860323792646863498e+06 2.131570948202415366e+03
5.736258235940535087e+04 3.836059084786084015e+06 2.137535308352170432e+03
5.736258236235257209e+04 3.839520883167189546e+06 2.142931944475601540e+03
5.736258236529979331e+04 3.812723446870299056e+06 2.152537260946759488e+03
5.736258236824701453e+04 3.851923941870752256e+06 2.154853044243585828e+03
5.736258237119423575e+04 3.921822582889104728e+06 2.159804556131878599e+03
5.736258237414144969e+04 3.950415139300848823e+06 2.165634472652696786e+03
5.736258237708867091e+04 3.956464686336946674e+06 2.171556445171429914e+03
5.736258238003589213e+04 3.956991102764138021e+06 2.175811838963295031e+03
5.736258238298311335e+04 3.940111911743394099e+06 2.180419450402428538e+03
5.736258238593033457e+04 3.927771156717683654e+06 2.185067195199936577e+03
5.736258238887755579e+04 3.962861976075314451e+06 2.188478623734795292e+03
5.736258239182477701e+04 3.984065881921097171e+06 2.194578732215970376e+03
5.736258239477199095e+04 4.079437115011312999e+06 2.192107096151447422e+03
5.736258239771921217e+04 4.091981959423633758e+06 2.197458825129773231e+03
5.736258240066643339e+04 4.092957869852992706e+06 2.203289437349263153e+03
5.736258240361365461e+04 4.479147526160237379e+06 2.263105197821034835e+03
5.736258240656087582e+04 4.947605918062083423e+06 2.331662031222360383e+03
5.736258240950809704e+04 4.948800405088355765e+06 2.335339485215293280e+03
5.736258241245531826e+04 4.975922400938076898e+06 2.343278893859688196e+03
5.736258241540253948e+04 5.015188676095955074e+06 2.353191064970591469e+03
5.736258241834975342e+04 4.921142374108102173e+06 2.345013320267080417e+03
5.736258242129697464e+04 4.908800572773991153e+06 2.348219599157463563e+03
5.736258242424419586e+04 4.821757705040402710e+06 2.342726890211653426e+03
5.736258242719141708e+04 4.635360173539281823e+06 2.328766488379647853e+03
5.736258243013863830e+04 4.393622448793793097e+06 2.301286156263831799e+03
5.736258243308585952e+04 3.675413253466069233e+06 2.206269770666903696e+03
5.736258243603308074e+04 3.523121294545499608e+06 2.186000749680170429e+03
5.736258243898030196e+04 3.411111592953554355e+06 2.173948979377022170e+03
5.736258244192751590e+04 3.312680924363030121e+06 2.164209764609136528e+03
5.736258244487473712e+04 3.296357648837445769e+06 2.161965040167231109e+03
5.736258244782195834e+04 3.242496670894858427e+06 2.153052183506029905e+03
5.736258245076917956e+04 3.163519818388532847e+06 2.140978285246913856e+03
5.736258245371640078e+04 3.112357076968508773e+06 2.128825346702856223e+03
5.736258245666362200e+04 3.049916294890556019e+06 2.117811198206573863e+03
5.736258245961084322e+04 2.978743517911088187e+06 2.105910422889841811e+03
5.736258246255805716e+04 2.913726129422035068e+06 2.095672164236244043e+03
5.736258246550527838e+04 2.816085200018410571e+06 2.086092015219953282e+03
5.736258246845249960e+04 2.735606124618615489e+06 2.072180218264406903e+03
5.736258247139972082e+04 2.584438427780625410e+06 2.051932565383549445e+03
5.736258247434694204e+04 2.480593483066002838e+06 2.037565731654990486e+03
5.736258247729416325e+04 2.397367485006510746e+06 2.027117914784324512e+03
5.736258248024138447e+04 2.310576235027011484e+06 2.012345001130137916e+03
5.736258248318860569e+04 2.242487496790467761e+06 2.001392970180639395e+03
5.736258248613581964e+04 2.212407754424458835e+06 1.996739598527545468e+03
5.736258248908304085e+04 2.219566216396839824e+06 1.997315000289877389e+03
5.736258249203026207e+04 2.171629424570964184e+06 1.986133544200089773e+03
5.736258249497748329e+04 2.122429662914028857e+06 1.971720194477476525e+03
5.736258249792470451e+04 2.059175039728164673e+06 1.959181572760320705e+03
5.736258250087192573e+04 1.997218118955531623e+06 1.948241053024241864e+03
5.736258250381914695e+04 1.906114161755797453e+06 1.937225529048898579e+03
5.736258250676636817e+04 1.802139723187203985e+06 1.930223568862960519e+03
5.736258250971358211e+04 1.707178193318692036e+06 1.914193635484219612e+03
5.736258251266080333e+04 1.606862378998321947e+06 1.900244448614723979e+03
5.736258251560802455e+04 1.371767478832961060e+06 1.877964487855683046e+03
5.736258251855524577e+04 1.278349487283039838e+06 1.866343719964238744e+03
5.736258252150246699e+04 1.175210319609028753e+06 1.856037322397286516e+03
5.736258252444968821e+04 1.103241372250840534e+06 1.843568226423040869e+03
5.736258252739690943e+04 1.028803274220703635e+06 1.828127145009783135e+03
5.736258253034412337e+04 9.960124532720576972e+05 1.820456906086864365e+03
5.736258253329134459e+04 1.000572088507736102e+06 1.810225372392386362e+03
5.736258253623856581e+04 9.470777496845079586e+05 1.798113494092128803e+03
5.736258253918578703e+04 8.668565131207192317e+05 1.783928630886507335e+03
5.736258254213300825e+04 8.524369352169143967e+05 1.767099534032992551e+03
5.736258254508022947e+04 7.959174935127049685e+05 1.747032885948778357e+03
5.736258254802745068e+04 7.553934333904176019e+05 1.732642671596439413e+03
5.736258255097467190e+04 6.937584613459375687e+05 1.719382129802238978e+03
5.736258255392188585e+04 6.091567794019337744e+05 1.704562990634042762e+03
5.736258255686910707e+04 4.852306766591928899e+05 1.684892871883789439e+03
5.736258255981632828e+04 4.081669012046619318e+05 1.668464733645743081e+03
5.736258256276354950e+04 3.276645437199920416e+05 1.652837943773244888e+03
5.736258256571077072e+04 2.546567890650900081e+05 1.638739193491107017e+03
5.736258256865799194e+04 1.736593698150156997e+05 1.624850376501963865e+03
5.736258257160521316e+04 5.948413435540208593e+04 1.613451553829345585e+03
5.736258257455242710e+04 -2.220860542361158878e+04 1.598643521553585060e+03
5.736258257749964832e+04 -1.094342367373160087e+05 1.584842229156106441e+03
5.736258258044686954e+04 -1.977758994222795591e+05 1.570730859727590996e+03
5.736258258339409076e+04 -2.584184987599374726e+05 1.555117024093250848e+03
5.736258258634131198e+04 -3.455542403826029040e+05 1.535969717698591921e+03
5.736258258928853320e+04 -4.420005936116054654e+05 1.516546502365554943e+03
5.736258259223575442e+04 -5.204846027563218959e+05 1.500107735817867933e+03
5.736258259518297564e+04 -5.947711227401904762e+05 1.485188676676152454e+03
5.736258259813018958e+04 -6.597712893518754281e+05 1.467551744262291777e+03
5.736258260107741080e+04 -7.118199271917280275e+05 1.449124495639695169e+03
5.736258260402463202e+04 -7.854725569360766094e+05 1.432709494238776642e+03
5.736258260697185324e+04 -8.423811498261808883e+05 1.414887512005483131e+03
5.736258260991907446e+04 -1.054099054765311768e+06 1.412583248058088884e+03
5.736258261286629568e+04 -2.054409638575087767e+06 1.493176081636677964e+03
5.736258261581351690e+04 -2.272415630353407469e+06 1.491537723765775809e+03
5.736258261876073811e+04 -2.364928668670627289e+06 1.477199883396787982e+03
5.736258262170795206e+04 -2.398353087339486461e+06 1.456843804906369769e+03
5.736258262465517328e+04 -2.435236421886086464e+06 1.437515451586138170e+03
5.736258262760239450e+04 -2.532292689561648760e+06 1.427057691798520636e+03
5.736258263054961571e+04 -2.679365095848213416e+06 1.418772025281469951e+03
5.736258263349683693e+04 -2.714707220564631280e+06 1.397567339356746970e+03
5.736258263644405815e+04 -2.745432803487383295e+06 1.375947392086258787e+03
5.736258263939127937e+04 -2.187870641166303772e+06 1.287142423089608201e+03
5.736258264233849332e+04 -1.718800035942438291e+06 1.203555183286417105e+03
5.736258264528571453e+04 -1.776915779447199544e+06 1.181195492314178637e+03
5.736258264823293575e+04 -1.854417538909591269e+06 1.160966717549622444e+03
5.736258265118015697e+04 -1.931585472944539040e+06 1.141069313622745767e+03
5.736258265412737819e+04 -2.007626460637875367e+06 1.120428390343613046e+03
5.736258265707459941e+04 -2.081271363295817748e+06 1.098458402925309429e+03
5.736258266002182063e+04 -2.158689036691433284e+06 1.077318406555398496e+03
5.736258266296904185e+04 -2.228853900084805675e+06 1.056067262368009551e+03
5.736258266591625579e+04 -2.259551232613245025e+06 1.045439266524423601e+03
5.736258266886347701e+04 -2.333654912983604707e+06 1.026839184397523468e+03
5.736258267181069823e+04 -2.411796842433915474e+06 1.004128898733796973e+03
5.736258267475791945e+04 -2.499498797513020691e+06 9.803575431460330947e+02
5.736258267770514067e+04 -2.622371818819206208e+06 9.494627898614243122e+02
5.736258268065236189e+04 -2.719103229524921160e+06 9.192962487713563178e+02
5.736258268359958311e+04 -2.711685164824422449e+06 9.108834096201038619e+02
5.736258268654679705e+04 -2.684476391616452951e+06 9.063880525823046810e+02
5.736258268949401827e+04 -2.656709707563393749e+06 9.017774328595771749e+02
5.736258269244123949e+04 -2.635632247594471090e+06 8.982617493276804908e+02
5.736258269538846071e+04 -2.616735666649791412e+06 8.950980933478267616e+02
5.736258269833568193e+04 -2.584555055110968184e+06 8.896845399906103466e+02
5.736258270128290314e+04 -2.549474654903310351e+06 8.837453944949487550e+02
5.736258270423012436e+04 -2.509653346786939073e+06 8.769548663440399423e+02
5.736258270717734558e+04 -2.470356446545707062e+06 8.702018173492959932e+02
5.736258271012455953e+04 -2.445901299611175898e+06 8.659726939178580096e+02
5.736258271307178074e+04 -2.425801736920787487e+06 8.624812726658300335e+02
5.736258271601900196e+04 -2.400785603062761482e+06 8.581159693042243362e+02
5.736258271896622318e+04 -2.390771482735113241e+06 8.563622734005826942e+02
5.736258272191344440e+04 -2.382728272279303055e+06 8.549511228725913270e+02
5.736258272486066562e+04 -2.361388834647187497e+06 8.511958630825666887e+02
5.736258272780788684e+04 -2.322088215632162988e+06 8.442361317221244690e+02
5.736258273075510806e+04 -2.324734566290826537e+06 8.447065735553117065e+02
5.736258273370232200e+04 -2.303287471184625290e+06 8.408863459409717507e+02
5.736258273664954322e+04 -2.282133337138894480e+06 8.371012231476865963e+02
5.736258273959676444e+04 -2.258332087245910428e+06 8.328218835714566239e+02
5.736258274254398566e+04 -2.234750578501128592e+06 8.285602558315932811e+02
