5.742357362129999819e+04 3.399280620731880845e+03 5.095779653966027212e+01
5.742357362324334099e+04 3.358741804617155594e+03 5.069555705690766700e+01
5.742357362518669106e+04 3.395139893233564180e+03 5.093755503555709652e+01
5.742357362713003386e+04 3.380760848792009256e+03 5.087160838396705032e+01
5.742357362907337665e+04 3.441984534777612680e+03 5.122662730656895036e+01
5.742357363101672672e+04 3.409201455927387087e+03 5.100778099319952474e+01
5.742357363296006952e+04 3.471079959051690366e+03 5.142122302396396805e+01
5.742357363490341231e+04 3.438360905342615297e+03 5.118287794435627092e+01
5.742357363684676238e+04 3.445132053848448322e+03 5.123748152864414607e+01
5.742357363879010518e+04 3.475489490183637827e+03 5.142775823650393363e+01
5.742357364073344797e+04 3.430434880158456963e+03 5.113692061805969047e+01
5.742357364267679804e+04 3.477107122047802022e+03 5.146625380424284657e+01
5.742357364462014084e+04 3.425401730921418221e+03 5.109703933998251557e+01
5.742357364656348363e+04 3.417139946082437291e+03 5.111171834780378020e+01
5.742357364850683371e+04 3.450603920716720950e+03 5.130404938836127116e+01
5.742357365045017650e+04 3.419663172325388132e+03 5.111457090390968716e+01
5.742357365239351930e+04 3.426698298299355429e+03 5.115713390309746700e+01
5.742357365433686937e+04 3.439338789685288248e+03 5.120928522420438611e+01
5.742357365628021216e+04 3.530273368160133941e+03 5.179079988388834721e+01
5.742357365822355496e+04 3.523659484459322357e+03 5.172460609494974193e+01
5.742357366016690503e+04 3.614353309793514654e+03 5.224792075533434854e+01
5.742357366211024782e+04 3.821310336475095028e+03 5.348101949016826495e+01
5.742357366405359062e+04 4.006005465958785408e+03 5.457168820169353296e+01
5.742357366599694069e+04 4.445182372991281227e+03 5.704691205161486778e+01
5.742357366794028349e+04 4.868348316456321299e+03 5.931322922848580959e+01
5.742357366988362628e+04 5.064621064491144352e+03 6.031791048949363443e+01
5.742357367182697635e+04 5.171561074153632944e+03 6.088158780286618565e+01
5.742357367377031915e+04 5.239540223336906820e+03 6.123470334329248033e+01
5.742357367571366194e+04 5.218719173062159825e+03 6.112819217670432437e+01
5.742357367765701201e+04 5.285996695157966315e+03 6.143420211639786999e+01
5.742357367960035481e+04 5.208849731106444779e+03 6.106361398425362097e+01
5.742357368154369760e+04 5.131862945425707949e+03 6.064119499645843092e+01
5.742357368348704767e+04 4.956492262146806752e+03 5.972351847312787498e+01
5.742357368543039047e+04 5.007357377505826662e+03 6.000095092482401071e+01
5.742357368737373326e+04 5.092693811351284239e+03 6.046049438864554304e+01
5.742357368931708334e+04 5.133830393679619192e+03 6.068130777220048344e+01
5.742357369126042613e+04 5.006586229199529953e+03 6.003329443296901502e+01
5.742357369320376893e+04 4.945119000219726331e+03 5.968838712039788419e+01
5.742357369514711900e+04 5.030712533657116182e+03 6.012537452172790609e+01
5.742357369709046179e+04 4.898064579470124045e+03 5.942133647294480170e+01
5.742357369903380459e+04 5.093263380582452555e+03 6.044713864897981637e+01
5.742357370097715466e+04 5.143375180959220415e+03 6.072364747723878509e+01
5.742357370292049745e+04 5.118524450759419778e+03 6.061020326660734980e+01
5.742357370486384025e+04 5.130477910088106000e+03 6.065796943764968319e+01
5.742357370680719032e+04 5.284774347835408662e+03 6.143517048518496182e+01
5.742357370875053311e+04 5.172195504477192117e+03 6.084977290395681848e+01
5.742357371069387591e+04 5.136851184721155732e+03 6.067216421847084717e+01
5.742357371263722598e+04 5.049391694195059245e+03 6.021973564825076863e+01
5.742357371458056878e+04 5.093150768846940082e+03 6.044603408772810837e+01
5.742357371652391157e+04 5.133606959825674494e+03 6.068228706905928505e+01
5.742357371846726164e+04 5.233140368584162388e+03 6.118357346749237990e+01
5.742357372041060444e+04 5.222721245102458852e+03 6.113245552160289975e+01
5.742357372235394723e+04 5.239021767635636934e+03 6.118014429794780540e+01
5.742357372429729730e+04 5.059460041248946254e+03 6.026919304776921393e+01
5.742357372624064010e+04 5.013497462635617921e+03 6.002771099748335359e+01
5.742357372818398289e+04 4.986027417959223385e+03 5.988995095732401097e+01
5.742357373012733296e+04 5.059342512288516446e+03 6.027222449143840777e+01
5.742357373207067576e+04 5.049848214295620892e+03 6.025020011700387101e+01
5.742357373401401856e+04 5.120194710499564280e+03 6.060316913773985448e+01
5.742357373595736863e+04 5.299630631759418975e+03 6.153289523381061343e+01
5.742357373790071142e+04 5.432867844377951769e+03 6.221421693266253072e+01
5.742357373984405422e+04 5.524842643720920023e+03 6.267182440050325454e+01
5.742357374178740429e+04 5.432467502420935489e+03 6.219951811248675000e+01
5.742357374373074708e+04 5.361410119036401738e+03 6.184301061822466039e+01
5.742357374567408988e+04 5.136377005779438150e+03 6.067396646711456043e+01
5.742357374761743995e+04 4.991248939590936970e+03 5.995165310092826871e+01
5.742357374956078274e+04 4.986443921174631214e+03 5.992880764730394105e+01
5.742357375150412554e+04 5.074407729431721236e+03 6.038104477899656786e+01
5.742357375344747561e+04 5.088538794529814368e+03 6.045691665638963030e+01
5.742357375539081841e+04 4.984865860974516181e+03 5.989737917163258629e+01
5.742357375733416120e+04 5.149044845189728221e+03 6.075822389566889825e+01
5.742357375927751127e+04 5.293609259351474975e+03 6.147959367444087775e+01
5.742357376122085407e+04 5.272723903604016414e+03 6.137936717867415837e+01
5.742357376316419686e+04 5.280819163993549409e+03 6.143068340709987751e+01
5.742357376510754693e+04 5.121565543998459361e+03 6.062481159433566091e+01
5.742357376705088973e+04 5.064614719477802282e+03 6.032469739490608163e+01
5.742357376899423252e+04 4.997885348048962442e+03 5.996491826838987294e+01
5.742357377093758259e+04 5.001738970642048116e+03 5.999987817501296661e+01
5.742357377288092539e+04 5.103064737051187876e+03 6.050920493016543134e+01
5.742357377482426818e+04 5.076601011650797773e+03 6.039402853540702409e+01
5.742357377676761826e+04 5.110631617912208640e+03 6.055091269590543135e+01
5.742357377871096105e+04 5.094872697149417036e+03 6.045010538588525861e+01
5.742357378065430385e+04 5.123940740173959057e+03 6.062230051821879329e+01
5.742357378259765392e+04 5.087744337760058443e+03 6.045242796558424914e+01
5.742357378454099671e+04 5.091784191601122075e+03 6.045927822594850198e+01
5.742357378648433951e+04 5.168774366153333176e+03 6.083973828591950195e+01
5.742357378842768958e+04 5.124225701611521799e+03 6.062482989261774691e+01
5.742357379037103237e+04 5.211693035941238122e+03 6.105764082877815468e+01
5.742357379231437517e+04 5.118705888739449620e+03 6.055137487780239525e+01
5.742357379425772524e+04 5.170841407743361742e+03 6.083201207224256990e+01
5.742357379620106803e+04 5.006340182557198204e+03 6.001327835471333572e+01
5.742357379814441811e+04 5.190677351278712194e+03 6.094957485438532530e+01
5.742357380008776090e+04 5.180354662125599134e+03 6.092280396044454704e+01
5.742357380203110370e+04 5.169832080835872148e+03 6.087679660423503236e+01
5.742357380397445377e+04 5.186237509393889013e+03 6.093794385269749370e+01
5.742357380591779656e+04 5.239268395944424810e+03 6.119267036618960987e+01
5.742357380786113936e+04 5.122867324857759741e+03 6.059492397554686960e+01
5.742357380980448943e+04 5.100270592407632648e+03 6.049071096310055395e+01
5.742357381174783222e+04 4.932851114415705524e+03 5.961739059064855439e+01
5.742357381369117502e+04 4.980926135796445124e+03 5.986736477169690573e+01
5.742357381563452509e+04 4.994517479478697169e+03 5.995840082068518484e+01
5.742357381757786789e+04 5.167736872968633179e+03 6.084415350467936889e+01
5.742357381952121068e+04 5.454429543941028896e+03 6.227951868300691984e+01
5.742357382146456075e+04 5.354104179758430291e+03 6.177048489704468182e+01
5.742357382340790355e+04 5.317370339833300022e+03 6.160025416579603075e+01
5.742357382535124634e+04 5.269055448939967391e+03 6.136087314380954894e+01
5.742357382729459641e+04 5.116615954338324627e+03 6.059497380711779613e+01
5.742357382923793921e+04 5.089342809811703773e+03 6.045061478091481177e+01
5.742357383118128200e+04 5.137635825765160916e+03 6.069247784928035827e+01
5.742357383312463207e+04 5.376006997334127846e+03 6.190834760190914920e+01
5.742357383506797487e+04 5.377879589014091835e+03 6.191289575912809795e+01
5.742357383701131766e+04 5.338774730609679864e+03 6.170606277534047734e+01
5.742357383895466774e+04 5.164420257138162015e+03 6.082328579979195382e+01
5.742357384089801053e+04 5.073437583983488366e+03 6.037471673545968542e+01
5.742357384284135333e+04 4.992565760818914896e+03 5.993732830389980393e+01
5.742357384478470340e+04 5.035698034719664975e+03 6.016572201884257254e+01
5.742357384672804619e+04 5.048416441777048931e+03 6.021487687613316098e+01
5.742357384867138899e+04 4.897904896499416282e+03 5.941940615188683950e+01
5.742357385061473906e+04 5.035803161042794272e+03 6.017469230507878564e+01
5.742357385255808185e+04 5.270694791244616681e+03 6.137631338645822154e+01
5.742357385450142465e+04 5.316787377245987045e+03 6.158263334018446500e+01
5.742357385644477472e+04 5.172576162783020663e+03 6.083240512248089260e+01
5.742357385838811751e+04 5.145712597993909185e+03 6.072647605299441409e+01
5.742357386033146031e+04 5.101895629795468267e+03 6.048586877437805498e+01
5.742357386227481038e+04 5.057710277186770327e+03 6.027013835083570825e+01
5.742357386421815318e+04 5.074405052489335503e+03 6.036103251141987158e+01
5.742357386616149597e+04 5.242256572658660843e+03 6.120906893193112097e+01
5.742357386810484604e+04 5.206183497130494288e+03 6.103376102737243514e+01
5.742357387004818884e+04 5.113810304350654405e+03 6.057656274278577513e+01
5.742357387199153163e+04 4.998316035210270456e+03 5.995952637478303160e+01
5.742357387393488170e+04 4.882909779092366080e+03 5.936508387439670287e+01
5.742357387587822450e+04 4.951418542137654185e+03 5.973608187161273264e+01
5.742357387782156729e+04 5.088307082099775471e+03 6.041290639464248358e+01
5.742357387976491736e+04 5.210506329671242383e+03 6.105141007923876373e+01
5.742357388170826016e+04 5.204017639516528106e+03 6.103091007728571071e+01
5.742357388365160296e+04 5.163787789349057675e+03 6.084399649464921112e+01
5.742357388559495303e+04 5.246105984942186296e+03 6.125609201125581649e+01
5.742357388753829582e+04 5.146743585416321366e+03 6.073515293388670955e+01
5.742357388948163862e+04 5.246310553801882634e+03 6.125768911605184286e+01
5.742357389142498869e+04 5.273738719703885181e+03 6.139057631152509487e+01
5.742357389336833148e+04 5.346565007919184609e+03 6.175265265193225162e+01
5.742357389531167428e+04 5.221323366572681152e+03 6.112680457070241857e+01
5.742357389725502435e+04 5.146222725647927291e+03 6.074890639331979258e+01
5.742357389919836714e+04 5.086427564501266716e+03 6.040783014239467263e+01
5.742357390114170994e+04 5.068383787127934738e+03 6.032225668943138430e+01
5.742357390308506001e+04 5.077904059765711281e+03 6.037324116407068431e+01
5.742357390502840281e+04 5.130346649504565903e+03 6.067002671124857471e+01
5.742357390697174560e+04 5.266026041281016660e+03 6.135999157581717611e+01
5.742357390891509567e+04 5.021797546495103234e+03 6.009823426710546812e+01
5.742357391085843847e+04 5.093572555553198072e+03 6.046948961574221926e+01
5.742357391280178126e+04 5.136008815520069220e+03 6.067346381509387498e+01
5.742357391474513133e+04 5.137928966658711943e+03 6.068532503853586491e+01
5.742357391668847413e+04 5.198070778145776785e+03 6.101266421906613147e+01
5.742357391863181692e+04 5.194595657685763399e+03 6.099269588902824779e+01
5.742357392057516699e+04 5.098354203380355102e+03 6.048277447309676802e+01
5.742357392251850979e+04 5.375191281093673751e+03 6.189915923092748073e+01
5.742357392446185258e+04 5.275078795324533530e+03 6.139604955615701698e+01
5.742357392640520266e+04 5.227737292343387708e+03 6.115188064048008698e+01
5.742357392834854545e+04 5.171774733287289564e+03 6.085709566643798496e+01
5.742357393029188825e+04 5.213668251532549220e+03 6.105814447448246085e+01
5.742357393223523832e+04 5.286910241230041720e+03 6.145620712059918134e+01
5.742357393417858111e+04 5.214476667181015728e+03 6.109782670461912346e+01
5.742357393612192391e+04 5.139622607606060228e+03 6.070058653351304656e+01
5.742357393806527398e+04 5.220231446618623522e+03 6.112647400285156607e+01
5.742357394000861677e+04 5.221700029241868833e+03 6.113221469309499412e+01
5.742357394195195957e+04 5.107243282386238207e+03 6.054342527673920671e+01
5.742357394389530964e+04 5.227301744096028415e+03 6.115238423245968846e+01
5.742357394583865243e+04 5.304831701291987883e+03 6.151619373085587483e+01
5.742357394778199523e+04 5.272228145357691574e+03 6.137191013126955852e+01
5.742357394972534530e+04 5.219424287308525891e+03 6.110850332292007892e+01
5.742357395166868810e+04 5.126305013099372445e+03 6.064370405226298288e+01
5.742357395361203089e+04 5.102324702845848151e+03 6.051681523700933951e+01
5.742357395555538096e+04 5.044805848473191872e+03 6.020487494199011280e+01
5.742357395749872376e+04 4.962531002825200630e+03 5.981374499859630589e+01
5.742357395944206655e+04 5.074466310391785555e+03 6.035875880426227269e+01
5.742357396138541662e+04 5.145207617195867897e+03 6.072170758987954287e+01
5.742357396332875942e+04 5.263342135038027664e+03 6.132787828041825406e+01
5.742357396527210221e+04 5.328135232436832666e+03 6.165914003877075089e+01
5.742357396721545229e+04 5.239967083126718535e+03 6.123923167422601210e+01
5.742357396915879508e+04 5.195293025817582020e+03 6.099065741478634806e+01
5.742357397110213788e+04 5.103633576740997341e+03 6.052925643231016295e+01
5.742357397304548795e+04 5.110859438859562943e+03 6.054248702658092185e+01
5.742357397498883074e+04 5.131728226406590693e+03 6.063667771898056458e+01
5.742357397693217354e+04 5.179606893445976311e+03 6.088139943286402200e+01
5.742357397887552361e+04 5.116660655703966768e+03 6.057335218603725480e+01
5.742357398081886640e+04 5.138269625223770163e+03 6.068473264299124281e+01
5.742357398276220920e+04 5.137835806702990340e+03 6.069165337213192402e+01
5.742357398470555927e+04 5.191081330034489838e+03 6.098654553386768384e+01
5.742357398664890206e+04 5.118298502478597584e+03 6.057350347705542504e+01
5.742357398859224486e+04 5.071054310260828061e+03 6.034167636097739518e+01
5.742357399053559493e+04 5.042240580684508132e+03 6.019683052616709062e+01
5.742357399247893773e+04 5.047718115734906860e+03 6.021797438086224474e+01
5.742357399442228052e+04 5.113400764775687094e+03 6.057528878540676942e+01
5.742357399636563059e+04 5.245234012417885424e+03 6.125697447194852430e+01
5.742357399830897339e+04 5.163395347213709101e+03 6.082864476591758773e+01
5.742357400025231618e+04 5.224850624218577650e+03 6.114315074084924362e+01
5.742357400219566625e+04 5.123952556964061841e+03 6.062204513374857129e+01
5.742357400413900905e+04 5.119799932196541704e+03 6.061813009855962520e+01
5.742357400608235184e+04 5.118418457522758217e+03 6.058888482452714186e+01
5.742357400802570191e+04 5.244567256952334901e+03 6.122219463811944706e+01
5.742357400996904471e+04 5.369197583405569276e+03 6.185037268498589924e+01
5.742357401191238750e+04 5.416693767610269788e+03 6.212107763745959943e+01
5.742357401385573758e+04 5.292604624350737140e+03 6.150521598037240523e+01
5.742357401579908037e+04 5.082638790974748190e+03 6.039867789282793353e+01
5.742357401774242317e+04 5.027204524388785103e+03 6.010372732574685273e+01
5.742357401968577324e+04 5.017718331132788990e+03 6.005922311874115138e+01
5.742357402162911603e+04 5.205830187668122562e+03 6.104720178427317734e+01
5.742357402357245883e+04 5.148561544782301098e+03 6.073765810290604605e+01
5.742357402551580890e+04 5.030961318469864636e+03 6.014293982993971355e+01
5.742357402745915169e+04 5.147887257525745554e+03 6.074581600915758628e+01
5.742357402940249449e+04 5.164893880481148699e+03 6.081958814135291647e+01
5.742357403134584456e+04 5.227621540332431323e+03 6.112158362807588929e+01
5.742357403328918735e+04 5.351894474701323816e+03 6.178916607333708555e+01
5.742357403523253015e+04 5.394877378331681030e+03 6.199282400356515410e+01
5.742357403717588022e+04 5.347160402631199759e+03 6.177162394713393923e+01
5.742357403911922302e+04 5.336671574976122429e+03 6.171379305798655679e+01
5.742357404106256581e+04 5.222015218567107695e+03 6.112142613609583464e+01
5.742357404300591588e+04 5.147280994982424090e+03 6.074236078623254542e+01
5.742357404494925868e+04 5.078652502653594638e+03 6.037269802645570849e+01
5.742357404689260147e+04 5.051615893818534460e+03 6.025366924540327318e+01
5.742357404883595154e+04 5.004202237165392944e+03 6.001298695386443427e+01
5.742357405077929434e+04 5.035520214245872012e+03 6.018556016633981898e+01
5.742357405272263713e+04 5.070043552638956498e+03 6.035933704109366005e+01
5.742357405466598721e+04 5.171129765865804984e+03 6.085529482280447411e+01
5.742357405660933000e+04 5.025754718956087345e+03 6.011240738825097907e+01
5.742357405855267280e+04 5.006876243795267328e+03 6.000017483068757684e+01
5.742357406049602287e+04 4.890447126253431634e+03 5.940975994543882877e+01
5.742357406243936566e+04 5.062613723929823209e+03 6.028084583958352027e+01
5.742357406438270846e+04 5.175284022133767394e+03 6.088733227750399379e+01
5.742357406632605853e+04 5.182774860588255251e+03 6.092763135904215943e+01
5.742357406826940132e+04 5.307812890505330870e+03 6.156964827626558900e+01
5.742357407021274412e+04 5.171936658625692871e+03 6.089672911645765652e+01
5.742357407215609419e+04 5.020612994237556450e+03 6.010844922261506440e+01
5.742357407409943698e+04 5.037456415801230833e+03 6.018974220504273376e+01
5.742357407604277978e+04 5.063575611108624798e+03 6.032407444160800480e+01
5.742357407798612985e+04 4.981099773667351656e+03 5.987602270404686777e+01
5.742357407992947265e+04 5.089005595727642685e+03 6.041154409404197168e+01
5.742357408187281544e+04 5.206921247801892605e+03 6.103844880169598497e+01
5.742357408381616551e+04 5.281337974612797552e+03 6.142213338757144214e+01
5.742357408575950831e+04 5.181238173795886723e+03 6.089976785597511366e+01
5.742357408770285110e+04 5.078839418035038761e+03 6.038839534462891123e+01
5.742357408964620117e+04 5.224892694780889542e+03 6.116416287721515488e+01
5.742357409158954397e+04 5.321490802022178286e+03 6.166170281991166036e+01
5.742357409353288676e+04 5.411980218103507468e+03 6.212784731027802110e+01
5.742357409547623683e+04 5.291659824064179702e+03 6.146629456770833855e+01
5.742357409741957963e+04 5.237839923371827354e+03 6.120073033801275386e+01
5.742357409936292242e+04 5.176103532707587874e+03 6.089276267284400035e+01
5.742357410130627250e+04 5.181947299283257053e+03 6.092879463134381979e+01
5.742357410324961529e+04 5.298152889685951777e+03 6.150593972258828757e+01
5.742357410519295809e+04 5.239946355709228555e+03 6.121761354928504772e+01
5.742357410713630816e+04 5.306688415126030122e+03 6.154008815819697986e+01
5.742357410907965095e+04 5.094592087543765047e+03 6.047035038789317696e+01
5.742357411102299375e+04 5.111025947696864932e+03 6.056842354353019431e+01
5.742357411296634382e+04 5.100588878405246760e+03 6.051579667895627779e+01
5.742357411490968661e+04 5.057258926054454605e+03 6.029363419335918906e+01
5.742357411685302941e+04 5.099017875099359117e+03 6.051444334694672733e+01
5.742357411879637948e+04 5.133347966877006002e+03 6.071768034857171870e+01
5.742357412073972228e+04 5.294469066148367347e+03 6.148827324039921649e+01
5.742357412268306507e+04 5.259994793045528240e+03 6.132811590347834851e+01
5.742357412462641514e+04 5.217571845143435894e+03 6.109837044767932923e+01
5.742357412656975794e+04 5.094604474785149250e+03 6.047200252061544035e+01
5.742357412851310073e+04 5.066721323607028353e+03 6.033105335159401506e+01
5.742357413045645080e+04 5.045516150085439222e+03 6.021860900377301817e+01
5.742357413239979360e+04 5.072167565483750877e+03 6.035947437525124570e+01
5.742357413434313639e+04 5.318400830368710558e+03 6.160512722831605714e+01
5.742357413628648646e+04 5.289185739190557797e+03 6.146269136579543613e+01
5.742357413822982926e+04 5.246673215122638794e+03 6.125742751028474231e+01
5.742357414017317205e+04 5.248406548370020573e+03 6.126317468617404671e+01
5.742357414211652213e+04 5.232329889288083905e+03 6.116362338492349693e+01
5.742357414405986492e+04 5.270815565673000492e+03 6.137636214368764342e+01
5.742357414600321499e+04 5.219464719111065278e+03 6.113349522140942582e+01
5.742357414794655779e+04 5.069846960332517483e+03 6.035378224623218557e+01
5.742357414988990058e+04 5.198923217933069282e+03 6.100309404638933586e+01
5.742357415183325065e+04 5.132779748721755823e+03 6.066811290007586877e+01
5.742357415377659345e+04 5.172865352740095659e+03 6.089508166838027847e+01
5.742357415571993624e+04 5.235985875084736108e+03 6.120371364254317825e+01
5.742357415766328631e+04 5.311453483182362106e+03 6.158251580495685573e+01
5.742357415960662911e+04 5.232629784879213730e+03 6.120859238586394468e+01
5.742357416154997190e+04 5.130095355937511158e+03 6.066708913241987489e+01
5.742357416349332198e+04 5.015057594255271397e+03 6.007274029394783810e+01
5.742357416543666477e+04 5.011545665496588299e+03 6.004934629277029501e+01
5.742357416738000757e+04 5.126596706726316370e+03 6.065999501886743417e+01
5.742357416932335764e+04 5.265899778535956102e+03 6.134409864458550743e+01
5.742357417126670043e+04 5.251021547266200287e+03 6.133525058129103513e+01
5.742357417321004323e+04 5.316646881855223000e+03 6.160159751725724675e+01
5.742357417515339330e+04 5.201316870509677756e+03 6.102922735254459496e+01
5.742357417709673609e+04 5.142997269939634862e+03 6.072593922631676833e+01
5.742357417904007889e+04 5.142390582135235491e+03 6.072608303964032928e+01
5.742357418098342896e+04 5.234715871601983963e+03 6.119121915905381570e+01
5.742357418292677175e+04 5.118114002912154319e+03 6.059790383558090099e+01
5.742357418487011455e+04 5.142870543425158758e+03 6.071683952668426087e+01
5.742357418681346462e+04 5.231025020650902661e+03 6.116559204490995683e+01
5.742357418875680742e+04 5.201861535124866350e+03 6.102195672975444296e+01
5.742357419070015021e+04 5.253254273151243069e+03 6.127961948247340018e+01
5.742357419264350028e+04 5.114431269072802934e+03 6.056859283915198233e+01
5.742357419458684308e+04 5.068786336067177217e+03 6.033683973607316631e+01
5.742357419653018587e+04 5.241933037312661327e+03 6.122919070241243844e+01
5.742357419847353594e+04 5.147304672277976351e+03 6.073883634192404912e+01
5.742357420041687874e+04 5.012348224030220081e+03 6.003769160230947932e+01
5.742357420236022153e+04 5.033187599057713669e+03 6.012560326901883201e+01
5.742357420430357161e+04 5.052932637199453893e+03 6.024755289188443186e+01
5.742357420624691440e+04 5.116913653194515064e+03 6.059080007590397798e+01
5.742357420819025720e+04 5.152297764798883691e+03 6.074781122829167401e+01
5.742357421013360727e+04 5.255394414573967879e+03 6.125694028883662412e+01
5.742357421207695006e+04 5.156644225468938203e+03 6.076656081627242401e+01
5.742357421402029286e+04 5.142512738318058837e+03 6.069137069196160184e+01
5.742357421596364293e+04 5.186169600838155930e+03 6.092781998786186648e+01
5.742357421790698572e+04 5.139815130726125062e+03 6.067010695035048684e+01
5.742357421985032852e+04 5.211763133786874278e+03 6.105726134442178221e+01
5.742357422179367859e+04 5.239279062541197163e+03 6.118926828169581711e+01
5.742357422373702138e+04 5.271521520404525290e+03 6.135994066040890260e+01
5.742357422568036418e+04 5.172812918497694227e+03 6.086100335701835462e+01
5.742357422762371425e+04 5.222194085594726857e+03 6.110717600384562331e+01
5.742357422956705705e+04 5.112459119122655466e+03 6.057385635263518253e+01
5.742357423151039984e+04 4.923437279610666337e+03 5.958465535804843682e+01
5.742357423345374991e+04 4.885301577036135313e+03 5.934969900601216608e+01
5.742357423539709271e+04 4.982000376977778615e+03 5.986090057554333299e+01
5.742357423734043550e+04 5.032162147975685002e+03 6.012880003223406788e+01
5.742357423928378557e+04 5.085771024975244472e+03 6.039301876859702389e+01
5.742357424122712837e+04 5.098939539726572548e+03 6.045226114427484276e+01
5.742357424317047116e+04 5.106724823002210542e+03 6.052378458724933807e+01
5.742357424511382123e+04 5.324587198330800675e+03 6.161662909648163122e+01
5.742357424705716403e+04 5.290537589691331050e+03 6.145519635471421793e+01
5.742357424900050682e+04 5.144784643537814190e+03 6.070167508062645112e+01
5.742357425094385690e+04 5.016813705316405503e+03 6.005177000616184557e+01
5.742357425288719969e+04 5.039686725786871648e+03 6.015474944967566273e+01
5.742357425483054249e+04 5.107344104795649400e+03 6.048330171979792169e+01
5.742357425677389256e+04 5.075124286266905983e+03 6.035237238571865959e+01
5.742357425871723535e+04 5.073687355700552871e+03 6.033231275299672802e+01
5.742357426066057815e+04 5.104401433440883011e+03 6.048646385958537053e+01
5.742357426260392822e+04 5.272621952948699800e+03 6.137365469342878299e+01
5.742357426454727101e+04 5.174825389569594336e+03 6.085919167561286969e+01
5.742357426649061381e+04 5.087043820232255712e+03 6.041055055352627789e+01
5.742357426843396388e+04 5.160258154879822541e+03 6.081822712245161711e+01
5.742357427037730668e+04 5.015880250320112282e+03 6.004381154703747114e+01
5.742357427232064947e+04 4.903267285811120018e+03 5.944588979618151825e+01
5.742357427426399954e+04 4.697663490125765748e+03 5.836303350445326998e+01
5.742357427620734234e+04 4.409163024577739634e+03 5.680394707976210356e+01
5.742357427815068513e+04 4.065671783177472662e+03 5.486850910753587129e+01
5.742357428009403520e+04 3.743441237285185707e+03 5.299295839756371151e+01
5.742357428203737800e+04 3.580090503983404233e+03 5.201610845264088567e+01
5.742357428398072079e+04 3.593991192668572239e+03 5.211747974947720508e+01
5.742357428592407086e+04 3.507382381405214346e+03 5.161127768848924546e+01
5.742357428786741366e+04 3.412724212279462336e+03 5.102576942626112810e+01
5.742357428981075645e+04 3.345727618226505456e+03 5.062637671063509259e+01
5.742357429175410653e+04 3.375389498064356758e+03 5.079903798264110293e+01
5.742357429369744932e+04 3.429836120665956514e+03 5.110938868330102736e+01
5.742357429564079212e+04 3.310386937485166982e+03 5.039605810406363418e+01
5.742357429758414219e+04 3.389336953212464778e+03 5.089813027383754473e+01
5.742357429952748498e+04 3.433398100843837256e+03 5.113988703818746018e+01
5.742357430147082778e+04 3.431524356668267956e+03 5.112980471608796051e+01
5.742357430341417785e+04 3.434121226811174438e+03 5.116971397426981127e+01
5.742357430535752064e+04 3.373144481994177568e+03 5.080057640285266274e+01
5.742357430730086344e+04 3.450538135438961035e+03 5.127419112994358841e+01
5.742357430924421351e+04 3.436197803385079169e+03 5.114812839972797320e+01
5.742357431118755630e+04 3.457838482162715991e+03 5.128004418776835394e+01
5.742357431313089910e+04 3.514297768213471500e+03 5.159613624705890800e+01
5.742357431507424917e+04 3.435096359347005546e+03 5.112881015656881800e+01
5.742357431701759197e+04 3.403700388660786302e+03 5.093674043076327962e+01
