2.457424080482599791e+06 4.389880738781440596e+04 1.623787171555000555e+02
2.457424080486868508e+06 4.367128585532584111e+04 1.619649144258993942e+02
2.457424080491137691e+06 5.135173791587270534e+04 1.754380261391886506e+02
2.457424080495406408e+06 5.380553596941693104e+04 1.795238259060729717e+02
2.457424080499675125e+06 4.792943968416540883e+04 1.695656859276746502e+02
2.457424080503943842e+06 4.848958710318213707e+04 1.705471654536660253e+02
2.457424080508213025e+06 4.561921680497333000e+04 1.654852152455113128e+02
2.457424080512481742e+06 4.611850884813263110e+04 1.663506478923787313e+02
2.457424080516750459e+06 4.603288325552588503e+04 1.662213480384202455e+02
2.457424080521019176e+06 4.594144247618145891e+04 1.660626560543335586e+02
2.457424080525288358e+06 5.390955680211506842e+04 1.797206932184694779e+02
2.457424080529557075e+06 5.433695686928350187e+04 1.804198014788377691e+02
2.457424080533825792e+06 4.631325895984189265e+04 1.667236844319590148e+02
2.457424080538094975e+06 4.899723996689212800e+04 1.714212195213114569e+02
2.457424080542363692e+06 4.991935521436743147e+04 1.730090784804106931e+02
2.457424080546632409e+06 4.997559775914630882e+04 1.731062753308848130e+02
2.457424080550901126e+06 4.847593634051064873e+04 1.705269241349592448e+02
2.457424080555170309e+06 4.800644895865088620e+04 1.697135820573072920e+02
2.457424080559439026e+06 4.747716951791172323e+04 1.688011454547782080e+02
2.457424080563707743e+06 4.859849474466460379e+04 1.707405240129292565e+02
2.457424080567976926e+06 4.733494013362230180e+04 1.685402272219508291e+02
2.457424080572245643e+06 4.838169488209792326e+04 1.703657866164967913e+02
2.457424080576514360e+06 4.763430511337649659e+04 1.690505637152577378e+02
2.457424080580783077e+06 4.792391443359372352e+04 1.695521411675663046e+02
2.457424080585052259e+06 5.246431201457711722e+04 1.773106236084009595e+02
2.457424080589320976e+06 4.946822333222176530e+04 1.722470356766371253e+02
2.457424080593589693e+06 4.694495218749997730e+04 1.678620292250846830e+02
2.457424080597858410e+06 4.791300553925301210e+04 1.695201565378079920e+02
2.457424080602127593e+06 4.769491985947025387e+04 1.690809709157537668e+02
2.457424080606396310e+06 4.987923524199708481e+04 1.728377620302761386e+02
2.457424080610665027e+06 4.943952443430811400e+04 1.720704137930909212e+02
2.457424080614934210e+06 4.622952374499822326e+04 1.664622714957688743e+02
2.457424080619202927e+06 4.416362077481910092e+04 1.627460876699207688e+02
2.457424080623471644e+06 4.827023717249411129e+04 1.700502027470063524e+02
2.457424080627740361e+06 5.193363434808512829e+04 1.763157591674931268e+02
2.457424080632009543e+06 5.329984228872883250e+04 1.785911073013073178e+02
2.457424080636278260e+06 5.236610292278025008e+04 1.770348856539786198e+02
2.457424080640546978e+06 4.708710855444941990e+04 1.679733922726127844e+02
2.457424080644815695e+06 4.504306171732071380e+04 1.643295740776162290e+02
2.457424080649084877e+06 4.671001031535836228e+04 1.673109026823091767e+02
2.457424080653353594e+06 5.065342147294188908e+04 1.741418695581461122e+02
2.457424080657622311e+06 4.884995228086903080e+04 1.710515978158177575e+02
2.457424080661891494e+06 4.599684440858436574e+04 1.660395907743630062e+02
2.457424080666160211e+06 5.268228317573343520e+04 1.775575706190355163e+02
2.457424080670428928e+06 4.912783152843953576e+04 1.715317132138722798e+02
2.457424080674697645e+06 4.706526319478829100e+04 1.679380808113851913e+02
2.457424080678966828e+06 4.541415512195135670e+04 1.649961975922063857e+02
2.457424080683235545e+06 5.097409839033899334e+04 1.746877755985964313e+02
2.457424080687504262e+06 5.346419534536980791e+04 1.788563720699989688e+02
2.457424080691773444e+06 4.708989282964952145e+04 1.679782828803608652e+02
2.457424080696042161e+06 5.286626268578488089e+04 1.778702038492955637e+02
2.457424080700310878e+06 4.725964684308319556e+04 1.682772074850247179e+02
2.457424080704579595e+06 4.123152487233214924e+04 1.573166780231875634e+02
2.457424080708848778e+06 5.010988627905884641e+04 1.732190926835388041e+02
2.457424080713117495e+06 5.476147066239533160e+04 1.809952733406942400e+02
2.457424080717386212e+06 5.006908718059238890e+04 1.731557685485055060e+02
2.457424080721654929e+06 4.522795598799557047e+04 1.646659307700543025e+02
2.457424080725924112e+06 4.813448643292663473e+04 1.698039514457945813e+02
2.457424080730192829e+06 4.665441203649022646e+04 1.672087211536882023e+02
2.457424080734461546e+06 4.884408108660454309e+04 1.710443355897450033e+02
2.457424080738730729e+06 4.693531312476162566e+04 1.677130545706430098e+02
2.457424080742999446e+06 4.704946505120980146e+04 1.679113097970018487e+02
2.457424080747268163e+06 5.143737109470321593e+04 1.754786781213845188e+02
2.457424080751536880e+06 5.255821088795713877e+04 1.773556233555313213e+02
2.457424080755806062e+06 5.387167814214917598e+04 1.795354847248497094e+02
2.457424080760074779e+06 4.852170046208122221e+04 1.704801044042397109e+02
2.457424080764343496e+06 4.245617503810956259e+04 1.596040796947593776e+02
2.457424080768612213e+06 4.950092500142895005e+04 1.721759535526244917e+02
2.457424080772881396e+06 4.770196511432908301e+04 1.690557820300633409e+02
2.457424080777150113e+06 4.877239982993566082e+04 1.709154917227342878e+02
2.457424080781418830e+06 4.550677157964919752e+04 1.651639273988616594e+02
2.457424080785688013e+06 4.493506179496933328e+04 1.641396952380936511e+02
2.457424080789956730e+06 5.065742033226993226e+04 1.741519780490617961e+02
2.457424080794225447e+06 5.170244153701388132e+04 1.759175195936133491e+02
2.457424080798494164e+06 4.719451452934431290e+04 1.681574580665450753e+02
2.457424080802763347e+06 4.626279680306824594e+04 1.665116424546603184e+02
2.457424080807032064e+06 4.396722534298764367e+04 1.623818612469886489e+02
2.457424080811300781e+06 4.359081971417664317e+04 1.616986429016444333e+02
2.457424080815569963e+06 4.517662444312101434e+04 1.645833895699202287e+02
2.457424080819838680e+06 5.057630098704315606e+04 1.740122814356149377e+02
2.457424080824107397e+06 4.959540005359164206e+04 1.723345291769315679e+02
2.457424080828376114e+06 4.783894904701771884e+04 1.693057203415522736e+02
2.457424080832645297e+06 4.747128334032055864e+04 1.686518102252960887e+02
2.457424080836914014e+06 4.865537127620029787e+04 1.707194095802987022e+02
2.457424080841182731e+06 5.142882159203486663e+04 1.754573728492390785e+02
2.457424080845451448e+06 5.124519541110946739e+04 1.751529696140169108e+02
2.457424080849720631e+06 5.122432738543234882e+04 1.751165961490057157e+02
2.457424080853989348e+06 5.279626663371741597e+04 1.777517079994396170e+02
2.457424080858258065e+06 5.135510347751503286e+04 1.753342193415882377e+02
2.457424080862527248e+06 4.787860059117803758e+04 1.693678038090340578e+02
2.457424080866795965e+06 4.436906446932144172e+04 1.631102299237804232e+02
2.457424080871064682e+06 4.562798541349069274e+04 1.653844707625047761e+02
2.457424080875333399e+06 4.861910458412774460e+04 1.706472166724218766e+02
2.457424080879602581e+06 4.638390536918803991e+04 1.667296437943781768e+02
2.457424080883871298e+06 4.939524866663476132e+04 1.719962166149870768e+02
2.457424080888140015e+06 5.380483032297997852e+04 1.794114744301913902e+02
2.457424080892409198e+06 4.916071630192500015e+04 1.715874343689543480e+02
2.457424080896677915e+06 4.654140113662327349e+04 1.670104940869328516e+02
2.457424080900946632e+06 4.648150158870028099e+04 1.668992846811521531e+02
2.457424080905215349e+06 4.730698297446693323e+04 1.683657720905636381e+02
2.457424080909484532e+06 4.977073523080199811e+04 1.726368184350138790e+02
2.457424080913753249e+06 4.383830101157564786e+04 1.621431192910384311e+02
2.457424080918021966e+06 4.884314728563313110e+04 1.710335211726793716e+02
2.457424080922290683e+06 5.062540792635268735e+04 1.740914227808768260e+02
2.457424080926559865e+06 5.071495929925666132e+04 1.742436874344606395e+02
2.457424080930828582e+06 4.740695538824294636e+04 1.685352796336987637e+02
2.457424080935097300e+06 4.594898592868757987e+04 1.659526690707272110e+02
2.457424080939366482e+06 5.060178456245216512e+04 1.740514137969046544e+02
2.457424080943635199e+06 4.887007149628410843e+04 1.710852202716003205e+02
2.457424080947903916e+06 5.155699113662396849e+04 1.756716072225109997e+02
2.457424080952172633e+06 5.104266982993500278e+04 1.748038364937998210e+02
2.457424080956441816e+06 4.586766038157373259e+04 1.658059549176448400e+02
2.457424080960710533e+06 4.613254213557583716e+04 1.662710404888142932e+02
2.457424080964979250e+06 4.394114708365081606e+04 1.623377380667123759e+02
2.457424080969247967e+06 5.134195305068578455e+04 1.753092272972492935e+02
2.457424080973517150e+06 4.984436171779705182e+04 1.727643550216359074e+02
2.457424080977785867e+06 5.239653594559882185e+04 1.770791129018658694e+02
2.457424080982054584e+06 4.868415311642504821e+04 1.707660181882319819e+02
2.457424080986323766e+06 4.192849098775705352e+04 1.586264237249502003e+02
2.457424080990592483e+06 4.683514688381340238e+04 1.675314355532435400e+02
2.457424080994861200e+06 5.291437992830579606e+04 1.779443224294271033e+02
2.457424080999129917e+06 4.742134182807716570e+04 1.685707485804981616e+02
2.457424081003399100e+06 4.879908860875552637e+04 1.709616826415742423e+02
2.457424081007667817e+06 5.152832779415947880e+04 1.756225029046629800e+02
2.457424081011936534e+06 5.397466759075009031e+04 1.796966251972228292e+02
2.457424081016205717e+06 5.129733374547418498e+04 1.752324357227682299e+02
2.457424081020474434e+06 4.916194841701581026e+04 1.715918205902993350e+02
2.457424081024743151e+06 4.844189620093347185e+04 1.703390077485086920e+02
2.457424081029011868e+06 4.580938664276849158e+04 1.657050045435718744e+02
2.457424081033281051e+06 5.093587234017702576e+04 1.746206792766032834e+02
2.457424081037549768e+06 4.853875227086490486e+04 1.705156507247933746e+02
2.457424081041818485e+06 4.631790671684554400e+04 1.666187707331166052e+02
2.457424081046087202e+06 4.676197379954255302e+04 1.673987222076338810e+02
2.457424081050356384e+06 4.679706072456154652e+04 1.674533353107413518e+02
2.457424081054625101e+06 4.864763985565910843e+04 1.707025414229312332e+02
2.457424081058893818e+06 4.891399162109358440e+04 1.711562595327251870e+02
2.457424081063163001e+06 5.011731271436718089e+04 1.732273664971258142e+02
2.457424081067431718e+06 4.680579772389461868e+04 1.674786408245148266e+02
2.457424081071700435e+06 4.836237531797937118e+04 1.702078108386163819e+02
2.457424081075969152e+06 5.014322034274948965e+04 1.732762501720599175e+02
2.457424081080238335e+06 4.984020109446432616e+04 1.727545892022432668e+02
2.457424081084507052e+06 4.939674544421664905e+04 1.719892588432863931e+02
2.457424081088775769e+06 4.681558707674333709e+04 1.674954395840310610e+02
2.457424081093044486e+06 4.860514362590492237e+04 1.706221199932133743e+02
2.457424081097313669e+06 4.941065198409034929e+04 1.720119621716160054e+02
2.457424081101582386e+06 4.653055678972903115e+04 1.669801011865520763e+02
2.457424081105851103e+06 4.406385012433302472e+04 1.625603711618552154e+02
2.457424081110120285e+06 4.911161138767129887e+04 1.714989569064557031e+02
2.457424081114389002e+06 4.607125668254554330e+04 1.661760183284316668e+02
2.457424081118657719e+06 5.040762917968732654e+04 1.737234490640075819e+02
2.457424081122926436e+06 5.261622901867357723e+04 1.774428428294132516e+02
2.457424081127195619e+06 4.851080515434556582e+04 1.704575948861032373e+02
2.457424081131464336e+06 4.812182868068775861e+04 1.697855548498003486e+02
2.457424081135733053e+06 4.709495977205578674e+04 1.679841750011491399e+02
2.457424081140002236e+06 4.986909619926626328e+04 1.728000527145184151e+02
2.457424081144270953e+06 4.791983749595061818e+04 1.694313166881616439e+02
2.457424081148539670e+06 4.832130782202725095e+04 1.701321778856753042e+02
2.457424081152808387e+06 5.222122352705772937e+04 1.767849620445192897e+02
2.457424081157077570e+06 4.940328490139210771e+04 1.720085130713763988e+02
2.457424081161346287e+06 4.784355323885271355e+04 1.692993361119314102e+02
2.457424081165615004e+06 4.824761153463204391e+04 1.700014727307948590e+02
2.457424081169883721e+06 4.673444426186145574e+04 1.673460521124735294e+02
2.457424081174152903e+06 4.437626559213017026e+04 1.631125400212966667e+02
2.457424081178421620e+06 4.968293730182909349e+04 1.724751386091801919e+02
