2.457422870000000112e+06 6.697149135886329168e+04 2.079527316024380355e+02
2.457422870006215759e+06 6.705698135441227350e+04 2.080486139615702825e+02
2.457422870012431405e+06 6.688892766864421719e+04 2.077988402073951590e+02
2.457422870018647052e+06 6.745264025269384729e+04 2.086256766994408167e+02
2.457422870024862699e+06 6.702383129521673254e+04 2.079860795116495638e+02
2.457422870031078346e+06 6.725892855764976412e+04 2.083574300199695983e+02
2.457422870037294459e+06 6.705309665609509102e+04 2.080347646795798937e+02
2.457422870043510105e+06 6.736890616130763374e+04 2.085261307942847964e+02
2.457422870049725752e+06 6.704431633086780494e+04 2.080251900786781505e+02
2.457422870055941399e+06 6.782851896326546557e+04 2.091528554923113177e+02
2.457422870062157046e+06 6.754521815709833754e+04 2.087441594518698480e+02
2.457422870068372693e+06 6.729204640908101283e+04 2.083870126626311219e+02
2.457422870074588340e+06 6.720462396306866140e+04 2.082801921469450406e+02
2.457422870080803987e+06 6.726541962312170654e+04 2.083577107243388014e+02
2.457422870087019634e+06 6.722720940209987748e+04 2.082805755525033646e+02
2.457422870093235280e+06 6.736245717318297829e+04 2.084745509769327896e+02
2.457422870099451393e+06 6.732464062588305387e+04 2.084363515255504353e+02
2.457422870105667040e+06 6.737399339311102813e+04 2.084973883455484156e+02
2.457422870111882687e+06 6.689460763799164852e+04 2.078143987188796302e+02
2.457422870118098333e+06 6.679905204312958813e+04 2.076544944893923343e+02
2.457422870124313980e+06 6.811938476751736016e+04 2.095567903714359943e+02
2.457422870130529627e+06 6.682614776669295679e+04 2.077408857011792520e+02
2.457422870136745274e+06 6.705806196096971689e+04 2.080396428765105270e+02
2.457422870142960921e+06 6.692356217601406388e+04 2.078542139569659355e+02
2.457422870149176568e+06 6.793790065474675794e+04 2.093071470751566778e+02
2.457422870155392215e+06 6.681306036507444514e+04 2.076887037006054584e+02
2.457422870161608327e+06 6.803868003987258999e+04 2.094540814477828974e+02
2.457422870167823974e+06 6.670854252055686084e+04 2.075525930220606199e+02
2.457422870174039621e+06 6.748892507423406641e+04 2.086992175341687243e+02
2.457422870180255268e+06 6.783916261831572047e+04 2.091814635834985552e+02
2.457422870186470915e+06 6.785376222731181770e+04 2.091812777719995893e+02
2.457422870192686561e+06 6.725358079207972332e+04 2.083535540006895133e+02
2.457422870198902208e+06 6.786086593647043628e+04 2.091828355300022224e+02
2.457422870205117855e+06 6.727671157701872289e+04 2.083937611297882881e+02
2.457422870211333502e+06 6.712999389536501258e+04 2.081614779544547105e+02
2.457422870217549149e+06 6.801794880922573793e+04 2.094058172148549204e+02
2.457422870223765261e+06 6.832736642900967854e+04 2.098986710599370156e+02
2.457422870229980908e+06 6.700041437033694820e+04 2.079544072642104879e+02
2.457422870236196555e+06 6.763573165411211085e+04 2.088596023315278103e+02
2.457422870242412202e+06 6.772165739385418419e+04 2.089930805608043158e+02
2.457422870248627849e+06 6.765492964902028325e+04 2.089046153278657130e+02
2.457422870254843496e+06 6.740129541794670513e+04 2.085502179743707813e+02
2.457422870261059143e+06 6.767005113324389094e+04 2.089377298707612738e+02
2.457422870267274790e+06 6.716440222061550594e+04 2.082017819327644474e+02
2.457422870273490436e+06 6.728927930116443895e+04 2.083768278396627238e+02
2.457422870279706083e+06 6.678025759001197002e+04 2.076549609676827970e+02
2.457422870285922196e+06 6.692019181022293924e+04 2.078580056520965798e+02
2.457422870292137843e+06 6.790497559609351447e+04 2.092560329860034756e+02
2.457422870298353489e+06 6.710233044008613797e+04 2.080993778386745703e+02
2.457422870304569136e+06 6.793118916093208827e+04 2.093165885733287155e+02
2.457422870310784783e+06 6.742512013049758389e+04 2.085723484039170330e+02
2.457422870317000430e+06 6.786170443936309312e+04 2.091985495149088479e+02
2.457422870323216077e+06 6.911876059047674062e+04 2.109744840099340593e+02
2.457422870329431724e+06 6.783711848647164879e+04 2.091783288022254226e+02
2.457422870335647371e+06 7.000985415161155106e+04 2.122405826414656929e+02
2.457422870341863018e+06 6.561141118933291000e+04 2.059714627705361067e+02
2.457422870348079130e+06 6.661119490676102578e+04 2.073921055802333342e+02
2.457422870354294777e+06 6.841844636356110277e+04 2.100071957433426633e+02
2.457422870360510424e+06 6.723719105791504262e+04 2.083260453967298247e+02
2.457422870366726071e+06 6.725236991974317061e+04 2.083041978617992811e+02
2.457422870372941718e+06 6.729384146418343880e+04 2.083944079791119748e+02
2.457422870379157364e+06 6.712912857343307405e+04 2.082767438414249739e+02
2.457422870385373011e+06 6.695897407488618046e+04 2.078946033045401123e+02
2.457422870391588658e+06 6.710419455072982237e+04 2.080967137059579670e+02
2.457422870397804305e+06 6.759056257166074647e+04 2.088043337937524484e+02
2.457422870404019952e+06 6.807044012670723896e+04 2.094378237689545870e+02
2.457422870410235599e+06 6.667885908608768659e+04 2.074751001120898479e+02
2.457422870416451711e+06 6.725787995075064828e+04 2.082985462082856714e+02
2.457422870422667358e+06 6.780174179891915992e+04 2.090827653732049782e+02
2.457422870428883005e+06 6.702190647797632846e+04 2.079781254676429683e+02
2.457422870435098652e+06 6.772474609400185000e+04 2.090135244742538987e+02
2.457422870441314299e+06 6.726527601714937191e+04 2.083100306179548227e+02
2.457422870447529946e+06 6.819587787814956391e+04 2.096317934016433639e+02
2.457422870453745592e+06 6.600527916005183943e+04 2.065703716340871097e+02
2.457422870459961239e+06 6.767657379036484053e+04 2.089209516252372794e+02
2.457422870466176886e+06 6.739188708260278509e+04 2.084920837879649014e+02
2.457422870472392533e+06 6.651787368816039816e+04 2.072384827041565245e+02
2.457422870478608645e+06 6.732789803756451875e+04 2.083913990158740148e+02
2.457422870484824292e+06 6.787544680664456973e+04 2.091770466232633510e+02
2.457422870491039939e+06 6.783694533502035483e+04 2.091340235810403669e+02
2.457422870497255586e+06 6.721520755129224563e+04 2.082547868079367959e+02
2.457422870503471233e+06 6.679919590704211441e+04 2.076430480086018520e+02
2.457422870509686880e+06 6.734788882566765824e+04 2.084477578799791218e+02
2.457422870515902527e+06 6.759674823870493856e+04 2.087777633735587699e+02
2.457422870522118174e+06 6.745250103554388625e+04 2.086043783344730400e+02
2.457422870528333820e+06 6.748527784940968559e+04 2.086239100304491956e+02
2.457422870534549467e+06 6.855783790128606779e+04 2.101765606581853945e+02
2.457422870540765580e+06 6.800552314644292346e+04 2.093946755186813959e+02
2.457422870546981227e+06 6.685636727120848082e+04 2.077394623622674033e+02
2.457422870553196874e+06 6.691678242280893028e+04 2.078443164786288548e+02
2.457422870559412520e+06 6.765631948897239636e+04 2.088999532864237381e+02
2.457422870565628167e+06 6.676933810169553908e+04 2.076592956944796242e+02
2.457422870571843814e+06 6.634473856574723322e+04 2.070186433693909862e+02
2.457422870578059461e+06 6.831498898895928869e+04 2.098210727934419140e+02
2.457422870584275108e+06 6.729761898027251300e+04 2.083708853039526048e+02
2.457422870590490755e+06 6.831433199901494663e+04 2.098324627198901453e+02
2.457422870596706402e+06 6.733393785817627213e+04 2.084476266694373408e+02
2.457422870602922514e+06 6.753911864228258491e+04 2.087455512546093530e+02
2.457422870609138161e+06 6.670819678380912228e+04 2.075542908284544410e+02
2.457422870615353808e+06 6.790910384856870223e+04 2.092627227281934097e+02
2.457422870621569455e+06 6.694314283593885193e+04 2.079047129511451999e+02
2.457422870627785102e+06 6.891828048797673546e+04 2.106798972623917905e+02
2.457422870634000748e+06 6.741293198637421301e+04 2.085216793367897878e+02
2.457422870640216395e+06 6.786495293121360010e+04 2.092075694218529236e+02
2.457422870646432042e+06 6.789380369901543600e+04 2.092232345186511964e+02
2.457422870652647689e+06 6.709649003188336792e+04 2.080724793561001036e+02
2.457422870658863336e+06 6.704043109421538247e+04 2.080157114980277697e+02
2.457422870665079448e+06 6.755819340517160890e+04 2.087540064730459051e+02
2.457422870671295095e+06 6.741744927375645784e+04 2.085242876217189689e+02
2.457422870677510742e+06 6.670556557628969313e+04 2.075470593247800934e+02
2.457422870683726389e+06 6.765837811861567025e+04 2.089053816551853515e+02
2.457422870689942036e+06 6.732887315146341280e+04 2.084181901108744057e+02
2.457422870696157683e+06 6.645132630018201598e+04 2.071685838558902901e+02
