5.742937886450000224e+04 2.421284651039024084e+03 4.209334887458815189e+01
5.742937886634396273e+04 2.379408777295459004e+03 4.176388625177131075e+01
5.742937886818792322e+04 2.415946236354572648e+03 4.202400440312907648e+01
5.742937887003189098e+04 2.407138063052368580e+03 4.197298405544776045e+01
5.742937887187585147e+04 2.432720638065802632e+03 4.216185406153997661e+01
5.742937887371981196e+04 2.434900550650593686e+03 4.217835520050265075e+01
5.742937887556377245e+04 2.419328427262680179e+03 4.205226069861031135e+01
5.742937887740773294e+04 2.416220015695744678e+03 4.203155311489990709e+01
5.742937887925169343e+04 2.454976247569607494e+03 4.232515662184809457e+01
5.742937888109566120e+04 2.465311868094298006e+03 4.240541066232729150e+01
5.742937888293962169e+04 2.422400691126363654e+03 4.209649821939460423e+01
5.742937888478358218e+04 2.553767905689842337e+03 4.308282416622959943e+01
5.742937888662754267e+04 2.721938670354925762e+03 4.426122746311060752e+01
5.742937888847150316e+04 3.092416596391686653e+03 4.681148611811482141e+01
5.742937889031547093e+04 3.903939929316994949e+03 5.193971320173210415e+01
5.742937889215943142e+04 5.190153690189637018e+03 5.917330446652264442e+01
5.742937889400339191e+04 6.520530309268307064e+03 6.582614504367153074e+01
5.742937889584735240e+04 7.207200983597227605e+03 6.901195547773971839e+01
5.742937889769131289e+04 7.231951535889044862e+03 6.912759243791659003e+01
5.742937889953528065e+04 7.138280208760093046e+03 6.869007272279606013e+01
5.742937890137924114e+04 7.102881450787465837e+03 6.853364074542854212e+01
5.742937890322320163e+04 7.070212862128063534e+03 6.839354223139771705e+01
5.742937890506716212e+04 7.138097714631669987e+03 6.870638056346759015e+01
5.742937890691112261e+04 7.352425861876933595e+03 6.967877163805746932e+01
5.742937890875508310e+04 7.446435087402401223e+03 7.008783695036090933e+01
5.742937891059905087e+04 7.257306458001005012e+03 6.924377194894641718e+01
5.742937891244301136e+04 7.173820402875762738e+03 6.886656531844505480e+01
5.742937891428697185e+04 6.987696738441469279e+03 6.799984484541478480e+01
5.742937891613093234e+04 6.636537932656408884e+03 6.636929455974437531e+01
5.742937891797489283e+04 6.645013627701139740e+03 6.641321808245533020e+01
5.742937891981886060e+04 7.107356528579030055e+03 6.856014607988984721e+01
5.742937892166282109e+04 7.617109349195631694e+03 7.085488775023988239e+01
5.742937892350678158e+04 7.700162792324794282e+03 7.121708156994166927e+01
5.742937892535074207e+04 7.100374064254346195e+03 6.852489516573712081e+01
5.742937892719470256e+04 6.707871876096454798e+03 6.671032734473229198e+01
5.742937892903866305e+04 6.424199361741595567e+03 6.536636997573585006e+01
5.742937893088263081e+04 6.566881898998582983e+03 6.604678580270186217e+01
5.742937893272659130e+04 6.634958421704090142e+03 6.636434889892441902e+01
5.742937893457055179e+04 6.492542968026341441e+03 6.569447297608594738e+01
5.742937893641451228e+04 6.559229254846592994e+03 6.601281959373444863e+01
5.742937893825847277e+04 6.696025968091897994e+03 6.665363331714415551e+01
5.742937894010244054e+04 6.603463975892022972e+03 6.622031404711935920e+01
5.742937894194640103e+04 6.608358431896899674e+03 6.625406133082056215e+01
5.742937894379036152e+04 7.135682371808568860e+03 6.868928602147758511e+01
5.742937894563432201e+04 7.450617437390287705e+03 7.010824396227583577e+01
5.742937894747828250e+04 7.555601185187627379e+03 7.057491596546496737e+01
5.742937894932225026e+04 7.438564423630126839e+03 7.005352691091972872e+01
5.742937895116621075e+04 7.017273526209381998e+03 6.815441230601352629e+01
5.742937895301017124e+04 6.795813525404516440e+03 6.712231260052257653e+01
5.742937895485413173e+04 6.795470723293673473e+03 6.712009570847573059e+01
5.742937895669809222e+04 6.849862534645302730e+03 6.737865700628351817e+01
5.742937895854205271e+04 6.668471885315944746e+03 6.653340243705375201e+01
5.742937896038602048e+04 6.488271374234660470e+03 6.567927459765003562e+01
5.742937896222998097e+04 6.809749648223244549e+03 6.719848436511585987e+01
5.742937896407394146e+04 7.537521598175096187e+03 7.050458119126004419e+01
5.742937896591790195e+04 7.512703525535194785e+03 7.038140298160078601e+01
5.742937896776186244e+04 7.448952021862856782e+03 7.009446012970605011e+01
5.742937896960583021e+04 7.220377523288146222e+03 6.907321018561192716e+01
5.742937897144979070e+04 7.113793372270817599e+03 6.858892006625632121e+01
5.742937897329375119e+04 6.956532302416077073e+03 6.786833680778221378e+01
5.742937897513771168e+04 6.626712081061652498e+03 6.633484849199945188e+01
5.742937897698167217e+04 6.547926276691634484e+03 6.596084092471856763e+01
5.742937897882563993e+04 6.719862171321231472e+03 6.677132707047979920e+01
5.742937898066960042e+04 6.740548272999219989e+03 6.687833055489102208e+01
5.742937898251356091e+04 6.855970624668493656e+03 6.740494353306762321e+01
5.742937898435752140e+04 6.635768929377501991e+03 6.637953484719224662e+01
5.742937898620148189e+04 6.645183242636487194e+03 6.643008060271471038e+01
5.742937898804544238e+04 6.812072308890652494e+03 6.720879570340437681e+01
5.742937898988941015e+04 6.889378306993493425e+03 6.755460401155058037e+01
5.742937899173337064e+04 6.776092462818692184e+03 6.703123152503107463e+01
5.742937899357733113e+04 6.715426461407166244e+03 6.675168355115158647e+01
5.742937899542129162e+04 6.908338864635984464e+03 6.765368693080202434e+01
5.742937899726525211e+04 7.518387554810691654e+03 7.041794678167188692e+01
5.742937899910921988e+04 7.857245980758098995e+03 7.190145823198800201e+01
5.742937900095318037e+04 7.708573366451338188e+03 7.124118242471740814e+01
5.742937900279714086e+04 7.239061217309266794e+03 6.915091340653317786e+01
5.742937900464110135e+04 7.214556063353458740e+03 6.905461126681093731e+01
5.742937900648506184e+04 7.262001164957202491e+03 6.926158006173244530e+01
5.742937900832902233e+04 7.222059280364300321e+03 6.907975238910857740e+01
5.742937901017299009e+04 7.237812600131207546e+03 6.915237725988383488e+01
5.742937901201695058e+04 7.079062769484251476e+03 6.843677126828852408e+01
5.742937901386091107e+04 6.925773985320572137e+03 6.773628813668194937e+01
5.742937901570487156e+04 6.662637439283528693e+03 6.650535288338781470e+01
5.742937901754883205e+04 6.747653959637845219e+03 6.689421899668614913e+01
5.742937901939279982e+04 7.205413025994444979e+03 6.900359351257807816e+01
5.742937902123676031e+04 7.669627717052585467e+03 7.108851912400187700e+01
5.742937902308072080e+04 7.872129903904244202e+03 7.197512769180255532e+01
5.742937902492468129e+04 7.317579294715606920e+03 6.952105855057759243e+01
5.742937902676864178e+04 6.929774308754668709e+03 6.774845831583128586e+01
5.742937902861260955e+04 6.872018982815718118e+03 6.749353290246504855e+01
5.742937903045657004e+04 6.949369299129142746e+03 6.784312092310395315e+01
5.742937903230053053e+04 7.187859461038709014e+03 6.892248848717746057e+01
5.742937903414449102e+04 7.225254040778911985e+03 6.909242068048141050e+01
5.742937903598845151e+04 6.837850771401948805e+03 6.732442734342193091e+01
5.742937903783241200e+04 6.274262871515810730e+03 6.466027820077535182e+01
5.742937903967637976e+04 6.045309554547560765e+03 6.355167539987274239e+01
5.742937904152034025e+04 6.201582315719278995e+03 6.432067062552306425e+01
5.742937904336430074e+04 6.801389906632050042e+03 6.715965857777473502e+01
5.742937904520826123e+04 7.055668944588047452e+03 6.832753746996587552e+01
5.742937904705222172e+04 7.175140872123874033e+03 6.888031381652204743e+01
5.742937904889618949e+04 7.387473637081909146e+03 6.983318236666562484e+01
5.742937905074014998e+04 7.758077757611441484e+03 7.147231443989883815e+01
5.742937905258411047e+04 8.030447586978155414e+03 7.265516362756758895e+01
5.742937905442807096e+04 7.949680013300769133e+03 7.230244456959806598e+01
5.742937905627203145e+04 7.795400994031579103e+03 7.163117284957098718e+01
5.742937905811599194e+04 7.470489274251742245e+03 7.018794764731715929e+01
5.742937905995995970e+04 7.182666727100226126e+03 6.890702733024187410e+01
5.742937906180392019e+04 6.968434696826385334e+03 6.791160667187298827e+01
5.742937906364788068e+04 6.428317912671644990e+03 6.538376314846688331e+01
5.742937906549184117e+04 6.278913833148345475e+03 6.467748115931517816e+01
5.742937906733580166e+04 6.664991441166735967e+03 6.650674862014412270e+01
5.742937906917976943e+04 7.071031232788861416e+03 6.838099252495868541e+01
5.742937907102372992e+04 7.080087495164259963e+03 6.842619280742471233e+01
5.742937907286769041e+04 6.984203490915599104e+03 6.799555681588699940e+01
5.742937907471165090e+04 7.066515024535776320e+03 6.838116203703400231e+01
5.742937907655561139e+04 7.043376083021484192e+03 6.826626986719041668e+01
5.742937907839957916e+04 7.081045937829176182e+03 6.843685367131178054e+01
5.742937908024353965e+04 7.473240245763907296e+03 7.020633746081085746e+01
5.742937908208750014e+04 7.815080132273325034e+03 7.171258218034240883e+01
5.742937908393146063e+04 7.801647311162225378e+03 7.165474983570922518e+01
5.742937908577542112e+04 7.485794664508632195e+03 7.027056928583321849e+01
5.742937908761938161e+04 7.259443947747469792e+03 6.924888864037536962e+01
5.742937908946334937e+04 6.909597361275436924e+03 6.764458534272333168e+01
5.742937909130730986e+04 6.575272227896717595e+03 6.608868392827557159e+01
5.742937909315127035e+04 6.426272471697549008e+03 6.538763015322615502e+01
5.742937909499523084e+04 6.617188484846091342e+03 6.629267130528288021e+01
5.742937909683919133e+04 6.830559718019133470e+03 6.728007301972948540e+01
5.742937909868315910e+04 6.930576680284541908e+03 6.773030962690360468e+01
5.742937910052711959e+04 6.975508339854061887e+03 6.795361843323432538e+01
5.742937910237108008e+04 7.011071753156297746e+03 6.812742213103061317e+01
5.742937910421504057e+04 7.446810998857705272e+03 7.010094122128127481e+01
5.742937910605900106e+04 7.436222671814385649e+03 7.003956658173595429e+01
5.742937910790296883e+04 7.038632700614653913e+03 6.823530257972331015e+01
5.742937910974692932e+04 6.874501167404432636e+03 6.746961726301643125e+01
5.742937911159088981e+04 6.945376528126263111e+03 6.781283353695026506e+01
5.742937911343485030e+04 7.381336242127900732e+03 6.979657414874606047e+01
5.742937911527881079e+04 7.472362056109873265e+03 7.020006039013551913e+01
5.742937911712277128e+04 7.418168704879529287e+03 6.995349445467796556e+01
5.742937911896673904e+04 7.525608479535566403e+03 7.043214585299595853e+01
5.742937912081069953e+04 7.575015357391659563e+03 7.065497118435473567e+01
5.742937912265466002e+04 7.476162757959213195e+03 7.021914761705970420e+01
5.742937912449862051e+04 7.013895645878118557e+03 6.812939366627315962e+01
5.742937912634258100e+04 6.696178675112081692e+03 6.664258110176066907e+01
5.742937912818654877e+04 6.606331371516377658e+03 6.622490530747900550e+01
5.742937913003050926e+04 6.806509061335243132e+03 6.716922482419697360e+01
5.742937913187446975e+04 7.060026456564159162e+03 6.833490738115604302e+01
5.742937913371843024e+04 7.243530797087367318e+03 6.917105036748934310e+01
5.742937913556239073e+04 7.336302949249361518e+03 6.958802237707013205e+01
5.742937913740635122e+04 7.402783526709754369e+03 6.989008592717370050e+01
5.742937913925031899e+04 7.521468950237815989e+03 7.041373355319115035e+01
5.742937914109427948e+04 7.377194928203646668e+03 6.977387708582115522e+01
5.742937914293823997e+04 7.085155424697134549e+03 6.844606292102204748e+01
5.742937914478220046e+04 7.316246946486104207e+03 6.949069813420159392e+01
5.742937914662616095e+04 7.506063963201124352e+03 7.033944062965258581e+01
5.742937914847012871e+04 7.537732056499701685e+03 7.047787082075113574e+01
5.742937915031408920e+04 7.352961478566933692e+03 6.966265286783288957e+01
5.742937915215804969e+04 7.113475310663727214e+03 6.857966688211635642e+01
5.742937915400201018e+04 7.133107544667365801e+03 6.866676861806978138e+01
5.742937915584597067e+04 7.419921320807319717e+03 6.995378603809926688e+01
5.742937915768993844e+04 7.438381550376826453e+03 7.003525225875654314e+01
5.742937915953389893e+04 7.339361891278092116e+03 6.959649257207553319e+01
5.742937916137785942e+04 7.269083658884969736e+03 6.928558021267308220e+01
5.742937916322181991e+04 7.079216466537788619e+03 6.842095040982667342e+01
5.742937916506578040e+04 6.779446343664120832e+03 6.703966798449901887e+01
5.742937916690974089e+04 6.490085672992076979e+03 6.567287816054985683e+01
5.742937916875370865e+04 6.332308074546770513e+03 6.492832798381101611e+01
5.742937917059766914e+04 6.252284484199716644e+03 6.452404190287529673e+01
5.742937917244162963e+04 6.473682120470928567e+03 6.559381820920157224e+01
5.742937917428559012e+04 7.027104815198961660e+03 6.818670680670844320e+01
5.742937917612955061e+04 7.577680221112353138e+03 7.065699104307535094e+01
5.742937917797351838e+04 8.114703431546779029e+03 7.300174823950456471e+01
5.742937917981747887e+04 8.065172614082223845e+03 7.278427688146256003e+01
5.742937918166143936e+04 7.719894674462894727e+03 7.128799869403287914e+01
5.742937918350539985e+04 7.325094959965314956e+03 6.954021012960875225e+01
5.742937918534936034e+04 6.722818360389052032e+03 6.678164257175505725e+01
5.742937918719332083e+04 6.490654704297665376e+03 6.568817704595269902e+01
5.742937918903728860e+04 6.479287717021215030e+03 6.562370788157859636e+01
5.742937919088124909e+04 6.751857025386070745e+03 6.690447422612467676e+01
5.742937919272520958e+04 7.146534337418183895e+03 6.872861094689565675e+01
5.742937919456917007e+04 7.600445123333623087e+03 7.076485617600631883e+01
5.742937919641313056e+04 7.833579415594468628e+03 7.179582747121308728e+01
5.742937919825709832e+04 7.623878413927503971e+03 7.087346379803919660e+01
5.742937920010105881e+04 7.403766097756979434e+03 6.989232061982363575e+01
5.742937920194501930e+04 6.946726750103896848e+03 6.781705272326368572e+01
5.742937920378897979e+04 6.834145594157213964e+03 6.729973745683859931e+01
5.742937920563294028e+04 6.805705301956430958e+03 6.717073033067846666e+01
5.742937920747690805e+04 6.820533263901030296e+03 6.723578811260374266e+01
5.742937920932086854e+04 6.832831539334817535e+03 6.728759533369344581e+01
5.742937921116482903e+04 6.547791051444681216e+03 6.595261295294282888e+01
5.742937921300878952e+04 6.476595605451844676e+03 6.561905686288612571e+01
5.742937921485275001e+04 6.667307322430677232e+03 6.651358122572167986e+01
5.742937921669671050e+04 6.791943302021758427e+03 6.710604416762406288e+01
5.742937921854067827e+04 6.915332126609054285e+03 6.767253318010594398e+01
5.742937922038463876e+04 7.221947519924971857e+03 6.907962724122371867e+01
5.742937922222859925e+04 6.866830481211284678e+03 6.745811521161968471e+01
5.742937922407255974e+04 6.673526233498887450e+03 6.654612479807776992e+01
5.742937922591652023e+04 7.229800919484000588e+03 6.912378917684856106e+01
5.742937922776048799e+04 7.283946248522835049e+03 6.936621049501478353e+01
5.742937922960444848e+04 7.221217649218619954e+03 6.906877413869564464e+01
5.742937923144840897e+04 7.185654019288520431e+03 6.890486574911028583e+01
5.742937923329236946e+04 7.225025090184693909e+03 6.908934494447935037e+01
5.742937923513632995e+04 7.240871854604541113e+03 6.914927261038882023e+01
5.742937923698029772e+04 7.201401383395264020e+03 6.897162874229735507e+01
5.742937923882425821e+04 7.274363041068540952e+03 6.930874529503718406e+01
5.742937924066821870e+04 7.184922596882688595e+03 6.890684064794443486e+01
5.742937924251217919e+04 6.905908331893803734e+03 6.764078350753139546e+01
5.742937924435613968e+04 6.720213906101770590e+03 6.676969720628500227e+01
5.742937924620010017e+04 6.774629145136916122e+03 6.702598190245308274e+01
5.742937924804406794e+04 7.015846449298194784e+03 6.813698779149869722e+01
5.742937924988802843e+04 7.234674728853455235e+03 6.913594212437668318e+01
5.742937925173198892e+04 7.291493720407798719e+03 6.939366844828757053e+01
5.742937925357594941e+04 7.147075197246632342e+03 6.873956660862603485e+01
5.742937925541990990e+04 6.698837088558032519e+03 6.666802580385568433e+01
5.742937925726387766e+04 6.540472182641885411e+03 6.592059234493420661e+01
5.742937925910783815e+04 6.543620480985719951e+03 6.593832723375308547e+01
5.742937926095179864e+04 7.111982088864234356e+03 6.857670048192007073e+01
5.742937926279575913e+04 7.530749005267527536e+03 7.046739258434065789e+01
5.742937926463971962e+04 7.162499845513154469e+03 6.882087616908324890e+01
5.742937926648368011e+04 6.841748304931192251e+03 6.733880398746717333e+01
5.742937926832764788e+04 6.872691229139206371e+03 6.748009197357581002e+01
5.742937927017160837e+04 6.849950388972706605e+03 6.737798214011716880e+01
5.742937927201556886e+04 6.902533679574818052e+03 6.761927438945932067e+01
5.742937927385952935e+04 7.112047181152399389e+03 6.857683490638220292e+01
5.742937927570348984e+04 7.141247782879248007e+03 6.871451332323805161e+01
5.742937927754745760e+04 7.239131936199361007e+03 6.915926760174531296e+01
5.742937927939141809e+04 7.340283466144547674e+03 6.962299665431966389e+01
5.742937928123537858e+04 7.399141910859716518e+03 6.987333163990426499e+01
5.742937928307933907e+04 7.195434589361891994e+03 6.897566990497267625e+01
5.742937928492329956e+04 6.937359985068168498e+03 6.779632854583562107e+01
5.742937928676726733e+04 6.958673610132186695e+03 6.789220946092659403e+01
5.742937928861122782e+04 7.135178166896294897e+03 6.870350424671181599e+01
5.742937929045518831e+04 7.128098338439274812e+03 6.867657324122528451e+01
5.742937929229914880e+04 6.942633461065004667e+03 6.781457971887294889e+01
5.742937929414310929e+04 6.956121171904469520e+03 6.786776387815973521e+01
5.742937929598706978e+04 7.019694662955373133e+03 6.816479508659205067e+01
5.742937929783103755e+04 7.162268805900845109e+03 6.881816071116080025e+01
5.742937929967499804e+04 7.036676997323500473e+03 6.823033132791339028e+01
5.742937930151895853e+04 7.342270116400070947e+03 6.962832806541202046e+01
5.742937930336291902e+04 7.621803506574586208e+03 7.085814273177034295e+01
5.742937930520687951e+04 7.607199711280532028e+03 7.079312422134940164e+01
5.742937930705084727e+04 7.510826543474691789e+03 7.036870010473658965e+01
5.742937930889480776e+04 7.513742657729739221e+03 7.039139202563514175e+01
5.742937931073876825e+04 7.285013228490764050e+03 6.936933931907742590e+01
5.742937931258272874e+04 6.796730230718705570e+03 6.712437089824585712e+01
5.742937931442668923e+04 6.742779514401318920e+03 6.688611927076860297e+01
5.742937931627064972e+04 7.024111887987177397e+03 6.818047793703428283e+01
5.742937931811461749e+04 7.213945402962758635e+03 6.904751008252321753e+01
5.742937931995857798e+04 6.799250098715032436e+03 6.714543000566393971e+01
5.742937932180253847e+04 6.583872795890883026e+03 6.614777182502150765e+01
5.742937932364649896e+04 6.407333025422266473e+03 6.530363886318789923e+01
5.742937932549045945e+04 6.658634496454786131e+03 6.648928880385567197e+01
5.742937932733442722e+04 7.094002026820080573e+03 6.850385864879159215e+01
5.742937932917838771e+04 7.261526678527920922e+03 6.926688752869354460e+01
5.742937933102234820e+04 7.273255520231856281e+03 6.931345425925053405e+01
5.742937933286630869e+04 7.440967784352625131e+03 7.006899800112664423e+01
5.742937933471026918e+04 7.544286354710189698e+03 7.052925837642787599e+01
5.742937933655423694e+04 7.608377337703697776e+03 7.081559723817787244e+01
5.742937933839819743e+04 7.036424107508212728e+03 6.824273053742341233e+01
5.742937934024215792e+04 6.566708624541044628e+03 6.605893822055649878e+01
5.742937934208611841e+04 6.830537308565513740e+03 6.730244722654117595e+01
5.742937934393007890e+04 6.997602708514167716e+03 6.806753838950332636e+01
5.742937934577403939e+04 7.312048011577190664e+03 6.949779064241741366e+01
5.742937934761800716e+04 7.680937061483116850e+03 7.112863712998047561e+01
5.742937934946196765e+04 7.619695598060628981e+03 7.085567223437499251e+01
5.742937935130592814e+04 7.406333149748077631e+03 6.991380119552340489e+01
5.742937935314988863e+04 7.172155315661668283e+03 6.886817356487235031e+01
5.742937935499384912e+04 6.717146977267729199e+03 6.676337073780639741e+01
5.742937935683781689e+04 6.426088184579220069e+03 6.539081893793249378e+01
5.742937935868177738e+04 6.567149719402986193e+03 6.605448785865834793e+01
5.742937936052573787e+04 6.631221178444578072e+03 6.636798751199717117e+01
5.742937936236969836e+04 6.602954071530487454e+03 6.622114053206342987e+01
5.742937936421365885e+04 6.434343730151195814e+03 6.543225368139464138e+01
5.742937936605762661e+04 6.811366593895285405e+03 6.720778578448863527e+01
5.742937936790158710e+04 7.432898483487200792e+03 7.003215162545004091e+01
5.742937936974554759e+04 7.588832628843663770e+03 7.072287014104060177e+01
5.742937937158950808e+04 7.195101833511095720e+03 6.896741611527438920e+01
5.742937937343346857e+04 6.775250095706334832e+03 6.703633373943445406e+01
5.742937937527742906e+04 6.573840422338472308e+03 6.608054584449061508e+01
5.742937937712139683e+04 6.569207904489752764e+03 6.607731377594923572e+01
5.742937937896535732e+04 7.031049898159420081e+03 6.822443903006147536e+01
5.742937938080931781e+04 7.499514282245761024e+03 7.033535716960696504e+01
5.742937938265327830e+04 7.864496277962493878e+03 7.193911459825254440e+01
5.742937938449723879e+04 8.157850616884323244e+03 7.320161065832324709e+01
5.742937938634120655e+04 7.888146394885945483e+03 7.204193155219515177e+01
5.742937938818516704e+04 7.631699876713736558e+03 7.091682607095343371e+01
5.742937939002912753e+04 7.470651911671375274e+03 7.020614284385086989e+01
5.742937939187308803e+04 7.546583348548163485e+03 7.053419955057536583e+01
5.742937939371704852e+04 7.529318319510309266e+03 7.046876794217862994e+01
5.742937939556100901e+04 7.558474824705960600e+03 7.060679289325148034e+01
5.742937939740497677e+04 7.399715306068135760e+03 6.988581474289098594e+01
5.742937939924893726e+04 7.505888558914721216e+03 7.036365809507930180e+01
5.742937940109289775e+04 7.946640864872422753e+03 7.229197295719725957e+01
5.742937940293685824e+04 7.839196435889668464e+03 7.182694350448916509e+01
5.742937940478081873e+04 7.527595341756884409e+03 7.046098088895500666e+01
5.742937940662478650e+04 7.153218464581254011e+03 6.878796860713912054e+01
5.742937940846874699e+04 7.003452921793837959e+03 6.809740909826666666e+01
5.742937941031270748e+04 7.115740014652716127e+03 6.860807391257620225e+01
5.742937941215666797e+04 7.397461316415327019e+03 6.988404177284536445e+01
5.742937941400062846e+04 7.400091105409436750e+03 6.989283908172477311e+01
5.742937941584459622e+04 7.175344586456350953e+03 6.888898275608804056e+01
5.742937941768855671e+04 6.767572747100394736e+03 6.700830009160877410e+01
5.742937941953251720e+04 6.781852932129834699e+03 6.706492179652876473e+01
5.742937942137647769e+04 7.396312132596370247e+03 6.988843031358420887e+01
5.742937942322043818e+04 7.651036048625773219e+03 7.101416893526896956e+01
5.742937942506439867e+04 7.494453309311694284e+03 7.031041338829514586e+01
5.742937942690836644e+04 7.409496896125163403e+03 6.993992703117363874e+01
5.742937942875232693e+04 7.449230747198199424e+03 7.011532013752412240e+01
5.742937943059628742e+04 7.508424413568974160e+03 7.037970181780892176e+01
5.742937943244024791e+04 7.275380832848281898e+03 6.933986163182113671e+01
5.742937943428420840e+04 7.115408228782577680e+03 6.860606841857004667e+01
5.742937943612817617e+04 7.264197993632909856e+03 6.929738532303103682e+01
5.742937943797213666e+04 7.466648824075523407e+03 7.018603297209182301e+01
5.742937943981609715e+04 7.416186498258421125e+03 6.997051712915185817e+01
5.742937944166005764e+04 7.324468996699444688e+03 6.955840849700182105e+01
5.742937944350401813e+04 7.313595366597209249e+03 6.949629409219926401e+01
5.742937944534797862e+04 7.198783568913239833e+03 6.897864391992938238e+01
5.742937944719194638e+04 6.840337608413377893e+03 6.734738684201181513e+01
5.742937944903590687e+04 6.633566957399674720e+03 6.637655392778759733e+01
5.742937945087986736e+04 7.307292521715228759e+03 6.946957850614390395e+01
5.742937945272382785e+04 8.376638563708598667e+03 7.412477861802223345e+01
5.742937945456778834e+04 8.962005810599186589e+03 7.655887178237327362e+01
5.742937945641175611e+04 8.733474376710068100e+03 7.562131555926221438e+01
5.742937945825571660e+04 8.065962040191326196e+03 7.279779740763453333e+01
5.742937946009967709e+04 7.615080545292260467e+03 7.083487150527565746e+01
5.742937946194363758e+04 7.548440010670795346e+03 7.054980285441642707e+01
5.742937946378759807e+04 7.706128560595189811e+03 7.124145515704319109e+01
5.742937946563156584e+04 7.681046665415314237e+03 7.114256603587244854e+01
5.742937946747552633e+04 7.782240697045921479e+03 7.157502070354092893e+01
5.742937946931948682e+04 8.174072572505773678e+03 7.325706675325668016e+01
5.742937947116344731e+04 8.241011513774057676e+03 7.354083440186420262e+01
5.742937947300740780e+04 7.667536502311309960e+03 7.105678020594469047e+01
5.742937947485136829e+04 7.014752677007478269e+03 6.813014513615929957e+01
5.742937947669533605e+04 6.599692845361645595e+03 6.621434454466600528e+01
5.742937947853929654e+04 6.774785267969644337e+03 6.702238668107030151e+01
5.742937948038325703e+04 7.019369253511712486e+03 6.816209805771558194e+01
5.742937948222721752e+04 7.181356062078824834e+03 6.890064512131564811e+01
5.742937948407117801e+04 7.251250472326802083e+03 6.921196817674524482e+01
5.742937948591514578e+04 7.338664248946258340e+03 6.961171905808876659e+01
5.742937948775910627e+04 7.491821872406412695e+03 7.029733899612155312e+01
5.742937948960306676e+04 7.559619832285782650e+03 7.059646283005399425e+01
5.742937949144702725e+04 7.380962239632992350e+03 6.979473435412285198e+01
5.742937949329098774e+04 7.136151753197430480e+03 6.869304507044250840e+01
5.742937949513495550e+04 7.042838497229839049e+03 6.827288254289409508e+01
5.742937949697891599e+04 7.360492802344006122e+03 6.971334724063190436e+01
5.742937949882287649e+04 7.664004651589050809e+03 7.104373262374949149e+01
5.742937950066683698e+04 7.356373074260904104e+03 6.968225789381719437e+01
5.742937950251079747e+04 7.091669764887343263e+03 6.849222132015378861e+01
5.742937950435475796e+04 6.879324877860871311e+03 6.752017746489183025e+01
5.742937950619872572e+04 7.005083721733879429e+03 6.810904515915356683e+01
5.742937950804268621e+04 7.206081150423232430e+03 6.902130325106776354e+01
5.742937950988664670e+04 7.693812087191668979e+03 7.118841077990042265e+01
5.742937951173060719e+04 8.251889648543443400e+03 7.358988379885558118e+01
5.742937951357456768e+04 8.330192069557508148e+03 7.391263081712583016e+01
5.742937951541853545e+04 7.884419091935333199e+03 7.200287634420040206e+01
5.742937951726249594e+04 7.647700834547486011e+03 7.098199690489042268e+01
5.742937951910645643e+04 7.380163808111751678e+03 6.980844189392342969e+01
5.742937952095041692e+04 7.315947502709519540e+03 6.950195085803498785e+01
5.742937952279437741e+04 7.161883144538602210e+03 6.879980418281613197e+01
5.742937952463833790e+04 7.009633157434869645e+03 6.810285227524990148e+01
5.742937952648230566e+04 6.639343612960241444e+03 6.639328636198460742e+01
5.742937952832626615e+04 5.850866680440332857e+03 6.257577769082826080e+01
5.742937953017022664e+04 4.756323145641763404e+03 5.683175015388577123e+01
5.742937953201418713e+04 3.902321611189332998e+03 5.193250803889152678e+01
5.742937953385814762e+04 3.328319050628553669e+03 4.836250071333186185e+01
5.742937953570211539e+04 3.100342172542698336e+03 4.685032609924080305e+01
5.742937953754607588e+04 2.951618114101878746e+03 4.585388497344944625e+01
5.742937953939003637e+04 2.873527515728840626e+03 4.530773739105126907e+01
5.742937954123399686e+04 2.862835222387803242e+03 4.525232929233526846e+01
5.742937954307795735e+04 2.875558431126898995e+03 4.533311656268442391e+01
5.742937954492192512e+04 2.865013248945879241e+03 4.525174747978833523e+01
5.742937954676588561e+04 2.894273199565311188e+03 4.545478975688686774e+01
5.742937954860984610e+04 2.852580414988301982e+03 4.517600447380038986e+01
5.742937955045380659e+04 2.819730714028379680e+03 4.494543511624492993e+01
5.742937955229776708e+04 2.835633879595364306e+03 4.505042873671054338e+01
5.742937955414172757e+04 2.803114309842724651e+03 4.484875144475325470e+01
5.742937955598569533e+04 2.764519337406306477e+03 4.454985454633251862e+01
5.742937955782965582e+04 2.821777014668269658e+03 4.494555677847261421e+01
5.742937955967361631e+04 2.796976930712072317e+03 4.478411426353850544e+01
