# id ra dec s L A b x y a flux x_0 y_0
0.000000000000000000e+00 1.848606990827640857e+02 4.896237564694130384e+01 4.126906195857516835e+00 3.601430436787517237e+02 8.956560379186113607e+01 1.958512321009727373e+02 2.359270204773367823e+03 5.584112225752941185e+02 -2.910000000000000142e+01 8.623218295064126141e+05 3.578194767477525602e+02 4.391840282824150563e+02
1.000000000000000000e+00 1.849362350722531971e+02 4.896347106618458156e+01 6.521673484003228438e+00 3.600770448242400334e+02 8.997346498944264681e+01 1.968061921621337547e+02 3.206036675651097994e+03 1.009293095342728861e+03 -2.910000000000000142e+01 2.817285076576658990e+06 1.316915022232469937e+03 4.211346905268115393e+02
2.000000000000000000e+00 1.849063097802865059e+02 4.893846715254397139e+01 3.075910000345403628e+00 3.603298086009485246e+02 8.955140855782175890e+01 1.958739878100782619e+02 2.635389862927910144e+03 1.245853430912457952e+03 -2.910000000000000142e+01 1.296315217937242473e+06 9.336324859840691488e+02 9.051787396239733425e+02
3.000000000000000000e+00 1.849513043518064705e+02 4.896546509373878564e+01 6.979265082313124147e+00 3.613280057664692322e+02 6.051619102487526902e+01 1.484651204220148202e+02 3.390780976443516920e+03 1.069152868269856299e+03 -2.910000000000000142e+01 1.151519735094738156e+08 1.508468479673586216e+03 3.829657277211035762e+02
4.000000000000000000e+00 1.848799255940675437e+02 4.893994760720406134e+01 3.000000000000000000e+00 3.600000000000000000e+02 9.000000000000000000e+01 4.095017826556229465e+02 2.357000000000000000e+03 1.056000000000000000e+03 -2.910000000000000142e+01 0.000000000000000000e+00 5.987266860832639850e+02 8.753059541044224261e+02
5.000000000000000000e+00 1.849670823512418565e+02 4.892049362930161038e+01 3.000000000000000000e+00 3.600000000000000000e+02 9.000000000000000000e+01 3.915621370253850273e+02 3.137000000000000000e+03 1.926000000000000000e+03 -2.910000000000000142e+01 0.000000000000000000e+00 1.703380801019363616e+03 1.256146191414954501e+03
6.000000000000000000e+00 1.849252832449506627e+02 4.889577587021185678e+01 4.545583619490414229e+00 3.601377803468652132e+02 8.969446890222896229e+01 1.958551346194584539e+02 2.437502792356239752e+03 2.084748707348610424e+03 -2.910000000000000142e+01 8.279066677443622611e+05 1.169060319121265593e+03 1.734346181120322399e+03
7.000000000000000000e+00 1.849627995099637303e+02 4.887684165321327612e+01 1.027703805531100834e+01 3.602842829654927073e+02 9.000180974035545489e+01 1.964944064375168011e+02 2.672923092534575517e+03 2.637899687839898888e+03 -2.910000000000000142e+01 2.183209801154826768e+06 1.643689383386434201e+03 2.103068274832173302e+03
8.000000000000000000e+00 1.848632413961942973e+02 4.886870963610442686e+01 4.020096159632151611e+00 3.599999030608626072e+02 9.000442983276093400e+01 1.968102393326617232e+02 1.489973851464803602e+03 2.155119010099845127e+03 -2.910000000000000142e+01 5.138864101170643698e+05 3.764228934558997253e+02 2.256871544611296486e+03
