5.736833291150000150e+04 -1.376979021017716877e+04 6.728357036134241298e+01
5.736833291319954878e+04 -1.412983171748348104e+04 6.766547894018255249e+01
5.736833291489910334e+04 -1.457454936014698796e+04 6.813425143708565201e+01
5.736833291659865063e+04 -1.511809755233500073e+04 6.870285665481330284e+01
5.736833291829819791e+04 -1.561483109028608123e+04 6.921840445242973772e+01
5.736833291999775247e+04 -1.614711344719618137e+04 6.976661922991563358e+01
5.736833292169729975e+04 -1.606691941421295451e+04 6.968430074978242317e+01
5.736833292339684704e+04 -1.646177083526998831e+04 7.008867841056108716e+01
5.736833292509639432e+04 -1.691356294981190149e+04 7.054852724504493722e+01
5.736833292679594888e+04 -1.721529169383210319e+04 7.085397452629983661e+01
5.736833292849549616e+04 -1.764156187276322817e+04 7.128326745941082265e+01
5.736833293019504345e+04 -1.800813122691772151e+04 7.165037926636836119e+01
5.736833293189459800e+04 -1.832985844576653108e+04 7.197103961766863733e+01
5.736833293359414529e+04 -1.882167452604528444e+04 7.245848215208974352e+01
5.736833293529369257e+04 -1.917494681605649748e+04 7.280659897782456369e+01
5.736833293699324713e+04 -1.972197446446079266e+04 7.334238348785007133e+01
5.736833293869279441e+04 -2.011313595886291296e+04 7.372311775071385398e+01
5.736833294039234170e+04 -2.052740750598799787e+04 7.412421371128942837e+01
5.736833294209188898e+04 -2.098629240320046665e+04 7.456598561640022638e+01
5.736833294379144354e+04 -2.137840220138894074e+04 7.494140932246048692e+01
5.736833294549099082e+04 -2.192105084009500206e+04 7.545788466329535993e+01
5.736833294719053811e+04 -2.238152979679822602e+04 7.589339689698574887e+01
5.736833294889009267e+04 -2.270828114105921850e+04 7.620092091304694293e+01
5.736833295058963995e+04 -2.300131210032346644e+04 7.647563264644038838e+01
5.736833295228918723e+04 -2.341270091556228726e+04 7.685968162652024205e+01
5.736833295398874179e+04 -2.388197211722050997e+04 7.728900236371660526e+01
5.736833295568828908e+04 -2.429279227898205863e+04 7.777579644490050725e+01
5.736833295738783636e+04 -2.275919388371545574e+04 8.388768908606691355e+01
5.736833295908738364e+04 -1.996606713365222822e+04 9.362210431921999998e+01
5.736833296078693820e+04 -1.714245653926172599e+04 1.024873649107757103e+02
5.736833296248648548e+04 -1.453741193623011350e+04 1.099823775564308761e+02
5.736833296418603277e+04 -1.161144207817999813e+04 1.178273840217913460e+02
5.736833296588558733e+04 -8.729804076726128187e+03 1.250128722202552041e+02
5.736833296758513461e+04 -6.117620825867143139e+03 1.316065040685136580e+02
5.736833296928468189e+04 -3.197077636113324843e+03 1.382422422963618089e+02
5.736833297098423645e+04 -4.207805707218867610e+02 1.444354051340839362e+02
5.736833297268378374e+04 2.096750334673710313e+03 1.498816676678327440e+02
5.736833297438333102e+04 4.939019398574058869e+03 1.555329027425899255e+02
5.736833297608288558e+04 7.940436917745188111e+03 1.614263279610576944e+02
5.736833297778243286e+04 1.038985236263233310e+04 1.661112659633607223e+02
5.736833297948198015e+04 1.325754569313821412e+04 1.715435080116117490e+02
5.736833298118152743e+04 1.614851938823567616e+04 1.766523025645583402e+02
5.736833298288108199e+04 1.852496475207975891e+04 1.809178326640763999e+02
5.736833298458062927e+04 2.190327245764194595e+04 1.866599925102356110e+02
5.736833298628017656e+04 2.470963019103463375e+04 1.909956576139254310e+02
5.736833298797973112e+04 2.755765599737126831e+04 1.954865860536908428e+02
5.736833298967927840e+04 3.035159047447020930e+04 1.998020769897593425e+02
5.736833299137882568e+04 3.310445113525088527e+04 2.038899008568450313e+02
5.736833299307838024e+04 3.615625955275016895e+04 2.085976501486691177e+02
5.736833299477792752e+04 3.891337246745024459e+04 2.126673579713500715e+02
5.736833299647747481e+04 4.132389753671508515e+04 2.164299628350838134e+02
5.736833299817702209e+04 4.446022046195491566e+04 2.207585086897668134e+02
5.736833299987657665e+04 4.735567453063848370e+04 2.247370898971396684e+02
5.736833300157612393e+04 4.984209135567805788e+04 2.281087987259086276e+02
5.736833300327567122e+04 5.240176111227352521e+04 2.316030446955333844e+02
5.736833300497522578e+04 5.543981215740802872e+04 2.355417275800561185e+02
5.736833300667477306e+04 5.855126972363333334e+04 2.394795540550898920e+02
5.736833300837432034e+04 6.097600955857161898e+04 2.427884085159007839e+02
5.736833301007387490e+04 6.428698410823203449e+04 2.470713267103141391e+02
5.736833301177342219e+04 6.655219579017144861e+04 2.499767524584124772e+02
5.736833301347296947e+04 6.987700616068208183e+04 2.540238840155030573e+02
5.736833301517251675e+04 7.285543271354734316e+04 2.576834348804366073e+02
5.736833301687207131e+04 7.508086985318231746e+04 2.603716815104355078e+02
5.736833301857161860e+04 7.786372501346333593e+04 2.636505493948046137e+02
5.736833302027116588e+04 8.028814546496709227e+04 2.665931369444759866e+02
5.736833302197072044e+04 8.396112980025453726e+04 2.708542035692173044e+02
5.736833302367026772e+04 8.667368766312338994e+04 2.739434781186574810e+02
5.736833302536981500e+04 9.134981528920627898e+04 2.793005117719397390e+02
5.736833302706936956e+04 9.679871939298720099e+04 2.853325798150012247e+02
5.736833302876891685e+04 1.010923800123885158e+05 2.901398111808647968e+02
5.736833303046846413e+04 1.047373206985179859e+05 2.938122328387403854e+02
5.736833303216801869e+04 1.088060528574460186e+05 2.980224369413519980e+02
5.736833303386756597e+04 1.111111009232375800e+05 3.005550478223246955e+02
5.736833303556711326e+04 1.149516153533449979e+05 3.044936870664603816e+02
5.736833303726666054e+04 1.196549957161578786e+05 3.092936296116803305e+02
5.736833303896621510e+04 1.208646984700007743e+05 3.105685442126544444e+02
5.736833304066576238e+04 1.210734832478237659e+05 3.106973136564785136e+02
5.736833304236530967e+04 1.250809788511100633e+05 3.147750804464178600e+02
5.736833304406486423e+04 1.301224213720563857e+05 3.197108110620107482e+02
5.736833304576441151e+04 1.309010974315588246e+05 3.204429580952895549e+02
5.736833304746395879e+04 1.334296562876942917e+05 3.228741125838422477e+02
5.736833304916351335e+04 1.368625506267909950e+05 3.261683360333422002e+02
5.736833305086306063e+04 1.388013208068522217e+05 3.280548062996720660e+02
5.736833305256260792e+04 1.419198857064576878e+05 3.310482301761844042e+02
5.736833305426215520e+04 1.452351247409655480e+05 3.341821525176824821e+02
5.736833305596170976e+04 1.475331403700181982e+05 3.362566407794898282e+02
5.736833305766125704e+04 1.494338380005683575e+05 3.381608136042084993e+02
5.736833305936080433e+04 1.513894717539793928e+05 3.402272669313790061e+02
5.736833306106035889e+04 1.495567731594948564e+05 3.390380026262112096e+02
5.736833306275990617e+04 1.503027127543368551e+05 3.402447662928760792e+02
5.736833306445945345e+04 1.501395276657590875e+05 3.404214607717131571e+02
5.736833306615900801e+04 1.487853041694187268e+05 3.396869481993365412e+02
5.736833306785855530e+04 1.486128619922322105e+05 3.398879158967125704e+02
5.736833306955810258e+04 1.494712448110105761e+05 3.410731371344323293e+02
5.736833307125764986e+04 1.487663528862303938e+05 3.410026619722716532e+02
5.736833307295720442e+04 1.484194715417036787e+05 3.410608181801327419e+02
5.736833307465675171e+04 1.469606113698974368e+05 3.401795188301471740e+02
5.736833307635629899e+04 1.471286964831073419e+05 3.408627285936902354e+02
5.736833307805585355e+04 1.479570683193352888e+05 3.420846033892115088e+02
5.736833307975540083e+04 1.478486113357555005e+05 3.423922898651726996e+02
5.736833308145494811e+04 1.466617635369917261e+05 3.417366157352149116e+02
5.736833308315450267e+04 1.440940016645771393e+05 3.397863193684111138e+02
5.736833308485404996e+04 1.435830302497538505e+05 3.398592541478516296e+02
5.736833308655359724e+04 1.432663451212604996e+05 3.398460612665774647e+02
5.736833308825315180e+04 1.426195597282925155e+05 3.398444739107753207e+02
5.736833308995269908e+04 1.434445850160675182e+05 3.410039129602360504e+02
5.736833309165224637e+04 1.441643168318289681e+05 3.418716056565187387e+02
5.736833309335179365e+04 1.433079006045189453e+05 3.417006534260085573e+02
5.736833309505134821e+04 1.423912541893795133e+05 3.412561954730366551e+02
5.736833309675089549e+04 1.421318169973574695e+05 3.415902209705443511e+02
5.736833309845044278e+04 1.416385719668815145e+05 3.416992670688571252e+02
5.736833310014999734e+04 1.405162834646889241e+05 3.409933157229849598e+02
5.736833310184954462e+04 1.405531454557028483e+05 3.414302243603228817e+02
5.736833310354909190e+04 1.396360222857459157e+05 3.410293437162178520e+02
5.736833310524864646e+04 1.387582081305508618e+05 3.409239290666887428e+02
5.736833310694819374e+04 1.387476152429090871e+05 3.416115653030078647e+02
5.736833310864774103e+04 1.382499689073139161e+05 3.413565068413515178e+02
5.736833311034728831e+04 1.384729961815759889e+05 3.420134473003095650e+02
5.736833311204684287e+04 1.383808573486792448e+05 3.420892115786398335e+02
5.736833311374639015e+04 1.382275651724894997e+05 3.425159577459348839e+02
5.736833311544593744e+04 1.385115221741665446e+05 3.433074259977251472e+02
5.736833311714549200e+04 1.364358392155027250e+05 3.419057231821927871e+02
5.736833311884503928e+04 1.368511403519470477e+05 3.425105750580988797e+02
5.736833312054458656e+04 1.355163512626888114e+05 3.417372366532571277e+02
5.736833312224414112e+04 1.354196965293230023e+05 3.420746588456403288e+02
5.736833312394368841e+04 1.352785313187846623e+05 3.424607741509256584e+02
5.736833312564323569e+04 1.354279734277372772e+05 3.430919032629957997e+02
5.736833312734279025e+04 1.353210711559673073e+05 3.435149325834552201e+02
5.736833312904233753e+04 1.347688662867661333e+05 3.438889468133044147e+02
5.736833313074188482e+04 1.315743358520355541e+05 3.431479074649146241e+02
5.736833313244143210e+04 1.310158910459173203e+05 3.445467924044550045e+02
5.736833313414098666e+04 1.302478652779327094e+05 3.446063568556114660e+02
5.736833313584053394e+04 1.286230604465105862e+05 3.438137195224830407e+02
5.736833313754008122e+04 1.285675056839826575e+05 3.442005315167232311e+02
5.736833313923963578e+04 1.297397954439385503e+05 3.453726705721988992e+02
5.736833314093918307e+04 1.283544486322895391e+05 3.448294629283241193e+02
5.736833314263873035e+04 1.262417302469623683e+05 3.435106702480352396e+02
5.736833314433828491e+04 1.262756850979378214e+05 3.439488549625784799e+02
5.736833314603783219e+04 1.262724202286291693e+05 3.441698901031426772e+02
5.736833314773737948e+04 1.247524165095107746e+05 3.432688873001508796e+02
5.736833314943692676e+04 1.252811218585685419e+05 3.442491616260665523e+02
5.736833315113648132e+04 1.246372371684865502e+05 3.439741003382766849e+02
5.736833315283602860e+04 1.247391213902289455e+05 3.447301020016681719e+02
5.736833315453557589e+04 1.247955253639638831e+05 3.451737766818698674e+02
5.736833315623513045e+04 1.254554166179979220e+05 3.467607306021612885e+02
5.736833315793467773e+04 1.256917335175318294e+05 3.466802754689945800e+02
5.736833315963422501e+04 1.267196658417430881e+05 3.465087260992168581e+02
5.736833316133377957e+04 1.276957383714985044e+05 3.461298048120983140e+02
5.736833316303332685e+04 1.277405532314836746e+05 3.454816142473250693e+02
5.736833316473287414e+04 1.267642803834707593e+05 3.442429169444750983e+02
5.736833316643242142e+04 1.252327486810999981e+05 3.428543667609774843e+02
5.736833316813197598e+04 1.255746862628500530e+05 3.431431028903514289e+02
5.736833316983152326e+04 1.265885493913551327e+05 3.439042894834102526e+02
5.736833317153107055e+04 1.271246484099668014e+05 3.445270872042281098e+02
5.736833317323062511e+04 1.265349764997279271e+05 3.440532707322910255e+02
5.736833317493017239e+04 1.266357859492911666e+05 3.440163759471555522e+02
5.736833317662971967e+04 1.281435274705711054e+05 3.453006933034473604e+02
5.736833317832927423e+04 1.292999223088462313e+05 3.463292784382463196e+02
5.736833318002882152e+04 1.277394440228354651e+05 3.450153307790826602e+02
5.736833318172836880e+04 1.290994731923806830e+05 3.462560495078055283e+02
5.736833318342792336e+04 1.284506503751461569e+05 3.456425703894082062e+02
5.736833318512747064e+04 1.297294469565966865e+05 3.468870166967834052e+02
5.736833318682701793e+04 1.293090816850457049e+05 3.463459648082268245e+02
5.736833318852656521e+04 1.285530273280148103e+05 3.457901092869323634e+02
5.736833319022611977e+04 1.283641666425879957e+05 3.455854096032092002e+02
5.736833319192566705e+04 1.293223974416574056e+05 3.464388162784255769e+02
5.736833319362521434e+04 1.283785087047757552e+05 3.456960195803963529e+02
5.736833319532476889e+04 1.285331539350346866e+05 3.456306077524467923e+02
5.736833319702431618e+04 1.288225255062490178e+05 3.459953503247880349e+02
5.736833319872386346e+04 1.293754365897827956e+05 3.466477337981878577e+02
5.736833320042341802e+04 1.302283817947898933e+05 3.473094305528534278e+02
5.736833320212296530e+04 1.272311746250887227e+05 3.447229680640670608e+02
5.736833320382251259e+04 1.227198186989944079e+05 3.405151875290875410e+02
5.736833320552205987e+04 1.215299992082084354e+05 3.394370504041595495e+02
5.736833320722161443e+04 1.209173951622204331e+05 3.387426631227750136e+02
5.736833320892116171e+04 1.203776327794384270e+05 3.383250814470857222e+02
5.736833321062070900e+04 1.198253395458682498e+05 3.379300785639822493e+02
5.736833321232026356e+04 1.202020464873830206e+05 3.382635906153735164e+02
5.736833321401981084e+04 1.200844187584046158e+05 3.380234212765004713e+02
5.736833321571935812e+04 1.199916974336645799e+05 3.379333061854505900e+02
5.736833321741891268e+04 1.196349649743864429e+05 3.376402167583429446e+02
5.736833321911845997e+04 1.204088841953628289e+05 3.383220336151262018e+02
5.736833322081800725e+04 1.194663991153386014e+05 3.375336113059306058e+02
5.736833322251755453e+04 1.201135724350494565e+05 3.381235474331738828e+02
5.736833322421710909e+04 1.214692659259876236e+05 3.393384863444147186e+02
5.736833322591665637e+04 1.232697872676838451e+05 3.409765193862789374e+02
5.736833322761620366e+04 1.233763289878848882e+05 3.410615801686284385e+02
5.736833322931575822e+04 1.241540537030551641e+05 3.416629763187623325e+02
5.736833323101530550e+04 1.243634318637719844e+05 3.419573086257693717e+02
5.736833323271485278e+04 1.237537345474916801e+05 3.420605171605828332e+02
5.736833323441440734e+04 1.245649450542370905e+05 3.421714761087585543e+02
5.736833323611395463e+04 1.246030170224580506e+05 3.423268772326906628e+02
5.736833323781350191e+04 1.238983049047931418e+05 3.416057516327640542e+02
5.736833323951305647e+04 1.235178409468657919e+05 3.412248550607102402e+02
5.736833324121260375e+04 1.238705811866444128e+05 3.414820110172356067e+02
5.736833324291215104e+04 1.247837631756038172e+05 3.424074892371136229e+02
5.736833324461169832e+04 1.237219800441363768e+05 3.414638366619868748e+02
5.736833324631125288e+04 1.237717975320802216e+05 3.414365463785180737e+02
5.736833324801080016e+04 1.241191228911089420e+05 3.417286469951410481e+02
5.736833324971034745e+04 1.234157449818791938e+05 3.412611748262951892e+02
5.736833325140990200e+04 1.237354271297253581e+05 3.415416630243208260e+02
5.736833325310944929e+04 1.237707280829094816e+05 3.415950555597947300e+02
5.736833325480899657e+04 1.230571423554963840e+05 3.409344720521368117e+02
5.736833325650855113e+04 1.232565486582610320e+05 3.411965214319586153e+02
5.736833325820809841e+04 1.244538926657354168e+05 3.420301322782851230e+02
5.736833325990764570e+04 1.237858041626973427e+05 3.416528683791846106e+02
5.736833326160719298e+04 1.243212653507023933e+05 3.420360072515674688e+02
5.736833326330674754e+04 1.246386286206626974e+05 3.423371587803786724e+02
5.736833326500629482e+04 1.241898381266022043e+05 3.417763686942008690e+02
5.736833326670584211e+04 1.240096302340457914e+05 3.416717778611667882e+02
5.736833326840539667e+04 1.243076648290554585e+05 3.420938359601371985e+02
5.736833327010494395e+04 1.244588202802687592e+05 3.421724971201375070e+02
5.736833327180449123e+04 1.247595891797690128e+05 3.424229878071927828e+02
5.736833327350404579e+04 1.244192868721553532e+05 3.420677030538233225e+02
5.736833327520359308e+04 1.241331333202324167e+05 3.418177483121819478e+02
5.736833327690314036e+04 1.246907323867188388e+05 3.424428071440823942e+02
5.736833327860268764e+04 1.252448570964546961e+05 3.430198069581153959e+02
5.736833328030224220e+04 1.243574191559613100e+05 3.421888877856354156e+02
5.736833328200178948e+04 1.238780871157276270e+05 3.416296653547373126e+02
5.736833328370133677e+04 1.233922717447163886e+05 3.411475340934761675e+02
5.736833328540089133e+04 1.237071465873261332e+05 3.415635985746027359e+02
5.736833328710043861e+04 1.243595666146565345e+05 3.422129397933946962e+02
5.736833328879998589e+04 1.254281305398843833e+05 3.429810471569298329e+02
5.736833329049954045e+04 1.242920603261883225e+05 3.419963355057831222e+02
5.736833329219908774e+04 1.239539267949181667e+05 3.416037776065401204e+02
5.736833329389863502e+04 1.241646174753815576e+05 3.418873137076042212e+02
5.736833329559818958e+04 1.236537342149208707e+05 3.414792196680048164e+02
5.736833329729773686e+04 1.235017511505150906e+05 3.411860453656182699e+02
5.736833329899728415e+04 1.245159978365235584e+05 3.423156835482242286e+02
5.736833330069683143e+04 1.238874379914642195e+05 3.416808819842315756e+02
5.736833330239638599e+04 1.236034896557136090e+05 3.414251189082931432e+02
5.736833330409593327e+04 1.235502886168538244e+05 3.416154484672289868e+02
5.736833330579548056e+04 1.244231389889124548e+05 3.422301641951883084e+02
5.736833330749503511e+04 1.240555098920239834e+05 3.418895106845911869e+02
5.736833330919458240e+04 1.240429148237049376e+05 3.418004372131596824e+02
5.736833331089412968e+04 1.244456590406396426e+05 3.423134116456774336e+02
5.736833331259368424e+04 1.237544100633984781e+05 3.416910086531345314e+02
5.736833331429323152e+04 1.243912149510752643e+05 3.421779358460931348e+02
5.736833331599277881e+04 1.234037369910994603e+05 3.413688840670141076e+02
5.736833331769232609e+04 1.235620775686265843e+05 3.413924729278308519e+02
5.736833331939188065e+04 1.241891736346351390e+05 3.419406804730068075e+02
5.736833332109142793e+04 1.238072764933715080e+05 3.417173896773650767e+02
5.736833332279097522e+04 1.240723384056765353e+05 3.418310276813911059e+02
5.736833332449052978e+04 1.246653096863556420e+05 3.424773316987193539e+02
5.736833332619007706e+04 1.247142123052864335e+05 3.425249395253262605e+02
5.736833332788962434e+04 1.246935866134858807e+05 3.424854983193486646e+02
5.736833332958917890e+04 1.241691375168071972e+05 3.419000440715778950e+02
5.736833333128872619e+04 1.247160044752555696e+05 3.425085575404521592e+02
5.736833333298827347e+04 1.247881115572964918e+05 3.425537613564040953e+02
5.736833333468782075e+04 1.243553356199772970e+05 3.421058546342938484e+02
5.736833333638737531e+04 1.244620015380065743e+05 3.422748943732943303e+02
5.736833333808692259e+04 1.248446692892537249e+05 3.426849777309177512e+02
5.736833333978646988e+04 1.240716619150800689e+05 3.418511482021469874e+02
5.736833334148602444e+04 1.241164502148594620e+05 3.418880020675053402e+02
5.736833334318557172e+04 1.248178003005017817e+05 3.424706156213292729e+02
5.736833334488511900e+04 1.243663414196877275e+05 3.421378993873194077e+02
5.736833334658467356e+04 1.239304432031847246e+05 3.416869991213776530e+02
5.736833334828422085e+04 1.239603280772762228e+05 3.416884151414918165e+02
5.736833334998376813e+04 1.234918669882432441e+05 3.412637573917039049e+02
5.736833335168332269e+04 1.235383807170153304e+05 3.414715894889307606e+02
5.736833335338286997e+04 1.232054729902494582e+05 3.410199383028398756e+02
5.736833335508241726e+04 1.230916962946043350e+05 3.410727114380217699e+02
5.736833335678196454e+04 1.236496653889690642e+05 3.417838401089168201e+02
5.736833335848151910e+04 1.227164542149630142e+05 3.412053649067196375e+02
5.736833336018106638e+04 1.225308446773814940e+05 3.411433215267779246e+02
5.736833336188061367e+04 1.219463215152250195e+05 3.406616945461323667e+02
5.736833336358016822e+04 1.212196513263628876e+05 3.402365156646181958e+02
5.736833336527971551e+04 1.213304741240626317e+05 3.402367904917130659e+02
5.736833336697926279e+04 1.206850265241954185e+05 3.397435363610814534e+02
5.736833336867881735e+04 1.221233194753559656e+05 3.410628035173965031e+02
5.736833337037836463e+04 1.228796886830240692e+05 3.417309550146737820e+02
5.736833337207791192e+04 1.215852939195313666e+05 3.404154578695951727e+02
5.736833337377745920e+04 1.222205776916380419e+05 3.408886253720189075e+02
5.736833337547701376e+04 1.226188488336472365e+05 3.415611805133897292e+02
5.736833337717656104e+04 1.209571715400784306e+05 3.398446647035466981e+02
5.736833337887610833e+04 1.215102596700671711e+05 3.403472705917645840e+02
5.736833338057566289e+04 1.203887355313025473e+05 3.393289910466317565e+02
5.736833338227521017e+04 1.217682977668290841e+05 3.404212321919988540e+02
5.736833338397475745e+04 1.216406974049169949e+05 3.404044109264057170e+02
5.736833338567431201e+04 1.215713980242612015e+05 3.406014243737847664e+02
5.736833338737385930e+04 1.220585722833263717e+05 3.409924506664432897e+02
5.736833338907340658e+04 1.220530743245407066e+05 3.407614937365985952e+02
5.736833339077295386e+04 1.216232612612738740e+05 3.405206972968598507e+02
5.736833339247250842e+04 1.213121653175424144e+05 3.401476232286567551e+02
5.736833339417205570e+04 1.214801027751972142e+05 3.404507628965451431e+02
5.736833339587160299e+04 1.215734252259129717e+05 3.405283726641675912e+02
5.736833339757115755e+04 1.219480278447160526e+05 3.406703269096638564e+02
5.736833339927070483e+04 1.217102259691435320e+05 3.403568711946998633e+02
5.736833340097025211e+04 1.196150778000215068e+05 3.388505328521233650e+02
5.736833340266980667e+04 1.182625530467569479e+05 3.376328628773836726e+02
5.736833340436935396e+04 1.187550110857997206e+05 3.378230023516719029e+02
5.736833340606890124e+04 1.175236706882706931e+05 3.368128630602472526e+02
5.736833340776845580e+04 1.170948849936112529e+05 3.363317041787078097e+02
5.736833340946800308e+04 1.179066502728875930e+05 3.372664208342227425e+02
5.736833341116755037e+04 1.177648549978936499e+05 3.370684744127396471e+02
5.736833341286709765e+04 1.169584768514058087e+05 3.362684039645110943e+02
5.736833341456665221e+04 1.170742066816443985e+05 3.362847458729214623e+02
5.736833341626619949e+04 1.178287861218709586e+05 3.368925379470870780e+02
5.736833341796574678e+04 1.179851009465815732e+05 3.370454034069351223e+02
5.736833341966530134e+04 1.175545096422610804e+05 3.366094501670593218e+02
5.736833342136484862e+04 1.181691103346563614e+05 3.372845699949003802e+02
5.736833342306439590e+04 1.177943702968642465e+05 3.370195567247916415e+02
5.736833342476395046e+04 1.175828073766134767e+05 3.368678477837195260e+02
5.736833342646349774e+04 1.172329775732236740e+05 3.365568073663867494e+02
5.736833342816304503e+04 1.174861314903565508e+05 3.367682134685541655e+02
5.736833342986259231e+04 1.172623535087108903e+05 3.366028556252031763e+02
5.736833343156214687e+04 1.176539560294202965e+05 3.368472653783533133e+02
5.736833343326169415e+04 1.180509243658566265e+05 3.373554634967073298e+02
5.736833343496124144e+04 1.173951076158081705e+05 3.365727535869838221e+02
5.736833343666079600e+04 1.170997011721529416e+05 3.361975951835587466e+02
5.736833343836034328e+04 1.180770275622610352e+05 3.371200741590573671e+02
5.736833344005989056e+04 1.178507760594071588e+05 3.370617977102847362e+02
5.736833344175944512e+04 1.175312817508653097e+05 3.368321680261859115e+02
5.736833344345899241e+04 1.175105092079077149e+05 3.368766867710772317e+02
5.736833344515853969e+04 1.175317741143411695e+05 3.368117118995305077e+02
5.736833344685809425e+04 1.176666425286987796e+05 3.370562928558451858e+02
5.736833344855764153e+04 1.176952395757550839e+05 3.368354308862756170e+02
5.736833345025718882e+04 1.187070014116777747e+05 3.377336016546878454e+02
5.736833345195673610e+04 1.179894750440579955e+05 3.370340100450994214e+02
5.736833345365629066e+04 1.178210254873009399e+05 3.370326415004318505e+02
5.736833345535583794e+04 1.176092395289594424e+05 3.368466113002544375e+02
5.736833345705538522e+04 1.176395834294579108e+05 3.369534554610390273e+02
5.736833345875493978e+04 1.179832352053644718e+05 3.372915920710674413e+02
5.736833346045448707e+04 1.177301716025646892e+05 3.370215297647062584e+02
5.736833346215403435e+04 1.181415572882430279e+05 3.373521372131181693e+02
5.736833346385358891e+04 1.175545047198055254e+05 3.367211452877692750e+02
5.736833346555313619e+04 1.177011580971515214e+05 3.370599127979264722e+02
5.736833346725268348e+04 1.179886189726625162e+05 3.370268563534268083e+02
5.736833346895223076e+04 1.171298523694003816e+05 3.364373974244330725e+02
5.736833347065178532e+04 1.173412259770567616e+05 3.368046933603994830e+02
5.736833347235133260e+04 1.175715201924307185e+05 3.369001518455152677e+02
5.736833347405087989e+04 1.180550834770332440e+05 3.372254195366020895e+02
5.736833347575043445e+04 1.174261998948045948e+05 3.367804289890699465e+02
5.736833347744998173e+04 1.173576447473680018e+05 3.364788060085776920e+02
5.736833347914952901e+04 1.180393169700879662e+05 3.371416812941447461e+02
5.736833348084908357e+04 1.175177095055794780e+05 3.365849493848343172e+02
5.736833348254863085e+04 1.174618223245255649e+05 3.365665153844432211e+02
5.736833348424817814e+04 1.180712438189573149e+05 3.371256537587197499e+02
5.736833348594772542e+04 1.177270223032654612e+05 3.368255561959683746e+02
5.736833348764727998e+04 1.176833808852780639e+05 3.368702944211308932e+02
5.736833348934682726e+04 1.177184678608399990e+05 3.368718308454775752e+02
5.736833349104637455e+04 1.179867616569859529e+05 3.373468082737586542e+02
5.736833349274592911e+04 1.174645422031570488e+05 3.367434278655487105e+02
5.736833349444547639e+04 1.177873818499651388e+05 3.371270932774137918e+02
5.736833349614502367e+04 1.182948519376476179e+05 3.373187593971740057e+02
5.736833349784457823e+04 1.178644041787367605e+05 3.367704513576543945e+02
5.736833349954412552e+04 1.176682445221457747e+05 3.366326029937266071e+02
5.736833350124367280e+04 1.175927169322186528e+05 3.366295418005838087e+02
5.736833350294322736e+04 1.175283206239162828e+05 3.366667519946690277e+02
5.736833350464277464e+04 1.183464752867636416e+05 3.375141370867415276e+02
5.736833350634232193e+04 1.187579459834665467e+05 3.378356163713348224e+02
5.736833350804186921e+04 1.178982013920193422e+05 3.369737055701282316e+02
5.736833350974142377e+04 1.177167738556628319e+05 3.368053081247084037e+02
5.736833351144097105e+04 1.177378182727435633e+05 3.368224547586502808e+02
5.736833351314051833e+04 1.177836821209301270e+05 3.368880680179711931e+02
5.736833351484007289e+04 1.170251396952298237e+05 3.361912840770239086e+02
5.736833351653962018e+04 1.174130133606132295e+05 3.365363169035833266e+02
5.736833351823916746e+04 1.173244106126297265e+05 3.366285146045996726e+02
5.736833351993872202e+04 1.172284709199791396e+05 3.364999814393074757e+02
5.736833352163826930e+04 1.177008375918919628e+05 3.368284886972592176e+02
5.736833352333781659e+04 1.179742852591165138e+05 3.371580415905067980e+02
5.736833352503736387e+04 1.171744807381872233e+05 3.364043279977086058e+02
5.736833352673691843e+04 1.175380215333949454e+05 3.367560448614925690e+02
5.736833352843646571e+04 1.172545605837106705e+05 3.365679445475587386e+02
5.736833353013601300e+04 1.170577466470257496e+05 3.363610947078453819e+02
5.736833353183556756e+04 1.175559883095451951e+05 3.367901136546264524e+02
5.736833353353511484e+04 1.175495098583385989e+05 3.364082576312729316e+02
5.736833353523466212e+04 1.181545517581661406e+05 3.366800502631637642e+02
5.736833353693421668e+04 1.184609706338996184e+05 3.369280816319503629e+02
5.736833353863376396e+04 1.184774791148288932e+05 3.368086800930230424e+02
5.736833354033331125e+04 1.179194934465551341e+05 3.360548422377481756e+02
5.736833354203285853e+04 1.182934775270634855e+05 3.365368202408810703e+02
5.736833354373241309e+04 1.180850997467402049e+05 3.363711639543460024e+02
5.736833354543196037e+04 1.180396209877892397e+05 3.362790559372479606e+02
5.736833354713150766e+04 1.183015784133752750e+05 3.367675122138833785e+02
5.736833354883106222e+04 1.191095805484397424e+05 3.373947995006676592e+02
5.736833355053060950e+04 1.184440592135802435e+05 3.367070391267720311e+02
5.736833355223015678e+04 1.182401419193739421e+05 3.365074087513603445e+02
5.736833355392971134e+04 1.186687208164170152e+05 3.368672125720204349e+02
5.736833355562925863e+04 1.181796893266203551e+05 3.364564333460108401e+02
5.736833355732880591e+04 1.177233998248393473e+05 3.363200955802477097e+02
5.736833355902836047e+04 1.182690728039601236e+05 3.367626732996203032e+02
5.736833356072790775e+04 1.178818055053446733e+05 3.362132576449581620e+02
5.736833356242745504e+04 1.185496286153896363e+05 3.367287516866263672e+02
5.736833356412700232e+04 1.177625399621827819e+05 3.360757250031169860e+02
5.736833356582655688e+04 1.182485357603678713e+05 3.365296109873789874e+02
5.736833356752610416e+04 1.177751791138938861e+05 3.361196005099848207e+02
5.736833356922565144e+04 1.183678889959797962e+05 3.366263176089665876e+02
5.736833357092520600e+04 1.181962626788725320e+05 3.365422515136426114e+02
5.736833357262475329e+04 1.178153936284458032e+05 3.361324121656530224e+02
5.736833357432430057e+04 1.178642285563249607e+05 3.362483812387348507e+02
5.736833357602385513e+04 1.185113603948142263e+05 3.368629667490882298e+02
5.736833357772340241e+04 1.181511747414097481e+05 3.364591299269501974e+02
5.736833357942294970e+04 1.181126226459289610e+05 3.365303152779695210e+02
5.736833358112249698e+04 1.182804671147334302e+05 3.368326745129849087e+02
5.736833358282205154e+04 1.184739581823250919e+05 3.368289174914821729e+02
5.736833358452159882e+04 1.184595862656722020e+05 3.368091088546564720e+02
5.736833358622114611e+04 1.188602143267179199e+05 3.371287976685327408e+02
5.736833358792070067e+04 1.188570314075109782e+05 3.370205006051356804e+02
5.736833358962024795e+04 1.183673381696642027e+05 3.367117004960230133e+02
5.736833359131979523e+04 1.180645722441129619e+05 3.368624951208415155e+02
5.736833359301934979e+04 1.173511895697446016e+05 3.369904425237909322e+02
5.736833359471889707e+04 1.180058178482196818e+05 3.367440058091215747e+02
5.736833359641844436e+04 1.183611585061177611e+05 3.369284645297498173e+02
5.736833359811799164e+04 1.183233310392473941e+05 3.368187740918864392e+02
5.736833359981754620e+04 1.180302884342421457e+05 3.366749005533944228e+02
5.736833360151709348e+04 1.185590930965851003e+05 3.371605808445522143e+02
5.736833360321664077e+04 1.181897367846208508e+05 3.367180211581834897e+02
5.736833360491619533e+04 1.177938278286823479e+05 3.363868535754037907e+02
5.736833360661574261e+04 1.179440328633171302e+05 3.366613263146211352e+02
