5.742957213000000047e+04 5.746987097101238760e+03 6.471094216127229970e+01
5.742957213240816782e+04 5.780762255041694516e+03 6.488803933118620648e+01
5.742957213481633516e+04 5.730315645943492200e+03 6.477962021953236160e+01
5.742957213722450251e+04 6.345511030446794393e+03 6.717232983515198441e+01
5.742957213963267714e+04 6.001799898916387065e+03 6.485847233659582400e+01
5.742957214204084448e+04 9.830949986224449049e+02 3.484744526400420739e+01
5.742957214444901183e+04 2.412568895402431735e+03 4.534883820468038351e+01
5.742957214685717918e+04 7.108696053074828342e+03 6.986764499777153503e+01
5.742957214926534652e+04 5.858300707955950202e+03 6.522856072343830647e+01
5.742957215167351387e+04 5.757986382789674281e+03 6.488974840856907633e+01
5.742957215408168122e+04 5.857756019709008797e+03 6.520360062006896840e+01
5.742957215648984857e+04 5.925972402577900539e+03 6.554766944628634917e+01
5.742957215889802319e+04 5.933608224538638751e+03 6.559951501015201814e+01
5.742957216130619054e+04 5.960141495079786182e+03 6.573416144964102159e+01
5.742957216371435788e+04 6.189050416416529515e+03 6.680513763419118334e+01
5.742957216612252523e+04 6.651588145823853665e+03 6.894718721774374615e+01
5.742957216853069258e+04 7.082806932814550237e+03 7.088938210184585387e+01
5.742957217093885993e+04 7.342498272873159294e+03 7.202864091332330077e+01
5.742957217334702727e+04 7.377080235964917847e+03 7.217955299701446847e+01
5.742957217575520190e+04 7.394766897476481063e+03 7.224968122137968862e+01
5.742957217816336924e+04 7.285909373810127363e+03 7.174087636301462112e+01
5.742957218057153659e+04 7.367203045894226307e+03 7.209116309086100216e+01
5.742957218297970394e+04 7.476256336704736896e+03 7.258150055813912616e+01
5.742957218538787129e+04 7.373157599855249828e+03 7.214819461847196180e+01
5.742957218779603863e+04 7.248533039482626009e+03 7.159378533211243223e+01
5.742957219020420598e+04 7.197100935751329416e+03 7.138365679400537545e+01
5.742957219261238060e+04 7.427960299152536209e+03 7.238748109006540687e+01
5.742957219502054795e+04 7.643698713511914320e+03 7.330544798751476776e+01
5.742957219742871530e+04 7.365239804553719296e+03 7.209896200362078389e+01
5.742957219983688265e+04 7.484966529703198830e+03 7.261767776999410273e+01
5.742957220224504999e+04 7.692745294431403636e+03 7.350888088163192435e+01
5.742957220465321734e+04 7.607840972811199208e+03 7.315789219804037202e+01
5.742957220706138469e+04 7.718030206489311240e+03 7.363733665613874280e+01
5.742957220946955204e+04 7.670504520990151832e+03 7.341385686618383488e+01
5.742957221187772666e+04 7.634343861170332275e+03 7.326623606653180332e+01
5.742957221428589401e+04 7.308271487631583113e+03 7.183865233419354013e+01
5.742957221669406135e+04 7.158819158685047114e+03 7.124038037589137673e+01
5.742957221910222870e+04 7.216165953744362923e+03 7.146560429185653618e+01
5.742957222151039605e+04 7.333718973918797928e+03 7.196940969845893221e+01
5.742957222391856340e+04 7.445230870741503168e+03 7.246354245454543275e+01
5.742957222632673074e+04 7.459656369459014968e+03 7.251661024380568676e+01
5.742957222873490537e+04 7.443232401441307047e+03 7.244969185949936730e+01
5.742957223114307271e+04 7.380483456320967889e+03 7.215996162510870704e+01
5.742957223355124006e+04 7.471915562810881966e+03 7.255710440211693424e+01
5.742957223595940741e+04 7.573475712987749830e+03 7.302007970869296116e+01
5.742957223836757476e+04 7.386390257094424669e+03 7.220977509412082895e+01
5.742957224077574210e+04 7.261380602479643130e+03 7.165540272719012194e+01
5.742957224318390945e+04 7.465830898934000288e+03 7.255821719851941509e+01
5.742957224559207680e+04 7.363071671888112178e+03 7.210736870787476960e+01
5.742957224800025142e+04 7.397972657974524736e+03 7.225655425944646026e+01
5.742957225040841877e+04 7.351995482239741250e+03 7.205250946683938196e+01
5.742957225281658611e+04 7.532182248222256931e+03 7.282813232088879829e+01
5.742957225522475346e+04 7.424875396660147999e+03 7.238943629951489811e+01
5.742957225763292081e+04 7.371919052010090127e+03 7.214665454887756368e+01
5.742957226004108816e+04 7.656166344432490405e+03 7.335995480518778322e+01
5.742957226244925550e+04 7.735009408678897671e+03 7.369835343843966768e+01
5.742957226485743013e+04 7.462400772310599677e+03 7.252576273937357598e+01
5.742957226726559747e+04 7.240103607118095169e+03 7.153628721659039513e+01
5.742957226967376482e+04 7.400247943591058174e+03 7.224178390598311239e+01
5.742957227208193217e+04 7.490205587406528139e+03 7.265475137808175532e+01
5.742957227449009952e+04 7.252213339734548754e+03 7.163243206569333665e+01
5.742957227689826686e+04 7.141800526801608612e+03 7.114586599643914155e+01
5.742957227930643421e+04 7.345001020073176733e+03 7.202584861001543004e+01
5.742957228171460883e+04 7.477248052891843145e+03 7.256752251988663716e+01
5.742957228412277618e+04 7.521390641094109924e+03 7.274551156053058776e+01
5.742957228653094353e+04 7.265447944910141814e+03 7.167840142335590770e+01
5.742957228893911088e+04 7.181625384194496291e+03 7.131354801160262014e+01
5.742957229134727822e+04 7.134088081813892131e+03 7.109146161163431543e+01
5.742957229375544557e+04 7.230410265995384179e+03 7.155042374634712132e+01
5.742957229616361292e+04 7.396066206858494297e+03 7.226849307916501175e+01
5.742957229857178027e+04 7.409099181753577795e+03 7.230631597562292256e+01
5.742957230097995489e+04 7.396215943938448618e+03 7.226839235659126359e+01
5.742957230338812224e+04 7.551188922592304152e+03 7.291930283903677434e+01
5.742957230579628958e+04 7.484900835891558017e+03 7.263651275735763591e+01
5.742957230820445693e+04 7.428257400421219245e+03 7.238595401707644328e+01
5.742957231061262428e+04 7.550705832952256969e+03 7.291514199869239121e+01
5.742957231302079163e+04 7.566518819668329343e+03 7.296897573263024128e+01
5.742957231542895897e+04 7.552054417491534878e+03 7.292718076900195001e+01
5.742957231783713360e+04 7.411047660708105468e+03 7.230298368020933708e+01
5.742957232024530094e+04 7.478761217936433241e+03 7.262302695602173230e+01
5.742957232265346829e+04 7.452085453353956837e+03 7.248539528381755304e+01
5.742957232506163564e+04 7.472683348915538772e+03 7.259963628155752247e+01
5.742957232746980299e+04 7.459340661751592052e+03 7.253792363969699863e+01
5.742957232987797033e+04 7.515729529389864183e+03 7.277675649388197598e+01
5.742957233228613768e+04 7.531818203148379325e+03 7.281397349272836550e+01
5.742957233469430503e+04 7.381067994200903740e+03 7.219474014157960085e+01
5.742957233710247965e+04 7.306189622798648088e+03 7.187118200767307030e+01
5.742957233951064700e+04 7.488268764603017189e+03 7.264906021868019081e+01
5.742957234191881435e+04 7.583042687174683124e+03 7.304261031892960432e+01
5.742957234432698169e+04 7.455543768316501883e+03 7.249699506137871197e+01
5.742957234673514904e+04 7.464402745610979764e+03 7.254057040051991123e+01
5.742957234914331639e+04 7.618539729350042762e+03 7.319805443011335910e+01
5.742957235155148373e+04 7.571721307082631029e+03 7.299604614696433202e+01
5.742957235395965836e+04 7.595219024651157270e+03 7.308733785447682862e+01
5.742957235636782571e+04 7.701549820358593024e+03 7.353270731535107529e+01
5.742957235877599305e+04 7.394095654963643028e+03 7.225613956675245220e+01
5.742957236118416040e+04 7.447792234549855493e+03 7.248560290967635922e+01
5.742957236359232775e+04 7.614222804953005834e+03 7.316997707487105629e+01
5.742957236600049509e+04 7.434134688491482848e+03 7.239617235114856442e+01
5.742957236840866244e+04 7.222138069754916614e+03 7.148410280049250787e+01
5.742957237081682979e+04 7.098186926346401378e+03 7.096443071859386009e+01
5.742957237322500441e+04 7.236244712940568206e+03 7.153937741590497978e+01
5.742957237563317176e+04 7.728994897947317440e+03 7.367695815993491237e+01
5.742957237804133911e+04 7.735195665300908331e+03 7.370918239213452239e+01
5.742957238044950645e+04 7.453170780972257489e+03 7.251718008744573751e+01
5.742957238285767380e+04 7.432210927435559825e+03 7.239107794506831794e+01
5.742957238526584115e+04 7.494238297852391952e+03 7.267405747301759789e+01
5.742957238767400850e+04 7.296826627490634564e+03 7.181867005762079259e+01
5.742957239008218312e+04 7.276183821554346650e+03 7.172794964369913373e+01
5.742957239249035047e+04 7.273974434588522854e+03 7.168855651402716944e+01
5.742957239489851781e+04 7.320765844443571950e+03 7.191487951390656974e+01
5.742957239730668516e+04 7.461836487608914467e+03 7.252584481936666805e+01
5.742957239971485251e+04 7.497109237266117816e+03 7.263890384936223654e+01
5.742957240212301986e+04 7.345512584831145432e+03 7.201499495580492294e+01
5.742957240453118720e+04 7.332438464910866060e+03 7.196916294624729460e+01
5.742957240693936183e+04 7.449263637100183587e+03 7.245305003939526500e+01
5.742957240934752917e+04 7.602752688161590413e+03 7.309827442762762928e+01
5.742957241175569652e+04 7.399944896954219985e+03 7.226060560879599848e+01
5.742957241416386387e+04 7.586599747536276482e+03 7.307934905387381264e+01
5.742957241657203122e+04 7.431828509287588531e+03 7.238477938537072021e+01
5.742957241898019856e+04 7.376080404981377797e+03 7.216235258939437358e+01
5.742957242138836591e+04 7.291849423020798895e+03 7.180138510033884813e+01
5.742957242379653326e+04 7.410545372488456451e+03 7.230182048461537647e+01
5.742957242620470788e+04 7.685209244664241851e+03 7.349387102403719041e+01
5.742957242861287523e+04 7.746747413794803833e+03 7.376198394587375162e+01
5.742957243102104258e+04 7.479970693046647284e+03 7.260058957630184295e+01
5.742957243342920992e+04 7.316777374286632039e+03 7.191017769444420082e+01
5.742957243583737727e+04 7.315512442857438145e+03 7.193590047655150954e+01
5.742957243824554462e+04 7.438475336873751075e+03 7.243195779892954533e+01
5.742957244065371196e+04 7.608750860972312694e+03 7.314164988367846831e+01
5.742957244306188659e+04 7.517357209191215588e+03 7.275608462765046625e+01
5.742957244547005394e+04 7.419757185913496869e+03 7.235700391872457260e+01
5.742957244787822128e+04 7.639740378583580423e+03 7.327804824995165234e+01
5.742957245028638863e+04 7.577187412297142146e+03 7.302420520229581768e+01
5.742957245269455598e+04 7.308520069892821084e+03 7.187272409385502669e+01
5.742957245510272332e+04 7.321001606863052984e+03 7.193095227813195436e+01
5.742957245751089067e+04 7.587443566168498364e+03 7.306646786692797946e+01
5.742957245991905802e+04 7.399155333760329995e+03 7.227590528968239880e+01
5.742957246232723264e+04 7.299390380714717139e+03 7.184168817059558876e+01
5.742957246473539999e+04 7.363033728846477061e+03 7.209505182551814073e+01
5.742957246714356734e+04 7.653863733912531643e+03 7.334262621223015799e+01
5.742957246955173468e+04 7.536002508967476388e+03 7.286265346610232996e+01
5.742957247195990203e+04 7.507531417259090631e+03 7.273049265896712257e+01
5.742957247436806938e+04 7.232189153427099882e+03 7.152653100476594261e+01
5.742957247677623673e+04 7.236848227538794163e+03 7.155408254463708317e+01
5.742957247918441135e+04 7.317838259069385458e+03 7.191277600955763205e+01
5.742957248159257870e+04 7.456423118259373950e+03 7.250858552644785959e+01
5.742957248400074604e+04 7.316323205086450798e+03 7.189647949023674300e+01
5.742957248640891339e+04 7.297494539774937039e+03 7.177387094578671167e+01
5.742957248881708074e+04 7.260230048527710096e+03 7.165399568711238487e+01
5.742957249122524809e+04 7.204374935948108941e+03 7.142077045481354958e+01
5.742957249363341543e+04 7.288688658689082331e+03 7.179864105539030561e+01
5.742957249604159006e+04 7.450021231758903923e+03 7.250274872876947541e+01
5.742957249844975740e+04 7.409387899982033559e+03 7.231122176980682070e+01
5.742957250085792475e+04 7.491404673074678612e+03 7.263280822257149794e+01
5.742957250326609210e+04 7.506436312726887991e+03 7.270155285655586397e+01
5.742957250567425945e+04 7.367796394422346566e+03 7.211934174123481966e+01
5.742957250808242679e+04 7.459850211816648880e+03 7.251290134795982567e+01
5.742957251049059414e+04 7.571586154901576265e+03 7.298935361178534720e+01
5.742957251289876149e+04 7.636008308971461702e+03 7.325646815420368796e+01
5.742957251530693611e+04 7.497598495614775857e+03 7.266687208873641168e+01
5.742957251771510346e+04 7.532170198971216450e+03 7.281778603034307196e+01
5.742957252012327081e+04 7.398895709404468107e+03 7.226618118698965532e+01
5.742957252253143815e+04 7.318019036103471080e+03 7.189603279369866584e+01
5.742957252493960550e+04 7.702132683186840950e+03 7.354672907987097119e+01
5.742957252734777285e+04 7.760140060136042848e+03 7.379667274376113539e+01
5.742957252975594020e+04 7.671459789086862656e+03 7.341511544147080315e+01
5.742957253216411482e+04 7.518211659903754480e+03 7.275309036390301287e+01
5.742957253457228217e+04 7.498498389095087987e+03 7.268565490858816247e+01
5.742957253698044951e+04 7.294234854304730106e+03 7.183168561884863834e+01
5.742957253938861686e+04 7.174726446730029238e+03 7.129763846696614848e+01
5.742957254179678421e+04 7.536797768872928827e+03 7.285784294620769685e+01
5.742957254420495156e+04 7.712210262150897506e+03 7.360137407993458680e+01
5.742957254661311890e+04 7.389638467903891978e+03 7.220686977121751227e+01
5.742957254902128625e+04 7.224369112313403093e+03 7.150175986305002596e+01
5.742957255142946087e+04 7.450448374159223022e+03 7.249944005345473386e+01
5.742957255383762822e+04 7.526114495031535625e+03 7.281028787784511280e+01
5.742957255624579557e+04 7.370427211232049558e+03 7.213602184140323459e+01
5.742957255865396291e+04 7.287615724328932629e+03 7.175379308801436196e+01
5.742957256106213026e+04 7.561248230307244739e+03 7.295359303920747607e+01
5.742957256347029761e+04 7.630223848700409690e+03 7.324574311833926288e+01
5.742957256587846496e+04 7.499780808510275165e+03 7.269643681347366737e+01
5.742957256828663958e+04 7.407767766928583114e+03 7.229780669455215047e+01
5.742957257069480693e+04 7.502266644500403345e+03 7.271515012632669084e+01
5.742957257310297427e+04 7.412820679825999832e+03 7.231738741413448679e+01
5.742957257551114162e+04 7.468788809677766039e+03 7.253910826917369548e+01
5.742957257791930897e+04 7.419151138300029743e+03 7.235180241120281153e+01
5.742957258032747632e+04 7.499794071180231185e+03 7.269959151364489003e+01
5.742957258273564366e+04 7.645377276209680531e+03 7.332892480407731739e+01
5.742957258514381829e+04 7.550383981424289232e+03 7.291514367623372550e+01
5.742957258755198563e+04 7.325544785278287236e+03 7.195258223437484446e+01
5.742957258996015298e+04 7.396003694714015182e+03 7.222679269047715422e+01
5.742957259236832033e+04 7.394197864597867920e+03 7.224633733447821271e+01
5.742957259477648768e+04 7.300055603287510166e+03 7.183178341262372157e+01
5.742957259718465502e+04 7.134251267133598958e+03 7.110263325616628549e+01
5.742957259959282237e+04 7.129472512735371311e+03 7.106672488332654325e+01
5.742957260200098972e+04 7.374905134063909827e+03 7.213986865372663715e+01
5.742957260440916434e+04 7.622612539482755892e+03 7.318938632706176861e+01
5.742957260681733169e+04 7.381249444607253281e+03 7.216462449201989671e+01
5.742957260922549904e+04 7.420970454902895654e+03 7.236951360380977860e+01
5.742957261163366638e+04 7.703841047102849188e+03 7.354020967813595178e+01
5.742957261404183373e+04 7.532852232804183586e+03 7.284293743659686982e+01
5.742957261645000108e+04 7.401109300489231828e+03 7.225873802255328826e+01
5.742957261885816843e+04 7.482015879477432463e+03 7.261154247258612315e+01
5.742957262126634305e+04 7.713647886658547577e+03 7.359799247287953960e+01
5.742957262367451040e+04 7.723270594102874384e+03 7.365007070423172308e+01
5.742957262608267774e+04 7.510431980159456543e+03 7.274856909329169241e+01
5.742957262849084509e+04 7.298789803700127777e+03 7.181989576301378975e+01
5.742957263089901244e+04 7.315602746954432405e+03 7.190329383071885161e+01
5.742957263330717979e+04 7.530777356054088159e+03 7.282151512852323094e+01
5.742957263571534713e+04 7.518328101189099471e+03 7.276518870110423620e+01
5.742957263812351448e+04 7.415955695809036115e+03 7.232673635769306486e+01
5.742957264053168910e+04 7.325860042858623274e+03 7.193613173397901051e+01
5.742957264293985645e+04 7.580114289176264720e+03 7.304601479714376921e+01
5.742957264534802380e+04 7.485337431064657721e+03 7.265523663423402922e+01
5.742957264775619115e+04 7.421561092826833374e+03 7.237284795357300027e+01
5.742957265016435849e+04 7.427166768102726564e+03 7.238654816505874123e+01
5.742957265257252584e+04 7.577932811699761260e+03 7.302069264672647364e+01
5.742957265498069319e+04 7.504644062524886976e+03 7.268334104092420489e+01
5.742957265738886781e+04 7.607820456913254020e+03 7.314643896460786721e+01
5.742957265979703516e+04 7.608787775090077957e+03 7.317484356833635673e+01
5.742957266220520250e+04 7.342990095370268136e+03 7.200590032694159959e+01
5.742957266461336985e+04 7.261653081671584005e+03 7.164943442121369799e+01
5.742957266702153720e+04 7.157112746896771569e+03 7.122110394597198990e+01
5.742957266942970455e+04 7.287968269427354244e+03 7.175521183578409534e+01
5.742957267183787189e+04 7.198244791910789900e+03 7.137081594006755836e+01
5.742957267424603924e+04 7.318218131638906925e+03 7.190433334951505628e+01
5.742957267665421386e+04 7.420730596287544358e+03 7.237131217233316249e+01
5.742957267906238121e+04 7.195175485250850215e+03 7.139717653674036058e+01
5.742957268147054856e+04 7.531499518471307965e+03 7.284435809977286169e+01
5.742957268387871591e+04 7.555384351587321362e+03 7.293287613617870591e+01
5.742957268628688325e+04 7.453647706653631758e+03 7.249604649123010347e+01
5.742957268869505060e+04 7.425957040061433872e+03 7.236826123940277000e+01
5.742957269110321795e+04 7.511291911176184840e+03 7.274282832460360737e+01
5.742957269351139257e+04 7.493588695496161563e+03 7.268976915299299435e+01
5.742957269591955992e+04 7.475711813804251506e+03 7.259993456062524331e+01
5.742957269832772727e+04 7.475760195239213317e+03 7.260025767367260130e+01
5.742957270073589461e+04 7.838905301698754556e+03 7.409993097846573562e+01
5.742957270314406196e+04 7.583211888782050664e+03 7.304271248091644964e+01
5.742957270555222931e+04 7.560284996228826458e+03 7.295425419130938849e+01
5.742957270796039666e+04 7.667467728835598791e+03 7.340933773218203839e+01
5.742957271036857128e+04 7.431044761427095182e+03 7.240254044371350517e+01
5.742957271277673863e+04 7.493267225914475603e+03 7.266120474200410229e+01
5.742957271518490597e+04 7.568852438584470292e+03 7.296479605349054509e+01
5.742957271759307332e+04 7.552477164225082561e+03 7.290766262171683820e+01
5.742957272000124067e+04 7.454163219528849368e+03 7.247100994093659665e+01
5.742957272240940802e+04 7.424599262010187886e+03 7.238792481186540329e+01
5.742957272481757536e+04 7.531401807316331542e+03 7.287113176944129123e+01
5.742957272722574271e+04 7.503709539902994038e+03 7.273952192857751697e+01
5.742957272963391733e+04 7.439247118540061820e+03 7.243677320779617901e+01
5.742957273204208468e+04 7.595934453928656694e+03 7.310856420369852060e+01
5.742957273445025203e+04 7.516086853517521376e+03 7.277117126409717685e+01
5.742957273685841938e+04 7.557353703097185644e+03 7.294340891020242168e+01
5.742957273926658672e+04 7.310128569610267732e+03 7.187914133272322204e+01
5.742957274167475407e+04 7.283307423805534199e+03 7.175511509207181859e+01
5.742957274408292142e+04 7.342062844143012626e+03 7.201711123206065679e+01
5.742957274649109604e+04 7.313658938310106350e+03 7.190750493162526880e+01
5.742957274889926339e+04 7.218702302665522438e+03 7.147900420359030704e+01
5.742957275130743074e+04 7.553863977943208738e+03 7.292966746119297738e+01
5.742957275371559808e+04 7.677845014271302716e+03 7.346863961708660895e+01
5.742957275612376543e+04 7.574302056885393540e+03 7.300238340837660189e+01
5.742957275853193278e+04 7.623218854941294921e+03 7.326571552894822048e+01
5.742957276094010012e+04 7.536075646000711458e+03 7.286025767171321377e+01
5.742957276334826747e+04 7.283126138531137258e+03 7.176461916062493174e+01
5.742957276575644210e+04 7.324850564947468229e+03 7.195118689179976457e+01
5.742957276816460944e+04 7.449555135861806775e+03 7.247268354216851094e+01
5.742957277057277679e+04 7.422658314300573693e+03 7.239066299222872658e+01
5.742957277298094414e+04 7.299010621581340274e+03 7.181467827058730791e+01
5.742957277538911148e+04 7.400997734106460484e+03 7.228045419432973517e+01
5.742957277779727883e+04 7.535507738404475276e+03 7.282807075582263678e+01
5.742957278020544618e+04 7.732805946110363038e+03 7.367888282028714286e+01
5.742957278261362080e+04 7.476247135637398060e+03 7.259462376150059981e+01
5.742957278502178815e+04 7.138912023483102530e+03 7.111183598025803576e+01
5.742957278742995550e+04 7.065634211102410518e+03 7.077615347867548223e+01
5.742957278983812284e+04 6.749352514089348006e+03 6.940382585967029172e+01
5.742957279224629019e+04 6.279255513349913599e+03 6.723427639490888907e+01
5.742957279465445754e+04 6.002827479484923970e+03 6.594210042571876329e+01
5.742957279706262489e+04 5.918357254237723282e+03 6.555023727123001720e+01
5.742957279947079951e+04 5.894509859117128144e+03 6.543770438097251940e+01
5.742957280187896686e+04 5.877453300514946022e+03 6.533579566117573734e+01
5.742957280428713420e+04 5.796792436889189958e+03 6.495452857389945223e+01
5.742957280669530155e+04 5.855692742766903393e+03 6.526637903251091188e+01
5.742957280910346890e+04 5.836363756460974400e+03 6.512663412766680437e+01
5.742957281151163625e+04 5.891636231065263019e+03 6.542924475435111731e+01
5.742957281391980359e+04 5.894616094962666466e+03 6.544026196193136968e+01
5.742957281632797094e+04 5.870105845472689907e+03 6.530469100530137894e+01
5.742957281873614556e+04 5.820268283241723111e+03 6.508591300746331854e+01
5.742957282114431291e+04 5.872406467124582377e+03 6.532546550839525423e+01
5.742957282355248026e+04 5.853138818556483784e+03 6.522345550318620155e+01
5.742957282596064761e+04 5.805284622602597665e+03 6.499454310818758529e+01
