5.737343542509999679e+04 4.865728056080592978e+03 8.527085622963261358e+01
5.737343543579230754e+04 5.112417053513991050e+03 8.598150869324426537e+01
5.737343544648461102e+04 5.136080026808218463e+03 8.609455739077571934e+01
5.737343545717692177e+04 5.105198651672881169e+03 8.615632157205676833e+01
5.737343546786922525e+04 5.263373406953275662e+03 8.659053158191042598e+01
5.737343547856153600e+04 5.485728496244179951e+03 8.716222419133991650e+01
5.737343548925384675e+04 5.584155438122351370e+03 8.791924874884651331e+01
5.737343549994615023e+04 5.831182839759228955e+03 8.858927946625088623e+01
5.737343551063846098e+04 5.830675821108066884e+03 8.871981427808472631e+01
5.737343552133076446e+04 5.916541090672208156e+03 8.889253373520304535e+01
5.737343553202307521e+04 5.836223597362829423e+03 8.904063955834349997e+01
5.737343554271537869e+04 5.671939685380792071e+03 8.807604779280440255e+01
5.737343555340768944e+04 5.825203099938884407e+03 8.850855595227358208e+01
5.737343556410000019e+04 5.849472206050541899e+03 8.865705151016332763e+01
5.737343557479230367e+04 5.873394059163229031e+03 8.865156992608562803e+01
5.737343558548461442e+04 5.905665193213127168e+03 8.894858331719883893e+01
5.737343559617691790e+04 5.918745734508473106e+03 8.880970954090616942e+01
5.737343560686922865e+04 5.880011741178187549e+03 8.872651863498116143e+01
5.737343561756153940e+04 5.864302208076313036e+03 8.863053958205105687e+01
5.737343562825384288e+04 5.747680901420026203e+03 8.823586457563573049e+01
5.737343563894615363e+04 5.861206738062652221e+03 8.864713186484446794e+01
5.737343564963845711e+04 5.937480685983074181e+03 8.889045186691012645e+01
5.737343566033076786e+04 5.959715941880480386e+03 8.876764709223067484e+01
5.737343567102307134e+04 5.978637505994147432e+03 8.906466234790656245e+01
5.737343568171538209e+04 5.951465882933197463e+03 8.903232280559797118e+01
5.737343569240769284e+04 6.049304517427059182e+03 8.944684552328415350e+01
5.737343570309999632e+04 6.112895436221397176e+03 8.959862109356518545e+01
5.737343571379230707e+04 6.233725286448029692e+03 8.991962525289216046e+01
5.737343572448461055e+04 6.194456584907944489e+03 8.983572907164791843e+01
5.737343573517692130e+04 6.207241680448528314e+03 8.991847000510504984e+01
5.737343574586923205e+04 6.201774375513917221e+03 8.980460968000970468e+01
5.737343575656153553e+04 6.069291773599818043e+03 8.942390295900545993e+01
5.737343576725384628e+04 6.107210297240318141e+03 8.925864830909554826e+01
5.737343577794614976e+04 6.085829896474099769e+03 8.936064980612968611e+01
5.737343578863846051e+04 6.083890868123475229e+03 8.926480238508462151e+01
5.737343579933076398e+04 5.884212278029805930e+03 8.872023169886851690e+01
5.737343581002307474e+04 5.939689093625714122e+03 8.891594103674231064e+01
5.737343582071538549e+04 6.065916804402936577e+03 8.953283020627407041e+01
5.737343583140768897e+04 5.995029393558131233e+03 8.929423919939208076e+01
5.737343584209999972e+04 6.176783493893764899e+03 8.970096786518759302e+01
5.737343585279230319e+04 6.028921937460410845e+03 8.940051019052077663e+01
5.737343586348461395e+04 5.989856624681698122e+03 8.919324313476286648e+01
5.737343587417692470e+04 5.877210919970383657e+03 8.875728468813220218e+01
5.737343588486922818e+04 5.942985711170808827e+03 8.888489467657507248e+01
5.737343589556153893e+04 5.928446864852422550e+03 8.893777283825447455e+01
5.737343590625384240e+04 5.798861321122057234e+03 8.858769393553760096e+01
5.737343591694615316e+04 5.806786687101150164e+03 8.839052606664465372e+01
5.737343592763845663e+04 5.794862284690489105e+03 8.857771532457456942e+01
5.737343593833076739e+04 5.865319552139676489e+03 8.871997627222113181e+01
5.737343594902307814e+04 5.826900487992905255e+03 8.853090073638705348e+01
5.737343595971538161e+04 5.930697626892843800e+03 8.888625936581746600e+01
5.737343597040769237e+04 5.899828036467095444e+03 8.877161247489158313e+01
5.737343598109999584e+04 5.796563784908573325e+03 8.851579112105201830e+01
5.737343599179230660e+04 5.876310249831762121e+03 8.873650373426946203e+01
5.737343600248461735e+04 5.976606892448008693e+03 8.910830064210597357e+01
5.737343601317692082e+04 5.917767192559235809e+03 8.881566415705388806e+01
5.737343602386923158e+04 5.866708143653788284e+03 8.865119983064820985e+01
5.737343603456153505e+04 5.862003967028968873e+03 8.866409981304647658e+01
5.737343604525384580e+04 5.522037632070098880e+03 8.747821546506359880e+01
5.737343605594614928e+04 5.405407982915278808e+03 8.718775153180799009e+01
5.737343606663846003e+04 5.450245417871887184e+03 8.722991940931849797e+01
5.737343607733077079e+04 5.252375592540010075e+03 8.667877440810111977e+01
5.737343608802307426e+04 5.216919480287608167e+03 8.622717007207690187e+01
5.737343609871538501e+04 5.006018341184291785e+03 8.561711065333277304e+01
5.737343610940768849e+04 4.954237759954742614e+03 8.540313753103599481e+01
5.737343612009999924e+04 5.043282503114423889e+03 8.556732853819832485e+01
