2.457368858005799819e+06 -1.188285928914835677e+04 2.038128188514207011e+02
2.457368858059256803e+06 -1.161017352764423413e+04 2.033978931731683986e+02
2.457368858112713788e+06 -1.201033695698831434e+04 2.034269018489283098e+02
2.457368858166171238e+06 -1.225158999399038657e+04 2.036399154373953024e+02
2.457368858219628222e+06 -1.195408031421703708e+04 2.033895916286179499e+02
2.457368858273085207e+06 -1.218647581129807077e+04 2.040189056305074189e+02
2.457368858326542191e+06 -1.205066890238667474e+04 2.034033755804880172e+02
2.457368858379999641e+06 -1.195765721583104460e+04 2.034996078106360926e+02
2.457368858433456626e+06 -1.229355250901442923e+04 2.036402991392984916e+02
2.457368858486913610e+06 -1.227303793569711706e+04 2.035672804858801896e+02
2.457368858540370595e+06 -1.226322352549793868e+04 2.036791848329715435e+02
2.457368858593828045e+06 -1.232044572029530536e+04 2.035687475990909832e+02
2.457368858647285029e+06 -1.242589415564903902e+04 2.040703111465715551e+02
2.457368858700742014e+06 -1.208387891698146268e+04 2.037334351249954807e+02
