5.733356152460000158e+04 4.746858240233116703e+03 6.245053979623260432e+01
5.733356688875253167e+04 5.225105901110715422e+03 6.482569094539418586e+01
5.733357225290506904e+04 6.121209145306307619e+03 6.903820090129555354e+01
5.733357761705759913e+04 8.082235396877743369e+03 7.733599571424188923e+01
5.733358298121013650e+04 1.178435712027494446e+04 9.110194657977670829e+01
5.733358834536266659e+04 1.730583843225020973e+04 1.084659382119949953e+02
5.733359370951519668e+04 2.351844974047136566e+04 1.250882850455373188e+02
5.733359907366773405e+04 2.761458618292647225e+04 1.349414232860654295e+02
5.733360443782026414e+04 3.127843428956274147e+04 1.431838596408306046e+02
5.733360980197280151e+04 3.254699568697045106e+04 1.459009593751976865e+02
5.733361516612533160e+04 3.323009359651383420e+04 1.474024535510553164e+02
5.733362053027786169e+04 3.266662916126157143e+04 1.462141502859058448e+02
5.733362589443039906e+04 3.301049272081216623e+04 1.469601126718271757e+02
5.733363125858292915e+04 3.387242877949754620e+04 1.487843622849246685e+02
5.733363662273546652e+04 3.507859118255232170e+04 1.512816203931739665e+02
5.733364198688799661e+04 3.625102715021599579e+04 1.537044789912431213e+02
5.733364735104052670e+04 3.727707386467602191e+04 1.557510687086040093e+02
5.733365271519306407e+04 3.669191296515246358e+04 1.545791818846207661e+02
5.733365807934559416e+04 3.480908917858161294e+04 1.507285228846121754e+02
5.733366344349812425e+04 3.255732557783209995e+04 1.459699699076097659e+02
5.733366880765066162e+04 3.108023181980415393e+04 1.427410505174002822e+02
5.733367417180319171e+04 3.056617514495037904e+04 1.416704306031889473e+02
5.733367953595572908e+04 3.102708789086408069e+04 1.426802269523498126e+02
5.733368490010825917e+04 3.084146506075411889e+04 1.422867458072732632e+02
5.733369026426078926e+04 2.974855594691125225e+04 1.398416078562186726e+02
5.733369562841332663e+04 2.868349215613445267e+04 1.374630452645703542e+02
5.733370099256585672e+04 2.852217355972183213e+04 1.370953464074289627e+02
5.733370635671839409e+04 2.949400657908797439e+04 1.392657192873261351e+02
5.733371172087092418e+04 3.086490218765594545e+04 1.423293135563825160e+02
5.733371708502345427e+04 3.237115149100645795e+04 1.455942524319474387e+02
5.733372244917599164e+04 3.451646098298698780e+04 1.501350039351384282e+02
5.733372781332852173e+04 3.677590361596157891e+04 1.547780627241294837e+02
5.733373317748105910e+04 3.756362007780797285e+04 1.563385389659358111e+02
5.733373854163358919e+04 3.588911774771447381e+04 1.529566321365943224e+02
5.733374390578611929e+04 3.180458484733405930e+04 1.444141001337548005e+02
5.733374926993865665e+04 2.827287695590337171e+04 1.364975959015073670e+02
5.733375463409118674e+04 2.558119224028123426e+04 1.302429973055310484e+02
5.733375999824372411e+04 2.450522898891314981e+04 1.276111886637018245e+02
5.733376536239625420e+04 2.449755249002141500e+04 1.275840615268190277e+02
5.733377072654878430e+04 2.531048748034785604e+04 1.295365047925484419e+02
5.733377609070132166e+04 2.648935899074163535e+04 1.323651688531140849e+02
5.733378145485385176e+04 2.816346943320986975e+04 1.362734553065983221e+02
5.733378681900638912e+04 2.966039578386241192e+04 1.396311148606739039e+02
5.733379218315891922e+04 3.071898341908506700e+04 1.420157569707277787e+02
5.733379754731144931e+04 3.221004405898899495e+04 1.452782263177107893e+02
5.733380291146398667e+04 3.437566786617886828e+04 1.498386540086752063e+02
5.733380827561651677e+04 3.529015053311021620e+04 1.517023848610930088e+02
5.733381363976905413e+04 3.395637881908075360e+04 1.489757045253055878e+02
5.733381900392158423e+04 3.209658802918459332e+04 1.449975825204023181e+02
5.733382436807411432e+04 3.102860915132465743e+04 1.426419066981686399e+02
5.733382973222665169e+04 3.140904179647406272e+04 1.434735590580919222e+02
5.733383509637918178e+04 3.147540599811463835e+04 1.436591395060877687e+02
5.733384046053171915e+04 3.159691104078600620e+04 1.439007196415616647e+02
5.733384582468424924e+04 3.131807227827159295e+04 1.433141508925400558e+02
5.733385118883677933e+04 3.104270036406270810e+04 1.427135088777754675e+02
5.733385655298931670e+04 3.041647917647535360e+04 1.413104114500661126e+02
5.733386191714184679e+04 2.966493851805194936e+04 1.396425215149064343e+02
5.733386728129437688e+04 2.994003518430049371e+04 1.402581753780054612e+02
5.733387264544691425e+04 3.074248400229438266e+04 1.420502897528098174e+02
5.733387800959944434e+04 3.110220470779935931e+04 1.428252547537988733e+02
5.733388337375198171e+04 3.256933355680943714e+04 1.460228883554025288e+02
5.733388873790451180e+04 3.468971009470274294e+04 1.504781138679583989e+02
5.733389410205704189e+04 3.633457136789836659e+04 1.538631216253777154e+02
5.733389946620957926e+04 3.551506783854639798e+04 1.521688944646697905e+02
5.733390483036210935e+04 3.246923066199108507e+04 1.457942754417404956e+02
5.733391019451464672e+04 2.987038312277013756e+04 1.401509351544218873e+02
5.733391555866717681e+04 2.937302715621897005e+04 1.390320579113891313e+02
5.733392092281970690e+04 3.092970969447892639e+04 1.424680919082746868e+02
5.733392628697224427e+04 3.465425413192332053e+04 1.503999621156681314e+02
5.733393165112477436e+04 3.587994309192424407e+04 1.529094819267955359e+02
5.733393701527731173e+04 3.508810330073401565e+04 1.513160956975470128e+02
5.733394237942984182e+04 3.327400735016690305e+04 1.475240326382757985e+02
5.733394774358237191e+04 3.123000303980033277e+04 1.431300865499571273e+02
5.733395310773490928e+04 3.011524688276813322e+04 1.406554812562520453e+02
5.733395847188743937e+04 3.118614242533775541e+04 1.430183423077008342e+02
5.733396383603997674e+04 3.389291134786893963e+04 1.488388771027813675e+02
5.733396920019250683e+04 3.511254402402081905e+04 1.513704386701517137e+02
5.733397456434503692e+04 3.373949378036963026e+04 1.484470766870068985e+02
5.733397992849757429e+04 3.186314291958964532e+04 1.444920697201496864e+02
5.733398529265010438e+04 3.031232785902912656e+04 1.410805813676739717e+02
5.733399065680264175e+04 2.975668661474442342e+04 1.398226767582628156e+02
5.733399602095517184e+04 3.006829690297089110e+04 1.405371327675048860e+02
5.733400138510770194e+04 3.045788089483877047e+04 1.414376794869583875e+02
5.733400674926023930e+04 3.019102987236869012e+04 1.408354201202529623e+02
5.733401211341276939e+04 2.943911505497434337e+04 1.391359889471452789e+02
5.733401747756530676e+04 2.893791963934476371e+04 1.379895447451306154e+02
5.733402284171783685e+04 2.827321125643454798e+04 1.364712492177173999e+02
5.733402820587036695e+04 2.900355458876858029e+04 1.381507165843535176e+02
5.733403357002290431e+04 3.087786951966465858e+04 1.423410172965583342e+02
5.733403893417543441e+04 3.307274356692798028e+04 1.470927106528605748e+02
5.733404429832796450e+04 3.489739017843173497e+04 1.509300768186917878e+02
5.733404966248050187e+04 3.640944336779192236e+04 1.539997891779457007e+02
5.733405502663303196e+04 3.761613006103957741e+04 1.564473646078111244e+02
5.733406039078556933e+04 3.792072502870397147e+04 1.570561273566692648e+02
5.733406575493809942e+04 3.671165444369637407e+04 1.545506362128523676e+02
5.733407111909062951e+04 3.520974123256326857e+04 1.515571598191307885e+02
5.733407648324316688e+04 3.327966485113170347e+04 1.475076966821065128e+02
5.733408184739569697e+04 3.227809567986461479e+04 1.453652323291583457e+02
5.733408721154823434e+04 3.067113531995359153e+04 1.418683931509628735e+02
5.733409257570076443e+04 2.891474794794911941e+04 1.379419127792525330e+02
5.733409793985329452e+04 2.667722511804765600e+04 1.327942774695202957e+02
5.733410330400583189e+04 2.315567573787569563e+04 1.242162110839390863e+02
5.733410866815836198e+04 1.798136092191629359e+04 1.104200844138632363e+02
5.733411403231089935e+04 1.243732318135226342e+04 9.342545103608392765e+01
5.733411939646342944e+04 8.795090619987977334e+03 8.022166856321612727e+01
