2.457368005253400188e+06 1.785825692768895169e+04 1.693347563013741137e+02
2.457368005282405764e+06 1.745012457303779593e+04 1.689552987111568143e+02
2.457368005311411340e+06 1.701205383085029098e+04 1.687071270347796883e+02
2.457368005340416916e+06 1.747854377997819392e+04 1.692354194182790934e+02
2.457368005369422492e+06 1.708116283975290571e+04 1.679127033622871181e+02
2.457368005398428068e+06 1.789605251453488381e+04 1.683060281130026112e+02
2.457368005427433643e+06 1.836122637263806610e+04 1.689198891557056754e+02
2.457368005456439219e+06 1.914079613008721572e+04 1.697464412422772853e+02
2.457368005485444795e+06 1.866561814680233147e+04 1.689413718588035636e+02
2.457368005514450371e+06 1.801956152797964023e+04 1.680537081456374722e+02
2.457368005543455947e+06 1.803177121820493267e+04 1.678212381326188734e+02
2.457368005572461523e+06 1.836632991642444540e+04 1.684008190081624150e+02
2.457368005601467565e+06 1.818212242369184969e+04 1.677985859401905202e+02
2.457368005630473141e+06 1.831049523800870884e+04 1.678931056108165478e+02
2.457368005659478717e+06 1.860347397256543627e+04 1.682636782426012871e+02
2.457368005688484292e+06 1.922102303143167228e+04 1.690342829533339000e+02
2.457368005717489868e+06 1.943387330668604045e+04 1.696640130928847725e+02
2.457368005746495444e+06 2.007247269258723827e+04 1.708588831980437135e+02
2.457368005775501020e+06 2.028954909429504551e+04 1.714212478947528382e+02
2.457368005804506596e+06 2.006291650436045165e+04 1.706224729205857500e+02
2.457368005833512172e+06 1.891487606831394078e+04 1.684950545310584573e+02
2.457368005862517748e+06 1.816367326580667577e+04 1.670577920983630804e+02
2.457368005891523324e+06 1.801758848837215919e+04 1.668115278151494465e+02
2.457368005920528900e+06 1.812103274164242976e+04 1.667555829911886178e+02
2.457368005949534476e+06 1.888201224836481197e+04 1.682761891158883998e+02
