2.457368005253400188e+06 1.286726892628447094e+05 3.009988085386719945e+02
2.457368005280174781e+06 1.213546871917773824e+05 2.937413437069022848e+02
2.457368005306948908e+06 1.065895888750503073e+05 2.779008115348148067e+02
2.457368005333723500e+06 9.686332038012030534e+04 2.669905453997378686e+02
2.457368005360497627e+06 9.579263453288549499e+04 2.658557937564736449e+02
2.457368005387272220e+06 1.061691646380585007e+05 2.774681382786466202e+02
2.457368005414046347e+06 1.068772851593951636e+05 2.788457317666753283e+02
2.457368005440820940e+06 1.123415659093196737e+05 2.839561788837519885e+02
2.457368005467595533e+06 1.109535017769978149e+05 2.825500357404727083e+02
2.457368005494369660e+06 1.083046104506340926e+05 2.797048768618231520e+02
2.457368005521144252e+06 1.097972383472976217e+05 2.814931870741922353e+02
2.457368005547918379e+06 1.012057148626206908e+05 2.721536005889081480e+02
2.457368005574692972e+06 9.910845900796359638e+04 2.697116121992877993e+02
2.457368005601467565e+06 1.063381957433825737e+05 2.779054274418700174e+02
2.457368005628241692e+06 1.022639481509789039e+05 2.733512092508454430e+02
2.457368005655016284e+06 1.035667170767913922e+05 2.748437132351617720e+02
2.457368005681790411e+06 1.170547774003622326e+05 2.893078929833792472e+02
2.457368005708565004e+06 1.327156822570704098e+05 3.052305044316310614e+02
2.457368005735339131e+06 1.267240411194143962e+05 2.992020060488516719e+02
2.457368005762113724e+06 1.314225119860858540e+05 3.039670474738493908e+02
2.457368005788888317e+06 1.245912179448469251e+05 2.971805420113947775e+02
2.457368005815662444e+06 1.196726718938706617e+05 2.920966330202974746e+02
2.457368005842437036e+06 1.041041592944846343e+05 2.753692125041519034e+02
2.457368005869211163e+06 9.264651586402973044e+04 2.623603314414162355e+02
2.457368005895985756e+06 8.741896254151599715e+04 2.562446440799446350e+02
2.457368005922759883e+06 9.216548119212957681e+04 2.617349116343721107e+02
2.457368005949534476e+06 1.000409978330061567e+05 2.706545199368174508e+02
