2.457369916854599956e+06 2.063261274857950411e+02 8.993032615783501171e+01
2.457369916860983707e+06 7.200561967329549589e+02 9.124614716786300050e+01
2.457369916867367458e+06 1.528557484019886033e+03 9.378718013911282014e+01
2.457369916873751208e+06 2.709874378551136033e+03 9.801894813193703726e+01
2.457369916880134959e+06 3.334526234019886033e+03 9.975977108067164068e+01
2.457369916886518709e+06 3.372083007812501819e+03 1.000436143838319225e+02
2.457369916892902926e+06 3.471891557173294132e+03 1.003862329261394279e+02
2.457369916899286676e+06 3.801938920454544132e+03 1.013538423764622252e+02
2.457369916905670427e+06 4.133462402343749091e+03 1.022198632356361969e+02
2.457369916912054177e+06 4.350710271661930165e+03 1.033150274726089322e+02
2.457369916918437928e+06 4.161876154119318016e+03 1.025486700998035872e+02
2.457369916924821679e+06 3.548996360085232482e+03 1.003177329488923704e+02
2.457369916931205429e+06 3.341130193536930165e+03 1.000740814849883407e+02
2.457369916937589180e+06 3.453580921519885123e+03 1.000658913257684333e+02
2.457369916943972930e+06 3.451894531250000000e+03 1.004157248416390331e+02
2.457369916950356681e+06 3.470047052556818016e+03 1.002354298889808746e+02
2.457369916956740431e+06 3.847545632102270247e+03 1.012757971107928228e+02
2.457369916963124648e+06 4.510088112571022066e+03 1.033789206516411525e+02
2.457369916969508398e+06 4.882835582386362148e+03 1.048587358045501929e+02
2.457369916975892149e+06 4.514088911576705868e+03 1.033550691495646277e+02
2.457369916982275899e+06 4.075665127840908099e+03 1.022814826961701868e+02
2.457369916988659650e+06 4.348026988636362148e+03 1.030327834621429304e+02
2.457369916995043401e+06 4.220659224076704049e+03 1.026776682717901821e+02
2.457369917001427151e+06 3.800749866832396947e+03 1.014188047967075619e+02
2.457369917007810902e+06 3.465562100497150823e+03 1.004621874388192708e+02
2.457369917014194652e+06 3.565770596590918103e+03 1.008929720935199867e+02
2.457369917020578403e+06 3.772826793323852144e+03 1.016698673358592799e+02
2.457369917026962154e+06 3.721891601562509095e+03 1.012317802636600135e+02
2.457369917033346370e+06 3.839467862215897185e+03 1.013236151893550669e+02
2.457369917039730120e+06 3.861754261363646947e+03 1.016344141568899175e+02
2.457369917046113871e+06 3.794819868607944954e+03 1.010856346282363205e+02
2.457369917052497622e+06 3.741981756036941078e+03 1.011408087664621007e+02
2.457369917058881372e+06 3.972784623579554136e+03 1.015704884365989358e+02
2.457369917065265123e+06 4.425570578835213382e+03 1.032657896385429268e+02
2.457369917071648873e+06 4.941401100852282980e+03 1.046953257121374605e+02
2.457369917078032624e+06 4.826053488991465201e+03 1.043149196129355687e+02
2.457369917084416375e+06 4.313763538707396947e+03 1.034341314699545791e+02
2.457369917090800125e+06 3.741604048295444954e+03 1.014155525762895422e+02
2.457369917097183876e+06 3.670864524147735210e+03 1.010640398142915757e+02
2.457369917103568092e+06 4.090406249999987267e+03 1.023547883349391441e+02
2.457369917109951843e+06 4.292016157670463144e+03 1.031854309934754355e+02
2.457369917116335593e+06 4.324171519886352144e+03 1.030417292938633409e+02
2.457369917122719344e+06 4.221531383167623062e+03 1.026604411200063680e+02
2.457369917129103094e+06 4.104996803977262061e+03 1.026101874196915702e+02
2.457369917135486845e+06 3.942266956676146037e+03 1.020088500709002375e+02
2.457369917141870596e+06 4.023677823153396275e+03 1.021834727502648832e+02
2.457369917148254346e+06 4.035823996803967020e+03 1.016872654089201404e+02
2.457369917154638097e+06 3.769658203125029104e+03 1.007201145509449560e+02
2.457369917161021847e+06 3.885443980823851234e+03 1.017042697159703408e+02
2.457369917167405598e+06 4.359566850142031399e+03 1.024675031280947053e+02
2.457369917173789814e+06 4.280195401278440841e+03 1.025985315567633336e+02
2.457369917180173565e+06 4.170988547585215201e+03 1.022137634590686019e+02
2.457369917186557315e+06 3.580316139914763880e+03 1.008396611966469294e+02
2.457369917192941066e+06 3.707063964843739086e+03 1.012174682538921928e+02
2.457369917199324816e+06 3.869222745028439022e+03 1.018133615489544752e+02
2.457369917205708567e+06 3.903525834517035037e+03 1.011730153692466843e+02
2.457369917212092318e+06 3.876822709517035037e+03 1.016520566835077659e+02
2.457369917218476068e+06 3.844642178622149004e+03 1.009834562088384189e+02
2.457369917224859819e+06 3.594265358664799351e+03 1.001064194313248663e+02
2.457369917231243569e+06 3.592745694247149004e+03 1.005278967247909350e+02
2.457369917237627786e+06 4.314712136008505695e+03 1.029264944847461010e+02
2.457369917244011536e+06 4.578439985795443135e+03 1.035146060000168688e+02
2.457369917250395287e+06 4.581528098366511585e+03 1.037499591035369946e+02
2.457369917256779037e+06 4.132259321732944954e+03 1.020464399132479514e+02
2.457369917263162788e+06 4.179718084161917432e+03 1.019327277936747862e+02
2.457369917269546539e+06 4.053876731179010676e+03 1.019187315831713079e+02
2.457369917275930289e+06 3.043210182883514790e+03 9.852740572380126594e+01
2.457369917282314040e+06 3.089772372159079168e+03 9.878970456881988582e+01
2.457369917288697790e+06 4.031416060014184040e+03 1.021316892581935605e+02
2.457369917295081541e+06 4.694339488636398528e+03 1.035541558745449180e+02
2.457369917301465292e+06 4.526886008522716111e+03 1.030735594457324993e+02
2.457369917307849508e+06 4.240229936079535037e+03 1.027746523155013278e+02
2.457369917314233258e+06 4.272057927911915613e+03 1.028733736425126892e+02
2.457369917320617009e+06 4.420320712002874643e+03 1.028652673213720163e+02
2.457369917327000760e+06 4.345979580965896275e+03 1.026223341289514366e+02
2.457369917333384510e+06 4.502417613636349415e+03 1.033353695170042243e+02
2.457369917339768261e+06 4.523934570312487267e+03 1.030334462369270057e+02
2.457369917346152011e+06 4.070476162997196298e+03 1.027112288477201787e+02
2.457369917352535762e+06 4.077714888139192226e+03 1.023148411450483621e+02
2.457369917358919512e+06 4.260576748934648094e+03 1.031089548568147620e+02
2.457369917365303263e+06 4.050002441406282742e+03 1.018125297980928252e+02
2.457369917371687014e+06 3.602729802911921070e+03 1.003563941281441458e+02
2.457369917378071230e+06 3.265050648082375119e+03 9.951254546310381954e+01
2.457369917384454980e+06 3.752316983309645366e+03 1.009163823002006382e+02
2.457369917390838731e+06 4.299591841264234063e+03 1.024437710317250350e+02
2.457369917397222482e+06 4.333213822798285037e+03 1.025190963466744876e+02
2.457369917403606232e+06 4.152704367897715201e+03 1.019855371053716482e+02
2.457369917409989983e+06 4.134791237571012061e+03 1.020617881273441725e+02
2.457369917416373733e+06 4.099450328480143980e+03 1.021443946507226883e+02
2.457369917422757484e+06 4.241205078124988177e+03 1.020248270549026586e+02
2.457369917429141235e+06 4.663023881392029580e+03 1.035028043503574082e+02
2.457369917435524985e+06 4.502663796164761152e+03 1.034949742445903240e+02
2.457369917441908736e+06 4.350722567471624643e+03 1.027270918587688726e+02
2.457369917448292952e+06 4.476633744673236833e+03 1.030693169629078199e+02
2.457369917454676703e+06 4.428315074573895799e+03 1.032067500836431293e+02
2.457369917461060453e+06 4.300927734375034561e+03 1.027312296322921696e+02
2.457369917467444204e+06 3.475308416193136509e+03 1.004980378124757863e+02
2.457369917473827954e+06 3.563702059659118277e+03 1.001852255269726726e+02
2.457369917480211705e+06 3.701017533735823235e+03 1.011021896171562702e+02
2.457369917486595456e+06 3.894574618252788241e+03 1.011113938328452377e+02
2.457369917492979206e+06 4.052586558948893071e+03 1.019473087814933052e+02
2.457369917499362957e+06 4.105494318181849849e+03 1.018313578700060447e+02
2.457369917505746707e+06 3.766559392755631961e+03 1.007939645092171332e+02
2.457369917512130458e+06 3.847012739701733153e+03 1.009373385117651196e+02
2.457369917518514674e+06 4.199273259943125595e+03 1.019628466887566134e+02
2.457369917524898425e+06 4.071598188920488610e+03 1.016922492173749077e+02
2.457369917531282175e+06 3.949973588423325054e+03 1.016569724058096540e+02
2.457369917537665926e+06 3.414414018110760480e+03 9.974048436054341948e+01
2.457369917544049677e+06 2.510962357954569597e+03 9.732453469500039489e+01
2.457369917550433427e+06 1.602179865056835297e+03 9.423948727856442531e+01
