5.730822993010000209e+04 5.749978154052912578e+04 2.121562813385567665e+02
5.730822993199373741e+04 5.771968701207275444e+04 2.100009061440441087e+02
5.730822993388746545e+04 5.972410245613305597e+04 2.122922290492462025e+02
5.730822993578120077e+04 6.238115245012185187e+04 2.177893261900604784e+02
5.730822993767493608e+04 6.487833960184825992e+04 2.235802346127121325e+02
5.730822993956866412e+04 6.863325280072225723e+04 2.301613515398508412e+02
5.730822994146239944e+04 7.389200105042017822e+04 2.356768548909432184e+02
5.730822994335613475e+04 7.687063545883694314e+04 2.380320025526950758e+02
5.730822994524986279e+04 7.749203322127179126e+04 2.375727200429766128e+02
5.730822994714359811e+04 7.262078919658555242e+04 2.299884558744410015e+02
5.730822994903733343e+04 6.733968149590560643e+04 2.226179719847012564e+02
5.730822995093106147e+04 6.587265510990397888e+04 2.219007107005851367e+02
5.730822995282479678e+04 6.865771397378190886e+04 2.269816447201482958e+02
5.730822995471853210e+04 7.342326735170134634e+04 2.325380139468420566e+02
5.730822995661226014e+04 7.777692772140869056e+04 2.369269868274220130e+02
5.730822995850599546e+04 8.315643512668204494e+04 2.432020344091019410e+02
5.730822996039973077e+04 9.232348841419313976e+04 2.546575638521134124e+02
5.730822996229346609e+04 1.040429909776347195e+05 2.692787650687206451e+02
5.730822996418719413e+04 1.152184721799777617e+05 2.828371103369811408e+02
5.730822996608092944e+04 1.211379745687457762e+05 2.896733934932694297e+02
5.730822996797466476e+04 1.160295079328587599e+05 2.835138059007795164e+02
5.730822996986839280e+04 1.113362620538204064e+05 2.778975491498985093e+02
5.730822997176212812e+04 1.118553290648145339e+05 2.782837071143296157e+02
5.730822997365586343e+04 1.133886491110956267e+05 2.798015358506009989e+02
5.730822997554959147e+04 1.082102541803967324e+05 2.742230266981881073e+02
5.730822997744332679e+04 1.028834791547189234e+05 2.686086429875703629e+02
5.730822997933706210e+04 1.038218594582301303e+05 2.695972518897090708e+02
5.730822998123079014e+04 1.097443638513901096e+05 2.766530027506962597e+02
5.730822998312452546e+04 1.118782799839692889e+05 2.797587493566822445e+02
5.730822998501826078e+04 1.124533625607771537e+05 2.802483064052988198e+02
5.730822998691198882e+04 1.118711532496209693e+05 2.779564663948186762e+02
5.730822998880572413e+04 1.083233161975173716e+05 2.726271009639734189e+02
5.730822999069945945e+04 1.011256167105412896e+05 2.638783625304096745e+02
5.730822999259318749e+04 9.723374194666169933e+04 2.597434044261767099e+02
5.730822999448692281e+04 9.990009026090247789e+04 2.632773959275370999e+02
5.730822999638065812e+04 1.038282967065617268e+05 2.677798658971324812e+02
5.730822999827438616e+04 1.080974743880229507e+05 2.729472717799975499e+02
5.730823000016812148e+04 1.137516529934864957e+05 2.797060318936274257e+02
5.730823000206185679e+04 1.178220147556755255e+05 2.842829239854798971e+02
5.730823000395558483e+04 1.195886703504407924e+05 2.865308601269177871e+02
5.730823000584932015e+04 1.127070662038025766e+05 2.794816374373601775e+02
5.730823000774305547e+04 1.048626851337827393e+05 2.712834447902546913e+02
5.730823000963678351e+04 1.001607699116519070e+05 2.663065713708750195e+02
5.730823001153051882e+04 9.934223185603810998e+04 2.658743568809742897e+02
5.730823001342425414e+04 9.596965212831391545e+04 2.623396731252463496e+02
5.730823001531798946e+04 8.560196539365616627e+04 2.497213091077724982e+02
5.730823001721171750e+04 7.726464824433674221e+04 2.384864462197828061e+02
5.730823001910545281e+04 7.211974298559379531e+04 2.304483979099516944e+02
5.730823002099918813e+04 6.954980882936622947e+04 2.271603482323054664e+02
5.730823002289291617e+04 6.921269472150139336e+04 2.277064941285551924e+02
5.730823002478665148e+04 6.840431888431125844e+04 2.277885780301380407e+02
5.730823002668038680e+04 6.708465738037323172e+04 2.263990282882004976e+02
5.730823002857411484e+04 6.893995181737309031e+04 2.284137959152955091e+02
5.730823003046785016e+04 7.242005491678460385e+04 2.319436362208750495e+02
5.730823003236158547e+04 7.480699778990037157e+04 2.343321388860348407e+02
5.730823003425531351e+04 7.750709370335945277e+04 2.374866251314489602e+02
5.730823003614904883e+04 7.869022121734265238e+04 2.388943563839073931e+02
5.730823003804278414e+04 8.035750152474758215e+04 2.410896765690286259e+02
5.730823003993651218e+04 8.484715215854642156e+04 2.470029995543174834e+02
5.730823004183024750e+04 9.309213885835125984e+04 2.575650045937562140e+02
5.730823004372398282e+04 9.220472069121812820e+04 2.559897386066580225e+02
5.730823004561771086e+04 8.562846878011801164e+04 2.473731917600508723e+02
5.730823004751144617e+04 7.949883958425726451e+04 2.397685855350262614e+02
5.730823004940518149e+04 7.236183034490150749e+04 2.308081899654603717e+02
5.730823005129890953e+04 6.801228651318814082e+04 2.263219169024032453e+02
5.730823005319264485e+04 6.665687739410283393e+04 2.260212778797569513e+02
5.730823005508638016e+04 6.546095553710182139e+04 2.258905837653529147e+02
5.730823005698010820e+04 6.303287038160278462e+04 2.214791410326259609e+02
5.730823005887384352e+04 6.318426698594351183e+04 2.194035520804379757e+02
5.730823006076757883e+04 6.565805855160453939e+04 2.212835857418210423e+02
5.730823006266130687e+04 6.699978833668155130e+04 2.227524906840406800e+02
5.730823006455504219e+04 6.857530132110667182e+04 2.257149771123239077e+02
5.730823006644877751e+04 7.363090289845193911e+04 2.329347415147369418e+02
5.730823006834251282e+04 7.576418157202051952e+04 2.362865988888559627e+02
5.730823007023624086e+04 7.372954606703472382e+04 2.342873841007313160e+02
5.730823007212997618e+04 7.246587230226864631e+04 2.332375758899986806e+02
5.730823007402371150e+04 6.834799344256182667e+04 2.273411391923655742e+02
5.730823007591743954e+04 6.603025316784810275e+04 2.238116506190083612e+02
5.730823007781117485e+04 6.881661550656179315e+04 2.281707275963969721e+02
5.730823007970491017e+04 7.231072033975480008e+04 2.333555537739626118e+02
5.730823008159863821e+04 7.327314595546733472e+04 2.344462726197120332e+02
5.730823008349237352e+04 7.038191881905800255e+04 2.294231159568992382e+02
5.730823008538610884e+04 6.927832183803194494e+04 2.278015631773034784e+02
5.730823008727983688e+04 6.767279087680850353e+04 2.262225981161636525e+02
5.730823008917357220e+04 6.458201023427466862e+04 2.223654430898182000e+02
5.730823009106730751e+04 6.205281871058513934e+04 2.176959501128292800e+02
5.730823009296103555e+04 5.936226747591544699e+04 2.123933104579211602e+02
5.730823009485477087e+04 5.961328977483462222e+04 2.122501787543347689e+02
5.730823009674850618e+04 5.966444052005928097e+04 2.123484139096928800e+02
5.730823009864223422e+04 5.979471412688972487e+04 2.128904980322785718e+02
5.730823010053596954e+04 5.988381003902931116e+04 2.132143691480471830e+02
5.730823010242970486e+04 6.150959176583947556e+04 2.160948843681899803e+02
5.730823010432343290e+04 6.458799854163573036e+04 2.200110086158999820e+02
5.730823010621716821e+04 6.827774156356557796e+04 2.241624915035637855e+02
5.730823010811090353e+04 7.044791003019499476e+04 2.273344880936696200e+02
5.730823011000463157e+04 6.885115522776126454e+04 2.259318565376495656e+02
5.730823011189836689e+04 6.697076362709140813e+04 2.242187877046758047e+02
5.730823011379210220e+04 6.671196171046087693e+04 2.231635646563312889e+02
5.730823011568583024e+04 6.663245825478946790e+04 2.223966990574338922e+02
5.730823011757956556e+04 6.934147037155173894e+04 2.273228817505306552e+02
5.730823011947330087e+04 7.452949007874689414e+04 2.365988419856209077e+02
5.730823012136703619e+04 7.685433694737986661e+04 2.404599604486147371e+02
5.730823012326076423e+04 7.422458983786166937e+04 2.357447317248442289e+02
5.730823012515449955e+04 6.873522983648425725e+04 2.272045379515860759e+02
5.730823012704823486e+04 6.377361607850308064e+04 2.199632601939318874e+02
5.730823012894196290e+04 6.001247350998070033e+04 2.146589759150096199e+02
5.730823013083569822e+04 5.644706609068224498e+04 2.101564759418617143e+02
5.730823013272943354e+04 5.469066068784486561e+04 2.078559861454938300e+02
5.730823013462316158e+04 5.534376824851721176e+04 2.074421507633892645e+02
5.730823013651689689e+04 5.804950162866376922e+04 2.108399789228658108e+02
5.730823013841063221e+04 6.071577640219865134e+04 2.147404312301407288e+02
5.730823014030436025e+04 6.129923432623221015e+04 2.160632281919398849e+02
5.730823014219809556e+04 5.963871554950356949e+04 2.150113143840675889e+02
5.730823014409183088e+04 5.712322757222525252e+04 2.131279863773414434e+02
5.730823014598555892e+04 5.595463788428725820e+04 2.124834316432946082e+02
5.730823014787929424e+04 5.638677002910269221e+04 2.118405199800709795e+02
5.730823014977302955e+04 5.584607873883497814e+04 2.093383200190211255e+02
5.730823015166675759e+04 5.713230598407560319e+04 2.099769850219186651e+02
5.730823015356049291e+04 5.781564667026439565e+04 2.111722087673624628e+02
5.730823015545422822e+04 5.830508951163695019e+04 2.122516344322847885e+02
5.730823015734795626e+04 6.067838613183584675e+04 2.152452880529595518e+02
5.730823015924169158e+04 6.537197186511878681e+04 2.221052622728609549e+02
5.730823016113542690e+04 6.994459529247337196e+04 2.288495395647391035e+02
5.730823016302915494e+04 7.306549691108734987e+04 2.335847241246263764e+02
5.730823016492289025e+04 7.474501308705638803e+04 2.363922634113966126e+02
5.730823016681662557e+04 7.330454032526853553e+04 2.335967413618807598e+02
5.730823016871035361e+04 7.074208303224903648e+04 2.290411051546134900e+02
5.730823017060408893e+04 6.665192796727939276e+04 2.233665309172987463e+02
5.730823017249782424e+04 6.071338067469437374e+04 2.151531917472835005e+02
5.730823017439155956e+04 5.584175446374487365e+04 2.083904215427800750e+02
5.730823017628528760e+04 5.208698761969846964e+04 2.028212720457241858e+02
5.730823017817902291e+04 5.071950523352273012e+04 2.003022629431698931e+02
5.730823018007275823e+04 4.985077699355482764e+04 1.992062279849073434e+02
5.730823018196648627e+04 4.919569765036441822e+04 1.985521535782740443e+02
5.730823018386022159e+04 5.064588930160489690e+04 1.998787258475167903e+02
5.730823018575395690e+04 5.243167350943927886e+04 2.025653967451063693e+02
5.730823018764768494e+04 5.476750968937353900e+04 2.072169084655164397e+02
5.730823018954142026e+04 6.120379656225588406e+04 2.172478342152620030e+02
5.730823019143515558e+04 7.210510585763689596e+04 2.328476928104727506e+02
5.730823019332888362e+04 8.210268227331608068e+04 2.452785424912324288e+02
5.730823019522261893e+04 8.964721541424456518e+04 2.538158418639540344e+02
5.730823019711635425e+04 9.171443912419685512e+04 2.560148348631390149e+02
5.730823019901008229e+04 8.958717027618354768e+04 2.524148570448746796e+02
5.730823020090381760e+04 8.940768019434958114e+04 2.509480668133945755e+02
5.730823020279755292e+04 8.986477745174030133e+04 2.504900542203512828e+02
5.730823020469128096e+04 9.161459800535964314e+04 2.530731280870980413e+02
5.730823020658501628e+04 8.816053962813234830e+04 2.505307917166463199e+02
5.730823020847875159e+04 8.539311641348582634e+04 2.474305396328225299e+02
5.730823021037247963e+04 8.728674625982936413e+04 2.496122817357610586e+02
5.730823021226621495e+04 8.996905582062731264e+04 2.526779283077900971e+02
5.730823021415995026e+04 9.656715183152587269e+04 2.605450032813792518e+02
5.730823021605367830e+04 1.030602896164025442e+05 2.688390399462491587e+02
5.730823021794741362e+04 1.075402009116510744e+05 2.749343852243081869e+02
5.730823021984114894e+04 1.098141132491892786e+05 2.781043988202230253e+02
5.730823022173487698e+04 1.083855617264196335e+05 2.756692098500088264e+02
5.730823022362861229e+04 1.019605295144297124e+05 2.667662370768695155e+02
5.730823022552234761e+04 9.418177577046287479e+04 2.571565297214182237e+02
5.730823022741608293e+04 8.608098739955683413e+04 2.479267419565266550e+02
5.730823022930981097e+04 7.972403971531297429e+04 2.401929015982094029e+02
5.730823023120354628e+04 7.532056430416196235e+04 2.355414847920440877e+02
5.730823023309728160e+04 7.518576469231641386e+04 2.371037858521643216e+02
5.730823023499100964e+04 7.508310538712290872e+04 2.374919488217234687e+02
5.730823023688474495e+04 7.277160466380117578e+04 2.341248165823316185e+02
5.730823023877848027e+04 7.106917104441448464e+04 2.314930613105133830e+02
5.730823024067220831e+04 7.099579561388422735e+04 2.300893294055651381e+02
5.730823024256594363e+04 6.798586567010842555e+04 2.251193163669710202e+02
5.730823024445967894e+04 6.365314624896082387e+04 2.197658978139243686e+02
5.730823024635340698e+04 6.076108041300492187e+04 2.174934846269317461e+02
5.730823024824714230e+04 6.089087861762390821e+04 2.187939862911433124e+02
5.730823025014087762e+04 6.253407243127452966e+04 2.198188132616554356e+02
5.730823025203460566e+04 6.296128177888791834e+04 2.185925590065192807e+02
5.730823025392834097e+04 6.129232520702847251e+04 2.155776783479964820e+02
5.730823025582207629e+04 5.944358657799226785e+04 2.135496022593812313e+02
5.730823025771580433e+04 5.718742869671009248e+04 2.116136595291603726e+02
5.730823025960953964e+04 5.444646957904491865e+04 2.081211577325529731e+02
5.730823026150327496e+04 5.365309168148350727e+04 2.057208325352252700e+02
5.730823026339700300e+04 5.384500498020746454e+04 2.042942518786073549e+02
5.730823026529073832e+04 5.454739642861994071e+04 2.045267734935222563e+02
5.730823026718447363e+04 5.495780457835762354e+04 2.060052461044503502e+02
5.730823026907820167e+04 5.495255898620137305e+04 2.071003082659014183e+02
5.730823027097193699e+04 5.342030799138554721e+04 2.063574526315977380e+02
5.730823027286567230e+04 5.156405794458210585e+04 2.048186551548688499e+02
5.730823027475940034e+04 5.012164590378850698e+04 2.032573677675530917e+02
5.730823027665313566e+04 4.972783886941137462e+04 2.027145791266063100e+02
5.730823027854687098e+04 5.068166527897262131e+04 2.010868256093981188e+02
5.730823028044060629e+04 5.151296256116137374e+04 1.992298711845614605e+02
5.730823028233433433e+04 5.179922183553958894e+04 2.001829541710612261e+02
5.730823028422806965e+04 5.214555552281154087e+04 2.032544885870899236e+02
5.730823028612180497e+04 5.381997686985944893e+04 2.080626508417703349e+02
5.730823028801553301e+04 5.645989993033764040e+04 2.129265311718910141e+02
5.730823028990926832e+04 5.943891814968533436e+04 2.160123672296339805e+02
5.730823029180300364e+04 6.152830664504873857e+04 2.160771494290388262e+02
5.730823029369673168e+04 6.123292133878781169e+04 2.135255336145986007e+02
5.730823029559046699e+04 6.149241858031193260e+04 2.140786955566190386e+02
5.730823029748420231e+04 6.187157410674227867e+04 2.159979464196072740e+02
5.730823029937793035e+04 6.434168266221824888e+04 2.218834380584645203e+02
5.730823030127166567e+04 6.792434364865902171e+04 2.281229591859516859e+02
5.730823030316540098e+04 7.166348444685430150e+04 2.327502207761714033e+02
5.730823030505912902e+04 7.354972293789807009e+04 2.346437554838576887e+02
5.730823030695286434e+04 7.140794122766758665e+04 2.315935916921454805e+02
5.730823030884659966e+04 6.910582565992936725e+04 2.284273425346510464e+02
5.730823031074032770e+04 6.769771560766572657e+04 2.263286562780292570e+02
5.730823031263406301e+04 6.869614597401185893e+04 2.276424815966493043e+02
5.730823031452779833e+04 7.065564113515982172e+04 2.304450164279245996e+02
5.730823031642152637e+04 7.118155280683809542e+04 2.294844948986950328e+02
5.730823031831526168e+04 7.107970495165610919e+04 2.284950932781673316e+02
5.730823032020899700e+04 7.617541681485815207e+04 2.354903426384888405e+02
5.730823032210272504e+04 8.292773051659201155e+04 2.434653030861835816e+02
5.730823032399646036e+04 8.494336689342805767e+04 2.456147542633271712e+02
5.730823032589019567e+04 8.752987174415349727e+04 2.497379943527566866e+02
5.730823032778392371e+04 9.047341466809010308e+04 2.539596440101429096e+02
5.730823032967765903e+04 9.086473464187762875e+04 2.540842738087568193e+02
5.730823033157139434e+04 8.633429113368887920e+04 2.474957422823659101e+02
5.730823033346512966e+04 8.417187810793392418e+04 2.448960047198197572e+02
5.730823033535885770e+04 8.531900388474031934e+04 2.476547450557283696e+02
5.730823033725259302e+04 8.681863907957289484e+04 2.505190271988559232e+02
5.730823033914632833e+04 8.558084186594249331e+04 2.488938867317874042e+02
5.730823034104005637e+04 8.239026792279943766e+04 2.441234087381480435e+02
5.730823034293379169e+04 7.970381969768313866e+04 2.399635252621916379e+02
5.730823034482752701e+04 8.204845504464434634e+04 2.425927776008165324e+02
5.730823034672125505e+04 8.678967765473439067e+04 2.487367785897173746e+02
5.730823034861499036e+04 8.746771212849766016e+04 2.504704921781890334e+02
5.730823035050872568e+04 7.966651577026372252e+04 2.417318740044988488e+02
5.730823035240245372e+04 6.757534382906767132e+04 2.269264692028233981e+02
5.730823035429618903e+04 5.903707834109180840e+04 2.158119034102471971e+02
5.730823035618992435e+04 5.604736889648799843e+04 2.108584347456096282e+02
5.730823035808365239e+04 5.517710942393893492e+04 2.084481783477521901e+02
5.730823035997738771e+04 5.573966680774271663e+04 2.076355100371268634e+02
5.730823036187112302e+04 5.622399640419566276e+04 2.081124995748084530e+02
5.730823036376485106e+04 5.775345404767656873e+04 2.104637606802650396e+02
5.730823036565858638e+04 6.106405191215887317e+04 2.153915083141451703e+02
5.730823036755232170e+04 6.468822929363255389e+04 2.209836935160797964e+02
5.730823036944604974e+04 6.875807610970181122e+04 2.264306173623473626e+02
5.730823037133978505e+04 6.786899475232722762e+04 2.238892224778458058e+02
5.730823037323352037e+04 6.533141244196379557e+04 2.204227701873770968e+02
5.730823037512724841e+04 6.366605995701911161e+04 2.194224293279862081e+02
5.730823037702098372e+04 6.209637131792712898e+04 2.179767700534764572e+02
5.730823037891471904e+04 6.089476230315741122e+04 2.161732074259605838e+02
5.730823038080844708e+04 5.674321873354668787e+04 2.099079778141181976e+02
5.730823038270218240e+04 5.038997655774901796e+04 1.982464892286712654e+02
5.730823038459591771e+04 4.546720294495971757e+04 1.871501696714989009e+02
5.730823038648965303e+04 4.189510358442606230e+04 1.771423666955676026e+02
5.730823038838338107e+04 3.907736828997538396e+04 1.680859904647226131e+02
5.730823039027711638e+04 3.659341815949657757e+04 1.608211833165134408e+02
5.730823039217085170e+04 3.449824518748164701e+04 1.551454334855434070e+02
5.730823039406457974e+04 3.308827151782736473e+04 1.515107000172027654e+02
5.730823039595831506e+04 3.190226681755000754e+04 1.486563423294138033e+02
5.730823039785205037e+04 3.060479677889764935e+04 1.456892538443055685e+02
5.730823039974577841e+04 2.982065836581829717e+04 1.438752293877709008e+02
5.730823040163951373e+04 2.935896398236298046e+04 1.427860904018045289e+02
5.730823040353324905e+04 2.917622561547267469e+04 1.422700093055374850e+02
5.730823040542697709e+04 2.880098764565734018e+04 1.414375287516585047e+02
5.730823040732071240e+04 2.857358474979428865e+04 1.408762560539917388e+02
5.730823040921444772e+04 2.851441749200332561e+04 1.407084332706387784e+02
5.730823041110817576e+04 2.830289369258540682e+04 1.402425493168027231e+02
5.730823041300191107e+04 2.801127471830473951e+04 1.395670403089440867e+02
5.730823041489564639e+04 2.795155201316353123e+04 1.394024154748306330e+02
5.730823041678937443e+04 2.780608691392217224e+04 1.390742873822094339e+02
5.730823041868310975e+04 2.779538293708008132e+04 1.390609947104946684e+02
5.730823042057684506e+04 2.787902071891522428e+04 1.392235552695859440e+02
5.730823042247057310e+04 2.766902858585280046e+04 1.387398896678282370e+02
5.730823042436430842e+04 2.755437932162578727e+04 1.384702027605997046e+02
5.730823042625804374e+04 2.753198209790923647e+04 1.384007142772463794e+02
5.730823042815177178e+04 2.764631217336449117e+04 1.386817022636541026e+02
5.730823043004550709e+04 2.770267038832731487e+04 1.387947844074507771e+02
5.730823043193924241e+04 2.768184732896391506e+04 1.387095552569839754e+02
5.730823043383297045e+04 2.772556389451398718e+04 1.388180790406359506e+02
5.730823043572670576e+04 2.768555655560894229e+04 1.387299405201640639e+02
5.730823043762044108e+04 2.758970736153035614e+04 1.385099620959497884e+02
5.730823043951417640e+04 2.756332517980171542e+04 1.384541142115579078e+02
5.730823044140790444e+04 2.759378810133884326e+04 1.385132264307221135e+02
5.730823044330163975e+04 2.748667183640476651e+04 1.382756216299571292e+02
5.730823044519537507e+04 2.759744211625281241e+04 1.385390523341581002e+02
5.730823044708910311e+04 2.756375338325669509e+04 1.384405196256248871e+02
5.730823044898283842e+04 2.746348767107319873e+04 1.382051307447022737e+02
5.730823045087657374e+04 2.738466311667332775e+04 1.380367547137983593e+02
5.730823045277030178e+04 2.724942456083436264e+04 1.377285832350781050e+02
5.730823045466403710e+04 2.746585518639276052e+04 1.382005292951047579e+02
5.730823045655777241e+04 2.742918934359806735e+04 1.381078126838170306e+02
5.730823045845150045e+04 2.753491439857341538e+04 1.383850596804579141e+02
5.730823046034523577e+04 2.750088776745038922e+04 1.382836349625623882e+02
5.730823046223897109e+04 2.741732476805842089e+04 1.380768948972767589e+02
5.730823046413269913e+04 2.743343520470064323e+04 1.381224995191450944e+02
5.730823046602643444e+04 2.741860040552798455e+04 1.381025982599903728e+02
5.730823046792016976e+04 2.723853551634297401e+04 1.376853601854298859e+02
5.730823046981389780e+04 2.717323739426409520e+04 1.375383604314161232e+02
5.730823047170763311e+04 2.740537974765439139e+04 1.380723234653478357e+02
5.730823047360136843e+04 2.745285606980336161e+04 1.381882816072684932e+02
5.730823047549509647e+04 2.729590785777599740e+04 1.378051119599304002e+02
5.730823047738883179e+04 2.720102017096882628e+04 1.375849179898195018e+02
5.730823047928256710e+04 2.738039667137256038e+04 1.380110495904441166e+02
5.730823048117629514e+04 2.737843843498098067e+04 1.379816947156279241e+02
5.730823048307003046e+04 2.758414807431939334e+04 1.384800945326690851e+02
5.730823048496376578e+04 2.730516613606377723e+04 1.378297645586382032e+02
5.730823048685749382e+04 2.741165511424065699e+04 1.380361690996938933e+02
5.730823048875122913e+04 2.749620236788853799e+04 1.382354608275842907e+02
5.730823049064496445e+04 2.735821342818148696e+04 1.379339124490905419e+02
5.730823049253869976e+04 2.743367593813963322e+04 1.381172351311374484e+02
5.730823049443242780e+04 2.748099144539919507e+04 1.382203672895864770e+02
5.730823049632616312e+04 2.742488751927496924e+04 1.381112433553128085e+02
5.730823049821989844e+04 2.742867514095536171e+04 1.381225676058492411e+02
5.730823050011362648e+04 2.733645431496377569e+04 1.379056140519120675e+02
5.730823050200736179e+04 2.738824652089479059e+04 1.380068042316848960e+02
5.730823050390109711e+04 2.738031345092342599e+04 1.380616580708643255e+02
5.730823050579482515e+04 2.713541652813440305e+04 1.375292739959990342e+02
5.730823050768856046e+04 2.706173853186869746e+04 1.372464042934861368e+02
5.730823050958229578e+04 2.723119253363283497e+04 1.376339821026199388e+02
5.730823051147602382e+04 2.729987186949293391e+04 1.378022692349870226e+02
5.730823051336975914e+04 2.729582448959039903e+04 1.377777218381133935e+02
5.730823051526349445e+04 2.713452059774332156e+04 1.374254341789032310e+02
5.730823051715722249e+04 2.730351318544491733e+04 1.378117588260386412e+02
5.730823051905095781e+04 2.727357514593059022e+04 1.377409447303085130e+02
5.730823052094469313e+04 2.711701369867361427e+04 1.374032161502429119e+02
5.730823052283842117e+04 2.731396774290642497e+04 1.378439960247309273e+02
5.730823052473215648e+04 2.724920975066200845e+04 1.377146041484111834e+02
5.730823052662589180e+04 2.723698345334441183e+04 1.376996978162867151e+02
5.730823052851961984e+04 2.733939165421748476e+04 1.379282737314152030e+02
5.730823053041335515e+04 2.714134144409421788e+04 1.374515909996717937e+02
5.730823053230709047e+04 2.743895625028667928e+04 1.381262766347075512e+02
5.730823053420081851e+04 2.754278944482229417e+04 1.383520814367274738e+02
5.730823053609455383e+04 2.726823977627008207e+04 1.377341545643800771e+02
5.730823053798828914e+04 2.752819552328524878e+04 1.383144860644430878e+02
5.730823053988201718e+04 2.735615361660758208e+04 1.379251265986231374e+02
5.730823054177575250e+04 2.740332896994502153e+04 1.380331298165901899e+02
5.730823054366948782e+04 2.743844499588944745e+04 1.381381933742858621e+02
5.730823054556322313e+04 2.727765967899990937e+04 1.377827071944377053e+02
5.730823054745695117e+04 2.734496807701889338e+04 1.379364156600413764e+02
5.730823054935068649e+04 2.734343960572179640e+04 1.379108093510629089e+02
5.730823055124442180e+04 2.727718022771069082e+04 1.377681237534547165e+02
5.730823055313814984e+04 2.737763870519872580e+04 1.380135415985685370e+02
5.730823055503188516e+04 2.725869261069172717e+04 1.377407189315624692e+02
5.730823055692562048e+04 2.733871028684172052e+04 1.379235489401121981e+02
5.730823055881934852e+04 2.741293826082241867e+04 1.380690232776552193e+02
5.730823056071308383e+04 2.715366836485934982e+04 1.375142948633361470e+02
5.730823056260681915e+04 2.721840937628142274e+04 1.376554768530598665e+02
5.730823056450054719e+04 2.723421485800157097e+04 1.376725942225055803e+02
5.730823056639428250e+04 2.730771740949596642e+04 1.378362493350929867e+02
5.730823056828801782e+04 2.721941891011997723e+04 1.376277332957452870e+02
5.730823057018174586e+04 2.733628850728866018e+04 1.379049968995842050e+02
5.730823057207548118e+04 2.722922127015426304e+04 1.376545824979524184e+02
5.730823057396921649e+04 2.712302423887553232e+04 1.374249663805780699e+02
5.730823057586294453e+04 2.715478602626120846e+04 1.375103374091279136e+02
5.730823057775667985e+04 2.714028469578248769e+04 1.374578498746277262e+02
5.730823057965041517e+04 2.721838766065993696e+04 1.376166913935465459e+02
5.730823058154414321e+04 2.725577880459366861e+04 1.376885051478198818e+02
5.730823058343787852e+04 2.701295931461719010e+04 1.371604248768846901e+02
5.730823058533161384e+04 2.725129787369490441e+04 1.377307867682823144e+02
5.730823058722534188e+04 2.732546790011902704e+04 1.378857407126708949e+02
5.730823058911907719e+04 2.702276537847481450e+04 1.371650448544240248e+02
5.730823059101281251e+04 2.714385172418253569e+04 1.374429198225364814e+02
5.730823059290654055e+04 2.724006909293103672e+04 1.376779845365839776e+02
5.730823059480027587e+04 2.712548267606122681e+04 1.374238644661307376e+02
5.730823059669401118e+04 2.738971912083591815e+04 1.380268887153357866e+02
5.730823059858774650e+04 2.746154452370042418e+04 1.381797653549959364e+02
5.730823060048147454e+04 2.736432480119273532e+04 1.379800272379043520e+02
5.730823060237520986e+04 2.721411036272581623e+04 1.376293963778222178e+02
5.730823060426894517e+04 2.720458954220781743e+04 1.376082585694232137e+02
5.730823060616267321e+04 2.741967441672501081e+04 1.380847534123646483e+02
5.730823060805640853e+04 2.746610480070912308e+04 1.381877826335674513e+02
5.730823060995014384e+04 2.711190368737821336e+04 1.373884903686216603e+02
5.730823061184387188e+04 2.733738187222693523e+04 1.378825909151025257e+02
5.730823061373760720e+04 2.718300853137701779e+04 1.375545667674371089e+02
5.730823061563134252e+04 2.718170524417935303e+04 1.375447585554645400e+02
5.730823061752507056e+04 2.732775422640642500e+04 1.378647285431678995e+02
5.730823061941880587e+04 2.746516983073607844e+04 1.381823472618900439e+02
5.730823062131254119e+04 2.727378225642666439e+04 1.377516447262749466e+02
5.730823062320626923e+04 2.720199099248115817e+04 1.375773802022158350e+02
5.730823062510000454e+04 2.720116173268967395e+04 1.376212133934841404e+02
