5.742236954089999927e+04 7.146542325928431819e+04 2.227075399615324329e+02
5.742236954194214923e+04 7.229792764523363439e+04 2.239049680655432439e+02
5.742236954298430646e+04 7.261032476488788961e+04 2.243718426546225828e+02
5.742236954402645642e+04 7.359849771778781724e+04 2.257074324203078959e+02
5.742236954506860639e+04 7.469374991019364097e+04 2.272815974799432297e+02
5.742236954611075635e+04 7.476100344442448113e+04 2.273990408782933059e+02
5.742236954715291358e+04 7.329078376187388494e+04 2.253744956855767896e+02
5.742236954819506354e+04 7.260064200288556458e+04 2.244352940073046057e+02
5.742236954923721350e+04 7.249728226081341563e+04 2.242750595086759802e+02
5.742236955027936347e+04 7.138395987148657150e+04 2.227050669353594685e+02
5.742236955132152070e+04 7.294365849612149759e+04 2.249161796696896545e+02
5.742236955236367066e+04 7.323904929223455838e+04 2.253987749065621244e+02
5.742236955340582062e+04 7.269532302398074535e+04 2.246469019434142353e+02
5.742236955444797059e+04 7.194235192722579814e+04 2.235511527091310313e+02
5.742236955549012782e+04 7.281952492266611080e+04 2.248137013785327554e+02
5.742236955653227778e+04 7.171612741964431189e+04 2.232972442623676557e+02
5.742236955757442774e+04 7.172935371039972233e+04 2.233422435602892619e+02
5.742236955861657771e+04 7.008355269407798187e+04 2.211040122138786330e+02
5.742236955965873494e+04 6.429120675818494783e+04 2.126911229584462149e+02
5.742236956070088490e+04 5.955976915978702164e+04 2.055936695280130380e+02
5.742236956174303486e+04 5.822513504115354590e+04 2.036470874957250885e+02
5.742236956278518483e+04 5.761690426688541629e+04 2.028552375161225427e+02
5.742236956382734206e+04 5.738188437847307068e+04 2.025127026248615891e+02
5.742236956486949202e+04 5.713370276884787745e+04 2.020423108306317488e+02
5.742236956591164198e+04 5.724417080168532993e+04 2.022152640581058165e+02
5.742236956695379195e+04 5.723007836121426953e+04 2.022401268858939147e+02
5.742236956799594918e+04 5.698827106820516929e+04 2.018867254648699827e+02
5.742236956903809914e+04 5.713557516279193078e+04 2.020087396751031861e+02
5.742236957008024910e+04 5.674487157816457329e+04 2.014134459237633337e+02
5.742236957112239907e+04 5.737551982705300907e+04 2.024489205456125092e+02
5.742236957216455630e+04 5.670879537410222838e+04 2.015054670086149997e+02
5.742236957320670626e+04 5.653299475013193296e+04 2.011900172722735931e+02
5.742236957424885622e+04 5.717579669147339155e+04 2.021903282963182562e+02
5.742236957529100619e+04 5.716086402008362347e+04 2.022401097925925910e+02
5.742236957633316342e+04 5.715165374831816735e+04 2.023497793380340397e+02
5.742236957737531338e+04 5.710251791863463586e+04 2.022535506495091795e+02
5.742236957841746334e+04 5.679819077827945148e+04 2.016955722446687105e+02
5.742236957945961331e+04 5.689487151626786363e+04 2.018364752903536328e+02
5.742236958050177054e+04 5.649156226044389769e+04 2.011982333272926837e+02
5.742236958154392050e+04 5.693523112124185718e+04 2.019089619022649629e+02
5.742236958258607046e+04 5.708469611754874495e+04 2.022068776319902099e+02
5.742236958362822043e+04 5.701222695453530469e+04 2.021383952524928702e+02
5.742236958467037766e+04 5.710097429382166592e+04 2.023679098021465848e+02
5.742236958571252762e+04 5.685629173278496455e+04 2.020051092019248244e+02
5.742236958675467758e+04 5.686640048192159884e+04 2.018632653240109676e+02
5.742236958779682755e+04 5.704646377218117414e+04 2.021438169435961072e+02
5.742236958883898478e+04 5.683538587443833967e+04 2.018257061265743744e+02
5.742236958988113474e+04 5.665115000829570636e+04 2.015804841064951347e+02
5.742236959092328470e+04 5.681031328852580191e+04 2.019226234571622172e+02
5.742236959196543467e+04 5.687133133108677430e+04 2.020613885212871139e+02
5.742236959300759190e+04 5.702847789309792279e+04 2.022707544604466818e+02
5.742236959404974186e+04 5.744310568371077534e+04 2.029474678519044915e+02
5.742236959509189182e+04 5.714196278854498087e+04 2.025102704922766748e+02
5.742236959613404179e+04 5.718146689420640178e+04 2.025673448352843593e+02
5.742236959717619902e+04 5.686953699683605373e+04 2.019908675458173661e+02
5.742236959821834898e+04 5.677447961758531164e+04 2.018802268731585627e+02
5.742236959926049894e+04 5.710846655334273237e+04 2.024505074929533919e+02
5.742236960030265618e+04 5.641001299677341740e+04 2.013714569694400609e+02
5.742236960134480614e+04 5.662521088959710323e+04 2.018016461783716977e+02
5.742236960238695610e+04 5.677613831797592866e+04 2.020807057093108767e+02
5.742236960342910606e+04 5.687564015315215511e+04 2.022041975971925183e+02
5.742236960447126330e+04 5.673936029311458697e+04 2.019703260807953882e+02
5.742236960551341326e+04 5.669120066225626942e+04 2.018795258584955548e+02
5.742236960655556322e+04 5.637776845865188807e+04 2.014198648069843216e+02
5.742236960759771318e+04 5.639939487741968333e+04 2.015131976583490712e+02
5.742236960863987042e+04 5.645295145195091027e+04 2.015596822703525106e+02
5.742236960968202038e+04 5.681134162777948222e+04 2.021637122357885517e+02
5.742236961072417034e+04 5.605871593014735117e+04 2.011672145821787865e+02
5.742236961176632030e+04 5.640136090159849846e+04 2.016958828134606279e+02
5.742236961280847754e+04 5.678889381870743819e+04 2.023222698610975669e+02
5.742236961385062750e+04 5.674425961619989539e+04 2.022614748037211996e+02
5.742236961489277746e+04 5.690467285144892958e+04 2.025916140526472020e+02
5.742236961593492742e+04 5.632485273836522538e+04 2.017131942842549961e+02
5.742236961697708466e+04 5.616381015841781482e+04 2.014116038357592231e+02
5.742236961801923462e+04 5.633900198978179833e+04 2.016651976667496626e+02
5.742236961906138458e+04 5.684220793759645312e+04 2.024490331323412136e+02
5.742236962010353454e+04 5.661708183371253836e+04 2.021253225850702790e+02
5.742236962114569178e+04 5.724334893852059031e+04 2.031500262622083994e+02
5.742236962218784174e+04 5.739763189202853391e+04 2.035777732424443229e+02
5.742236962322999170e+04 5.681455646894667007e+04 2.026013989183373667e+02
5.742236962427214166e+04 5.692987744803270471e+04 2.028447621853612475e+02
5.742236962531429890e+04 5.644235383377845574e+04 2.021894123411630915e+02
5.742236962635644886e+04 5.634535637164811487e+04 2.019191750993024073e+02
5.742236962739859882e+04 5.678381611840630649e+04 2.025444382477712111e+02
5.742236962844074878e+04 5.695702140261669410e+04 2.028757646768452787e+02
5.742236962948290602e+04 5.656500086691488104e+04 2.022408634014426525e+02
5.742236963052505598e+04 5.658076830192193302e+04 2.022841142098422154e+02
5.742236963156720594e+04 5.641176303320593433e+04 2.021025541958021847e+02
5.742236963260935590e+04 5.606553798757659388e+04 2.015998901977594073e+02
5.742236963365151314e+04 5.616869187177330605e+04 2.017242630942595838e+02
5.742236963469366310e+04 5.642028179830311274e+04 2.021276786690716847e+02
5.742236963573581306e+04 5.678700925788957829e+04 2.026369326406195626e+02
5.742236963677796302e+04 5.750103357046731981e+04 2.037746114869633232e+02
5.742236963782012026e+04 5.703054434732107620e+04 2.030778366744489176e+02
5.742236963886227022e+04 5.614281408386013209e+04 2.014977221234341584e+02
5.742236963990442018e+04 5.603507520579905395e+04 2.011494893923002962e+02
5.742236964094657014e+04 5.531754456558764650e+04 1.999041424211439164e+02
5.742236964198872738e+04 5.582907091999509430e+04 2.006748272300633573e+02
5.742236964303087734e+04 5.623796668445687828e+04 2.012958944608026854e+02
5.742236964407302730e+04 5.650137574702280108e+04 2.017425318390799021e+02
5.742236964511517726e+04 5.639846947363451909e+04 2.015266796927983535e+02
5.742236964615733450e+04 5.669936384309442656e+04 2.020642505931987500e+02
5.742236964719948446e+04 5.666258701283486153e+04 2.020328876612700242e+02
5.742236964824163442e+04 5.641142052900519047e+04 2.016707240592109542e+02
5.742236964928378438e+04 5.650312395394648775e+04 2.018153983080643172e+02
5.742236965032594162e+04 5.714668055426565115e+04 2.028076144208852440e+02
5.742236965136809158e+04 5.688559548484711559e+04 2.024267613309231990e+02
5.742236965241024154e+04 5.662091615704019205e+04 2.020517147777518119e+02
5.742236965345239150e+04 5.643545302811119473e+04 2.017744599287082963e+02
5.742236965449454874e+04 5.610949312209113850e+04 2.012994497709246104e+02
5.742236965553669870e+04 5.636938714676722884e+04 2.016706707315462097e+02
5.742236965657884866e+04 5.657414213880676107e+04 2.020383413477398165e+02
5.742236965762100590e+04 5.602153701112260751e+04 2.011751468606999254e+02
5.742236965866315586e+04 5.603310658806361607e+04 2.012489460244249813e+02
5.742236965970530582e+04 5.678412645913882443e+04 2.023905642527226405e+02
5.742236966074745578e+04 5.657850514937027037e+04 2.021162504257769683e+02
5.742236966178961302e+04 5.655564758323277783e+04 2.021338651021247586e+02
5.742236966283176298e+04 5.650019563390630356e+04 2.020333246555196354e+02
5.742236966387391294e+04 5.598513454892505251e+04 2.012270567152542640e+02
5.742236966491606290e+04 5.608054963290171872e+04 2.014791863984468989e+02
5.742236966595822014e+04 5.649084088795256685e+04 2.020598238684490013e+02
5.742236966700037010e+04 5.661818352247355506e+04 2.022495722329838657e+02
5.742236966804252006e+04 5.680507944690364093e+04 2.025559258192134848e+02
5.742236966908467002e+04 5.620303315080884204e+04 2.016809081413368290e+02
5.742236967012682726e+04 5.685011285814886651e+04 2.026866066354880047e+02
5.742236967116897722e+04 5.631503919900498295e+04 2.018456319963713383e+02
5.742236967221112718e+04 5.658694302447085647e+04 2.022540094654384575e+02
5.742236967325327714e+04 5.649564607471923955e+04 2.021512250643490916e+02
5.742236967429543438e+04 5.625777626689784665e+04 2.017271817413517283e+02
5.742236967533758434e+04 5.636014133085770300e+04 2.018571361661968240e+02
5.742236967637973430e+04 5.600111156142376421e+04 2.013255088964885147e+02
5.742236967742188426e+04 5.679942711613764550e+04 2.025460216739238319e+02
5.742236967846404150e+04 5.682782124004465732e+04 2.026089693197181418e+02
5.742236967950619146e+04 5.668476000061327795e+04 2.023735766964630045e+02
5.742236968054834142e+04 5.670286636831711803e+04 2.023764714974812762e+02
5.742236968159049138e+04 5.643432956492537778e+04 2.019630998255711347e+02
5.742236968263264862e+04 5.654998748139242525e+04 2.021548368666666420e+02
5.742236968367479858e+04 5.590502455113772885e+04 2.011345219085021654e+02
5.742236968471694854e+04 5.614545287987180200e+04 2.015365597431870697e+02
5.742236968575909850e+04 5.638962865922510537e+04 2.018994603970297419e+02
5.742236968680125574e+04 5.636447674330051814e+04 2.018769696573385488e+02
5.742236968784340570e+04 5.678020288897349383e+04 2.025099458960363563e+02
5.742236968888555566e+04 5.643361308166767412e+04 2.020004070405791197e+02
5.742236968992770562e+04 5.628703129568079021e+04 2.017240726815107337e+02
5.742236969096986286e+04 5.654092743742486346e+04 2.021195714419166620e+02
5.742236969201201282e+04 5.684198211854019610e+04 2.026107935499022119e+02
5.742236969305416278e+04 5.710788490641266981e+04 2.030058962673947747e+02
5.742236969409631274e+04 5.691677396235854394e+04 2.027541614732026005e+02
5.742236969513846998e+04 5.666199720666621579e+04 2.023832398082277848e+02
5.742236969618061994e+04 5.620557652631955716e+04 2.018957040997038916e+02
5.742236969722276990e+04 5.593798404937671148e+04 2.017546402165646100e+02
5.742236969826491986e+04 5.513636166095091176e+04 2.008136105646803742e+02
5.742236969930707710e+04 5.510020373025652225e+04 2.010254665377873380e+02
5.742236970034922706e+04 5.557826157717960450e+04 2.019195817800986958e+02
5.742236970139137702e+04 5.554537085000098159e+04 2.019341387684883671e+02
5.742236970243352698e+04 5.558956073582755198e+04 2.020276551579030695e+02
5.742236970347568422e+04 5.549702137370169658e+04 2.019218650326978377e+02
5.742236970451783418e+04 5.550088265661572223e+04 2.018254641227729564e+02
5.742236970555998414e+04 5.606647771768472739e+04 2.025907331657407724e+02
5.742236970660213410e+04 5.551132509439004207e+04 2.016900122125334462e+02
5.742236970764429134e+04 5.548929839957210061e+04 2.017313758013994232e+02
5.742236970868644130e+04 5.558724601360359520e+04 2.019739063677352817e+02
5.742236970972859126e+04 5.550618795442666305e+04 2.019786748674652870e+02
5.742236971077074122e+04 5.540017287661898445e+04 2.018151493973490176e+02
5.742236971181289846e+04 5.545793409829593293e+04 2.020145568953820714e+02
5.742236971285504842e+04 5.563621682485625206e+04 2.022379462776840171e+02
5.742236971389719838e+04 5.574531545802348410e+04 2.021859011539065705e+02
5.742236971493935562e+04 5.582779746447505022e+04 2.021688371594935916e+02
5.742236971598150558e+04 5.605511600132712920e+04 2.026387339381994650e+02
5.742236971702365554e+04 5.575517344535148732e+04 2.021691314703409148e+02
5.742236971806580550e+04 5.581038102952901681e+04 2.023570436845845961e+02
5.742236971910796274e+04 5.537422570114678092e+04 2.017058485639406058e+02
5.742236972015011270e+04 5.547632669051617995e+04 2.019297470633916589e+02
5.742236972119226266e+04 5.531344858468287566e+04 2.016684261511032616e+02
5.742236972223441262e+04 5.524814655132118787e+04 2.014355058147900195e+02
5.742236972327656986e+04 5.535238439531764016e+04 2.015187102508219539e+02
5.742236972431871982e+04 5.549723465659450449e+04 2.018211461730139717e+02
5.742236972536086978e+04 5.537819342051052081e+04 2.017224511358115535e+02
5.742236972640301974e+04 5.553447160331080522e+04 2.019479309245242007e+02
5.742236972744517698e+04 5.579325501399829227e+04 2.022988953193574844e+02
5.742236972848732694e+04 5.613713688377977815e+04 2.028181900201593066e+02
5.742236972952947690e+04 5.631846701707542525e+04 2.031012346299490332e+02
5.742236973057162686e+04 5.598258275574068830e+04 2.027144118865085147e+02
5.742236973161378410e+04 5.575513870286664314e+04 2.023920291667707829e+02
5.742236973265593406e+04 5.558477387297584210e+04 2.020294215555152846e+02
5.742236973369808402e+04 5.529285455294457643e+04 2.015515508230945727e+02
5.742236973474023398e+04 5.572010293569478381e+04 2.022869744802983973e+02
5.742236973578239122e+04 5.555288600555301673e+04 2.019542548280027745e+02
5.742236973682454118e+04 5.524618581730420556e+04 2.014931647569508755e+02
5.742236973786669114e+04 5.530238482741855842e+04 2.014812338425961116e+02
5.742236973890884110e+04 5.572532608619267558e+04 2.021352628291288340e+02
5.742236973995099834e+04 5.590715748471380357e+04 2.025200595190152626e+02
5.742236974099314830e+04 5.605809916513205826e+04 2.027516537131797634e+02
5.742236974203529826e+04 5.587339516685856506e+04 2.024750555649517025e+02
5.742236974307744822e+04 5.566721100115261652e+04 2.020546888887195109e+02
5.742236974411960546e+04 5.570247620777008706e+04 2.022249603795316943e+02
5.742236974516175542e+04 5.524816502855220460e+04 2.014610231432060914e+02
5.742236974620390538e+04 5.532672940298207686e+04 2.015539661318957201e+02
5.742236974724605534e+04 5.540939150901925314e+04 2.017742274539131699e+02
5.742236974828821258e+04 5.567401254313416575e+04 2.022225199745106750e+02
5.742236974933036254e+04 5.592717292897033622e+04 2.025429276915512844e+02
5.742236975037251250e+04 5.563392052761635568e+04 2.020253425799723175e+02
5.742236975141466246e+04 5.525628369917512464e+04 2.014400365996086464e+02
5.742236975245681970e+04 5.556424165527144942e+04 2.019450717416115708e+02
5.742236975349896966e+04 5.520602087171383027e+04 2.015300231617623581e+02
5.742236975454111962e+04 5.515909610598781001e+04 2.013561863446519453e+02
5.742236975558326958e+04 5.544328755027645093e+04 2.017810369585441208e+02
5.742236975662542682e+04 5.609197964129020693e+04 2.028756141208821759e+02
5.742236975766757678e+04 5.544482507836338482e+04 2.019370907906800880e+02
5.742236975870972674e+04 5.546459913214715198e+04 2.019252154231600116e+02
5.742236975975187670e+04 5.512369071708864067e+04 2.014439297331853425e+02
5.742236976079403394e+04 5.562446955277064990e+04 2.020182145640999067e+02
5.742236976183618390e+04 5.589798761350713903e+04 2.024169711997490708e+02
5.742236976287833386e+04 5.584874834334234038e+04 2.023491441777594559e+02
5.742236976392048382e+04 5.568862976388540119e+04 2.021412766870453197e+02
5.742236976496264106e+04 5.556074072290921322e+04 2.021383255911510446e+02
5.742236976600479102e+04 5.525035839998326264e+04 2.016539651292906683e+02
5.742236976704694098e+04 5.579853632775755977e+04 2.023391976369343865e+02
5.742236976808909094e+04 5.627979290682793362e+04 2.029758714993848230e+02
5.742236976913124818e+04 5.575334284728317289e+04 2.021746626097297792e+02
5.742236977017339814e+04 5.596697828240365197e+04 2.025662061497576474e+02
5.742236977121554810e+04 5.600647885070758639e+04 2.025980579908401467e+02
5.742236977225769806e+04 5.600955025325455063e+04 2.025686820204312255e+02
5.742236977329985530e+04 5.521587683820315578e+04 2.014950293640930283e+02
5.742236977434200526e+04 5.531566812928041327e+04 2.015938765481346593e+02
5.742236977538415522e+04 5.536662798810288950e+04 2.016605770634772341e+02
5.742236977642631246e+04 5.596815803842788591e+04 2.024833304956372615e+02
5.742236977746846242e+04 5.529889108195580775e+04 2.015710378751114717e+02
5.742236977851061238e+04 5.507869377683418861e+04 2.013239820843534460e+02
5.742236977955276234e+04 5.572567046090191434e+04 2.022881374948271400e+02
5.742236978059491958e+04 5.646258475439080212e+04 2.033214191702974745e+02
5.742236978163706954e+04 5.594922912070146413e+04 2.025848974599557550e+02
5.742236978267921950e+04 5.545428304908239079e+04 2.017958670804783310e+02
5.742236978372136946e+04 5.523584846125071635e+04 2.013718391504675367e+02
5.742236978476352670e+04 5.567888212620074046e+04 2.021663810741993359e+02
5.742236978580567666e+04 5.606778427358353656e+04 2.027786214682269872e+02
5.742236978684782662e+04 5.590961595263509662e+04 2.025267576964030809e+02
5.742236978788997658e+04 5.607453548253400368e+04 2.028105475258349770e+02
5.742236978893213382e+04 5.592294043341014913e+04 2.025029356856055358e+02
5.742236978997428378e+04 5.578816353432835604e+04 2.023272628425743278e+02
5.742236979101643374e+04 5.509691908367836731e+04 2.012651926220823100e+02
5.742236979205858370e+04 5.503513360008846939e+04 2.012799795523625335e+02
5.742236979310074094e+04 5.484918842221845262e+04 2.009607173479913627e+02
5.742236979414289090e+04 5.521544549910454225e+04 2.014920709655619362e+02
5.742236979518504086e+04 5.603719742577357829e+04 2.026544389395947121e+02
5.742236979622719082e+04 5.588720054861495009e+04 2.025274444379107592e+02
5.742236979726934806e+04 5.615839105838278920e+04 2.029279245732780907e+02
5.742236979831149802e+04 5.561572404692963755e+04 2.021997649477580126e+02
5.742236979935364798e+04 5.562837116881326074e+04 2.022271054627219939e+02
5.742236980039579794e+04 5.567730070321242238e+04 2.021806242845236739e+02
5.742236980143795518e+04 5.524622293482100940e+04 2.014820331995781544e+02
5.742236980248010514e+04 5.519809604589981609e+04 2.012716677073040046e+02
5.742236980352225510e+04 5.561318604475479515e+04 2.020177397706038960e+02
5.742236980456440506e+04 5.527624359370318416e+04 2.016402386931304420e+02
5.742236980560656229e+04 5.545093028212827630e+04 2.018881026715068288e+02
5.742236980664871226e+04 5.569498972868916462e+04 2.023857708102042068e+02
5.742236980769086222e+04 5.548413145729371900e+04 2.020658635417173912e+02
5.742236980873301218e+04 5.566981566443090560e+04 2.022035456571187240e+02
5.742236980977516941e+04 5.535213654758342454e+04 2.015347843443570639e+02
5.742236981081731938e+04 5.526338290664619853e+04 2.014426592236736724e+02
5.742236981185946934e+04 5.523090581543584995e+04 2.013244478494026168e+02
5.742236981290161930e+04 5.539030958416676003e+04 2.016078367055968101e+02
5.742236981394377653e+04 5.521143695007178758e+04 2.014783493848210298e+02
5.742236981498592650e+04 5.510021664077901369e+04 2.013386489257049163e+02
5.742236981602807646e+04 5.544376007179728913e+04 2.018486860697595660e+02
5.742236981707022642e+04 5.555056514592638268e+04 2.020329991850940985e+02
5.742236981811238365e+04 5.545369951724041312e+04 2.018148548405893621e+02
5.742236981915453362e+04 5.560554724660988722e+04 2.021052545111168115e+02
5.742236982019668358e+04 5.580439660705746792e+04 2.022830773427176609e+02
5.742236982123883354e+04 5.594075402758869313e+04 2.024460652425416072e+02
5.742236982228099077e+04 5.585258515006487869e+04 2.022997002430699922e+02
5.742236982332314074e+04 5.581600727658299002e+04 2.023532086722330803e+02
5.742236982436529070e+04 5.541288444232784968e+04 2.018540676112823462e+02
5.742236982540744066e+04 5.545391452306770952e+04 2.019810969216464969e+02
5.742236982644959789e+04 5.553963781628236757e+04 2.020760192204345174e+02
5.742236982749174786e+04 5.519221483822412847e+04 2.014136092216762677e+02
5.742236982853389782e+04 5.606810002814709151e+04 2.027230423929647145e+02
5.742236982957604778e+04 5.598879127155104652e+04 2.025950328765275117e+02
5.742236983061820501e+04 5.552231393987056799e+04 2.018421219219192722e+02
5.742236983166035498e+04 5.573457361033681082e+04 2.022435792706222628e+02
5.742236983270250494e+04 5.603061384377941431e+04 2.027833386645257576e+02
5.742236983374466217e+04 5.568255533938769076e+04 2.021754978876536200e+02
5.742236983478681213e+04 5.576089731193445914e+04 2.023130487489086988e+02
5.742236983582896210e+04 5.569155779334760155e+04 2.022536395312183686e+02
5.742236983687111206e+04 5.571972299193863728e+04 2.021704174137392158e+02
5.742236983791326929e+04 5.613819817147076537e+04 2.027719692508972003e+02
5.742236983895541925e+04 5.547895210997621325e+04 2.017553836209444853e+02
5.742236983999756922e+04 5.507195006488580839e+04 2.011353839737270448e+02
5.742236984103971918e+04 5.570849425729022187e+04 2.022067168707866074e+02
5.742236984208187641e+04 5.537813283051596954e+04 2.018053931081946644e+02
5.742236984312402637e+04 5.383629417366784037e+04 1.994766188528806197e+02
5.742236984416617634e+04 5.287378483891121141e+04 1.979484669843522795e+02
5.742236984520832630e+04 5.267257201739685115e+04 1.974750232458309540e+02
5.742236984625048353e+04 5.244942969159627683e+04 1.970429049986860264e+02
5.742236984729263349e+04 5.247315318593489064e+04 1.971547558101416655e+02
5.742236984833478346e+04 5.224932671177673910e+04 1.968338496178304240e+02
5.742236984937693342e+04 5.241456228925586038e+04 1.971271200083005226e+02
5.742236985041909065e+04 5.242666157036037475e+04 1.971727880332825009e+02
5.742236985146124061e+04 5.241744109438412124e+04 1.972904407689843538e+02
5.742236985250339058e+04 5.224800515663235274e+04 1.970742643870188999e+02
5.742236985354554054e+04 5.211238269370234048e+04 1.966343639669030381e+02
5.742236985458769777e+04 5.242296685396204703e+04 1.969632656777721422e+02
5.742236985562984773e+04 5.239300943316442135e+04 1.968850553595165707e+02
5.742236985667199770e+04 5.247862798288581689e+04 1.969642854847385252e+02
5.742236985771414766e+04 5.222534154448028130e+04 1.967036182730683151e+02
5.742236985875630489e+04 5.207029746823268943e+04 1.965243582548215500e+02
5.742236985979845485e+04 5.229702136097330367e+04 1.968379617192510977e+02
5.742236986084060482e+04 5.227765616312909697e+04 1.969160935512523452e+02
5.742236986188275478e+04 5.229215028909171815e+04 1.969176779720008028e+02
5.742236986292491201e+04 5.225127009531595104e+04 1.967963013393069502e+02
5.742236986396706197e+04 5.257029939867478970e+04 1.971456570441304450e+02
5.742236986500921194e+04 5.254172861422524147e+04 1.971390916005733800e+02
5.742236986605136190e+04 5.237602664440137596e+04 1.969612248116237367e+02
5.742236986709351913e+04 5.210811758841646224e+04 1.965537036356734291e+02
5.742236986813566909e+04 5.198593961023190059e+04 1.963832052992346462e+02
5.742236986917781906e+04 5.216366969279187470e+04 1.965986051985796053e+02
5.742236987021996902e+04 5.229993620702504995e+04 1.968850661940377904e+02
5.742236987126212625e+04 5.210510744308501307e+04 1.966812735718149270e+02
5.742236987230427621e+04 5.213424088791193208e+04 1.968161449989340213e+02
5.742236987334642617e+04 5.236553989219928189e+04 1.970654002718737559e+02
5.742236987438857614e+04 5.207394262551146676e+04 1.965816980318707863e+02
5.742236987543073337e+04 5.195462519332936790e+04 1.963846135611069883e+02
5.742236987647288333e+04 5.207763089154395129e+04 1.965633368352030743e+02
5.742236987751503329e+04 5.254774283849353378e+04 1.972454378197079734e+02
5.742236987855718326e+04 5.217359434924570814e+04 1.968072105887278553e+02
5.742236987959934049e+04 5.214168215640449489e+04 1.969517323632671264e+02
5.742236988064149045e+04 5.211801719130028505e+04 1.968412790754836976e+02
5.742236988168364041e+04 5.201242630280342564e+04 1.964852179715091722e+02
5.742236988272579038e+04 5.190076412097904540e+04 1.963346819440830302e+02
5.742236988376794761e+04 5.205209187110881612e+04 1.965599630338032853e+02
5.742236988481009757e+04 5.242718402061431698e+04 1.971416669530524075e+02
5.742236988585224753e+04 5.223913842668777215e+04 1.970253688734672721e+02
5.742236988689439750e+04 5.205278056087504956e+04 1.967374527413236081e+02
5.742236988793655473e+04 5.221994848287840432e+04 1.968433220459042730e+02
5.742236988897870469e+04 5.226874407595147932e+04 1.968821387174160975e+02
5.742236989002085465e+04 5.199471724056229868e+04 1.964214576934332115e+02
5.742236989106301189e+04 5.209951230568240135e+04 1.965166774891259820e+02
5.742236989210516185e+04 5.250787744922010461e+04 1.972711104337453492e+02
5.742236989314731181e+04 5.176793783703813824e+04 1.962842634336868457e+02
5.742236989418946177e+04 5.191722645204263972e+04 1.967161841819019514e+02
5.742236989523161901e+04 5.179988624635712040e+04 1.965770944858156781e+02
5.742236989627376897e+04 5.203365123174739711e+04 1.966444611415292059e+02
5.742236989731591893e+04 5.229263831383895013e+04 1.967046602603997485e+02
5.742236989835806889e+04 5.197342692448806338e+04 1.960154921974652780e+02
5.742236989940022613e+04 5.202737246612035960e+04 1.960781300457335306e+02
5.742236990044237609e+04 5.148326591334342811e+04 1.952587416595048637e+02
5.742236990148452605e+04 5.122931409713513131e+04 1.949633724207410523e+02
5.742236990252667601e+04 5.110831241159059573e+04 1.949522346394268766e+02
5.742236990356883325e+04 5.111245316047461529e+04 1.949541765321645244e+02
5.742236990461098321e+04 5.121383421158474084e+04 1.951140259896234852e+02
5.742236990565313317e+04 5.102535155211408710e+04 1.948011850324123770e+02
5.742236990669528313e+04 5.104478525600703142e+04 1.948626832178433119e+02
5.742236990773744037e+04 5.106367024369938008e+04 1.951522341911777971e+02
5.742236990877959033e+04 5.071621133944755275e+04 1.944750420078761124e+02
5.742236990982174029e+04 5.113209195521275979e+04 1.950169673481597101e+02
5.742236991086389025e+04 5.061292977742204675e+04 1.942509182831767305e+02
5.742236991190604749e+04 5.083819057617128419e+04 1.947539730052012033e+02
5.742236991294819745e+04 5.129233202659009839e+04 1.953418543376398020e+02
5.742236991399034741e+04 5.114324462257337291e+04 1.950543870012892569e+02
5.742236991503249737e+04 5.083913479235797422e+04 1.945396378556288823e+02
5.742236991607465461e+04 5.105089860036841128e+04 1.949023980415138908e+02
5.742236991711680457e+04 5.097516096690420090e+04 1.946971033170775343e+02
5.742236991815895453e+04 5.125398806625201541e+04 1.952982314928986227e+02
5.742236991920110449e+04 5.093053728481125290e+04 1.948842750696226176e+02
5.742236992024326173e+04 5.084580349077988649e+04 1.946584013371907531e+02
5.742236992128541169e+04 5.082010759963279997e+04 1.944655437827533149e+02
5.742236992232756165e+04 5.137592994787297357e+04 1.952985892585492138e+02
5.742236992336971161e+04 5.103494910286365484e+04 1.947688641900397215e+02
5.742236992441186885e+04 5.092200299996060494e+04 1.946193428881945806e+02
5.742236992545401881e+04 5.098733550299992203e+04 1.947757800136196806e+02
5.742236992649616877e+04 5.079355729502090253e+04 1.945798057338240028e+02
5.742236992753831873e+04 5.066924854725542536e+04 1.942995083656389568e+02
5.742236992858047597e+04 5.025402014089871955e+04 1.936692089915619874e+02
5.742236992962262593e+04 5.019017536075491807e+04 1.937004601388229901e+02
5.742236993066477589e+04 5.015105962329766044e+04 1.935321988715731436e+02
5.742236993170692585e+04 5.028839182064608758e+04 1.936817469837893952e+02
5.742236993274908309e+04 5.019831439453799976e+04 1.936273531002883317e+02
5.742236993379123305e+04 5.032948293704814569e+04 1.937212261807258926e+02
5.742236993483338301e+04 5.027906004517426481e+04 1.935849812122890512e+02
5.742236993587553297e+04 5.029729361696420528e+04 1.936780836786369093e+02
5.742236993691769021e+04 5.041982091671202215e+04 1.939083664797992412e+02
5.742236993795984017e+04 5.025600869105255697e+04 1.937324165468788237e+02
5.742236993900199013e+04 5.003886669080937281e+04 1.933238157897935992e+02
5.742236994004414009e+04 5.010129651009802183e+04 1.934360208118302751e+02
5.742236994108629733e+04 4.993149448336007481e+04 1.932057455882680586e+02
5.742236994212844729e+04 5.014416913811121776e+04 1.935026175651847780e+02
5.742236994317059725e+04 5.051827588282864599e+04 1.938966257045200621e+02
5.742236994421274721e+04 5.039172218507817888e+04 1.937925748041733698e+02
5.742236994525490445e+04 5.016859035016044800e+04 1.935601205188357312e+02
5.742236994629705441e+04 4.990119254883650137e+04 1.931669184699178743e+02
5.742236994733920437e+04 5.028731738093888998e+04 1.936817279697634149e+02
5.742236994838136161e+04 5.045819626975971914e+04 1.939111627536953222e+02
5.742236994942351157e+04 5.031509368933153019e+04 1.937238403883110607e+02
5.742236995046566153e+04 5.003649505758590385e+04 1.932539176347363821e+02
5.742236995150781149e+04 5.034603140214947052e+04 1.938038912810307579e+02
5.742236995254996873e+04 5.004259863595679781e+04 1.933858305136078286e+02
5.742236995359211869e+04 5.040480232728145347e+04 1.939762181575118518e+02
5.742236995463426865e+04 5.018671161641043727e+04 1.935635194866477775e+02
5.742236995567641861e+04 5.037931572659896483e+04 1.937329648797552579e+02
5.742236995671857585e+04 5.000333922740508569e+04 1.930667062886628855e+02
5.742236995776072581e+04 5.031712217843703547e+04 1.936241366608171290e+02
5.742236995880287577e+04 5.022591604219211877e+04 1.935720974073005323e+02
5.742236995984502573e+04 4.987630820741366188e+04 1.931136850259567552e+02
5.742236996088718297e+04 5.014971492728981684e+04 1.934470260446102543e+02
5.742236996192933293e+04 5.044834372114213329e+04 1.938296011565911670e+02
5.742236996297148289e+04 5.061114926191934501e+04 1.940988836515096807e+02
5.742236996401363285e+04 5.008929750389354012e+04 1.932104270625564197e+02
5.742236996505579009e+04 5.055051919515656482e+04 1.940789592694891610e+02
5.742236996609794005e+04 5.020666783004317404e+04 1.935458814500426286e+02
5.742236996714009001e+04 5.023111659893218166e+04 1.936465784416701581e+02
5.742236996818223997e+04 5.028415710601477622e+04 1.936806437489032646e+02
5.742236996922439721e+04 4.994713750906475616e+04 1.931246061941578489e+02
5.742236997026654717e+04 5.031223385158676683e+04 1.937029851201495489e+02
5.742236997130869713e+04 5.028126666608468804e+04 1.937158204920093567e+02
5.742236997235084709e+04 5.025445601105125388e+04 1.937576880230103029e+02
5.742236997339300433e+04 5.008242340726567636e+04 1.935156161276383102e+02
5.742236997443515429e+04 5.036604169475608796e+04 1.938205249593029862e+02
5.742236997547730425e+04 5.030931032115402922e+04 1.937267367998455541e+02
5.742236997651945421e+04 5.007044109615618800e+04 1.933291458149667790e+02
5.742236997756161145e+04 5.023476268099800654e+04 1.934872621681203100e+02
5.742236997860376141e+04 5.021421686001131457e+04 1.934177897232470116e+02
5.742236997964591137e+04 5.017466525225574878e+04 1.933828033679293128e+02
5.742236998068806133e+04 5.028789286073048424e+04 1.935008871690926355e+02
5.742236998173021857e+04 5.047578335371149296e+04 1.939074088286030815e+02
5.742236998277236853e+04 5.019305369972016342e+04 1.937302794456502113e+02
5.742236998381451849e+04 4.984370674857727136e+04 1.931849709058373890e+02
5.742236998485666845e+04 5.003832650485006161e+04 1.932934351347673498e+02
5.742236998589882569e+04 5.038761285589949694e+04 1.938450686355510300e+02
5.742236998694097565e+04 5.042728259440152760e+04 1.938681356671120852e+02
5.742236998798312561e+04 5.020388892953380127e+04 1.935236528581567939e+02
5.742236998902527557e+04 5.012486459202952392e+04 1.935201400811860992e+02
5.742236999006743281e+04 5.031658226424465829e+04 1.937139313976551307e+02
5.742236999110958277e+04 5.048715652288589627e+04 1.940341759871304816e+02
5.742236999215173273e+04 5.038274345710000489e+04 1.937670330842170472e+02
5.742236999319388269e+04 5.058410464221842994e+04 1.940754517480732773e+02
5.742236999423603993e+04 5.041486120556610695e+04 1.937873773345444590e+02
5.742236999527818989e+04 5.028683648909926706e+04 1.935585159450861852e+02
5.742236999632033985e+04 5.041230398952771793e+04 1.937916021973347256e+02
5.742236999736248981e+04 5.041096152210546279e+04 1.938479221386435540e+02
5.742236999840464705e+04 5.012307149044545076e+04 1.935777193552030724e+02
5.742236999944679701e+04 5.032335257564563653e+04 1.938807211094939191e+02
5.742237000048894697e+04 5.031890370350708690e+04 1.938152036239063136e+02
5.742237000153109693e+04 5.031112307659223006e+04 1.938730500321587442e+02
5.742237000257325417e+04 5.011158739140437683e+04 1.935712782835065013e+02
5.742237000361540413e+04 5.051515334982566128e+04 1.938448892347895480e+02
5.742237000465755409e+04 5.026328088137202576e+04 1.935049035074185326e+02
5.742237000569971133e+04 5.027562331541076128e+04 1.936834964280253075e+02
5.742237000674186129e+04 5.019202621095932409e+04 1.935703875829360925e+02
5.742237000778401125e+04 5.038093770589638734e+04 1.939549863597706860e+02
5.742237000882616121e+04 5.004809708802640671e+04 1.933743174069949475e+02
5.742237000986831845e+04 5.036811376734733494e+04 1.937730846483734695e+02
5.742237001091046841e+04 5.034585384609331959e+04 1.936608698333576513e+02
5.742237001195261837e+04 5.006965604548374540e+04 1.932017074913393344e+02
5.742237001299476833e+04 5.006084808042494842e+04 1.931110114501622945e+02
5.742237001403692557e+04 5.017807165969820926e+04 1.932902175859087208e+02
5.742237001507907553e+04 5.025287999309322913e+04 1.934604654657418905e+02
5.742237001612122549e+04 5.034472214596802951e+04 1.934596231501398051e+02
5.742237001716337545e+04 5.025333414700323920e+04 1.933334867396584400e+02
5.742237001820553269e+04 5.042243115838660015e+04 1.937319153260383757e+02
5.742237001924768265e+04 5.066193366927827446e+04 1.940853200432723327e+02
5.742237002028983261e+04 5.057742594558520068e+04 1.940739179394018095e+02
5.742237002133198257e+04 5.033825029988297320e+04 1.936112649617837462e+02
5.742237002237413981e+04 5.017471329830460309e+04 1.932514286846550817e+02
5.742237002341628977e+04 5.019642986811997253e+04 1.933301117916835210e+02
5.742237002445843973e+04 5.034203454847644025e+04 1.935918387290754197e+02
5.742237002550058969e+04 5.049377856714084191e+04 1.938345413242588222e+02
5.742237002654274693e+04 5.041557437844392553e+04 1.938441105413221806e+02
5.742237002758489689e+04 5.047060873285069829e+04 1.937802747627772817e+02
5.742237002862704685e+04 4.998808296978300496e+04 1.929483692508477191e+02
5.742237002966919681e+04 5.005465662027877261e+04 1.931118038605123957e+02
5.742237003071135405e+04 5.036094179138258187e+04 1.934168488708074278e+02
5.742237003175350401e+04 5.039026727592503448e+04 1.935705951648037342e+02
5.742237003279565397e+04 5.032958064804182504e+04 1.936032843025142256e+02
5.742237003383780393e+04 5.029434011360164004e+04 1.936213495726365750e+02
5.742237003487996117e+04 5.065769847775853850e+04 1.940453745910058672e+02
5.742237003592211113e+04 5.067207457440956205e+04 1.939949220130411902e+02
5.742237003696426109e+04 5.044630376805253036e+04 1.936630707258940163e+02
5.742237003800641105e+04 5.010853614266239310e+04 1.932881218366019027e+02
5.742237003904856829e+04 5.033766811241853429e+04 1.937622296413842093e+02
5.742237004009071825e+04 5.061770818704649719e+04 1.940401045894288643e+02
5.742237004113286821e+04 5.082128553757930058e+04 1.941982216674308575e+02
5.742237004217501817e+04 5.055575638144414552e+04 1.937577341030945774e+02
5.742237004321717541e+04 5.073340422361630772e+04 1.941641430275347489e+02
5.742237004425932537e+04 5.018471527568745660e+04 1.933579560516090510e+02
5.742237004530147533e+04 5.022799938714301243e+04 1.934526958314114609e+02
5.742237004634362529e+04 5.031479051278989209e+04 1.936963240552757952e+02
5.742237004738578253e+04 5.016257149540101818e+04 1.933989064624000491e+02
5.742237004842793249e+04 5.056271592569688801e+04 1.938346697890653445e+02
5.742237004947008245e+04 5.063128271155108814e+04 1.937782190034453720e+02
5.742237005051223241e+04 5.055169702195328136e+04 1.937027971756634486e+02
5.742237005155438965e+04 5.029285807201002171e+04 1.933471546972026829e+02
5.742237005259653961e+04 5.058585712827803218e+04 1.940102504354410939e+02
5.742237005363868957e+04 5.034070868201759731e+04 1.936743189628604682e+02
5.742237005468083953e+04 5.008365931213978911e+04 1.931762211291586482e+02
5.742237005572299677e+04 5.046549804236809723e+04 1.938943107460779913e+02
5.742237005676514673e+04 5.036168717225085857e+04 1.936536447337050788e+02
5.742237005780729669e+04 5.046112139555078465e+04 1.937528893937448800e+02
5.742237005884944665e+04 5.039348212293195684e+04 1.935574663426868653e+02
5.742237005989160389e+04 5.051927353957019659e+04 1.937484702896421709e+02
5.742237006093375385e+04 5.047197353042939358e+04 1.937237191465497119e+02
5.742237006197590381e+04 5.089254572697982076e+04 1.943649769146224742e+02
5.742237006301805377e+04 5.056120093402086059e+04 1.937968553902423139e+02
5.742237006406021101e+04 5.068555734712301637e+04 1.940721570142058852e+02
5.742237006510236097e+04 5.052878646527396631e+04 1.939372798680406049e+02
5.742237006614451093e+04 5.043194253247355664e+04 1.937480813306166283e+02
5.742237006718666817e+04 5.037061675505983294e+04 1.935604322482071211e+02
5.742237006822881813e+04 5.072287927145334834e+04 1.940697317824986214e+02
5.742237006927096809e+04 5.028746711104103451e+04 1.934486397289192610e+02
5.742237007031311805e+04 5.042882250024509267e+04 1.936353454997460233e+02
5.742237007135527529e+04 5.074887540115402226e+04 1.941467789438545424e+02
5.742237007239742525e+04 5.046621661384058825e+04 1.936340441341345695e+02
5.742237007343957521e+04 5.042673094508580107e+04 1.935917918944654161e+02
5.742237007448172517e+04 5.045872532714909903e+04 1.937749206779542703e+02
5.742237007552388241e+04 5.053612703844549833e+04 1.938116875367011858e+02
5.742237007656603237e+04 5.039537099197948555e+04 1.935241347896723596e+02
5.742237007760818233e+04 5.067911533365854848e+04 1.940883444657929999e+02
5.742237007865033229e+04 5.047929117151771061e+04 1.936283305682482023e+02
5.742237007969248953e+04 5.076349003876781353e+04 1.941318018559427401e+02
5.742237008073463949e+04 5.059511915841963491e+04 1.938987174933408824e+02
5.742237008177678945e+04 5.058638472973537864e+04 1.938810546024176631e+02
5.742237008281893941e+04 5.050542765418336785e+04 1.937125405506759535e+02
5.742237008386109665e+04 5.080437282882468571e+04 1.941731773659325597e+02
5.742237008490324661e+04 5.039327083293902251e+04 1.935218756079672460e+02
5.742237008594539657e+04 5.047979080518044066e+04 1.938026138938762131e+02
5.742237008698754653e+04 5.062263316018832120e+04 1.940292839982837449e+02
5.742237008802970377e+04 5.078272415106481640e+04 1.943408604232894561e+02
5.742237008907185373e+04 5.055542226856581692e+04 1.938901327865119981e+02
5.742237009011400369e+04 5.044238186629138363e+04 1.936857521559381325e+02
5.742237009115615365e+04 5.030210304140747030e+04 1.935448676860284536e+02
5.742237009219831089e+04 5.028254852886081062e+04 1.934929035435485218e+02
5.742237009324046085e+04 5.061190956985016237e+04 1.940595760220593888e+02
5.742237009428261081e+04 5.050619624310352810e+04 1.938556189210455614e+02
5.742237009532476077e+04 5.051550014381074288e+04 1.938651019976605596e+02
5.742237009636691801e+04 5.047345837512338767e+04 1.938226709546836446e+02
5.742237009740906797e+04 5.090712986162721791e+04 1.943815960821645490e+02
5.742237009845121793e+04 5.064654630265261949e+04 1.938640268630327910e+02
5.742237009949336789e+04 5.070188715546037565e+04 1.939829550346908604e+02
5.742237010053552513e+04 5.050565738746670831e+04 1.935002146867221882e+02
5.742237010157767509e+04 5.082575148847905075e+04 1.933831033414574279e+02
5.742237010261982505e+04 5.087040865035398747e+04 1.930950990766623079e+02
5.742237010366197501e+04 5.092917270045037731e+04 1.931591743191477519e+02
5.742237010470413225e+04 5.110779613022060948e+04 1.933348831025648167e+02
5.742237010574628221e+04 5.136266144463960518e+04 1.937497625011448861e+02
5.742237010678843217e+04 5.140425022150388395e+04 1.938091181088055635e+02
5.742237010783058213e+04 5.141307974994159304e+04 1.938053942369446077e+02
5.742237010887273937e+04 5.132942957397947612e+04 1.936993644680428019e+02
5.742237010991488933e+04 5.081121877475308429e+04 1.928357176439742204e+02
5.742237011095703929e+04 5.134891996487852157e+04 1.937586108681684038e+02
5.742237011199918925e+04 5.143410765847544099e+04 1.938831682073892182e+02
5.742237011304134649e+04 5.120526137300464325e+04 1.935155068198030790e+02
5.742237011408349645e+04 5.144709545658088609e+04 1.938712458294974113e+02
5.742237011512564641e+04 5.135417910470001516e+04 1.937374144565140170e+02
5.742237011616779637e+04 5.127170571892994485e+04 1.936006395738752985e+02
5.742237011720995361e+04 5.117782795172800252e+04 1.934720704545592866e+02
5.742237011825210357e+04 5.111981536355883873e+04 1.933530566802489830e+02
5.742237011929425353e+04 5.100288515728492348e+04 1.931144736707063032e+02
5.742237012033640349e+04 5.149451192365276802e+04 1.939516853793955704e+02
5.742237012137856073e+04 5.137782207296879642e+04 1.937815306062656475e+02
5.742237012242071069e+04 5.127914753830077825e+04 1.936488508127154375e+02
5.742237012346286065e+04 5.120148239750546054e+04 1.935290485989970364e+02
5.742237012450501788e+04 5.111137908362354938e+04 1.933867597092486221e+02
5.742237012554716785e+04 5.111444699875265360e+04 1.933231205856236556e+02
5.742237012658931781e+04 5.124315139428901603e+04 1.935147435134689147e+02
5.742237012763146777e+04 5.120577732661263872e+04 1.934884164626839151e+02
5.742237012867362500e+04 5.104196924427721387e+04 1.932255882757958148e+02
5.742237012971577497e+04 5.113926430140065349e+04 1.934203890254360090e+02
5.742237013075792493e+04 5.117522875685777399e+04 1.934347557095083516e+02
5.742237013180007489e+04 5.113919544770336506e+04 1.933814555227075687e+02
5.742237013284223212e+04 5.123564560974935739e+04 1.935560858862029079e+02
5.742237013388438208e+04 5.106063372656259162e+04 1.932734495205714325e+02
5.742237013492653205e+04 5.106563327922630560e+04 1.932672380495573066e+02
5.742237013596868201e+04 5.108616941600838618e+04 1.933348794758676377e+02
5.742237013701083924e+04 5.110091765366283653e+04 1.933482842610005719e+02
5.742237013805298920e+04 5.126755939301157196e+04 1.936492766266912895e+02
5.742237013909513917e+04 5.103275098181426438e+04 1.932578188782570408e+02
5.742237014013728913e+04 5.148331913679046556e+04 1.939433544107151874e+02
5.742237014117944636e+04 5.109812726003415446e+04 1.933350160424886042e+02
5.742237014222159632e+04 5.137981934610114695e+04 1.937662901029477212e+02
5.742237014326374629e+04 5.145724384982471383e+04 1.938706540041966662e+02
5.742237014430589625e+04 5.126981078654897283e+04 1.936161800697050523e+02
5.742237014534805348e+04 5.157501042490495456e+04 1.940861855943206535e+02
5.742237014639020344e+04 5.136365431961554714e+04 1.937457908418340082e+02
5.742237014743235341e+04 5.119001143686700379e+04 1.934824822793265469e+02
5.742237014847450337e+04 5.133042802447409485e+04 1.937336411543109591e+02
5.742237014951666060e+04 5.118542823867127299e+04 1.934825531269824523e+02
5.742237015055881056e+04 5.139139781385507376e+04 1.937967743885757557e+02
5.742237015160096053e+04 5.102487316815312079e+04 1.932036541384902648e+02
5.742237015264311049e+04 5.124132833411128377e+04 1.935045488084375904e+02
5.742237015368526772e+04 5.114687069483022788e+04 1.933831078664724998e+02
5.742237015472741768e+04 5.111141587418151175e+04 1.932781458469821700e+02
5.742237015576956765e+04 5.142037630749352684e+04 1.938187968387802300e+02
5.742237015681171761e+04 5.147263350077520590e+04 1.939160469891515959e+02
5.742237015785387484e+04 5.092571057134262082e+04 1.930407876441014707e+02
5.742237015889602480e+04 5.103788413336094527e+04 1.931865803920933615e+02
5.742237015993817477e+04 5.160192358928143221e+04 1.941069701577442004e+02
5.742237016098032473e+04 5.115793939449757454e+04 1.933608212887441482e+02
5.742237016202248196e+04 5.122220759005734726e+04 1.934969626320307157e+02
5.742237016306463192e+04 5.115784420285404485e+04 1.934080735586312016e+02
5.742237016410678189e+04 5.114639400480261247e+04 1.934097177945531030e+02
5.742237016514893185e+04 5.119966932459640520e+04 1.934655209130033597e+02
5.742237016619108908e+04 5.137391433587997017e+04 1.937878770054970516e+02
5.742237016723323904e+04 5.118928195508560020e+04 1.934674522948747040e+02
5.742237016827538901e+04 5.106820122325972625e+04 1.932991242601678437e+02
5.742237016931753897e+04 5.145449483726138715e+04 1.939185063827339661e+02
5.742237017035969620e+04 5.131907932388260087e+04 1.937046727973417148e+02
5.742237017140184616e+04 5.108553698548807006e+04 1.933139133845814399e+02
5.742237017244399613e+04 5.148967043313699833e+04 1.939149060739235324e+02
5.742237017348614609e+04 5.155069415166057297e+04 1.940134535864139025e+02
5.742237017452830332e+04 5.117172029197013035e+04 1.934644204745941067e+02
5.742237017557045328e+04 5.099722551373441820e+04 1.931316300454596444e+02
5.742237017661260325e+04 5.127642645453232399e+04 1.936078725807611534e+02
5.742237017765475321e+04 5.125949719401866605e+04 1.936231142475078855e+02
5.742237017869691044e+04 5.137953598982139374e+04 1.937513251735468316e+02
5.742237017973906040e+04 5.154191942102173198e+04 1.940217764264310176e+02
5.742237018078121037e+04 5.134816250942165061e+04 1.937183364051684578e+02
5.742237018182336760e+04 5.139801228468807676e+04 1.937806350945824363e+02
5.742237018286551756e+04 5.132828166464087553e+04 1.937164969393250544e+02
5.742237018390766752e+04 5.115838508795079542e+04 1.934710112598781393e+02
5.742237018494981749e+04 5.134763748363520426e+04 1.937271853903393435e+02
5.742237018599197472e+04 5.122761591380611935e+04 1.935354252345345287e+02
5.742237018703412468e+04 5.139079540590573015e+04 1.938198959868895770e+02
5.742237018807627464e+04 5.149620594412105129e+04 1.939609153931451999e+02
5.742237018911842461e+04 5.108537557640948216e+04 1.932890787843961675e+02
5.742237019016058184e+04 5.111760904413083335e+04 1.933176792900900693e+02
5.742237019120273180e+04 5.138293523790410109e+04 1.937887092028698248e+02
5.742237019224488176e+04 5.139260631933380500e+04 1.937502637513341313e+02
5.742237019328703173e+04 5.138343684692561510e+04 1.937521641987918031e+02
5.742237019432918896e+04 5.165573849228460313e+04 1.942469487880205463e+02
5.742237019537133892e+04 5.118570273883024493e+04 1.934650804191348641e+02
5.742237019641348888e+04 5.085099575324348552e+04 1.929130811684190689e+02
5.742237019745563884e+04 5.127063851913929830e+04 1.935597462475527948e+02
5.742237019849779608e+04 5.122994988643200486e+04 1.935208340999082566e+02
5.742237019953994604e+04 5.123274307928347116e+04 1.935337385362236375e+02
5.742237020058209600e+04 5.139179735687607172e+04 1.937368692768876031e+02
5.742237020162424596e+04 5.154201069543223275e+04 1.940072121771929119e+02
5.742237020266640320e+04 5.142932063255632966e+04 1.938726401689263810e+02
5.742237020370855316e+04 5.132855504603785812e+04 1.936600845231439507e+02
5.742237020475070312e+04 5.117628011475790117e+04 1.934320055743654052e+02
5.742237020579285308e+04 5.114931437652496243e+04 1.934230988798948374e+02
5.742237020683501032e+04 5.125347209122544882e+04 1.935986681844574946e+02
5.742237020787716028e+04 5.121862020602636767e+04 1.934688930625392800e+02
5.742237020891931024e+04 5.105261101360219618e+04 1.932382758061987431e+02
5.742237020996146020e+04 5.116785459143883054e+04 1.934005031903016345e+02
5.742237021100361744e+04 5.136071203144484025e+04 1.937232279588849906e+02
5.742237021204576740e+04 5.123995539024531172e+04 1.935562869555942882e+02
5.742237021308791736e+04 5.124983885910227400e+04 1.935568266591093050e+02
5.742237021413006732e+04 5.115999424095863651e+04 1.934311318445668917e+02
5.742237021517222456e+04 5.155995036424183490e+04 1.940305938720665608e+02
5.742237021621437452e+04 5.095334535707048053e+04 1.930459147791076191e+02
5.742237021725652448e+04 5.112944310135767591e+04 1.933369857887842045e+02
5.742237021829867444e+04 5.141554957923493930e+04 1.938031427606463239e+02
5.742237021934083168e+04 5.126082330129850743e+04 1.935702180798726317e+02
5.742237022038298164e+04 5.126678475072798756e+04 1.935603151636141206e+02
5.742237022142513160e+04 5.131296443897499557e+04 1.936511598750477958e+02
5.742237022246728156e+04 5.135784026711255137e+04 1.936893341163862203e+02
5.742237022350943880e+04 5.151381270761775522e+04 1.939909505278410506e+02
5.742237022455158876e+04 5.122233507827100402e+04 1.935361510821180957e+02
5.742237022559373872e+04 5.107507471950212494e+04 1.932825995064887934e+02
5.742237022663588868e+04 5.133379113149250043e+04 1.937269782444763280e+02
5.742237022767804592e+04 5.125013845003527240e+04 1.934888518099841974e+02
5.742237022872019588e+04 5.163719514229625202e+04 1.941590274852618734e+02
5.742237022976234584e+04 5.163063166912722954e+04 1.941737348458453596e+02
5.742237023080449580e+04 5.139749167016569845e+04 1.937577077399978975e+02
5.742237023184665304e+04 5.144103418289346882e+04 1.938181140348194731e+02
5.742237023288880300e+04 5.161642638183512463e+04 1.941476784576099419e+02
5.742237023393095296e+04 5.122270802585544880e+04 1.935404079129159811e+02
5.742237023497310292e+04 5.109660126649038284e+04 1.932802671783654205e+02
5.742237023601526016e+04 5.111333064019676385e+04 1.933030401741384310e+02
5.742237023705741012e+04 5.102579967030474654e+04 1.931647748119557093e+02
