5.736834698629999912e+04 4.309373666742177193e+03 5.820028786271789301e+01
5.736834698911526357e+04 4.258312810470010845e+03 5.785528875049142528e+01
5.736834699193052802e+04 4.336413625046484412e+03 5.828165488995904298e+01
5.736834699474579247e+04 4.320012426241509274e+03 5.823874553630060547e+01
5.736834699756105692e+04 4.277234299130242107e+03 5.801848298675323434e+01
5.736834700037632138e+04 4.315419350134841807e+03 5.820007168666850816e+01
5.736834700319158583e+04 4.307205342483047389e+03 5.819934008488748134e+01
5.736834700600685028e+04 4.322761420918434851e+03 5.827943652900809468e+01
5.736834700882211473e+04 4.327633159548568074e+03 5.829386045114144110e+01
5.736834701163737918e+04 4.317105077303021972e+03 5.821102702306308174e+01
5.736834701445264363e+04 4.279639236379676731e+03 5.799866752888301846e+01
5.736834701726790809e+04 4.289182777176711170e+03 5.805567881760396887e+01
5.736834702008317254e+04 4.342522645624821962e+03 5.835028571418331467e+01
5.736834702289843699e+04 4.281025551213192557e+03 5.805885666126430067e+01
5.736834702571370144e+04 4.340698289221338200e+03 5.834422621425740374e+01
5.736834702852896589e+04 4.337580902350180622e+03 5.834778484296653289e+01
5.736834703134423034e+04 4.288651162921923969e+03 5.808030495488441147e+01
5.736834703415949480e+04 4.305290999494118296e+03 5.817647248011095229e+01
5.736834703697476652e+04 4.361344194504039478e+03 5.840327303320573549e+01
5.736834703979003098e+04 4.475325497042722418e+03 5.899988109111259860e+01
5.736834704260529543e+04 4.259454651982717223e+03 5.790673207984642090e+01
5.736834704542055988e+04 4.328397726937555490e+03 5.825049169819921957e+01
5.736834704823582433e+04 4.322241139618165107e+03 5.824235318635322756e+01
5.736834705105108878e+04 4.341897282552517936e+03 5.832307747294360212e+01
5.736834705386635324e+04 4.236815638191853395e+03 5.782474644391981400e+01
5.736834705668161769e+04 4.288749957923713737e+03 5.801216323450576340e+01
5.736834705949688214e+04 4.283187001775201679e+03 5.799168988482813347e+01
5.736834706231214659e+04 4.408116140398741663e+03 5.866922666385988805e+01
5.736834706512741104e+04 4.411644597054256337e+03 5.874683312137947411e+01
5.736834706794267549e+04 4.371645128064862547e+03 5.852402556527918165e+01
5.736834707075793995e+04 4.338034270736839972e+03 5.836489112425564940e+01
5.736834707357320440e+04 4.377014304217063909e+03 5.853209162373030949e+01
5.736834707638846885e+04 4.440661797857675083e+03 5.883921519658417765e+01
5.736834707920373330e+04 4.383760763457643407e+03 5.856913159058863982e+01
5.736834708201899775e+04 4.361338270324353289e+03 5.847327867474404428e+01
5.736834708483426220e+04 4.327456507577193406e+03 5.827488803432505904e+01
5.736834708764952666e+04 4.536249093461437951e+03 5.932384292332493914e+01
5.736834709046479111e+04 4.435265044839612528e+03 5.881871585451457918e+01
5.736834709328005556e+04 4.308139121858331237e+03 5.813062272056707513e+01
5.736834709609532001e+04 4.410976146495677312e+03 5.874192718972589233e+01
5.736834709891058446e+04 4.402525771057515158e+03 5.870891503347557006e+01
5.736834710172584892e+04 4.408216033757672449e+03 5.869525377826286672e+01
5.736834710454111337e+04 4.453794699188164486e+03 5.894141157424313349e+01
5.736834710735637782e+04 4.413294702064929879e+03 5.875678278122843068e+01
5.736834711017164227e+04 4.509771876029811210e+03 5.926379719968814186e+01
5.736834711298690672e+04 4.495445667765055987e+03 5.918893423435542189e+01
5.736834711580217117e+04 4.519492493991643641e+03 5.932330411082996591e+01
5.736834711861743563e+04 4.525312731871161304e+03 5.935085474582518827e+01
5.736834712143270008e+04 4.627433406128669048e+03 5.990809208428466803e+01
5.736834712424796453e+04 4.728766168478221516e+03 6.046521101668515286e+01
5.736834712706322898e+04 4.904289483010551521e+03 6.140561360891751264e+01
5.736834712987849343e+04 5.029774843838063134e+03 6.202165460322597568e+01
5.736834713269375789e+04 5.287008452106563709e+03 6.331436634047663858e+01
5.736834713550902961e+04 5.617459266675231447e+03 6.498292520808743689e+01
5.736834713832429406e+04 6.187087120259691801e+03 6.775573046190386606e+01
5.736834714113955852e+04 7.249102991679068509e+03 7.254094752632174448e+01
5.736834714395482297e+04 9.047285533194144591e+03 7.992520681965068263e+01
5.736834714677008742e+04 1.164303408607931851e+04 8.959667629529435828e+01
5.736834714958535187e+04 1.527948764955857041e+04 1.015481618950116740e+02
5.736834715240061632e+04 1.975604689418948328e+04 1.145314363753184637e+02
5.736834715521588078e+04 2.417333269726823346e+04 1.260401173259221679e+02
5.736834715803114523e+04 2.786477082413417884e+04 1.349364859102047376e+02
5.736834716084640968e+04 2.977503277482033445e+04 1.393043534339089149e+02
5.736834716366167413e+04 2.973377295395194960e+04 1.392087497264150500e+02
5.736834716647693858e+04 2.907983144931656352e+04 1.377384400201249548e+02
5.736834716929220303e+04 2.781282588863458659e+04 1.348471162948132474e+02
5.736834717210746749e+04 2.619518064776565370e+04 1.310291046801569905e+02
5.736834717492273194e+04 2.459818698675289488e+04 1.271618307633551268e+02
5.736834717773799639e+04 2.341827181916008340e+04 1.242432453825179692e+02
5.736834718055326084e+04 2.378641272909332838e+04 1.251827008473759264e+02
5.736834718336852529e+04 2.576695508680520652e+04 1.300591075962985883e+02
5.736834718618378974e+04 2.883685075390720522e+04 1.372525983974770440e+02
5.736834718899905420e+04 3.183606078753573456e+04 1.439790400328043631e+02
5.736834719181431865e+04 3.402048631769332133e+04 1.486996032283970237e+02
5.736834719462958310e+04 3.584973574095020740e+04 1.525287176678693015e+02
5.736834719744484755e+04 3.558523426040517370e+04 1.520139320546873023e+02
5.736834720026011200e+04 3.457472597747120017e+04 1.498861397160143838e+02
5.736834720307537646e+04 3.319439224354383623e+04 1.469831741401789884e+02
5.736834720589064091e+04 3.197125670268884278e+04 1.443373226049156983e+02
5.736834720870590536e+04 3.084889002653775606e+04 1.418625838919776072e+02
5.736834721152116981e+04 2.942989895946921024e+04 1.386972051970241182e+02
5.736834721433643426e+04 2.772636022177339692e+04 1.348039099904486307e+02
5.736834721715169871e+04 2.594611745764909574e+04 1.306068966505352194e+02
5.736834721996696317e+04 2.480681929535141899e+04 1.278190566793784342e+02
5.736834722278222762e+04 2.440561841081525199e+04 1.268384409372068404e+02
5.736834722559749207e+04 2.410156254682066356e+04 1.260937277712187239e+02
5.736834722841275652e+04 2.423039298397766106e+04 1.264283967202166110e+02
5.736834723122802097e+04 2.480224517983994156e+04 1.278487174480047628e+02
5.736834723404328543e+04 2.604058701568567994e+04 1.308374460918446118e+02
5.736834723685855715e+04 2.778217171442099789e+04 1.349502051466774049e+02
5.736834723967382160e+04 2.954574741179586999e+04 1.389995989567713650e+02
5.736834724248908606e+04 3.161932414565546424e+04 1.435941576068730399e+02
5.736834724530435051e+04 3.341098241919812426e+04 1.474108962122628554e+02
5.736834724811961496e+04 3.429193756972331903e+04 1.492060203037099768e+02
5.736834725093487941e+04 3.332783681065669225e+04 1.471357718109773316e+02
5.736834725375014386e+04 3.168378274446213982e+04 1.435682817300125862e+02
5.736834725656540832e+04 3.045051917955071622e+04 1.408079809404115679e+02
5.736834725938067277e+04 2.965533165335373269e+04 1.390093485534510478e+02
5.736834726219593722e+04 2.932238758222925389e+04 1.382272399012687458e+02
5.736834726501120167e+04 2.946855307777064081e+04 1.385323662244530851e+02
5.736834726782646612e+04 3.010857172181855276e+04 1.399720615815269582e+02
5.736834727064173057e+04 3.145161627378751291e+04 1.429221254264747358e+02
5.736834727345699503e+04 3.300881386226867471e+04 1.462840667541669006e+02
5.736834727627225948e+04 3.462547836013938650e+04 1.497121178339574215e+02
5.736834727908752393e+04 3.630446952170177246e+04 1.531797109612564043e+02
5.736834728190278838e+04 3.727763167738981429e+04 1.551571365864700169e+02
5.736834728471805283e+04 3.791495628115294676e+04 1.564486814001633661e+02
5.736834728753331729e+04 3.688623295236560807e+04 1.543881723310765040e+02
5.736834729034858174e+04 3.495335664953528612e+04 1.504277975933041205e+02
5.736834729316384619e+04 3.354111398837408342e+04 1.474679371528793013e+02
5.736834729597911064e+04 3.305122775951375661e+04 1.464091374943283483e+02
5.736834729879437509e+04 3.254855410972524987e+04 1.453067761249859586e+02
5.736834730160963954e+04 3.231098154746083674e+04 1.448176614085442679e+02
5.736834730442490400e+04 3.230350850036803604e+04 1.447916767712637807e+02
5.736834730724016845e+04 3.226198774893128939e+04 1.447250293222942048e+02
5.736834731005543290e+04 3.250840089793458174e+04 1.452749980569762158e+02
5.736834731287069735e+04 3.197293410937647786e+04 1.441251506185122935e+02
5.736834731568596180e+04 3.132373367621723082e+04 1.427255752237381046e+02
5.736834731850122625e+04 3.017263045027890621e+04 1.402044344570138037e+02
5.736834732131649071e+04 3.035226748907252841e+04 1.406471686473967111e+02
5.736834732413175516e+04 3.080560507018096905e+04 1.416922809601499864e+02
5.736834732694701961e+04 3.107084847097935562e+04 1.422975880509127080e+02
5.736834732976228406e+04 3.044668416727480144e+04 1.409293008235143247e+02
5.736834733257754851e+04 2.966008079499355517e+04 1.392246524649152946e+02
5.736834733539282024e+04 2.943610496110078020e+04 1.387641733605134675e+02
5.736834733820808469e+04 2.981616109113751372e+04 1.395953539765611140e+02
5.736834734102334914e+04 2.980721111802964151e+04 1.395562482909172388e+02
5.736834734383861360e+04 3.019226125206685538e+04 1.403802145841238769e+02
5.736834734665387805e+04 3.118606861099802336e+04 1.425226626603465547e+02
5.736834734946914250e+04 3.303741464708681451e+04 1.464947910578013648e+02
5.736834735228440695e+04 3.524508395523212675e+04 1.511144272575270975e+02
5.736834735509967140e+04 3.623096238569174602e+04 1.531236268895987962e+02
5.736834735791493586e+04 3.553640361468669289e+04 1.516710102986351671e+02
5.736834736073020031e+04 3.404687110454773938e+04 1.485411181137861263e+02
5.736834736354546476e+04 3.258510531445151355e+04 1.454226660955089585e+02
5.736834736636072921e+04 3.149595085741128423e+04 1.430517402174901633e+02
5.736834736917599366e+04 3.107827588101476431e+04 1.421306662402156746e+02
5.736834737199125811e+04 3.128693765117443036e+04 1.425781592401522744e+02
5.736834737480652257e+04 3.077960527046980860e+04 1.414708675739348109e+02
5.736834737762178702e+04 2.957149586452634321e+04 1.387680171611490039e+02
5.736834738043705147e+04 2.819437645033622539e+04 1.356212702771963734e+02
5.736834738325231592e+04 2.760398241686154506e+04 1.342546065202703574e+02
5.736834738606758037e+04 2.869786032763763069e+04 1.368077077121471632e+02
5.736834738888284483e+04 3.115511041746422779e+04 1.423517003557301450e+02
5.736834739169810928e+04 3.427602937952837237e+04 1.490126767317089502e+02
5.736834739451337373e+04 3.614374557002065558e+04 1.528946073538873804e+02
5.736834739732863818e+04 3.605251459754085226e+04 1.527204386939176572e+02
5.736834740014390263e+04 3.450851977214570798e+04 1.495346069271245710e+02
5.736834740295916708e+04 3.234972977014671051e+04 1.449333428715551690e+02
5.736834740577443154e+04 2.967427864390967807e+04 1.390513981945854596e+02
5.736834740858969599e+04 2.809744875722174038e+04 1.354304748532391045e+02
5.736834741140496044e+04 2.737637789809956303e+04 1.338109694783294970e+02
5.736834741422022489e+04 2.723152589491766048e+04 1.334400548535987241e+02
5.736834741703548934e+04 2.743178266202684244e+04 1.339000926646000380e+02
5.736834741985075379e+04 2.819880910397350090e+04 1.356776425697731554e+02
5.736834742266601825e+04 2.882047227062566526e+04 1.371006173486962325e+02
5.736834742548128270e+04 2.919700780652491812e+04 1.379621690321249332e+02
5.736834742829654715e+04 3.014263819329895705e+04 1.401028124056406057e+02
5.736834743111181160e+04 3.135330578551568397e+04 1.428148949397243825e+02
5.736834743392708333e+04 3.213977313670604781e+04 1.445282153998765011e+02
5.736834743674234778e+04 3.210699392790427373e+04 1.445110388823622714e+02
5.736834743955761223e+04 3.145089304396388980e+04 1.433361811637649055e+02
5.736834744237287669e+04 3.085459822133891794e+04 1.421270896271835795e+02
5.736834744518814114e+04 3.056931567278803777e+04 1.411913857814597009e+02
5.736834744800340559e+04 3.147940715748616276e+04 1.431079751702997669e+02
5.736834745081867004e+04 3.295474767192478612e+04 1.462582255908175739e+02
5.736834745363393449e+04 3.485208486681911745e+04 1.502184834555817474e+02
5.736834745644919894e+04 3.681306876648504840e+04 1.542277337387595253e+02
5.736834745926446340e+04 3.756467081448570389e+04 1.557211486827980025e+02
5.736834746207972785e+04 3.649082869133589702e+04 1.535399212604584420e+02
5.736834746489499230e+04 3.381151988995222928e+04 1.479442238582950893e+02
5.736834746771025675e+04 3.020277232267312138e+04 1.400972216822265750e+02
5.736834747052552120e+04 2.728961781325420816e+04 1.334435633260129350e+02
5.736834747334078565e+04 2.540600642454223271e+04 1.289586241138031539e+02
5.736834747615605011e+04 2.528545434921365086e+04 1.286685898401421468e+02
5.736834747897131456e+04 2.621284993054408187e+04 1.308995189584496757e+02
5.736834748178657901e+04 2.748081125544248061e+04 1.339053391868527001e+02
5.736834748460184346e+04 2.908654795396268673e+04 1.376044213418403785e+02
5.736834748741710791e+04 3.111413429171168173e+04 1.421496665807846966e+02
5.736834749023237237e+04 3.274173648300138666e+04 1.456799041268581902e+02
5.736834749304763682e+04 3.367342416140774731e+04 1.476603752954220852e+02
5.736834749586290127e+04 3.364475795110351464e+04 1.476102849905147991e+02
5.736834749867816572e+04 3.387429275309037621e+04 1.480900986967826043e+02
5.736834750149343017e+04 3.480497807139572978e+04 1.500230165372475994e+02
5.736834750430869462e+04 3.646765328768239851e+04 1.534409855901352842e+02
5.736834750712395908e+04 3.723702136995340697e+04 1.549988937062866512e+02
5.736834750993922353e+04 3.614385539723703550e+04 1.527761516399255868e+02
5.736834751275448798e+04 3.393440483745547681e+04 1.481951887744590977e+02
5.736834751556975243e+04 3.230467160547018284e+04 1.446893849618832348e+02
5.736834751838501688e+04 3.204699616026051081e+04 1.441241898888640094e+02
5.736834752120028134e+04 3.223189353472684161e+04 1.445216597565209327e+02
5.736834752401554579e+04 3.296097507966936246e+04 1.460974498334779810e+02
5.736834752683081024e+04 3.356093396389436384e+04 1.473727515267228227e+02
5.736834752964607469e+04 3.235075550584290977e+04 1.447850392304984268e+02
5.736834753246133914e+04 3.108786078398571044e+04 1.420118299609791279e+02
5.736834753527661087e+04 3.095541573060054725e+04 1.417277405779073831e+02
5.736834753809187532e+04 3.108218774156196741e+04 1.420072484032056082e+02
5.736834754090713977e+04 3.205834691226678115e+04 1.441406472107864261e+02
5.736834754372240423e+04 3.258634644802096955e+04 1.452770652532251745e+02
5.736834754653766868e+04 3.234506624629721045e+04 1.447454832802060309e+02
5.736834754935293313e+04 3.162702022542437771e+04 1.431695813273633746e+02
5.736834755216819758e+04 3.175765339395713454e+04 1.434639288666176071e+02
5.736834755498346203e+04 3.255201948339204682e+04 1.451770514770610134e+02
5.736834755779872648e+04 3.408328363583429018e+04 1.484295276258597767e+02
5.736834756061399094e+04 3.513231658815197443e+04 1.506141575731447233e+02
5.736834756342925539e+04 3.546527386636514711e+04 1.513088835736485009e+02
5.736834756624451984e+04 3.426655848338895157e+04 1.488074907541774223e+02
5.736834756905978429e+04 3.196136578197764538e+04 1.438787035575437017e+02
5.736834757187504874e+04 3.005944106885693327e+04 1.396729418413358417e+02
5.736834757469031319e+04 2.878783208574013770e+04 1.368006991084109529e+02
5.736834757750557765e+04 2.829498033339698304e+04 1.356758278377530473e+02
5.736834758032084210e+04 2.830434616890008692e+04 1.357113195413816129e+02
5.736834758313610655e+04 2.868068568536354724e+04 1.365726407764529711e+02
5.736834758595137100e+04 2.890954301511565791e+04 1.370812813825074841e+02
5.736834758876663545e+04 2.862984577684166288e+04 1.364422740477304217e+02
5.736834759158189991e+04 2.878111264180470607e+04 1.367989036666390632e+02
5.736834759439716436e+04 3.013797060639296978e+04 1.398549766638214464e+02
5.736834759721242881e+04 3.294228261502636451e+04 1.459763037970001278e+02
5.736834760002769326e+04 3.579082957346776675e+04 1.519789177219812188e+02
5.736834760284295771e+04 3.736697040395149816e+04 1.551794786998374036e+02
5.736834760565822216e+04 3.865709188392966462e+04 1.577499113673574982e+02
5.736834760847348662e+04 3.905149440771757509e+04 1.585220226812208750e+02
5.736834761128875107e+04 3.883816258095030207e+04 1.581041306232921784e+02
5.736834761410401552e+04 3.749929623632157018e+04 1.554452060929039021e+02
5.736834761691927997e+04 3.530403019304384361e+04 1.509624013999147962e+02
5.736834761973454442e+04 3.382706269697048992e+04 1.478756799898593783e+02
5.736834762254980888e+04 3.346942137725195062e+04 1.471221229939686452e+02
5.736834762536507333e+04 3.348648384290877584e+04 1.471457739528860600e+02
5.736834762818033778e+04 3.256294670396266156e+04 1.451751626257686212e+02
5.736834763099560223e+04 3.070670849431404713e+04 1.411286835153235586e+02
5.736834763381087396e+04 2.955143633226776365e+04 1.385617532763034490e+02
5.736834763662613841e+04 2.936404793454382161e+04 1.381250252502793217e+02
5.736834763944140286e+04 2.890763436295332940e+04 1.370923630141141416e+02
5.736834764225666731e+04 2.890371141027522754e+04 1.370919087833916308e+02
5.736834764507193177e+04 2.907347357049547281e+04 1.374528223426773650e+02
5.736834764788719622e+04 2.976437588911512285e+04 1.390221065896857056e+02
5.736834765070246067e+04 3.133216125656590884e+04 1.425004120755975237e+02
5.736834765351772512e+04 3.344425576814100350e+04 1.470577593756085548e+02
5.736834765633298957e+04 3.655037082733340503e+04 1.534872592382208154e+02
5.736834765914825402e+04 3.830101432999771350e+04 1.570302564570351933e+02
5.736834766196351848e+04 3.766481706502308953e+04 1.557681783078405715e+02
5.736834766477878293e+04 3.595629264744475950e+04 1.522870675028181608e+02
5.736834766759404738e+04 3.442502556118323264e+04 1.491274664789317228e+02
5.736834767040931183e+04 3.349043287827892345e+04 1.471577857371208893e+02
5.736834767322457628e+04 3.355924003055494541e+04 1.473108467841673530e+02
5.736834767603984074e+04 3.309669588418237981e+04 1.463188355498438398e+02
5.736834767885510519e+04 3.204093449534706815e+04 1.440370481654827302e+02
5.736834768167036964e+04 3.130100991970304312e+04 1.423952673757939920e+02
