5.736834698629999912e+04 5.920149109491219861e+03 6.983642783265851506e+01
5.736834698907040001e+04 5.887492938478645556e+03 6.965538231996450236e+01
5.736834699184080091e+04 5.911846682502180556e+03 6.973489112308311633e+01
5.736834699461120181e+04 5.989436947164068442e+03 7.011884879778801860e+01
5.736834699738159543e+04 5.994979179255293275e+03 7.021188794507480679e+01
5.736834700015199633e+04 5.987849731476096167e+03 7.009884203262984670e+01
5.736834700292239722e+04 5.932404031925456366e+03 6.984908035011727634e+01
5.736834700569279812e+04 5.941008881548417776e+03 6.991938476659993285e+01
5.736834700846319902e+04 6.059119886643810787e+03 7.044049622265683297e+01
5.736834701123359991e+04 6.007711307534244042e+03 7.023367578921738641e+01
5.736834701400400081e+04 6.006115703787972052e+03 7.017969021246850048e+01
5.736834701677439443e+04 6.006857585962514349e+03 7.022881227390537617e+01
5.736834701954479533e+04 5.990923699695085816e+03 7.015765938627706078e+01
5.736834702231519623e+04 5.962806005956480476e+03 7.000911135460643209e+01
5.736834702508559712e+04 6.106371326388940361e+03 7.066692501572701701e+01
5.736834702785599802e+04 6.154971250225240510e+03 7.086525872124342129e+01
5.736834703062639892e+04 6.207037422142478135e+03 7.108667462210345889e+01
5.736834703339679982e+04 6.151048713911621235e+03 7.084132789210219983e+01
5.736834703616719344e+04 6.296818256494931120e+03 7.144827725458895884e+01
5.736834703893759433e+04 6.548193961404665060e+03 7.249638478788304496e+01
5.736834704170799523e+04 6.761098516100428242e+03 7.344046442517209528e+01
5.736834704447839613e+04 7.230908869677772600e+03 7.550193443473737887e+01
5.736834704724879703e+04 8.031530577192189412e+03 7.873749935954977275e+01
5.736834705001919792e+04 9.171711181117807428e+03 8.314113441434128049e+01
5.736834705278959882e+04 1.023486306864775906e+04 8.697228073787869107e+01
5.736834705555999972e+04 1.102609189387471451e+04 8.979653243841785581e+01
5.736834705833039334e+04 1.113103228489709727e+04 9.014561482536289816e+01
5.736834706110079424e+04 1.114024131771668908e+04 9.015496445481646504e+01
5.736834706387119513e+04 1.099137950160620858e+04 8.969818744018014911e+01
5.736834706664159603e+04 1.059619903951131528e+04 8.825649412943646155e+01
5.736834706941199693e+04 1.037023632004629508e+04 8.742041867309283987e+01
5.736834707218239782e+04 1.026332153402189033e+04 8.709924886638673058e+01
5.736834707495279872e+04 1.027382795604352395e+04 8.713776254676147914e+01
5.736834707772319234e+04 1.038079315683399363e+04 8.745465572849536784e+01
5.736834708049359324e+04 1.106785975727699952e+04 8.983877208683718152e+01
5.736834708326399414e+04 1.202205855942908602e+04 9.315966887757853954e+01
5.736834708603439503e+04 1.301337444981145381e+04 9.637991617833500868e+01
5.736834708880479593e+04 1.345675701822446172e+04 9.786553600760323945e+01
5.736834709157519683e+04 1.347761944289746862e+04 9.789929618894828423e+01
5.736834709434559772e+04 1.302303867051015186e+04 9.645422688564474356e+01
5.736834709711599135e+04 1.241069408396455037e+04 9.443974005975996988e+01
5.736834709988639224e+04 1.164933797113386026e+04 9.187979444620897596e+01
5.736834710265679314e+04 1.123967119322060535e+04 9.045743637792347158e+01
5.736834710542719404e+04 1.101528480619927723e+04 8.969436900104697941e+01
5.736834710819759493e+04 1.101815904124533336e+04 8.968962508999244676e+01
5.736834711096799583e+04 1.067000478916359680e+04 8.848845371399931992e+01
5.736834711373839673e+04 1.048332653060764278e+04 8.782358386844096287e+01
5.736834711650879035e+04 1.038407339442752345e+04 8.749529192534150468e+01
5.736834711927919125e+04 1.040855149158655695e+04 8.752706488357929970e+01
5.736834712204959214e+04 1.065223706928204774e+04 8.844675073119142894e+01
5.736834712481999304e+04 1.131701567810423876e+04 9.076067905598480934e+01
5.736834712759039394e+04 1.173253940270576277e+04 9.220085781572453243e+01
5.736834713036079484e+04 1.212484624571363383e+04 9.351105512482897097e+01
5.736834713313119573e+04 1.225446825265834195e+04 9.390606456912756528e+01
5.736834713590158935e+04 1.221347855553674162e+04 9.379510145800372811e+01
5.736834713867199025e+04 1.206220652227075698e+04 9.328322610205763965e+01
5.736834714144239115e+04 1.161478430430083063e+04 9.179246928121634141e+01
5.736834714421279205e+04 1.131126612937246318e+04 9.075185765683450256e+01
5.736834714698319294e+04 1.105430301429169413e+04 8.988782916907628362e+01
5.736834714975359384e+04 1.135764882707239121e+04 9.096875568591958938e+01
5.736834715252399474e+04 1.131988807786621328e+04 9.079802081268944391e+01
5.736834715529438836e+04 1.145916084754536496e+04 9.129128457125800367e+01
5.736834715806478926e+04 1.152763432374697368e+04 9.152797988369452753e+01
5.736834716083519015e+04 1.167785964389111905e+04 9.202890346134026345e+01
5.736834716360559105e+04 1.213629177333283951e+04 9.359190004963696197e+01
5.736834716637599195e+04 1.262416716237131004e+04 9.521038583294314606e+01
5.736834716914639284e+04 1.302837515444684868e+04 9.657282224806191095e+01
5.736834717191679374e+04 1.315767285090314545e+04 9.698413669647543145e+01
5.736834717468719464e+04 1.293245722180114535e+04 9.619992557690970614e+01
5.736834717745758826e+04 1.234510222674324541e+04 9.423337851408901145e+01
5.736834718022798916e+04 1.197765413874457226e+04 9.302509893937300944e+01
5.736834718299839005e+04 1.166090073753377874e+04 9.198644749484498107e+01
5.736834718576879095e+04 1.152542876448926108e+04 9.148379079013420778e+01
5.736834718853919185e+04 1.120126062801073931e+04 9.039200892040098267e+01
5.736834719130959274e+04 1.119266252074972908e+04 9.035090791472094907e+01
5.736834719407999364e+04 1.111734674877070211e+04 9.003395926115958048e+01
5.736834719685038726e+04 1.124094037304164704e+04 9.044408124498980328e+01
5.736834719962078816e+04 1.152281255523915206e+04 9.136878681321900331e+01
5.736834720239118906e+04 1.175069487032848156e+04 9.211444231750249401e+01
5.736834720516158995e+04 1.187947617354045542e+04 9.254387878760392994e+01
5.736834720793199085e+04 1.213891540092028117e+04 9.339002601104351697e+01
5.736834721070239175e+04 1.226579547256056685e+04 9.381800830395479807e+01
5.736834721347279265e+04 1.209501766953178412e+04 9.321231961245537434e+01
5.736834721624318627e+04 1.190999950199845807e+04 9.256773057086792278e+01
5.736834721901358716e+04 1.185338819445971421e+04 9.237921543977606120e+01
5.736834722178398806e+04 1.194415348801564869e+04 9.271985304842743858e+01
5.736834722455438896e+04 1.180324596903561905e+04 9.225674734075217032e+01
5.736834722732478986e+04 1.196729724230827742e+04 9.288089383195223547e+01
5.736834723009519075e+04 1.181082913241076676e+04 9.232192298972530864e+01
5.736834723286559165e+04 1.183253135933736849e+04 9.234969022722061993e+01
5.736834723563598527e+04 1.164371040444973005e+04 9.169750852332387581e+01
5.736834723840638617e+04 1.189189891096572683e+04 9.253556764902209864e+01
5.736834724117678707e+04 1.181913594283734528e+04 9.228859722729576731e+01
5.736834724394718796e+04 1.173019864291687009e+04 9.203103319148078754e+01
5.736834724671758886e+04 1.171125616441237798e+04 9.195678676552904562e+01
5.736834724948798976e+04 1.172195546268955513e+04 9.193470790910268420e+01
5.736834725225839065e+04 1.161004500378474222e+04 9.160689177503181213e+01
5.736834725502878428e+04 1.157743773634398167e+04 9.148531241831217642e+01
5.736834725779918517e+04 1.162812325400511509e+04 9.167471547438799462e+01
5.736834726056958607e+04 1.167033938594513893e+04 9.183966852454850027e+01
5.736834726333998697e+04 1.185621040311195247e+04 9.242822987736005302e+01
5.736834726611038786e+04 1.190611579859033918e+04 9.257900439487512756e+01
5.736834726888078876e+04 1.207603849630779223e+04 9.314829513496738400e+01
5.736834727165118966e+04 1.225458178956646771e+04 9.375552659257355970e+01
5.736834727442158328e+04 1.215236499438559986e+04 9.344405455957287643e+01
5.736834727719198418e+04 1.214423977928093154e+04 9.341129764203218144e+01
5.736834727996238507e+04 1.164495789543937281e+04 9.168233966583942163e+01
5.736834728273278597e+04 1.151605182097761826e+04 9.124614236833042469e+01
5.736834728550318687e+04 1.142837755243923857e+04 9.095051196678295469e+01
5.736834728827358776e+04 1.125513111060414849e+04 9.031543910021504473e+01
5.736834729104398866e+04 1.097350264031088773e+04 8.936383136884836631e+01
5.736834729381438956e+04 1.087314160270653520e+04 8.903697284889383923e+01
5.736834729658478318e+04 1.073562556443359426e+04 8.855963647226737123e+01
5.736834729935518408e+04 1.084356144103998122e+04 8.895786404506424105e+01
5.736834730212558497e+04 1.082543539600936674e+04 8.884416955023863238e+01
5.736834730489598587e+04 1.135626616686981470e+04 9.071718465777389895e+01
5.736834730766638677e+04 1.165838407094495960e+04 9.174400973580674190e+01
5.736834731043678767e+04 1.227785047600097460e+04 9.378558874071158868e+01
5.736834731320718856e+04 1.257348361830211797e+04 9.478347036381265411e+01
5.736834731597758218e+04 1.233433530733731095e+04 9.402228139762965498e+01
5.736834731874798308e+04 1.196281778851619310e+04 9.277618339714682349e+01
5.736834732151838398e+04 1.163554708448024758e+04 9.166979988562516724e+01
5.736834732428878488e+04 1.150883848318448145e+04 9.121687002407405487e+01
5.736834732705918577e+04 1.170765989281307156e+04 9.189743423586706683e+01
5.736834732982958667e+04 1.198225402299545385e+04 9.286445725526507999e+01
5.736834733259998757e+04 1.235217075022843164e+04 9.405964839306672332e+01
5.736834733537038119e+04 1.250823205569892707e+04 9.459119594185514757e+01
5.736834733814078209e+04 1.222495505567001055e+04 9.368591390514291106e+01
5.736834734091118298e+04 1.165415781655011779e+04 9.177539951762371118e+01
5.736834734368158388e+04 1.139415195432217843e+04 9.086056845082094924e+01
5.736834734645198478e+04 1.098197076159534663e+04 8.938616178022606107e+01
5.736834734922238567e+04 1.066141148596249332e+04 8.825652376267814248e+01
5.736834735199278657e+04 1.033493414103363466e+04 8.713119706371865902e+01
5.736834735476318019e+04 1.050455650254151624e+04 8.775180695086794458e+01
5.736834735753358109e+04 1.070769364490566659e+04 8.847525731511407798e+01
5.736834736030398199e+04 1.120726865515873396e+04 9.019180351106518856e+01
5.736834736307438288e+04 1.157850381648764778e+04 9.146274033704146689e+01
5.736834736584478378e+04 1.185080324313913661e+04 9.239483197062089914e+01
5.736834736861518468e+04 1.225872557632930511e+04 9.370194982535099371e+01
5.736834737138558557e+04 1.242024141357820918e+04 9.430006362647348794e+01
5.736834737415597920e+04 1.255633006822798052e+04 9.479033103543935113e+01
5.736834737692638009e+04 1.285116603814692280e+04 9.575409671878307449e+01
5.736834737969678099e+04 1.277341249115360006e+04 9.543270074942552128e+01
5.736834738246718189e+04 1.227810273384141510e+04 9.386249595482850339e+01
5.736834738523758278e+04 1.188157687892217291e+04 9.256787500960980708e+01
5.736834738800798368e+04 1.152924918308730230e+04 9.132829949672175474e+01
5.736834739077838458e+04 1.133717477827976654e+04 9.062175396754865631e+01
5.736834739354878548e+04 1.139572439784189919e+04 9.085397539860669269e+01
5.736834739631917910e+04 1.152263522566928441e+04 9.125305908212473582e+01
5.736834739908957999e+04 1.152269857711189616e+04 9.132837370017365686e+01
5.736834740185998089e+04 1.182513912047701524e+04 9.227002920512141770e+01
5.736834740463038179e+04 1.175377991804055273e+04 9.205627360476063359e+01
5.736834740740078269e+04 1.162729516258033618e+04 9.158669885265599930e+01
5.736834741017118358e+04 1.153851207188837179e+04 9.127614735155877668e+01
5.736834741294158448e+04 1.142637585005016808e+04 9.098331992179603844e+01
5.736834741571197810e+04 1.133460173269137158e+04 9.062078116318275534e+01
5.736834741848237900e+04 1.155530247478298770e+04 9.138562674633837446e+01
5.736834742125277990e+04 1.157769110744048521e+04 9.150085485790877726e+01
5.736834742402318079e+04 1.161689368955692771e+04 9.160038637917756432e+01
5.736834742679358169e+04 1.195044493230843000e+04 9.274968618983402280e+01
5.736834742956398259e+04 1.197126590845942519e+04 9.283307105181494023e+01
5.736834743233438348e+04 1.197650830662133376e+04 9.279840519184153891e+01
5.736834743510477711e+04 1.188070899504271620e+04 9.247413885598764693e+01
5.736834743787517800e+04 1.171587290884777212e+04 9.195553330226309185e+01
5.736834744064557890e+04 1.131876988611217712e+04 9.053847618683334986e+01
5.736834744341597980e+04 1.091548520004395323e+04 8.916855924326274874e+01
5.736834744618638069e+04 1.068987354121707722e+04 8.837000367922156840e+01
5.736834744895678159e+04 1.051101505380528033e+04 8.772731475440338045e+01
5.736834745172718249e+04 1.057654080134960896e+04 8.800978446384328890e+01
5.736834745449757611e+04 1.096921122779626421e+04 8.938652726686240158e+01
5.736834745726797701e+04 1.138012810344136415e+04 9.078713144438431470e+01
5.736834746003837790e+04 1.163246725259287632e+04 9.164546301057112032e+01
5.736834746280877880e+04 1.169594003140958011e+04 9.185194122122857152e+01
5.736834746557917970e+04 1.203900342080996052e+04 9.303239704006077204e+01
5.736834746834958059e+04 1.228083714271127064e+04 9.385550999240059866e+01
5.736834747111998149e+04 1.235958906423406188e+04 9.408143552725869085e+01
5.736834747389037511e+04 1.258977052817832919e+04 9.485804041719663360e+01
5.736834747666077601e+04 1.292817998252109828e+04 9.594626667710339518e+01
5.736834747943117691e+04 1.305781991079838917e+04 9.636277057782153577e+01
5.736834748220157780e+04 1.265504765710875290e+04 9.507713478481574043e+01
5.736834748497197870e+04 1.215668720741059769e+04 9.339123329823490849e+01
5.736834748774237960e+04 1.190691849182731130e+04 9.254731102140462440e+01
5.736834749051278050e+04 1.200493969813544027e+04 9.289094786752883692e+01
5.736834749328317412e+04 1.163186773533952510e+04 9.167248403997987793e+01
5.736834749605357501e+04 1.171490405089997694e+04 9.194915662438002357e+01
5.736834749882397591e+04 1.148855871978299365e+04 9.114269738249333841e+01
5.736834750159437681e+04 1.115991271775047790e+04 9.003261262936275955e+01
5.736834750436477771e+04 1.117533090477958103e+04 9.009639192576260314e+01
5.736834750713517860e+04 1.094760840744644884e+04 8.932111226975959539e+01
5.736834750990557950e+04 1.043273401011938222e+04 8.748333078940621022e+01
5.736834751267598040e+04 1.019089246612233728e+04 8.655420035351465913e+01
5.736834751544637402e+04 1.053004497671533863e+04 8.779268947496083797e+01
5.736834751821677492e+04 1.109053298611652826e+04 8.974251846141689271e+01
5.736834752098717581e+04 1.197638087107412684e+04 9.277748341198355320e+01
5.736834752375757671e+04 1.259673840332295003e+04 9.485276754159001200e+01
5.736834752652797761e+04 1.292476955288611498e+04 9.595428403558175035e+01
5.736834752929837850e+04 1.247661557797817295e+04 9.450957327668996300e+01
5.736834753206877940e+04 1.207488342354100496e+04 9.318266173157662990e+01
5.736834753483917302e+04 1.205935838300504292e+04 9.310591617405773945e+01
5.736834753760957392e+04 1.181760149638268376e+04 9.226470561242132362e+01
5.736834754037997482e+04 1.159566860238128356e+04 9.158224259358929942e+01
5.736834754315037571e+04 1.131210311528710008e+04 9.055624307600866985e+01
5.736834754592077661e+04 1.116932236275903597e+04 9.004952973975663610e+01
5.736834754869117751e+04 1.128609464892216238e+04 9.042688928949625904e+01
5.736834755146157840e+04 1.140462715265996849e+04 9.086143111452417997e+01
5.736834755423197203e+04 1.206945522076870839e+04 9.310318622507094233e+01
5.736834755700237292e+04 1.218914944765485416e+04 9.355062814291218842e+01
5.736834755977277382e+04 1.217240889901112678e+04 9.348852364427371242e+01
5.736834756254317472e+04 1.212888645501592327e+04 9.336153401380148864e+01
5.736834756531357561e+04 1.194986595820611365e+04 9.270669530269104541e+01
5.736834756808397651e+04 1.189764670706567449e+04 9.255942993048259382e+01
5.736834757085437741e+04 1.143515853209920533e+04 9.099901131784309882e+01
5.736834757362477103e+04 1.133487445797143482e+04 9.064781805956071992e+01
5.736834757639517193e+04 1.122944596047262166e+04 9.031989426706545032e+01
5.736834757916557282e+04 1.178306619632958245e+04 9.215199861635950640e+01
5.736834758193597372e+04 1.218803101774884453e+04 9.353862040442837156e+01
5.736834758470637462e+04 1.217080666877441763e+04 9.345702575897884401e+01
5.736834758747677552e+04 1.186703170079148549e+04 9.242525003640102454e+01
5.736834759024717641e+04 1.128381818000776366e+04 9.043080068463055454e+01
5.736834759301757003e+04 1.085931367110350402e+04 8.900068610964054017e+01
5.736834759578797093e+04 1.074531556591511071e+04 8.856939303623133242e+01
5.736834759855837183e+04 1.080800640068074244e+04 8.879062127718846398e+01
5.736834760132877273e+04 1.088702614314680432e+04 8.906005740216500044e+01
5.736834760409917362e+04 1.044469067881056435e+04 8.744199246122829550e+01
5.736834760686957452e+04 1.001311204104037643e+04 8.591074443250218451e+01
5.736834760963997542e+04 9.637945700878542993e+03 8.456669778835838258e+01
5.736834761241036904e+04 9.140437162230571630e+03 8.274967747807374963e+01
5.736834761518076994e+04 8.453580600833580320e+03 8.010484068539801683e+01
5.736834761795117083e+04 7.904789593150680957e+03 7.789288624280358420e+01
5.736834762072157173e+04 7.467183836236857132e+03 7.608583318031659815e+01
5.736834762349197263e+04 7.040418356557660445e+03 7.437145017371780398e+01
5.736834762626237352e+04 6.837879958238607287e+03 7.344523867147169938e+01
5.736834762903277442e+04 6.491790798599373375e+03 7.195592587261467088e+01
5.736834763180317532e+04 6.459721542372016302e+03 7.187487822805398707e+01
5.736834763457356894e+04 6.374376469692940191e+03 7.154088003283000319e+01
5.736834763734396984e+04 6.214021434519681861e+03 7.085200449927512523e+01
5.736834764011437073e+04 6.204107756161616635e+03 7.073361202545692095e+01
5.736834764288477163e+04 5.990778878217808597e+03 6.983845952856718498e+01
5.736834764565517253e+04 5.974962412117509302e+03 6.972444583766096571e+01
5.736834764842557342e+04 6.052361477886361172e+03 7.004014181487903556e+01
5.736834765119597432e+04 6.053567096147643497e+03 7.002907728965436718e+01
5.736834765396636794e+04 6.054757832239649360e+03 7.003984332173452287e+01
5.736834765673676884e+04 6.004216501982876252e+03 6.987758167920863173e+01
5.736834765950716974e+04 5.964396165364671106e+03 6.970445813030683269e+01
5.736834766227757063e+04 6.005762671708279413e+03 6.986380101584614977e+01
5.736834766504797153e+04 6.106930180699997436e+03 7.026990608959154372e+01
5.736834766781837243e+04 5.944344126986071387e+03 6.952203980994300991e+01
5.736834767058877333e+04 5.902684475115547684e+03 6.941292552880969424e+01
5.736834767335916695e+04 5.879122635879919471e+03 6.933847062138420370e+01
5.736834767612956784e+04 6.003367439573764386e+03 6.984701301450509447e+01
5.736834767889996874e+04 5.957378314952098663e+03 6.972332070944486304e+01
5.736834768167036964e+04 5.940634201001121255e+03 6.956111755290281451e+01
