5.737343767310000112e+04 2.471758826631884403e+03 5.056078470218832877e+01
5.737343768395792722e+04 2.639491195733679888e+03 5.152721724986789553e+01
5.737343769481586060e+04 2.683351688776892843e+03 5.187154087798015922e+01
5.737343770567378670e+04 2.829628468905055797e+03 5.274185909323871613e+01
5.737343771653171279e+04 2.926674221489724005e+03 5.335174103465130457e+01
5.737343772738963889e+04 3.108028070420118638e+03 5.443709713960209484e+01
5.737343773824757227e+04 3.327745446443022047e+03 5.577425155149484226e+01
5.737343774910549837e+04 3.419845147103066665e+03 5.644562453683290215e+01
5.737343775996342447e+04 3.516481118413522381e+03 5.690297675927795495e+01
5.737343777082135784e+04 3.669055607398101074e+03 5.775250526139776497e+01
5.737343778167928394e+04 3.633779743160887847e+03 5.760717566206387374e+01
5.737343779253721004e+04 3.490304353712398552e+03 5.680786245359123399e+01
5.737343780339514342e+04 3.562308593174922862e+03 5.723825024102214343e+01
5.737343781425306952e+04 3.581496748582384498e+03 5.724197931528026118e+01
5.737343782511099562e+04 3.577853307283281538e+03 5.715404894654292178e+01
5.737343783596892172e+04 3.626419432410155423e+03 5.739684650521202514e+01
5.737343784682685509e+04 3.706753843829367270e+03 5.784962168394324067e+01
5.737343785768478119e+04 3.686550906978448438e+03 5.780753290504940622e+01
5.737343786854270729e+04 3.569194849705088927e+03 5.725421630630294345e+01
5.737343787940064067e+04 3.552287515933738632e+03 5.723127460316964488e+01
5.737343789025856677e+04 3.563518511150668928e+03 5.728311233732702590e+01
5.737343790111649287e+04 3.562276869833485762e+03 5.732667800384923851e+01
5.737343791197442624e+04 3.678989601927202330e+03 5.792504417728480348e+01
5.737343792283235234e+04 3.639903606965516246e+03 5.767976321383927285e+01
5.737343793369027844e+04 3.640050874913852567e+03 5.780709524356426243e+01
5.737343794454820454e+04 3.760265091977568773e+03 5.847220770869127904e+01
5.737343795540613792e+04 3.902557478820771394e+03 5.914794763170849023e+01
5.737343796626406402e+04 3.815204248890656800e+03 5.853424853131632233e+01
5.737343797712199012e+04 3.879859766967700125e+03 5.892521101248873805e+01
5.737343798797992349e+04 3.840435675569105115e+03 5.870760963147583311e+01
5.737343799883784959e+04 3.754709796746330539e+03 5.819889116867429379e+01
5.737343800969577569e+04 3.634214475802402831e+03 5.755264902114726056e+01
5.737343802055370179e+04 3.539329699888844971e+03 5.711558564207896183e+01
5.737343803141163517e+04 3.448582067183439904e+03 5.661610078698095094e+01
5.737343804226956127e+04 3.424367673233788992e+03 5.642814401845046035e+01
5.737343805312748736e+04 3.492513672929499080e+03 5.687451102281728765e+01
5.737343806398542074e+04 3.498437264102683002e+03 5.692424622473179596e+01
5.737343807484334684e+04 3.539698879382333871e+03 5.719265296017402278e+01
5.737343808570127294e+04 3.640355032948568805e+03 5.777625080703595017e+01
5.737343809655920631e+04 3.715605136793108613e+03 5.818540028826398469e+01
5.737343810741713241e+04 3.877483249628789963e+03 5.905840585347901595e+01
5.737343811827505851e+04 3.910321727965613718e+03 5.927280414167896083e+01
5.737343812913298461e+04 3.969151511869889873e+03 5.952781591406413497e+01
5.737343813999091799e+04 3.915847774925249723e+03 5.920063385405416767e+01
5.737343815084884409e+04 3.942326138409803661e+03 5.927910217337377219e+01
5.737343816170677019e+04 3.837092476099363921e+03 5.872693993704272231e+01
5.737343817256470356e+04 3.778077216657720328e+03 5.832695310924410848e+01
5.737343818342262966e+04 3.709602786603050845e+03 5.771303068958915361e+01
5.737343819428055576e+04 3.587678103550804281e+03 5.696098760650486525e+01
5.737343820513848914e+04 3.574484513319313010e+03 5.682599279694596817e+01
5.737343821599641524e+04 3.600488011342891696e+03 5.695040909257613038e+01
5.737343822685434134e+04 3.646967681694698513e+03 5.711852716668748542e+01
5.737343823771226744e+04 3.664385747639829788e+03 5.722916182832784671e+01
5.737343824857020081e+04 3.788943661410631648e+03 5.797203117451238086e+01
5.737343825942812691e+04 3.850720431801967152e+03 5.838782900003647569e+01
5.737343827028605301e+04 3.914620914820462531e+03 5.865147113400265511e+01
5.737343828114398639e+04 3.837362153348037737e+03 5.817144709266448643e+01
5.737343829200191249e+04 3.840564067292533764e+03 5.819946111706801872e+01
5.737343830285983859e+04 3.791949265806031690e+03 5.798105312245242260e+01
5.737343831371777196e+04 3.740532160735752768e+03 5.765453788938091861e+01
5.737343832457569806e+04 3.603915843981205398e+03 5.686169232595943157e+01
5.737343833543362416e+04 3.579318807323733836e+03 5.662102710375773995e+01
5.737343834629155026e+04 3.592950837629056878e+03 5.666760999276966970e+01
5.737343835714948364e+04 3.472405221934757719e+03 5.605578184744155124e+01
5.737343836800740974e+04 3.386326927605568017e+03 5.553166269318707293e+01
