2.457545819796999916e+06 2.075203895193824064e+04 1.295997975102348505e+02
2.457545819813949522e+06 6.941714225710445317e+04 2.166125193889820935e+02
2.457545819830899592e+06 7.973855946980605950e+04 2.339406852442378693e+02
2.457545819847849198e+06 7.784130072124618164e+04 2.347725914914004193e+02
2.457545819864799269e+06 7.728371395869337721e+04 2.343835720866012480e+02
2.457545819881748874e+06 7.728256735131044115e+04 2.343636904715460503e+02
2.457545819898698945e+06 7.759706317054299871e+04 2.348657028740880435e+02
2.457545819915648550e+06 7.802202356650822912e+04 2.353197618792568733e+02
2.457545819932598621e+06 7.814406581371204811e+04 2.355252648027678788e+02
2.457545819949548226e+06 7.779482534232197213e+04 2.350910269578370730e+02
2.457545819966497831e+06 7.996857352570560761e+04 2.379300385686765082e+02
2.457545819983447902e+06 8.134427902385749621e+04 2.396898949053337446e+02
2.457545820000397507e+06 8.181915349132352276e+04 2.403037370660642296e+02
2.457545820017347578e+06 8.180263904089869175e+04 2.402943531394731735e+02
2.457545820034297183e+06 7.913401544048804499e+04 2.370271821587149077e+02
2.457545820051247254e+06 7.779235721786200884e+04 2.354363625487307843e+02
2.457545820068196859e+06 7.811716966685875377e+04 2.360403479167759713e+02
2.457545820085146464e+06 7.740665789710526587e+04 2.352309010566785048e+02
2.457545820102096535e+06 8.112981668676802656e+04 2.397353970807051837e+02
2.457545820119046140e+06 8.225587659610221453e+04 2.410372766691014021e+02
2.457545820135996211e+06 8.221557420074869879e+04 2.409606701563676268e+02
2.457545820152945817e+06 8.199274894243240124e+04 2.407209884736161882e+02
2.457545820169895887e+06 8.338548153381825250e+04 2.424153491225698076e+02
2.457545820186845493e+06 7.959108713157626335e+04 2.377191947807766041e+02
2.457545820203795563e+06 7.842873539356548281e+04 2.360173211908066264e+02
2.457545820220745169e+06 7.856387758916555322e+04 2.360778302763794727e+02
2.457545820237694774e+06 7.753679119263618486e+04 2.347462593047263510e+02
2.457545820254644845e+06 7.782340980972810939e+04 2.351789626417136958e+02
2.457545820271594450e+06 7.725782201060853549e+04 2.344516038464833230e+02
2.457545820288544521e+06 7.746875606938829878e+04 2.347093962571103702e+02
2.457545820305494126e+06 7.732902508010540623e+04 2.344633318273907037e+02
2.457545820322444197e+06 7.788038837185564626e+04 2.352040309157702609e+02
2.457545820339393802e+06 7.796512061071895005e+04 2.352837131158653108e+02
2.457545820356343407e+06 7.745989232910933788e+04 2.346153324028574332e+02
2.457545820373293478e+06 7.800113675775236334e+04 2.353724148516301682e+02
2.457545820390243083e+06 7.872513902139723359e+04 2.363917665041125247e+02
2.457545820407193154e+06 7.769817717633956636e+04 2.349686343880971435e+02
2.457545820424142759e+06 7.738482444076405955e+04 2.345911115084923608e+02
2.457545820441092830e+06 7.726846930203519878e+04 2.344596146903034253e+02
2.457545820458042435e+06 7.735288359255020623e+04 2.345427415558906432e+02
2.457545820474992506e+06 7.764320389904940384e+04 2.348788778887042952e+02
2.457545820491942111e+06 7.759833612051157979e+04 2.348116715727711892e+02
