# jd flux flux_err mag mag_err
2.457545819668382872e+06 3.698197050503817445e+04 1.656774985442040986e+02 -1.141997511972588519e+01 4.864064429581385629e-03
2.457545819699098356e+06 3.670138682916814287e+04 1.651255357139766318e+02 -1.141170618793782232e+01 4.884921651069841671e-03
2.457545819729813375e+06 3.656853353437944315e+04 1.648734903113273447e+02 -1.140776886169439130e+01 4.895185178873163491e-03
2.457545819760528859e+06 3.632857468539151159e+04 1.644423043143047209e+02 -1.140062089773879173e+01 4.914632325446242379e-03
2.457545819791244343e+06 3.687496190740411839e+04 1.651413476894666132e+02 -1.141682895087824434e+01 4.862393276245248475e-03
2.457545819821959827e+06 3.715089060280539707e+04 1.656409854342878134e+02 -1.142492307345466251e+01 4.840881082722766141e-03
2.457545819852674846e+06 3.686888887772993621e+04 1.650786105632293186e+02 -1.141665012354187603e+01 4.861346682492053220e-03
2.457545819883390330e+06 3.719559232122248068e+04 1.656566293654643118e+02 -1.142622869755522785e+01 4.835519951234584952e-03
2.457545819914105814e+06 3.680671902965199115e+04 1.649564319815941076e+02 -1.141481776483209387e+01 4.865953857919548889e-03
2.457545819944821298e+06 3.681355299183238822e+04 1.649838099821677417e+02 -1.141501933649106348e+01 4.865858014024922532e-03
2.457545819975536317e+06 3.686955239091352996e+04 1.650953396766046524e+02 -1.141666966288318541e+01 4.861751837938040229e-03
2.457545820006251801e+06 3.445915300792347261e+04 1.600025261589917136e+02 -1.134326149615018409e+01 5.041364270094466325e-03
2.457545820036967285e+06 3.016936122381036694e+04 1.517354496454973969e+02 -1.119891528737721309e+01 5.460680651338469145e-03
2.457545820067682769e+06 3.715480120183771214e+04 1.650451015060031068e+02 -1.142503735484690708e+01 4.822958614034101796e-03
2.457545820098397788e+06 3.773959743319424888e+04 1.666215713158050562e+02 -1.144199315812853435e+01 4.793578022676599042e-03
2.457545820129113272e+06 4.073055713223543717e+04 1.721551497546149108e+02 -1.152480087654084073e+01 4.589078702943756929e-03
2.457545820159828756e+06 4.119978931440873566e+04 1.729568697871439440e+02 -1.153723748790907067e+01 4.557940584832541678e-03
2.457545820190544240e+06 3.765364987515535904e+04 1.666775277143419487e+02 -1.143951769993489265e+01 4.806133257747644168e-03
2.457545820221259259e+06 3.562756826560280751e+04 1.627227371531958227e+02 -1.137946545225203820e+01 4.958929088833829990e-03
2.457545820251974743e+06 3.738127191051136469e+04 1.659506695608215523e+02 -1.143163518577978088e+01 4.820041447500911930e-03
2.457545820282690227e+06 3.736708339566317591e+04 1.661705423600843687e+02 -1.143122300321377516e+01 4.828260283299961632e-03
2.457545820313405711e+06 3.709722852949662774e+04 1.655817341839442633e+02 -1.142335366357225013e+01 4.846149407897966388e-03
2.457545820344120730e+06 3.683879046075994120e+04 1.654424911937076956e+02 -1.141576340608936846e+01 4.876043109504161858e-03
2.457545820374836214e+06 3.679836525213067944e+04 1.654256939072300838e+02 -1.141457131449978846e+01 4.880904129088624484e-03
2.457545820405551698e+06 3.724289054066051176e+04 1.658018080751843399e+02 -1.142760845152659144e+01 4.833611260732126672e-03
2.457545820436267182e+06 3.698382267844460148e+04 1.653151803611962407e+02 -1.142002949544846402e+01 4.853184201263692314e-03
2.457545820466982201e+06 3.722661064897017059e+04 1.656980959381254195e+02 -1.142713374261040649e+01 4.832700252523180855e-03
2.457545820497697685e+06 3.687218578213778528e+04 1.650770666485364870e+02 -1.141674720833479917e+01 4.860866545910273728e-03
2.457545820528413169e+06 3.676777442682439869e+04 1.648684565938516187e+02 -1.141366835646426381e+01 4.868510015977839216e-03
2.457545820559128653e+06 3.676940934670188290e+04 1.649199773135316605e+02 -1.141371663385570301e+01 4.869814863764056027e-03
2.457545820589843672e+06 3.695470005326704268e+04 1.655183369511624960e+02 -1.141917420407937023e+01 4.862977615900513848e-03
2.457545820620559156e+06 3.632453676979758893e+04 1.648125988297576612e+02 -1.140050021161623306e+01 4.926246745759070393e-03
