5.736941685460000008e+04 1.608853287746253409e+04 1.182236836487646627e+02
5.736941685874186805e+04 1.598235778225464492e+04 1.179817253846849070e+02
5.736941686288372875e+04 1.610503733319747334e+04 1.182407572453949598e+02
5.736941686702559673e+04 1.608936104241231806e+04 1.182915510688542327e+02
5.736941687116745743e+04 1.579881446721481188e+04 1.174584148557262893e+02
5.736941687530932541e+04 1.491624605327649988e+04 1.150934968540778982e+02
5.736941687945119338e+04 1.393496570803547002e+04 1.123599241907568143e+02
5.736941688359305408e+04 1.367186845167121282e+04 1.115544401047520893e+02
5.736941688773492206e+04 1.346472370645725459e+04 1.110301503497486522e+02
5.736941689187678276e+04 1.352872040471592300e+04 1.112479926036347422e+02
5.736941689601865073e+04 1.334701300611121223e+04 1.107673622891482097e+02
5.736941690016051871e+04 1.341936389739806145e+04 1.110114601882337126e+02
5.736941690430237941e+04 1.346205557557575594e+04 1.111355497335964486e+02
5.736941690844424738e+04 1.341255358025154237e+04 1.109839797394186007e+02
5.736941691258610808e+04 1.351701364062249559e+04 1.113091882126971370e+02
5.736941691672797606e+04 1.345578453968814574e+04 1.110689724699850842e+02
5.736941692086984403e+04 1.344576510275411420e+04 1.111638384574190326e+02
5.736941692501170473e+04 1.338117294759908691e+04 1.107338946653528780e+02
5.736941692915357271e+04 1.341328961500492005e+04 1.109097234490561164e+02
5.736941693329543341e+04 1.342163681469133371e+04 1.110232894235803940e+02
5.736941693743730139e+04 1.358016514725903653e+04 1.116424040970966018e+02
5.736941694157916936e+04 1.369786271043231318e+04 1.119344209420988108e+02
5.736941694572103006e+04 1.348903937660507472e+04 1.112633971292447370e+02
5.736941694986289804e+04 1.344371120560839336e+04 1.112803531887612536e+02
5.736941695400475874e+04 1.314907658022270516e+04 1.103103123051399024e+02
5.736941695814662671e+04 1.338792159737192196e+04 1.109638427797733158e+02
5.736941696228849469e+04 1.334090709754190357e+04 1.109425036419500685e+02
5.736941696643035539e+04 1.341022743706606161e+04 1.111218775613196925e+02
5.736941697057222336e+04 1.337500404332430116e+04 1.111009156588182805e+02
5.736941697471408406e+04 1.335884914517129801e+04 1.110131699731338273e+02
5.736941697885595204e+04 1.320172110871989935e+04 1.105749793567427304e+02
5.736941698299782001e+04 1.301762534951300404e+04 1.101388208139213845e+02
5.736941698713968071e+04 1.301207386633667011e+04 1.101994565839541451e+02
5.736941699128154869e+04 1.293472123947619912e+04 1.099060120783619254e+02
5.736941699542340939e+04 1.296261937436653898e+04 1.100008440240360414e+02
5.736941699956527737e+04 1.294969868973684061e+04 1.100380197026769338e+02
5.736941700370714534e+04 1.310950006925239722e+04 1.105184866605345775e+02
5.736941700784900604e+04 1.339908998918722864e+04 1.112609559133767476e+02
5.736941701199087402e+04 1.381930011365752580e+04 1.125980089100497423e+02
5.736941701613273472e+04 1.374061073030319676e+04 1.122029068808523107e+02
5.736941702027460269e+04 1.410843117992040970e+04 1.133224122623868624e+02
5.736941702441647067e+04 1.389291383902265989e+04 1.127053877951183836e+02
5.736941702855833137e+04 1.357467546141544881e+04 1.118243274570761656e+02
5.736941703270019934e+04 1.364121055700438592e+04 1.120331121677317867e+02
5.736941703684206004e+04 1.383343277428335205e+04 1.124842844721466690e+02
5.736941704098392802e+04 1.365363047567648755e+04 1.120533608613989855e+02
5.736941704512579599e+04 1.369174883763274920e+04 1.122231506712870441e+02
5.736941704926765669e+04 1.359889359053859880e+04 1.119346881622278005e+02
5.736941705340952467e+04 1.382122431843123013e+04 1.126704685817517344e+02
5.736941705755138537e+04 1.404137923748745379e+04 1.132940168236882670e+02
5.736941706169325334e+04 1.387017073393708415e+04 1.127492901798678560e+02
5.736941706583512132e+04 1.398350281657855521e+04 1.131488419790842812e+02
5.736941706997698202e+04 1.405572986622875032e+04 1.133382094462312466e+02
5.736941707411885000e+04 1.377905220852847924e+04 1.126536352875433806e+02
5.736941707826071070e+04 1.368341713260542383e+04 1.122830851555129925e+02
5.736941708240257867e+04 1.368364566596974510e+04 1.121969428490853460e+02
5.736941708654444665e+04 1.373351428036244943e+04 1.124315845761615691e+02
5.736941709068630735e+04 1.376348857870485153e+04 1.125946673746441320e+02
5.736941709482817532e+04 1.363277683273024559e+04 1.122273365654426698e+02
5.736941709897003602e+04 1.361835697000794062e+04 1.122489455432427548e+02
5.736941710311190400e+04 1.375660896908964787e+04 1.126844425444210316e+02
5.736941710725377197e+04 1.383723390647443375e+04 1.128506156302279493e+02
5.736941711139563267e+04 1.395461643432239543e+04 1.131830063154369554e+02
5.736941711553750065e+04 1.386643567795133822e+04 1.131033996051993000e+02
5.736941711967936135e+04 1.386868850881239632e+04 1.131257950902579807e+02
5.736941712382122932e+04 1.386597375484570512e+04 1.131882367143068819e+02
5.736941712796309730e+04 1.397075863229290189e+04 1.133992620205127508e+02
5.736941713210495800e+04 1.389047856651961411e+04 1.131660134371653328e+02
5.736941713624682598e+04 1.383621138698222421e+04 1.129345649114124512e+02
5.736941714038868668e+04 1.380210103361027359e+04 1.129132055267379258e+02
5.736941714453055465e+04 1.385177375640434184e+04 1.131778334524272793e+02
5.736941714867242263e+04 1.389070261373765607e+04 1.131640071753488428e+02
5.736941715281428333e+04 1.392177058757766099e+04 1.132100503222638395e+02
5.736941715695615130e+04 1.379585479616165685e+04 1.130397034702350396e+02
5.736941716109801200e+04 1.393343879300793014e+04 1.133342604409351537e+02
5.736941716523987998e+04 1.364985397024818667e+04 1.125821308240530385e+02
5.736941716938174795e+04 1.354541279820438285e+04 1.124911267056326238e+02
5.736941717352360865e+04 1.357002541423957155e+04 1.124463388141781337e+02
5.736941717766547663e+04 1.383253865617191150e+04 1.131812402804842463e+02
5.736941718180733733e+04 1.399626875902348911e+04 1.136327057643575529e+02
5.736941718594920530e+04 1.381496482964809002e+04 1.131970100524583955e+02
5.736941719009107328e+04 1.386790858813708837e+04 1.133602988488854351e+02
5.736941719423293398e+04 1.398371009589030109e+04 1.135984243994771674e+02
5.736941719837480196e+04 1.395650362079578372e+04 1.136303287175160506e+02
5.736941720251666266e+04 1.376553443341309321e+04 1.130437255174992686e+02
5.736941720665853063e+04 1.352412625215452135e+04 1.123369222420582503e+02
5.736941721080039861e+04 1.370887434430994108e+04 1.128949613095486626e+02
5.736941721494225931e+04 1.352292677207375164e+04 1.123799578302605653e+02
5.736941721908412728e+04 1.380388085558581224e+04 1.133268116800345524e+02
5.736941722322599526e+04 1.356407796723915817e+04 1.127230043564215975e+02
5.736941722736785596e+04 1.380668240225937552e+04 1.133488263767364401e+02
5.736941723150972393e+04 1.390324012452892566e+04 1.135725287427808325e+02
5.736941723565158463e+04 1.376776033155307778e+04 1.132714992655898811e+02
5.736941723979345261e+04 1.402777545997283414e+04 1.138955440604470226e+02
5.736941724393532058e+04 1.420731416366877420e+04 1.144313128849702963e+02
5.736941724807718128e+04 1.406538216109321002e+04 1.141890134221444129e+02
5.736941725221904926e+04 1.423720841196284528e+04 1.145747558244391371e+02
5.736941725636090996e+04 1.448549573676208820e+04 1.154114125550199645e+02
5.736941726050277794e+04 1.524213911615874531e+04 1.173576432857054641e+02
5.736941726464464591e+04 1.635024624288555788e+04 1.202509976129888827e+02
5.736941726878650661e+04 2.040430941837734645e+04 1.305714791323337920e+02
5.736941727292837459e+04 3.075272545667441227e+04 1.532461939072478003e+02
5.736941727707023529e+04 4.799897073175540572e+04 1.851616794741373724e+02
5.736941728121210326e+04 6.638307977838977240e+04 2.139721654563097388e+02
5.736941728535397124e+04 8.494613751689990750e+04 2.395607477147110274e+02
5.736941728949583194e+04 9.408500612321910739e+04 2.512014249653043692e+02
5.736941729363769991e+04 9.639787139551781002e+04 2.540357690294248130e+02
5.736941729777956061e+04 8.916886006790331157e+04 2.450133198206586655e+02
5.736941730192142859e+04 8.528135471053728543e+04 2.399804411621434213e+02
5.736941730606329656e+04 8.953873516571722575e+04 2.454876397822324918e+02
5.736941731020515726e+04 8.985914817907084944e+04 2.459231504077018258e+02
5.736941731434702524e+04 8.775925801300405874e+04 2.432389883583074948e+02
5.736941731848888594e+04 8.165055564709439932e+04 2.353058185432060441e+02
5.736941732263075392e+04 8.516618464595226396e+04 2.399788035653120062e+02
5.736941732677262189e+04 9.242035367121297168e+04 2.491884769386369385e+02
5.736941733091448259e+04 9.443243731532343372e+04 2.516985196728934682e+02
5.736941733505635057e+04 9.544490555333616794e+04 2.529682125347698047e+02
5.736941733919821127e+04 1.002391830189762404e+05 2.588219627257628304e+02
5.736941734334007924e+04 1.022336562809958123e+05 2.611674550814682334e+02
5.736941734748194722e+04 8.958104245421683299e+04 2.456297649874297235e+02
5.736941735162380792e+04 7.999899463744956302e+04 2.331544718967261929e+02
5.736941735576567589e+04 8.476673253727138217e+04 2.394698590839046233e+02
5.736941735990753659e+04 9.011341090727837582e+04 2.463154401366634829e+02
5.736941736404940457e+04 9.093502394178595569e+04 2.473839930469821127e+02
5.736941736819127254e+04 9.263395208015412209e+04 2.495055947856466787e+02
5.736941737233313324e+04 9.555020285622912343e+04 2.531493388450275859e+02
5.736941737647500122e+04 9.899652388452368905e+04 2.574075215290068854e+02
5.736941738061686192e+04 9.310675501734888530e+04 2.501795802609847215e+02
5.736941738475872990e+04 9.267932882535742829e+04 2.495962278418693927e+02
5.736941738890059787e+04 9.448343460959712684e+04 2.519135499055994387e+02
5.736941739304245857e+04 9.130975962423985766e+04 2.478826724424448571e+02
5.736941739718432655e+04 9.142954412200899969e+04 2.480480526500167855e+02
5.736941740132618725e+04 9.609010981330747018e+04 2.538689482016525858e+02
5.736941740546805522e+04 9.810265602731540275e+04 2.563439494903436184e+02
5.736941740960992320e+04 9.756450144780748815e+04 2.557392843459094820e+02
5.736941741375178390e+04 9.651385061362510896e+04 2.544215675387120257e+02
5.736941741789365187e+04 9.780591668733919505e+04 2.560091649195956052e+02
5.736941742203551257e+04 9.472116440516256262e+04 2.523131660826497011e+02
5.736941742617738055e+04 9.299811397112769191e+04 2.500853354241912143e+02
5.736941743031924852e+04 9.855398222308298864e+04 2.568875259092902184e+02
5.736941743446110922e+04 9.491798144556062471e+04 2.525004394541930139e+02
5.736941743860297720e+04 7.865149313290520513e+04 2.315256424128508854e+02
5.736941744274483790e+04 7.568563395822460006e+04 2.274425987038961807e+02
5.736941744688670587e+04 9.087056929228130321e+04 2.474451978874521103e+02
5.736941745102857385e+04 1.021993457988322480e+05 2.613678985649578976e+02
5.736941745517043455e+04 1.027164393226662651e+05 2.619955684115454915e+02
5.736941745931230253e+04 9.773818030094041023e+04 2.559833641691421064e+02
5.736941746345416323e+04 9.734560445999260992e+04 2.555139854836409086e+02
5.736941746759603120e+04 9.776256729695163085e+04 2.560207743231349582e+02
5.736941747173789918e+04 9.435545915760025673e+04 2.518560384547554065e+02
5.736941747587975988e+04 8.566071489361237036e+04 2.408123996936276967e+02
5.736941748002162785e+04 7.675108971293836657e+04 2.289916971289010235e+02
5.736941748416348855e+04 8.025999294489508611e+04 2.337778764891396008e+02
5.736941748830535653e+04 8.717130564750821213e+04 2.428283170516431255e+02
5.736941749244722450e+04 8.351552145947773533e+04 2.381013932408411335e+02
5.736941749658908520e+04 8.117469869226781884e+04 2.350127660967308145e+02
5.736941750073095318e+04 9.223682080818280519e+04 2.493060813458280904e+02
5.736941750487281388e+04 9.697818954640072479e+04 2.551781623569571025e+02
5.736941750901468185e+04 9.573190475915382558e+04 2.536502050652419200e+02
5.736941751315654983e+04 9.194445391379031935e+04 2.488467965194063254e+02
5.736941751729841053e+04 9.040517047172007733e+04 2.469371712530022478e+02
5.736941752144027851e+04 9.283097767969178676e+04 2.500458988733528258e+02
5.736941752558213921e+04 9.122484003619874420e+04 2.480657168111925444e+02
5.736941752972400718e+04 8.887627434083024855e+04 2.450941819254852589e+02
5.736941753386587516e+04 9.010166011245544360e+04 2.466249873053296255e+02
5.736941753800773586e+04 9.512623104683829297e+04 2.529618394992475885e+02
5.736941754214960383e+04 9.875985114430444082e+04 2.573709602358351844e+02
5.736941754629146453e+04 9.461095754132195725e+04 2.523964767023071261e+02
5.736941755043333251e+04 9.326339480416192964e+04 2.506730927430543545e+02
