5.730822779230000015e+04 0.000000000000000000e+00 7.372923436466705027e+01
5.730822779302384879e+04 0.000000000000000000e+00 7.372923436466705027e+01
5.730822779374769743e+04 0.000000000000000000e+00 7.372923436466705027e+01
5.730822779447154608e+04 0.000000000000000000e+00 7.372923436466705027e+01
5.730822779519540200e+04 0.000000000000000000e+00 7.372923436466705027e+01
5.730822779591925064e+04 0.000000000000000000e+00 7.372923436466705027e+01
5.730822779664309928e+04 0.000000000000000000e+00 7.372923436466705027e+01
5.730822779736694793e+04 0.000000000000000000e+00 7.372923436466705027e+01
5.730822779809079657e+04 0.000000000000000000e+00 7.372923436466705027e+01
5.730822779881464521e+04 0.000000000000000000e+00 7.372923436466705027e+01
5.730822779953850113e+04 0.000000000000000000e+00 7.372923436466705027e+01
5.730822780026234977e+04 0.000000000000000000e+00 7.372923436466705027e+01
5.730822780098619842e+04 0.000000000000000000e+00 7.372923436466705027e+01
5.730822780171004706e+04 0.000000000000000000e+00 7.372923436466705027e+01
5.730822780243389570e+04 0.000000000000000000e+00 7.372923436466705027e+01
5.730822780315774435e+04 0.000000000000000000e+00 7.372923436466705027e+01
5.730822780388160027e+04 0.000000000000000000e+00 7.372923436466705027e+01
5.730822780460544891e+04 0.000000000000000000e+00 7.372923436466705027e+01
5.730822780532929755e+04 0.000000000000000000e+00 7.372923436466705027e+01
5.730822780605314620e+04 0.000000000000000000e+00 7.372923436466705027e+01
5.730822780677699484e+04 0.000000000000000000e+00 7.372923436466705027e+01
5.730822780750084348e+04 0.000000000000000000e+00 7.372923436466705027e+01
5.730822780822469940e+04 0.000000000000000000e+00 7.372923436466705027e+01
5.730822780894854805e+04 0.000000000000000000e+00 7.372923436466705027e+01
5.730822780967239669e+04 0.000000000000000000e+00 7.372923436466705027e+01
5.730822781039624533e+04 0.000000000000000000e+00 7.372923436466705027e+01
5.730822781112009397e+04 0.000000000000000000e+00 7.372923436466705027e+01
5.730822781184394262e+04 0.000000000000000000e+00 7.372923436466705027e+01
5.730822781256779854e+04 0.000000000000000000e+00 7.372923436466705027e+01
5.730822781329164718e+04 0.000000000000000000e+00 7.372923436466705027e+01
5.730822781401549582e+04 0.000000000000000000e+00 7.372923436466705027e+01
5.730822781473934447e+04 0.000000000000000000e+00 7.372923436466705027e+01
5.730822781546319311e+04 0.000000000000000000e+00 7.372923436466705027e+01
5.730822781618704175e+04 0.000000000000000000e+00 7.372923436466705027e+01
5.730822781691089767e+04 0.000000000000000000e+00 7.372923436466705027e+01
5.730822781763474632e+04 0.000000000000000000e+00 7.372923436466705027e+01
5.730822781835859496e+04 0.000000000000000000e+00 7.372923436466705027e+01
5.730822781908244360e+04 0.000000000000000000e+00 7.372923436466705027e+01
5.730822781980629225e+04 0.000000000000000000e+00 7.372923436466705027e+01
5.730822782053014089e+04 0.000000000000000000e+00 7.372923436466705027e+01
5.730822782125399681e+04 0.000000000000000000e+00 7.372923436466705027e+01
5.730822782197784545e+04 0.000000000000000000e+00 7.372923436466705027e+01
5.730822782270169409e+04 0.000000000000000000e+00 7.372923436466705027e+01
5.730822782342554274e+04 0.000000000000000000e+00 7.372923436466705027e+01
5.730822782414939138e+04 0.000000000000000000e+00 7.372923436466705027e+01
5.730822782487324002e+04 0.000000000000000000e+00 7.372923436466705027e+01
5.730822782559708867e+04 0.000000000000000000e+00 7.372923436466705027e+01
5.730822782632094459e+04 0.000000000000000000e+00 7.372923436466705027e+01
5.730822782704479323e+04 0.000000000000000000e+00 7.372923436466705027e+01
5.730822782776864187e+04 0.000000000000000000e+00 7.372923436466705027e+01
5.730822782849249052e+04 0.000000000000000000e+00 7.372923436466705027e+01
5.730822782921633916e+04 0.000000000000000000e+00 7.372923436466705027e+01
5.730822782994018780e+04 0.000000000000000000e+00 7.372923436466705027e+01
5.730822783066404372e+04 0.000000000000000000e+00 7.372923436466705027e+01
5.730822783138789237e+04 0.000000000000000000e+00 7.372923436466705027e+01
5.730822783211174101e+04 0.000000000000000000e+00 7.372923436466705027e+01
5.730822783283558965e+04 0.000000000000000000e+00 7.372923436466705027e+01
5.730822783355943830e+04 0.000000000000000000e+00 7.372923436466705027e+01
5.730822783428328694e+04 0.000000000000000000e+00 7.372923436466705027e+01
5.730822783500714286e+04 0.000000000000000000e+00 7.372923436466705027e+01
5.730822783573099150e+04 0.000000000000000000e+00 7.372923436466705027e+01
5.730822783645484014e+04 0.000000000000000000e+00 7.372923436466705027e+01
5.730822783717868879e+04 0.000000000000000000e+00 7.372923436466705027e+01
5.730822783790253743e+04 0.000000000000000000e+00 7.372923436466705027e+01
5.730822783862638607e+04 0.000000000000000000e+00 7.372923436466705027e+01
5.730822783935024199e+04 0.000000000000000000e+00 7.372923436466705027e+01
5.730822784007409064e+04 0.000000000000000000e+00 7.372923436466705027e+01
5.730822784079793928e+04 0.000000000000000000e+00 7.372923436466705027e+01
5.730822784152178792e+04 0.000000000000000000e+00 7.372923436466705027e+01
5.730822784224563657e+04 0.000000000000000000e+00 7.372923436466705027e+01
5.730822784296948521e+04 0.000000000000000000e+00 7.372923436466705027e+01
5.730822784369334113e+04 0.000000000000000000e+00 7.372923436466705027e+01
5.730822784441718977e+04 0.000000000000000000e+00 7.372923436466705027e+01
5.730822784514103842e+04 0.000000000000000000e+00 7.372923436466705027e+01
5.730822784586488706e+04 0.000000000000000000e+00 7.372923436466705027e+01
5.730822784658873570e+04 0.000000000000000000e+00 7.372923436466705027e+01
5.730822784731258434e+04 0.000000000000000000e+00 7.372923436466705027e+01
5.730822784803644026e+04 0.000000000000000000e+00 7.372923436466705027e+01
5.730822784876028891e+04 0.000000000000000000e+00 7.372923436466705027e+01
5.730822784948413755e+04 0.000000000000000000e+00 7.372923436466705027e+01
5.730822785020798619e+04 0.000000000000000000e+00 7.372923436466705027e+01
5.730822785093183484e+04 0.000000000000000000e+00 7.372923436466705027e+01
5.730822785165568348e+04 0.000000000000000000e+00 7.372923436466705027e+01
5.730822785237953212e+04 0.000000000000000000e+00 7.372923436466705027e+01
5.730822785310338804e+04 0.000000000000000000e+00 7.372923436466705027e+01
5.730822785382723669e+04 0.000000000000000000e+00 7.372923436466705027e+01
5.730822785455108533e+04 0.000000000000000000e+00 7.372923436466705027e+01
5.730822785527493397e+04 0.000000000000000000e+00 7.372923436466705027e+01
5.730822785599878262e+04 0.000000000000000000e+00 7.372923436466705027e+01
5.730822785672263126e+04 0.000000000000000000e+00 7.372923436466705027e+01
5.730822785744648718e+04 0.000000000000000000e+00 7.372923436466705027e+01
5.730822785817033582e+04 0.000000000000000000e+00 7.372923436466705027e+01
5.730822785889418446e+04 0.000000000000000000e+00 7.372923436466705027e+01
5.730822785961803311e+04 0.000000000000000000e+00 7.372923436466705027e+01
5.730822786034188175e+04 0.000000000000000000e+00 7.372923436466705027e+01
5.730822786106573039e+04 0.000000000000000000e+00 7.372923436466705027e+01
5.730822786178958631e+04 0.000000000000000000e+00 7.372923436466705027e+01
5.730822786251343496e+04 0.000000000000000000e+00 7.372923436466705027e+01
5.730822786323728360e+04 0.000000000000000000e+00 7.372923436466705027e+01
5.730822786396113224e+04 0.000000000000000000e+00 7.372923436466705027e+01
5.730822786468498089e+04 0.000000000000000000e+00 7.372923436466705027e+01
5.730822786540882953e+04 0.000000000000000000e+00 7.372923436466705027e+01
5.730822786613268545e+04 0.000000000000000000e+00 7.372923436466705027e+01
5.730822786685653409e+04 0.000000000000000000e+00 7.372923436466705027e+01
5.730822786758038274e+04 0.000000000000000000e+00 7.372923436466705027e+01
5.730822786830423138e+04 0.000000000000000000e+00 7.372923436466705027e+01
5.730822786902808002e+04 0.000000000000000000e+00 7.372923436466705027e+01
5.730822786975192867e+04 0.000000000000000000e+00 7.372923436466705027e+01
5.730822787047578458e+04 0.000000000000000000e+00 7.372923436466705027e+01
5.730822787119963323e+04 0.000000000000000000e+00 7.372923436466705027e+01
5.730822787192348187e+04 0.000000000000000000e+00 7.372923436466705027e+01
5.730822787264733051e+04 0.000000000000000000e+00 7.372923436466705027e+01
5.730822787337117916e+04 0.000000000000000000e+00 7.372923436466705027e+01
5.730822787409502780e+04 0.000000000000000000e+00 7.372923436466705027e+01
5.730822787481888372e+04 0.000000000000000000e+00 7.372923436466705027e+01
5.730822787554273236e+04 0.000000000000000000e+00 7.372923436466705027e+01
5.730822787626658101e+04 0.000000000000000000e+00 7.372923436466705027e+01
5.730822787699042965e+04 0.000000000000000000e+00 7.372923436466705027e+01
5.730822787771427829e+04 0.000000000000000000e+00 7.372923436466705027e+01
5.730822787843812694e+04 0.000000000000000000e+00 7.372923436466705027e+01
5.730822787916197558e+04 0.000000000000000000e+00 7.372923436466705027e+01
5.730822787988583150e+04 0.000000000000000000e+00 7.372923436466705027e+01
5.730822788060968014e+04 0.000000000000000000e+00 7.372923436466705027e+01
5.730822788133352879e+04 0.000000000000000000e+00 7.372923436466705027e+01
5.730822788205737743e+04 0.000000000000000000e+00 7.372923436466705027e+01
5.730822788278122607e+04 0.000000000000000000e+00 7.372923436466705027e+01
5.730822788350507471e+04 0.000000000000000000e+00 7.372923436466705027e+01
5.730822788422893063e+04 0.000000000000000000e+00 7.372923436466705027e+01
5.730822788495277928e+04 0.000000000000000000e+00 7.372923436466705027e+01
5.730822788567662792e+04 0.000000000000000000e+00 7.372923436466705027e+01
5.730822788640047656e+04 0.000000000000000000e+00 7.372923436466705027e+01
5.730822788712432521e+04 0.000000000000000000e+00 7.372923436466705027e+01
5.730822788784817385e+04 0.000000000000000000e+00 7.372923436466705027e+01
5.730822788857202977e+04 0.000000000000000000e+00 7.372923436466705027e+01
5.730822788929587841e+04 0.000000000000000000e+00 7.372923436466705027e+01
5.730822789001972706e+04 0.000000000000000000e+00 7.372923436466705027e+01
5.730822789074357570e+04 0.000000000000000000e+00 7.372923436466705027e+01
5.730822789146742434e+04 0.000000000000000000e+00 7.372923436466705027e+01
5.730822789219127299e+04 0.000000000000000000e+00 7.372923436466705027e+01
5.730822789291512890e+04 0.000000000000000000e+00 7.372923436466705027e+01
5.730822789363897755e+04 0.000000000000000000e+00 7.372923436466705027e+01
5.730822789436282619e+04 0.000000000000000000e+00 7.372923436466705027e+01
5.730822789508667483e+04 0.000000000000000000e+00 7.372923436466705027e+01
5.730822789581052348e+04 0.000000000000000000e+00 7.372923436466705027e+01
5.730822789653437212e+04 0.000000000000000000e+00 7.372923436466705027e+01
5.730822789725822804e+04 0.000000000000000000e+00 7.372923436466705027e+01
5.730822789798207668e+04 0.000000000000000000e+00 7.372923436466705027e+01
5.730822789870592533e+04 0.000000000000000000e+00 7.372923436466705027e+01
5.730822789942977397e+04 0.000000000000000000e+00 7.372923436466705027e+01
5.730822790015362261e+04 0.000000000000000000e+00 7.372923436466705027e+01
5.730822790087747126e+04 0.000000000000000000e+00 7.372923436466705027e+01
5.730822790160132718e+04 0.000000000000000000e+00 7.372923436466705027e+01
5.730822790232517582e+04 0.000000000000000000e+00 7.372923436466705027e+01
5.730822790304902446e+04 0.000000000000000000e+00 7.372923436466705027e+01
5.730822790377287311e+04 0.000000000000000000e+00 7.372923436466705027e+01
5.730822790449672175e+04 0.000000000000000000e+00 7.372923436466705027e+01
5.730822790522057039e+04 0.000000000000000000e+00 7.372923436466705027e+01
5.730822790594442631e+04 0.000000000000000000e+00 7.372923436466705027e+01
5.730822790666827495e+04 0.000000000000000000e+00 7.372923436466705027e+01
5.730822790739212360e+04 0.000000000000000000e+00 7.372923436466705027e+01
5.730822790811597224e+04 0.000000000000000000e+00 7.372923436466705027e+01
5.730822790883982088e+04 0.000000000000000000e+00 7.372923436466705027e+01
5.730822790956366953e+04 0.000000000000000000e+00 7.372923436466705027e+01
5.730822791028751817e+04 0.000000000000000000e+00 7.372923436466705027e+01
5.730822791101137409e+04 0.000000000000000000e+00 7.372923436466705027e+01
5.730822791173522273e+04 0.000000000000000000e+00 7.372923436466705027e+01
5.730822791245907138e+04 0.000000000000000000e+00 7.372923436466705027e+01
5.730822791318292002e+04 0.000000000000000000e+00 7.372923436466705027e+01
5.730822791390676866e+04 0.000000000000000000e+00 7.372923436466705027e+01
5.730822791463061731e+04 0.000000000000000000e+00 7.372923436466705027e+01
5.730822791535447323e+04 0.000000000000000000e+00 7.372923436466705027e+01
5.730822791607832187e+04 0.000000000000000000e+00 7.372923436466705027e+01
5.730822791680217051e+04 0.000000000000000000e+00 7.372923436466705027e+01
5.730822791752601916e+04 0.000000000000000000e+00 7.372923436466705027e+01
5.730822791824986780e+04 0.000000000000000000e+00 7.372923436466705027e+01
5.730822791897371644e+04 0.000000000000000000e+00 7.372923436466705027e+01
5.730822791969757236e+04 0.000000000000000000e+00 7.372923436466705027e+01
5.730822792042142100e+04 0.000000000000000000e+00 7.372923436466705027e+01
5.730822792114526965e+04 0.000000000000000000e+00 7.372923436466705027e+01
5.730822792186911829e+04 0.000000000000000000e+00 7.372923436466705027e+01
5.730822792259296693e+04 0.000000000000000000e+00 7.372923436466705027e+01
5.730822792331681558e+04 0.000000000000000000e+00 7.372923436466705027e+01
5.730822792404067150e+04 0.000000000000000000e+00 7.372923436466705027e+01
5.730822792476452014e+04 0.000000000000000000e+00 7.372923436466705027e+01
5.730822792548836878e+04 0.000000000000000000e+00 7.372923436466705027e+01
5.730822792621221743e+04 0.000000000000000000e+00 7.372923436466705027e+01
5.730822792693606607e+04 0.000000000000000000e+00 7.372923436466705027e+01
5.730822792765991471e+04 0.000000000000000000e+00 7.372923436466705027e+01
5.730822792838377063e+04 0.000000000000000000e+00 7.372923436466705027e+01
5.730822792910761927e+04 0.000000000000000000e+00 7.372923436466705027e+01
5.730822792983146792e+04 0.000000000000000000e+00 7.372923436466705027e+01
5.730822793055531656e+04 0.000000000000000000e+00 7.372923436466705027e+01
5.730822793127916520e+04 0.000000000000000000e+00 7.372923436466705027e+01
5.730822793200301385e+04 0.000000000000000000e+00 7.372923436466705027e+01
5.730822793272686977e+04 0.000000000000000000e+00 7.372923436466705027e+01
5.730822793345071841e+04 0.000000000000000000e+00 7.372923436466705027e+01
5.730822793417456705e+04 0.000000000000000000e+00 7.372923436466705027e+01
5.730822793489841570e+04 0.000000000000000000e+00 7.372923436466705027e+01
5.730822793562226434e+04 0.000000000000000000e+00 7.372923436466705027e+01
5.730822793634611298e+04 0.000000000000000000e+00 7.372923436466705027e+01
5.730822793706996890e+04 0.000000000000000000e+00 7.372923436466705027e+01
5.730822793779381755e+04 0.000000000000000000e+00 7.372923436466705027e+01
5.730822793851766619e+04 0.000000000000000000e+00 7.372923436466705027e+01
5.730822793924151483e+04 0.000000000000000000e+00 7.372923436466705027e+01
5.730822793996536348e+04 0.000000000000000000e+00 7.372923436466705027e+01
5.730822794068921212e+04 0.000000000000000000e+00 7.372923436466705027e+01
5.730822794141306076e+04 0.000000000000000000e+00 7.372923436466705027e+01
5.730822794213691668e+04 0.000000000000000000e+00 7.372923436466705027e+01
5.730822794286076532e+04 0.000000000000000000e+00 7.372923436466705027e+01
5.730822794358461397e+04 0.000000000000000000e+00 7.372923436466705027e+01
5.730822794430846261e+04 0.000000000000000000e+00 7.372923436466705027e+01
5.730822794503231125e+04 0.000000000000000000e+00 7.372923436466705027e+01
5.730822794575615990e+04 0.000000000000000000e+00 7.372923436466705027e+01
5.730822794648001582e+04 0.000000000000000000e+00 7.372923436466705027e+01
5.730822794720386446e+04 0.000000000000000000e+00 7.372923436466705027e+01
5.730822794792771310e+04 0.000000000000000000e+00 7.372923436466705027e+01
5.730822794865156175e+04 0.000000000000000000e+00 7.372923436466705027e+01
5.730822794937541039e+04 0.000000000000000000e+00 7.372923436466705027e+01
5.730822795009925903e+04 0.000000000000000000e+00 7.372923436466705027e+01
5.730822795082311495e+04 0.000000000000000000e+00 7.372923436466705027e+01
5.730822795154696360e+04 0.000000000000000000e+00 7.372923436466705027e+01
5.730822795227081224e+04 0.000000000000000000e+00 7.372923436466705027e+01
5.730822795299466088e+04 0.000000000000000000e+00 7.372923436466705027e+01
5.730822795371850953e+04 0.000000000000000000e+00 7.372923436466705027e+01
5.730822795444235817e+04 0.000000000000000000e+00 7.372923436466705027e+01
5.730822795516621409e+04 0.000000000000000000e+00 7.372923436466705027e+01
5.730822795589006273e+04 0.000000000000000000e+00 7.372923436466705027e+01
5.730822795661391137e+04 0.000000000000000000e+00 7.372923436466705027e+01
5.730822795733776002e+04 0.000000000000000000e+00 7.372923436466705027e+01
5.730822795806160866e+04 0.000000000000000000e+00 7.372923436466705027e+01
5.730822795878545730e+04 0.000000000000000000e+00 7.372923436466705027e+01
5.730822795950931322e+04 0.000000000000000000e+00 7.372923436466705027e+01
5.730822796023316187e+04 0.000000000000000000e+00 7.372923436466705027e+01
5.730822796095701051e+04 0.000000000000000000e+00 7.372923436466705027e+01
5.730822796168085915e+04 0.000000000000000000e+00 7.372923436466705027e+01
5.730822796240470780e+04 0.000000000000000000e+00 7.372923436466705027e+01
5.730822796312855644e+04 0.000000000000000000e+00 7.372923436466705027e+01
5.730822796385241236e+04 0.000000000000000000e+00 7.372923436466705027e+01
5.730822796457626100e+04 0.000000000000000000e+00 7.372923436466705027e+01
5.730822796530010964e+04 0.000000000000000000e+00 7.372923436466705027e+01
5.730822796602395829e+04 0.000000000000000000e+00 7.372923436466705027e+01
5.730822796674780693e+04 0.000000000000000000e+00 7.372923436466705027e+01
5.730822796747165557e+04 0.000000000000000000e+00 7.372923436466705027e+01
5.730822796819550422e+04 0.000000000000000000e+00 7.372923436466705027e+01
5.730822796891936014e+04 0.000000000000000000e+00 7.372923436466705027e+01
5.730822796964320878e+04 0.000000000000000000e+00 7.372923436466705027e+01
5.730822797036705742e+04 0.000000000000000000e+00 7.372923436466705027e+01
5.730822797109090607e+04 0.000000000000000000e+00 7.372923436466705027e+01
5.730822797181475471e+04 0.000000000000000000e+00 7.372923436466705027e+01
5.730822797253860335e+04 0.000000000000000000e+00 7.372923436466705027e+01
5.730822797326245927e+04 0.000000000000000000e+00 7.372923436466705027e+01
5.730822797398630792e+04 0.000000000000000000e+00 7.372923436466705027e+01
5.730822797471015656e+04 0.000000000000000000e+00 7.372923436466705027e+01
5.730822797543400520e+04 0.000000000000000000e+00 7.372923436466705027e+01
5.730822797615785385e+04 0.000000000000000000e+00 7.372923436466705027e+01
5.730822797688170249e+04 0.000000000000000000e+00 7.372923436466705027e+01
5.730822797760555841e+04 0.000000000000000000e+00 7.372923436466705027e+01
5.730822797832940705e+04 0.000000000000000000e+00 7.372923436466705027e+01
5.730822797905325569e+04 0.000000000000000000e+00 7.372923436466705027e+01
5.730822797977710434e+04 0.000000000000000000e+00 7.372923436466705027e+01
5.730822798050095298e+04 0.000000000000000000e+00 7.372923436466705027e+01
5.730822798122480162e+04 0.000000000000000000e+00 7.372923436466705027e+01
5.730822798194865754e+04 0.000000000000000000e+00 7.372923436466705027e+01
5.730822798267250619e+04 0.000000000000000000e+00 7.372923436466705027e+01
5.730822798339635483e+04 0.000000000000000000e+00 7.372923436466705027e+01
5.730822798412020347e+04 0.000000000000000000e+00 7.372923436466705027e+01
5.730822798484405212e+04 0.000000000000000000e+00 7.372923436466705027e+01
5.730822798556790076e+04 0.000000000000000000e+00 7.372923436466705027e+01
5.730822798629175668e+04 0.000000000000000000e+00 7.372923436466705027e+01
5.730822798701560532e+04 0.000000000000000000e+00 7.372923436466705027e+01
5.730822798773945397e+04 0.000000000000000000e+00 7.372923436466705027e+01
5.730822798846330261e+04 0.000000000000000000e+00 7.372923436466705027e+01
5.730822798918715125e+04 0.000000000000000000e+00 7.372923436466705027e+01
5.730822798991099990e+04 0.000000000000000000e+00 7.372923436466705027e+01
5.730822799063485581e+04 0.000000000000000000e+00 7.372923436466705027e+01
5.730822799135870446e+04 0.000000000000000000e+00 7.372923436466705027e+01
5.730822799208255310e+04 0.000000000000000000e+00 7.372923436466705027e+01
5.730822799280640174e+04 0.000000000000000000e+00 7.372923436466705027e+01
5.730822799353025039e+04 0.000000000000000000e+00 7.372923436466705027e+01
5.730822799425409903e+04 0.000000000000000000e+00 7.372923436466705027e+01
5.730822799497794767e+04 0.000000000000000000e+00 7.372923436466705027e+01
5.730822799570180359e+04 0.000000000000000000e+00 7.372923436466705027e+01
5.730822799642565224e+04 0.000000000000000000e+00 7.372923436466705027e+01
5.730822799714950088e+04 0.000000000000000000e+00 7.372923436466705027e+01
5.730822799787334952e+04 0.000000000000000000e+00 7.372923436466705027e+01
5.730822799859719817e+04 0.000000000000000000e+00 7.372923436466705027e+01
5.730822799932104681e+04 0.000000000000000000e+00 7.372923436466705027e+01
5.730822800004490273e+04 0.000000000000000000e+00 7.372923436466705027e+01
5.730822800076875137e+04 0.000000000000000000e+00 7.372923436466705027e+01
5.730822800149260001e+04 0.000000000000000000e+00 7.372923436466705027e+01
5.730822800221644866e+04 0.000000000000000000e+00 7.372923436466705027e+01
5.730822800294029730e+04 0.000000000000000000e+00 7.372923436466705027e+01
5.730822800366414594e+04 0.000000000000000000e+00 7.372923436466705027e+01
5.730822800438800186e+04 0.000000000000000000e+00 7.372923436466705027e+01
5.730822800511185051e+04 0.000000000000000000e+00 7.372923436466705027e+01
5.730822800583569915e+04 0.000000000000000000e+00 7.372923436466705027e+01
5.730822800655954779e+04 0.000000000000000000e+00 7.372923436466705027e+01
5.730822800728339644e+04 0.000000000000000000e+00 7.372923436466705027e+01
5.730822800800724508e+04 0.000000000000000000e+00 7.372923436466705027e+01
5.730822800873110100e+04 0.000000000000000000e+00 7.372923436466705027e+01
5.730822800945494964e+04 0.000000000000000000e+00 7.372923436466705027e+01
5.730822801017879829e+04 0.000000000000000000e+00 7.372923436466705027e+01
5.730822801090264693e+04 0.000000000000000000e+00 7.372923436466705027e+01
5.730822801162649557e+04 0.000000000000000000e+00 7.372923436466705027e+01
5.730822801235034422e+04 0.000000000000000000e+00 7.372923436466705027e+01
5.730822801307420013e+04 0.000000000000000000e+00 7.372923436466705027e+01
5.730822801379804878e+04 0.000000000000000000e+00 7.372923436466705027e+01
5.730822801452189742e+04 0.000000000000000000e+00 7.372923436466705027e+01
5.730822801524574606e+04 0.000000000000000000e+00 7.372923436466705027e+01
5.730822801596959471e+04 0.000000000000000000e+00 7.372923436466705027e+01
5.730822801669344335e+04 0.000000000000000000e+00 7.372923436466705027e+01
5.730822801741729927e+04 0.000000000000000000e+00 7.372923436466705027e+01
5.730822801814114791e+04 0.000000000000000000e+00 7.372923436466705027e+01
5.730822801886499656e+04 0.000000000000000000e+00 7.372923436466705027e+01
5.730822801958884520e+04 0.000000000000000000e+00 7.372923436466705027e+01
5.730822802031269384e+04 0.000000000000000000e+00 7.372923436466705027e+01
5.730822802103654249e+04 0.000000000000000000e+00 7.372923436466705027e+01
5.730822802176039841e+04 0.000000000000000000e+00 7.372923436466705027e+01
5.730822802248424705e+04 0.000000000000000000e+00 7.372923436466705027e+01
5.730822802320809569e+04 0.000000000000000000e+00 7.372923436466705027e+01
5.730822802393194434e+04 0.000000000000000000e+00 7.372923436466705027e+01
5.730822802465579298e+04 0.000000000000000000e+00 7.372923436466705027e+01
5.730822802537964162e+04 0.000000000000000000e+00 7.372923436466705027e+01
5.730822802610349027e+04 0.000000000000000000e+00 7.372923436466705027e+01
5.730822802682734618e+04 0.000000000000000000e+00 7.372923436466705027e+01
5.730822802755119483e+04 0.000000000000000000e+00 7.372923436466705027e+01
5.730822802827504347e+04 0.000000000000000000e+00 7.372923436466705027e+01
5.730822802899889211e+04 0.000000000000000000e+00 7.372923436466705027e+01
5.730822802972274076e+04 0.000000000000000000e+00 7.372923436466705027e+01
5.730822803044658940e+04 0.000000000000000000e+00 7.372923436466705027e+01
5.730822803117044532e+04 0.000000000000000000e+00 7.372923436466705027e+01
5.730822803189429396e+04 0.000000000000000000e+00 7.372923436466705027e+01
5.730822803261814261e+04 0.000000000000000000e+00 7.372923436466705027e+01
5.730822803334199125e+04 0.000000000000000000e+00 7.372923436466705027e+01
5.730822803406583989e+04 0.000000000000000000e+00 7.372923436466705027e+01
5.730822803478968854e+04 0.000000000000000000e+00 7.372923436466705027e+01
5.730822803551354446e+04 0.000000000000000000e+00 7.372923436466705027e+01
5.730822803623739310e+04 0.000000000000000000e+00 7.372923436466705027e+01
5.730822803696124174e+04 0.000000000000000000e+00 7.372923436466705027e+01
5.730822803768509038e+04 0.000000000000000000e+00 7.372923436466705027e+01
5.730822803840893903e+04 0.000000000000000000e+00 7.372923436466705027e+01
5.730822803913278767e+04 0.000000000000000000e+00 7.372923436466705027e+01
5.730822803985664359e+04 0.000000000000000000e+00 7.372923436466705027e+01
5.730822804058049223e+04 0.000000000000000000e+00 7.372923436466705027e+01
5.730822804130434088e+04 0.000000000000000000e+00 7.372923436466705027e+01
5.730822804202818952e+04 0.000000000000000000e+00 7.372923436466705027e+01
5.730822804275203816e+04 0.000000000000000000e+00 7.372923436466705027e+01
5.730822804347588681e+04 0.000000000000000000e+00 7.372923436466705027e+01
5.730822804419974273e+04 0.000000000000000000e+00 7.372923436466705027e+01
5.730822804492359137e+04 0.000000000000000000e+00 7.372923436466705027e+01
5.730822804564744001e+04 0.000000000000000000e+00 7.372923436466705027e+01
5.730822804637128866e+04 0.000000000000000000e+00 7.372923436466705027e+01
5.730822804709513730e+04 0.000000000000000000e+00 7.372923436466705027e+01
5.730822804781898594e+04 0.000000000000000000e+00 7.372923436466705027e+01
5.730822804854284186e+04 0.000000000000000000e+00 7.372923436466705027e+01
5.730822804926669050e+04 0.000000000000000000e+00 7.372923436466705027e+01
5.730822804999053915e+04 0.000000000000000000e+00 7.372923436466705027e+01
5.730822805071438779e+04 0.000000000000000000e+00 7.372923436466705027e+01
5.730822805143823643e+04 0.000000000000000000e+00 7.372923436466705027e+01
5.730822805216208508e+04 0.000000000000000000e+00 7.372923436466705027e+01
5.730822805288594100e+04 0.000000000000000000e+00 7.372923436466705027e+01
5.730822805360978964e+04 0.000000000000000000e+00 7.372923436466705027e+01
5.730822805433363828e+04 0.000000000000000000e+00 7.372923436466705027e+01
5.730822805505748693e+04 0.000000000000000000e+00 7.372923436466705027e+01
5.730822805578133557e+04 0.000000000000000000e+00 7.372923436466705027e+01
5.730822805650518421e+04 0.000000000000000000e+00 7.372923436466705027e+01
5.730822805722903286e+04 0.000000000000000000e+00 7.372923436466705027e+01
5.730822805795288878e+04 0.000000000000000000e+00 7.372923436466705027e+01
5.730822805867673742e+04 0.000000000000000000e+00 7.372923436466705027e+01
5.730822805940058606e+04 0.000000000000000000e+00 7.372923436466705027e+01
5.730822806012443471e+04 0.000000000000000000e+00 7.372923436466705027e+01
5.730822806084828335e+04 0.000000000000000000e+00 7.372923436466705027e+01
5.730822806157213199e+04 0.000000000000000000e+00 7.372923436466705027e+01
5.730822806229598791e+04 0.000000000000000000e+00 7.372923436466705027e+01
5.730822806301983655e+04 0.000000000000000000e+00 7.372923436466705027e+01
5.730822806374368520e+04 0.000000000000000000e+00 7.372923436466705027e+01
5.730822806446753384e+04 0.000000000000000000e+00 7.372923436466705027e+01
5.730822806519138248e+04 0.000000000000000000e+00 7.372923436466705027e+01
5.730822806591523113e+04 0.000000000000000000e+00 7.372923436466705027e+01
5.730822806663908705e+04 0.000000000000000000e+00 7.372923436466705027e+01
5.730822806736293569e+04 0.000000000000000000e+00 7.372923436466705027e+01
5.730822806808678433e+04 0.000000000000000000e+00 7.372923436466705027e+01
5.730822806881063298e+04 0.000000000000000000e+00 7.372923436466705027e+01
5.730822806953448162e+04 0.000000000000000000e+00 7.372923436466705027e+01
5.730822807025833026e+04 0.000000000000000000e+00 7.372923436466705027e+01
5.730822807098218618e+04 0.000000000000000000e+00 7.372923436466705027e+01
5.730822807170603483e+04 0.000000000000000000e+00 7.372923436466705027e+01
5.730822807242988347e+04 0.000000000000000000e+00 7.372923436466705027e+01
5.730822807315373211e+04 0.000000000000000000e+00 7.372923436466705027e+01
5.730822807387758075e+04 0.000000000000000000e+00 7.372923436466705027e+01
5.730822807460142940e+04 0.000000000000000000e+00 7.372923436466705027e+01
5.730822807532528532e+04 0.000000000000000000e+00 7.372923436466705027e+01
5.730822807604913396e+04 0.000000000000000000e+00 7.372923436466705027e+01
5.730822807677298260e+04 0.000000000000000000e+00 7.372923436466705027e+01
5.730822807749683125e+04 0.000000000000000000e+00 7.372923436466705027e+01
5.730822807822067989e+04 0.000000000000000000e+00 7.372923436466705027e+01
5.730822807894452853e+04 0.000000000000000000e+00 7.372923436466705027e+01
5.730822807966838445e+04 0.000000000000000000e+00 7.372923436466705027e+01
5.730822808039223310e+04 0.000000000000000000e+00 7.372923436466705027e+01
5.730822808111608174e+04 0.000000000000000000e+00 7.372923436466705027e+01
5.730822808183993038e+04 0.000000000000000000e+00 7.372923436466705027e+01
5.730822808256377903e+04 0.000000000000000000e+00 7.372923436466705027e+01
5.730822808328762767e+04 0.000000000000000000e+00 7.372923436466705027e+01
5.730822808401147631e+04 0.000000000000000000e+00 7.372923436466705027e+01
5.730822808473533223e+04 0.000000000000000000e+00 7.372923436466705027e+01
5.730822808545918087e+04 0.000000000000000000e+00 7.372923436466705027e+01
5.730822808618302952e+04 0.000000000000000000e+00 7.372923436466705027e+01
5.730822808690687816e+04 0.000000000000000000e+00 7.372923436466705027e+01
5.730822808763072680e+04 0.000000000000000000e+00 7.372923436466705027e+01
5.730822808835457545e+04 0.000000000000000000e+00 7.372923436466705027e+01
5.730822808907843137e+04 0.000000000000000000e+00 7.372923436466705027e+01
5.730822808980228001e+04 0.000000000000000000e+00 7.372923436466705027e+01
5.730822809052612865e+04 0.000000000000000000e+00 7.372923436466705027e+01
5.730822809124997730e+04 0.000000000000000000e+00 7.372923436466705027e+01
5.730822809197382594e+04 0.000000000000000000e+00 7.372923436466705027e+01
5.730822809269767458e+04 0.000000000000000000e+00 7.372923436466705027e+01
5.730822809342153050e+04 0.000000000000000000e+00 7.372923436466705027e+01
5.730822809414537915e+04 0.000000000000000000e+00 7.372923436466705027e+01
5.730822809486922779e+04 0.000000000000000000e+00 7.372923436466705027e+01
5.730822809559307643e+04 0.000000000000000000e+00 7.372923436466705027e+01
5.730822809631692508e+04 0.000000000000000000e+00 7.372923436466705027e+01
5.730822809704077372e+04 0.000000000000000000e+00 7.372923436466705027e+01
5.730822809776462964e+04 0.000000000000000000e+00 7.372923436466705027e+01
5.730822809848847828e+04 0.000000000000000000e+00 7.372923436466705027e+01
5.730822809921232692e+04 0.000000000000000000e+00 7.372923436466705027e+01
5.730822809993617557e+04 0.000000000000000000e+00 7.372923436466705027e+01
5.730822810066002421e+04 0.000000000000000000e+00 7.372923436466705027e+01
5.730822810138387285e+04 0.000000000000000000e+00 7.372923436466705027e+01
5.730822810210772877e+04 0.000000000000000000e+00 7.372923436466705027e+01
5.730822810283157742e+04 0.000000000000000000e+00 7.372923436466705027e+01
5.730822810355542606e+04 0.000000000000000000e+00 7.372923436466705027e+01
5.730822810427927470e+04 0.000000000000000000e+00 7.372923436466705027e+01
5.730822810500312335e+04 0.000000000000000000e+00 7.372923436466705027e+01
5.730822810572697199e+04 0.000000000000000000e+00 7.372923436466705027e+01
5.730822810645082791e+04 0.000000000000000000e+00 7.372923436466705027e+01
5.730822810717467655e+04 0.000000000000000000e+00 7.372923436466705027e+01
5.730822810789852520e+04 0.000000000000000000e+00 7.372923436466705027e+01
5.730822810862237384e+04 0.000000000000000000e+00 7.372923436466705027e+01
5.730822810934622248e+04 0.000000000000000000e+00 7.372923436466705027e+01
5.730822811007007112e+04 0.000000000000000000e+00 7.372923436466705027e+01
5.730822811079391977e+04 0.000000000000000000e+00 7.372923436466705027e+01
5.730822811151777569e+04 0.000000000000000000e+00 7.372923436466705027e+01
5.730822811224162433e+04 0.000000000000000000e+00 7.372923436466705027e+01
5.730822811296547297e+04 0.000000000000000000e+00 7.372923436466705027e+01
5.730822811368932162e+04 0.000000000000000000e+00 7.372923436466705027e+01
5.730822811441317026e+04 0.000000000000000000e+00 7.372923436466705027e+01
5.730822811513701890e+04 0.000000000000000000e+00 7.372923436466705027e+01
5.730822811586087482e+04 0.000000000000000000e+00 7.372923436466705027e+01
5.730822811658472347e+04 0.000000000000000000e+00 7.372923436466705027e+01
5.730822811730857211e+04 0.000000000000000000e+00 7.372923436466705027e+01
5.730822811803242075e+04 0.000000000000000000e+00 7.372923436466705027e+01
5.730822811875626940e+04 0.000000000000000000e+00 7.372923436466705027e+01
5.730822811948011804e+04 0.000000000000000000e+00 7.372923436466705027e+01
5.730822812020397396e+04 0.000000000000000000e+00 7.372923436466705027e+01
5.730822812092782260e+04 0.000000000000000000e+00 7.372923436466705027e+01
5.730822812165167124e+04 0.000000000000000000e+00 7.372923436466705027e+01
5.730822812237551989e+04 0.000000000000000000e+00 7.372923436466705027e+01
5.730822812309936853e+04 0.000000000000000000e+00 7.372923436466705027e+01
5.730822812382321717e+04 0.000000000000000000e+00 7.372923436466705027e+01
5.730822812454707309e+04 0.000000000000000000e+00 7.372923436466705027e+01
5.730822812527092174e+04 0.000000000000000000e+00 7.372923436466705027e+01
5.730822812599477038e+04 0.000000000000000000e+00 7.372923436466705027e+01
5.730822812671861902e+04 0.000000000000000000e+00 7.372923436466705027e+01
5.730822812744246767e+04 0.000000000000000000e+00 7.372923436466705027e+01
5.730822812816631631e+04 0.000000000000000000e+00 7.372923436466705027e+01
5.730822812889017223e+04 0.000000000000000000e+00 7.372923436466705027e+01
5.730822812961402087e+04 0.000000000000000000e+00 7.372923436466705027e+01
5.730822813033786952e+04 0.000000000000000000e+00 7.372923436466705027e+01
5.730822813106171816e+04 0.000000000000000000e+00 7.372923436466705027e+01
5.730822813178556680e+04 0.000000000000000000e+00 7.372923436466705027e+01
5.730822813250941545e+04 0.000000000000000000e+00 7.372923436466705027e+01
5.730822813323327136e+04 0.000000000000000000e+00 7.372923436466705027e+01
5.730822813395712001e+04 0.000000000000000000e+00 7.372923436466705027e+01
5.730822813468096865e+04 0.000000000000000000e+00 7.372923436466705027e+01
5.730822813540481729e+04 0.000000000000000000e+00 7.372923436466705027e+01
5.730822813612866594e+04 0.000000000000000000e+00 7.372923436466705027e+01
5.730822813685251458e+04 0.000000000000000000e+00 7.372923436466705027e+01
5.730822813757637050e+04 0.000000000000000000e+00 7.372923436466705027e+01
5.730822813830021914e+04 0.000000000000000000e+00 7.372923436466705027e+01
5.730822813902406779e+04 0.000000000000000000e+00 7.372923436466705027e+01
5.730822813974791643e+04 0.000000000000000000e+00 7.372923436466705027e+01
5.730822814047176507e+04 0.000000000000000000e+00 7.372923436466705027e+01
5.730822814119561372e+04 0.000000000000000000e+00 7.372923436466705027e+01
5.730822814191946236e+04 0.000000000000000000e+00 7.372923436466705027e+01
5.730822814264331828e+04 0.000000000000000000e+00 7.372923436466705027e+01
5.730822814336716692e+04 0.000000000000000000e+00 7.372923436466705027e+01
5.730822814409101557e+04 0.000000000000000000e+00 7.372923436466705027e+01
5.730822814481486421e+04 0.000000000000000000e+00 7.372923436466705027e+01
5.730822814553871285e+04 0.000000000000000000e+00 7.372923436466705027e+01
5.730822814626256149e+04 0.000000000000000000e+00 7.372923436466705027e+01
5.730822814698641741e+04 0.000000000000000000e+00 7.372923436466705027e+01
5.730822814771026606e+04 0.000000000000000000e+00 7.372923436466705027e+01
5.730822814843411470e+04 0.000000000000000000e+00 7.372923436466705027e+01
5.730822814915796334e+04 0.000000000000000000e+00 7.372923436466705027e+01
5.730822814988181199e+04 0.000000000000000000e+00 7.372923436466705027e+01
5.730822815060566063e+04 0.000000000000000000e+00 7.372923436466705027e+01
5.730822815132951655e+04 0.000000000000000000e+00 7.372923436466705027e+01
5.730822815205336519e+04 0.000000000000000000e+00 7.372923436466705027e+01
5.730822815277721384e+04 0.000000000000000000e+00 7.372923436466705027e+01
5.730822815350106248e+04 0.000000000000000000e+00 7.372923436466705027e+01
5.730822815422491112e+04 0.000000000000000000e+00 7.372923436466705027e+01
5.730822815494875977e+04 0.000000000000000000e+00 7.372923436466705027e+01
5.730822815567261569e+04 0.000000000000000000e+00 7.372923436466705027e+01
5.730822815639646433e+04 0.000000000000000000e+00 7.372923436466705027e+01
5.730822815712031297e+04 0.000000000000000000e+00 7.372923436466705027e+01
5.730822815784416161e+04 0.000000000000000000e+00 7.372923436466705027e+01
5.730822815856801026e+04 0.000000000000000000e+00 7.372923436466705027e+01
5.730822815929185890e+04 0.000000000000000000e+00 7.372923436466705027e+01
5.730822816001571482e+04 0.000000000000000000e+00 7.372923436466705027e+01
5.730822816073956346e+04 0.000000000000000000e+00 7.372923436466705027e+01
5.730822816146341211e+04 0.000000000000000000e+00 7.372923436466705027e+01
5.730822816218726075e+04 0.000000000000000000e+00 7.372923436466705027e+01
5.730822816291110939e+04 0.000000000000000000e+00 7.372923436466705027e+01
5.730822816363495804e+04 0.000000000000000000e+00 7.372923436466705027e+01
5.730822816435881396e+04 0.000000000000000000e+00 7.372923436466705027e+01
5.730822816508266260e+04 0.000000000000000000e+00 7.372923436466705027e+01
5.730822816580651124e+04 0.000000000000000000e+00 7.372923436466705027e+01
5.730822816653035989e+04 0.000000000000000000e+00 7.372923436466705027e+01
5.730822816725420853e+04 0.000000000000000000e+00 7.372923436466705027e+01
5.730822816797805717e+04 0.000000000000000000e+00 7.372923436466705027e+01
5.730822816870191309e+04 0.000000000000000000e+00 7.372923436466705027e+01
5.730822816942576173e+04 0.000000000000000000e+00 7.372923436466705027e+01
5.730822817014961038e+04 0.000000000000000000e+00 7.372923436466705027e+01
5.730822817087345902e+04 0.000000000000000000e+00 7.372923436466705027e+01
5.730822817159730766e+04 0.000000000000000000e+00 7.372923436466705027e+01
5.730822817232115631e+04 0.000000000000000000e+00 7.372923436466705027e+01
5.730822817304500495e+04 0.000000000000000000e+00 7.372923436466705027e+01
5.730822817376886087e+04 0.000000000000000000e+00 7.372923436466705027e+01
5.730822817449270951e+04 0.000000000000000000e+00 7.372923436466705027e+01
5.730822817521655816e+04 0.000000000000000000e+00 7.372923436466705027e+01
5.730822817594040680e+04 0.000000000000000000e+00 7.372923436466705027e+01
5.730822817666425544e+04 0.000000000000000000e+00 7.372923436466705027e+01
5.730822817738810409e+04 0.000000000000000000e+00 7.372923436466705027e+01
5.730822817811196001e+04 0.000000000000000000e+00 7.372923436466705027e+01
5.730822817883580865e+04 0.000000000000000000e+00 7.372923436466705027e+01
5.730822817955965729e+04 0.000000000000000000e+00 7.372923436466705027e+01
5.730822818028350594e+04 0.000000000000000000e+00 7.372923436466705027e+01
5.730822818100735458e+04 0.000000000000000000e+00 7.372923436466705027e+01
5.730822818173120322e+04 0.000000000000000000e+00 7.372923436466705027e+01
5.730822818245505914e+04 0.000000000000000000e+00 7.372923436466705027e+01
5.730822818317890778e+04 0.000000000000000000e+00 7.372923436466705027e+01
5.730822818390275643e+04 0.000000000000000000e+00 7.372923436466705027e+01
5.730822818462660507e+04 0.000000000000000000e+00 7.372923436466705027e+01
5.730822818535045371e+04 0.000000000000000000e+00 7.372923436466705027e+01
5.730822818607430236e+04 0.000000000000000000e+00 7.372923436466705027e+01
5.730822818679815828e+04 0.000000000000000000e+00 7.372923436466705027e+01
5.730822818752200692e+04 0.000000000000000000e+00 7.372923436466705027e+01
5.730822818824585556e+04 0.000000000000000000e+00 7.372923436466705027e+01
5.730822818896970421e+04 0.000000000000000000e+00 7.372923436466705027e+01
5.730822818969355285e+04 0.000000000000000000e+00 7.372923436466705027e+01
5.730822819041740149e+04 0.000000000000000000e+00 7.372923436466705027e+01
5.730822819114125741e+04 0.000000000000000000e+00 7.372923436466705027e+01
5.730822819186510606e+04 0.000000000000000000e+00 7.372923436466705027e+01
5.730822819258895470e+04 0.000000000000000000e+00 7.372923436466705027e+01
5.730822819331280334e+04 0.000000000000000000e+00 7.372923436466705027e+01
5.730822819403665198e+04 0.000000000000000000e+00 7.372923436466705027e+01
5.730822819476050063e+04 0.000000000000000000e+00 7.372923436466705027e+01
5.730822819548435655e+04 0.000000000000000000e+00 7.372923436466705027e+01
5.730822819620820519e+04 0.000000000000000000e+00 7.372923436466705027e+01
5.730822819693205383e+04 0.000000000000000000e+00 7.372923436466705027e+01
5.730822819765590248e+04 0.000000000000000000e+00 7.372923436466705027e+01
5.730822819837975112e+04 0.000000000000000000e+00 7.372923436466705027e+01
5.730822819910359976e+04 0.000000000000000000e+00 7.372923436466705027e+01
5.730822819982744841e+04 0.000000000000000000e+00 7.372923436466705027e+01
5.730822820055130433e+04 0.000000000000000000e+00 7.372923436466705027e+01
5.730822820127515297e+04 0.000000000000000000e+00 7.372923436466705027e+01
5.730822820199900161e+04 0.000000000000000000e+00 7.372923436466705027e+01
5.730822820272285026e+04 0.000000000000000000e+00 7.372923436466705027e+01
5.730822820344669890e+04 0.000000000000000000e+00 7.372923436466705027e+01
5.730822820417054754e+04 0.000000000000000000e+00 7.372923436466705027e+01
5.730822820489440346e+04 0.000000000000000000e+00 7.372923436466705027e+01
5.730822820561825210e+04 0.000000000000000000e+00 7.372923436466705027e+01
5.730822820634210075e+04 0.000000000000000000e+00 7.372923436466705027e+01
5.730822820706594939e+04 0.000000000000000000e+00 7.372923436466705027e+01
5.730822820778979803e+04 0.000000000000000000e+00 7.372923436466705027e+01
5.730822820851364668e+04 0.000000000000000000e+00 7.372923436466705027e+01
5.730822820923750260e+04 0.000000000000000000e+00 7.372923436466705027e+01
5.730822820996135124e+04 0.000000000000000000e+00 7.372923436466705027e+01
5.730822821068519988e+04 0.000000000000000000e+00 7.372923436466705027e+01
5.730822821140904853e+04 0.000000000000000000e+00 7.372923436466705027e+01
5.730822821213289717e+04 0.000000000000000000e+00 7.372923436466705027e+01
5.730822821285674581e+04 0.000000000000000000e+00 7.372923436466705027e+01
5.730822821358060173e+04 0.000000000000000000e+00 7.372923436466705027e+01
5.730822821430445038e+04 0.000000000000000000e+00 7.372923436466705027e+01
5.730822821502829902e+04 0.000000000000000000e+00 7.372923436466705027e+01
5.730822821575214766e+04 0.000000000000000000e+00 7.372923436466705027e+01
5.730822821647599631e+04 0.000000000000000000e+00 7.372923436466705027e+01
5.730822821719984495e+04 0.000000000000000000e+00 7.372923436466705027e+01
5.730822821792370087e+04 0.000000000000000000e+00 7.372923436466705027e+01
5.730822821864754951e+04 0.000000000000000000e+00 7.372923436466705027e+01
5.730822821937139815e+04 0.000000000000000000e+00 7.372923436466705027e+01
5.730822822009524680e+04 0.000000000000000000e+00 7.372923436466705027e+01
5.730822822081909544e+04 0.000000000000000000e+00 7.372923436466705027e+01
5.730822822154294408e+04 0.000000000000000000e+00 7.372923436466705027e+01
5.730822822226680000e+04 0.000000000000000000e+00 7.372923436466705027e+01
5.730822822299064865e+04 0.000000000000000000e+00 7.372923436466705027e+01
5.730822822371449729e+04 0.000000000000000000e+00 7.372923436466705027e+01
5.730822822443834593e+04 0.000000000000000000e+00 7.372923436466705027e+01
5.730822822516219458e+04 0.000000000000000000e+00 7.372923436466705027e+01
5.730822822588604322e+04 0.000000000000000000e+00 7.372923436466705027e+01
5.730822822660989186e+04 0.000000000000000000e+00 7.372923436466705027e+01
5.730822822733374778e+04 0.000000000000000000e+00 7.372923436466705027e+01
5.730822822805759643e+04 0.000000000000000000e+00 7.372923436466705027e+01
5.730822822878144507e+04 0.000000000000000000e+00 7.372923436466705027e+01
5.730822822950529371e+04 0.000000000000000000e+00 7.372923436466705027e+01
5.730822823022914235e+04 0.000000000000000000e+00 7.372923436466705027e+01
5.730822823095299100e+04 0.000000000000000000e+00 7.372923436466705027e+01
5.730822823167684692e+04 0.000000000000000000e+00 7.372923436466705027e+01
5.730822823240069556e+04 0.000000000000000000e+00 7.372923436466705027e+01
5.730822823312454420e+04 0.000000000000000000e+00 7.372923436466705027e+01
5.730822823384839285e+04 0.000000000000000000e+00 7.372923436466705027e+01
5.730822823457224149e+04 0.000000000000000000e+00 7.372923436466705027e+01
5.730822823529609013e+04 0.000000000000000000e+00 7.372923436466705027e+01
5.730822823601994605e+04 0.000000000000000000e+00 7.372923436466705027e+01
5.730822823674379470e+04 0.000000000000000000e+00 7.372923436466705027e+01
5.730822823746764334e+04 0.000000000000000000e+00 7.372923436466705027e+01
5.730822823819149198e+04 0.000000000000000000e+00 7.372923436466705027e+01
5.730822823891534063e+04 0.000000000000000000e+00 7.372923436466705027e+01
5.730822823963918927e+04 0.000000000000000000e+00 7.372923436466705027e+01
5.730822824036304519e+04 0.000000000000000000e+00 7.372923436466705027e+01
5.730822824108689383e+04 0.000000000000000000e+00 7.372923436466705027e+01
5.730822824181074247e+04 0.000000000000000000e+00 7.372923436466705027e+01
5.730822824253459112e+04 0.000000000000000000e+00 7.372923436466705027e+01
5.730822824325843976e+04 0.000000000000000000e+00 7.372923436466705027e+01
5.730822824398228840e+04 0.000000000000000000e+00 7.372923436466705027e+01
5.730822824470614432e+04 0.000000000000000000e+00 7.372923436466705027e+01
5.730822824542999297e+04 0.000000000000000000e+00 7.372923436466705027e+01
5.730822824615384161e+04 0.000000000000000000e+00 7.372923436466705027e+01
5.730822824687769025e+04 0.000000000000000000e+00 7.372923436466705027e+01
5.730822824760153890e+04 0.000000000000000000e+00 7.372923436466705027e+01
5.730822824832538754e+04 0.000000000000000000e+00 7.372923436466705027e+01
5.730822824904924346e+04 0.000000000000000000e+00 7.372923436466705027e+01
5.730822824977309210e+04 0.000000000000000000e+00 7.372923436466705027e+01
5.730822825049694075e+04 0.000000000000000000e+00 7.372923436466705027e+01
5.730822825122078939e+04 0.000000000000000000e+00 7.372923436466705027e+01
5.730822825194463803e+04 0.000000000000000000e+00 7.372923436466705027e+01
5.730822825266848668e+04 0.000000000000000000e+00 7.372923436466705027e+01
5.730822825339234259e+04 0.000000000000000000e+00 7.372923436466705027e+01
5.730822825411619124e+04 0.000000000000000000e+00 7.372923436466705027e+01
5.730822825484003988e+04 0.000000000000000000e+00 7.372923436466705027e+01
5.730822825556388852e+04 0.000000000000000000e+00 7.372923436466705027e+01
5.730822825628773717e+04 0.000000000000000000e+00 7.372923436466705027e+01
5.730822825701158581e+04 0.000000000000000000e+00 7.372923436466705027e+01
5.730822825773543445e+04 0.000000000000000000e+00 7.372923436466705027e+01
5.730822825845929037e+04 0.000000000000000000e+00 7.372923436466705027e+01
5.730822825918313902e+04 0.000000000000000000e+00 7.372923436466705027e+01
5.730822825990698766e+04 0.000000000000000000e+00 7.372923436466705027e+01
5.730822826063083630e+04 0.000000000000000000e+00 7.372923436466705027e+01
5.730822826135468495e+04 0.000000000000000000e+00 7.372923436466705027e+01
5.730822826207853359e+04 0.000000000000000000e+00 7.372923436466705027e+01
5.730822826280238951e+04 0.000000000000000000e+00 7.372923436466705027e+01
5.730822826352623815e+04 0.000000000000000000e+00 7.372923436466705027e+01
5.730822826425008680e+04 0.000000000000000000e+00 7.372923436466705027e+01
5.730822826497393544e+04 0.000000000000000000e+00 7.372923436466705027e+01
5.730822826569778408e+04 0.000000000000000000e+00 7.372923436466705027e+01
5.730822826642163272e+04 0.000000000000000000e+00 7.372923436466705027e+01
5.730822826714548864e+04 0.000000000000000000e+00 7.372923436466705027e+01
5.730822826786933729e+04 0.000000000000000000e+00 7.372923436466705027e+01
5.730822826859318593e+04 0.000000000000000000e+00 7.372923436466705027e+01
5.730822826931703457e+04 0.000000000000000000e+00 7.372923436466705027e+01
5.730822827004088322e+04 0.000000000000000000e+00 7.372923436466705027e+01
5.730822827076473186e+04 0.000000000000000000e+00 7.372923436466705027e+01
5.730822827148858778e+04 0.000000000000000000e+00 7.372923436466705027e+01
5.730822827221243642e+04 0.000000000000000000e+00 7.372923436466705027e+01
5.730822827293628507e+04 0.000000000000000000e+00 7.372923436466705027e+01
5.730822827366013371e+04 0.000000000000000000e+00 7.372923436466705027e+01
5.730822827438398235e+04 0.000000000000000000e+00 7.372923436466705027e+01
5.730822827510783100e+04 0.000000000000000000e+00 7.372923436466705027e+01
5.730822827583168691e+04 0.000000000000000000e+00 7.372923436466705027e+01
5.730822827655553556e+04 0.000000000000000000e+00 7.372923436466705027e+01
5.730822827727938420e+04 0.000000000000000000e+00 7.372923436466705027e+01
5.730822827800323284e+04 0.000000000000000000e+00 7.372923436466705027e+01
5.730822827872708149e+04 0.000000000000000000e+00 7.372923436466705027e+01
5.730822827945093013e+04 0.000000000000000000e+00 7.372923436466705027e+01
5.730822828017478605e+04 0.000000000000000000e+00 7.372923436466705027e+01
5.730822828089863469e+04 0.000000000000000000e+00 7.372923436466705027e+01
5.730822828162248334e+04 0.000000000000000000e+00 7.372923436466705027e+01
5.730822828234633198e+04 0.000000000000000000e+00 7.372923436466705027e+01
5.730822828307018062e+04 0.000000000000000000e+00 7.372923436466705027e+01
5.730822828379402927e+04 0.000000000000000000e+00 7.372923436466705027e+01
5.730822828451788519e+04 0.000000000000000000e+00 7.372923436466705027e+01
5.730822828524173383e+04 0.000000000000000000e+00 7.372923436466705027e+01
5.730822828596558247e+04 0.000000000000000000e+00 7.372923436466705027e+01
5.730822828668943112e+04 0.000000000000000000e+00 7.372923436466705027e+01
5.730822828741327976e+04 0.000000000000000000e+00 7.372923436466705027e+01
5.730822828813712840e+04 0.000000000000000000e+00 7.372923436466705027e+01
5.730822828886097705e+04 0.000000000000000000e+00 7.372923436466705027e+01
5.730822828958483296e+04 0.000000000000000000e+00 7.372923436466705027e+01
5.730822829030868161e+04 0.000000000000000000e+00 7.372923436466705027e+01
5.730822829103253025e+04 0.000000000000000000e+00 7.372923436466705027e+01
5.730822829175637889e+04 0.000000000000000000e+00 7.372923436466705027e+01
5.730822829248022754e+04 0.000000000000000000e+00 7.372923436466705027e+01
5.730822829320407618e+04 0.000000000000000000e+00 7.372923436466705027e+01
5.730822829392793210e+04 0.000000000000000000e+00 7.372923436466705027e+01
5.730822829465178074e+04 0.000000000000000000e+00 7.372923436466705027e+01
5.730822829537562939e+04 0.000000000000000000e+00 7.372923436466705027e+01
5.730822829609947803e+04 0.000000000000000000e+00 7.372923436466705027e+01
5.730822829682332667e+04 0.000000000000000000e+00 7.372923436466705027e+01
5.730822829754717532e+04 0.000000000000000000e+00 7.372923436466705027e+01
5.730822829827103124e+04 0.000000000000000000e+00 7.372923436466705027e+01
5.730822829899487988e+04 0.000000000000000000e+00 7.372923436466705027e+01
5.730822829971872852e+04 0.000000000000000000e+00 7.372923436466705027e+01
5.730822830044257717e+04 0.000000000000000000e+00 7.372923436466705027e+01
5.730822830116642581e+04 0.000000000000000000e+00 7.372923436466705027e+01
5.730822830189027445e+04 0.000000000000000000e+00 7.372923436466705027e+01
5.730822830261413037e+04 0.000000000000000000e+00 7.372923436466705027e+01
5.730822830333797901e+04 0.000000000000000000e+00 7.372923436466705027e+01
5.730822830406182766e+04 0.000000000000000000e+00 7.372923436466705027e+01
5.730822830478567630e+04 0.000000000000000000e+00 7.372923436466705027e+01
5.730822830550952494e+04 0.000000000000000000e+00 7.372923436466705027e+01
5.730822830623337359e+04 0.000000000000000000e+00 7.372923436466705027e+01
5.730822830695722951e+04 0.000000000000000000e+00 7.372923436466705027e+01
5.730822830768107815e+04 0.000000000000000000e+00 7.372923436466705027e+01
5.730822830840492679e+04 0.000000000000000000e+00 7.372923436466705027e+01
5.730822830912877544e+04 0.000000000000000000e+00 7.372923436466705027e+01
5.730822830985262408e+04 0.000000000000000000e+00 7.372923436466705027e+01
5.730822831057647272e+04 0.000000000000000000e+00 7.372923436466705027e+01
5.730822831130032864e+04 0.000000000000000000e+00 7.372923436466705027e+01
5.730822831202417728e+04 0.000000000000000000e+00 7.372923436466705027e+01
5.730822831274802593e+04 0.000000000000000000e+00 7.372923436466705027e+01
5.730822831347187457e+04 0.000000000000000000e+00 7.372923436466705027e+01
5.730822831419572321e+04 0.000000000000000000e+00 7.372923436466705027e+01
5.730822831491957186e+04 0.000000000000000000e+00 7.372923436466705027e+01
5.730822831564342050e+04 0.000000000000000000e+00 7.372923436466705027e+01
5.730822831636727642e+04 0.000000000000000000e+00 7.372923436466705027e+01
5.730822831709112506e+04 0.000000000000000000e+00 7.372923436466705027e+01
5.730822831781497371e+04 0.000000000000000000e+00 7.372923436466705027e+01
5.730822831853882235e+04 0.000000000000000000e+00 7.372923436466705027e+01
5.730822831926267099e+04 0.000000000000000000e+00 7.372923436466705027e+01
5.730822831998651964e+04 0.000000000000000000e+00 7.372923436466705027e+01
5.730822832071037556e+04 0.000000000000000000e+00 7.372923436466705027e+01
5.730822832143422420e+04 0.000000000000000000e+00 7.372923436466705027e+01
5.730822832215807284e+04 0.000000000000000000e+00 7.372923436466705027e+01
5.730822832288192149e+04 0.000000000000000000e+00 7.372923436466705027e+01
5.730822832360577013e+04 0.000000000000000000e+00 7.372923436466705027e+01
5.730822832432961877e+04 0.000000000000000000e+00 7.372923436466705027e+01
5.730822832505347469e+04 0.000000000000000000e+00 7.372923436466705027e+01
5.730822832577732333e+04 0.000000000000000000e+00 7.372923436466705027e+01
5.730822832650117198e+04 0.000000000000000000e+00 7.372923436466705027e+01
5.730822832722502062e+04 0.000000000000000000e+00 7.372923436466705027e+01
5.730822832794886926e+04 0.000000000000000000e+00 7.372923436466705027e+01
5.730822832867271791e+04 0.000000000000000000e+00 7.372923436466705027e+01
5.730822832939657383e+04 0.000000000000000000e+00 7.372923436466705027e+01
5.730822833012042247e+04 0.000000000000000000e+00 7.372923436466705027e+01
5.730822833084427111e+04 0.000000000000000000e+00 7.372923436466705027e+01
5.730822833156811976e+04 0.000000000000000000e+00 7.372923436466705027e+01
5.730822833229196840e+04 0.000000000000000000e+00 7.372923436466705027e+01
5.730822833301581704e+04 0.000000000000000000e+00 7.372923436466705027e+01
5.730822833373967296e+04 0.000000000000000000e+00 7.372923436466705027e+01
5.730822833446352161e+04 0.000000000000000000e+00 7.372923436466705027e+01
5.730822833518737025e+04 0.000000000000000000e+00 7.372923436466705027e+01
5.730822833591121889e+04 0.000000000000000000e+00 7.372923436466705027e+01
5.730822833663506754e+04 0.000000000000000000e+00 7.372923436466705027e+01
5.730822833735891618e+04 0.000000000000000000e+00 7.372923436466705027e+01
5.730822833808277210e+04 0.000000000000000000e+00 7.372923436466705027e+01
5.730822833880662074e+04 0.000000000000000000e+00 7.372923436466705027e+01
5.730822833953046938e+04 0.000000000000000000e+00 7.372923436466705027e+01
5.730822834025431803e+04 0.000000000000000000e+00 7.372923436466705027e+01
5.730822834097816667e+04 0.000000000000000000e+00 7.372923436466705027e+01
5.730822834170201531e+04 0.000000000000000000e+00 7.372923436466705027e+01
5.730822834242586396e+04 0.000000000000000000e+00 7.372923436466705027e+01
5.730822834314971988e+04 0.000000000000000000e+00 7.372923436466705027e+01
5.730822834387356852e+04 0.000000000000000000e+00 7.372923436466705027e+01
5.730822834459741716e+04 0.000000000000000000e+00 7.372923436466705027e+01
5.730822834532126581e+04 0.000000000000000000e+00 7.372923436466705027e+01
5.730822834604511445e+04 0.000000000000000000e+00 7.372923436466705027e+01
5.730822834676896309e+04 0.000000000000000000e+00 7.372923436466705027e+01
5.730822834749281901e+04 0.000000000000000000e+00 7.372923436466705027e+01
5.730822834821666765e+04 0.000000000000000000e+00 7.372923436466705027e+01
5.730822834894051630e+04 0.000000000000000000e+00 7.372923436466705027e+01
5.730822834966436494e+04 0.000000000000000000e+00 7.372923436466705027e+01
5.730822835038821358e+04 0.000000000000000000e+00 7.372923436466705027e+01
5.730822835111206223e+04 0.000000000000000000e+00 7.372923436466705027e+01
5.730822835183591815e+04 0.000000000000000000e+00 7.372923436466705027e+01
5.730822835255976679e+04 0.000000000000000000e+00 7.372923436466705027e+01
5.730822835328361543e+04 0.000000000000000000e+00 7.372923436466705027e+01
5.730822835400746408e+04 0.000000000000000000e+00 7.372923436466705027e+01
5.730822835473131272e+04 0.000000000000000000e+00 7.372923436466705027e+01
5.730822835545516136e+04 0.000000000000000000e+00 7.372923436466705027e+01
5.730822835617901728e+04 0.000000000000000000e+00 7.372923436466705027e+01
5.730822835690286593e+04 0.000000000000000000e+00 7.372923436466705027e+01
5.730822835762671457e+04 0.000000000000000000e+00 7.372923436466705027e+01
5.730822835835056321e+04 0.000000000000000000e+00 7.372923436466705027e+01
5.730822835907441186e+04 0.000000000000000000e+00 7.372923436466705027e+01
5.730822835979826050e+04 0.000000000000000000e+00 7.372923436466705027e+01
5.730822836052211642e+04 0.000000000000000000e+00 7.372923436466705027e+01
5.730822836124596506e+04 0.000000000000000000e+00 7.372923436466705027e+01
5.730822836196981370e+04 0.000000000000000000e+00 7.372923436466705027e+01
5.730822836269366235e+04 0.000000000000000000e+00 7.372923436466705027e+01
5.730822836341751099e+04 0.000000000000000000e+00 7.372923436466705027e+01
5.730822836414135963e+04 0.000000000000000000e+00 7.372923436466705027e+01
5.730822836486521555e+04 0.000000000000000000e+00 7.372923436466705027e+01
5.730822836558906420e+04 0.000000000000000000e+00 7.372923436466705027e+01
5.730822836631291284e+04 0.000000000000000000e+00 7.372923436466705027e+01
5.730822836703676148e+04 0.000000000000000000e+00 7.372923436466705027e+01
5.730822836776061013e+04 0.000000000000000000e+00 7.372923436466705027e+01
5.730822836848445877e+04 0.000000000000000000e+00 7.372923436466705027e+01
5.730822836920831469e+04 0.000000000000000000e+00 7.372923436466705027e+01
5.730822836993216333e+04 0.000000000000000000e+00 7.372923436466705027e+01
5.730822837065601198e+04 0.000000000000000000e+00 7.372923436466705027e+01
5.730822837137986062e+04 0.000000000000000000e+00 7.372923436466705027e+01
5.730822837210370926e+04 0.000000000000000000e+00 7.372923436466705027e+01
5.730822837282755791e+04 0.000000000000000000e+00 7.372923436466705027e+01
5.730822837355140655e+04 0.000000000000000000e+00 7.372923436466705027e+01
5.730822837427526247e+04 0.000000000000000000e+00 7.372923436466705027e+01
5.730822837499911111e+04 0.000000000000000000e+00 7.372923436466705027e+01
5.730822837572295975e+04 0.000000000000000000e+00 7.372923436466705027e+01
5.730822837644680840e+04 0.000000000000000000e+00 7.372923436466705027e+01
5.730822837717065704e+04 0.000000000000000000e+00 7.372923436466705027e+01
5.730822837789450568e+04 0.000000000000000000e+00 7.372923436466705027e+01
5.730822837861836160e+04 0.000000000000000000e+00 7.372923436466705027e+01
5.730822837934221025e+04 0.000000000000000000e+00 7.372923436466705027e+01
5.730822838006605889e+04 0.000000000000000000e+00 7.372923436466705027e+01
5.730822838078990753e+04 0.000000000000000000e+00 7.372923436466705027e+01
5.730822838151375618e+04 0.000000000000000000e+00 7.372923436466705027e+01
5.730822838223760482e+04 0.000000000000000000e+00 7.372923436466705027e+01
5.730822838296146074e+04 0.000000000000000000e+00 7.372923436466705027e+01
5.730822838368530938e+04 0.000000000000000000e+00 7.372923436466705027e+01
5.730822838440915802e+04 0.000000000000000000e+00 7.372923436466705027e+01
5.730822838513300667e+04 0.000000000000000000e+00 7.372923436466705027e+01
5.730822838585685531e+04 0.000000000000000000e+00 7.372923436466705027e+01
5.730822838658070395e+04 0.000000000000000000e+00 7.372923436466705027e+01
5.730822838730455987e+04 0.000000000000000000e+00 7.372923436466705027e+01
5.730822838802840852e+04 0.000000000000000000e+00 7.372923436466705027e+01
5.730822838875225716e+04 0.000000000000000000e+00 7.372923436466705027e+01
5.730822838947610580e+04 0.000000000000000000e+00 7.372923436466705027e+01
5.730822839019995445e+04 0.000000000000000000e+00 7.372923436466705027e+01
5.730822839092380309e+04 0.000000000000000000e+00 7.372923436466705027e+01
5.730822839164765901e+04 0.000000000000000000e+00 7.372923436466705027e+01
5.730822839237150765e+04 0.000000000000000000e+00 7.372923436466705027e+01
5.730822839309535630e+04 0.000000000000000000e+00 7.372923436466705027e+01
5.730822839381920494e+04 0.000000000000000000e+00 7.372923436466705027e+01
5.730822839454305358e+04 0.000000000000000000e+00 7.372923436466705027e+01
5.730822839526690223e+04 0.000000000000000000e+00 7.372923436466705027e+01
5.730822839599075814e+04 0.000000000000000000e+00 7.372923436466705027e+01
5.730822839671460679e+04 0.000000000000000000e+00 7.372923436466705027e+01
5.730822839743845543e+04 0.000000000000000000e+00 7.372923436466705027e+01
5.730822839816230407e+04 0.000000000000000000e+00 7.372923436466705027e+01
5.730822839888615272e+04 0.000000000000000000e+00 7.372923436466705027e+01
5.730822839961000136e+04 0.000000000000000000e+00 7.372923436466705027e+01
5.730822840033385728e+04 0.000000000000000000e+00 7.372923436466705027e+01
5.730822840105770592e+04 0.000000000000000000e+00 7.372923436466705027e+01
5.730822840178155457e+04 0.000000000000000000e+00 7.372923436466705027e+01
5.730822840250540321e+04 0.000000000000000000e+00 7.372923436466705027e+01
5.730822840322925185e+04 0.000000000000000000e+00 7.372923436466705027e+01
5.730822840395310050e+04 0.000000000000000000e+00 7.372923436466705027e+01
5.730822840467694914e+04 0.000000000000000000e+00 7.372923436466705027e+01
5.730822840540080506e+04 0.000000000000000000e+00 7.372923436466705027e+01
5.730822840612465370e+04 0.000000000000000000e+00 7.372923436466705027e+01
5.730822840684850235e+04 0.000000000000000000e+00 7.372923436466705027e+01
5.730822840757235099e+04 0.000000000000000000e+00 7.372923436466705027e+01
5.730822840829619963e+04 0.000000000000000000e+00 7.372923436466705027e+01
5.730822840902004828e+04 0.000000000000000000e+00 7.372923436466705027e+01
5.730822840974390419e+04 0.000000000000000000e+00 7.372923436466705027e+01
5.730822841046775284e+04 0.000000000000000000e+00 7.372923436466705027e+01
5.730822841119160148e+04 0.000000000000000000e+00 7.372923436466705027e+01
5.730822841191545012e+04 0.000000000000000000e+00 7.372923436466705027e+01
5.730822841263929877e+04 0.000000000000000000e+00 7.372923436466705027e+01
5.730822841336314741e+04 0.000000000000000000e+00 7.372923436466705027e+01
5.730822841408700333e+04 0.000000000000000000e+00 7.372923436466705027e+01
5.730822841481085197e+04 0.000000000000000000e+00 7.372923436466705027e+01
5.730822841553470062e+04 0.000000000000000000e+00 7.372923436466705027e+01
5.730822841625854926e+04 0.000000000000000000e+00 7.372923436466705027e+01
5.730822841698239790e+04 0.000000000000000000e+00 7.372923436466705027e+01
5.730822841770624655e+04 0.000000000000000000e+00 7.372923436466705027e+01
5.730822841843010247e+04 0.000000000000000000e+00 7.372923436466705027e+01
5.730822841915395111e+04 0.000000000000000000e+00 7.372923436466705027e+01
5.730822841987779975e+04 0.000000000000000000e+00 7.372923436466705027e+01
5.730822842060164839e+04 0.000000000000000000e+00 7.372923436466705027e+01
5.730822842132549704e+04 0.000000000000000000e+00 7.372923436466705027e+01
5.730822842204934568e+04 0.000000000000000000e+00 7.372923436466705027e+01
5.730822842277320160e+04 0.000000000000000000e+00 7.372923436466705027e+01
5.730822842349705024e+04 0.000000000000000000e+00 7.372923436466705027e+01
5.730822842422089889e+04 0.000000000000000000e+00 7.372923436466705027e+01
5.730822842494474753e+04 0.000000000000000000e+00 7.372923436466705027e+01
5.730822842566859617e+04 0.000000000000000000e+00 7.372923436466705027e+01
5.730822842639244482e+04 0.000000000000000000e+00 7.372923436466705027e+01
5.730822842711630074e+04 0.000000000000000000e+00 7.372923436466705027e+01
5.730822842784014938e+04 0.000000000000000000e+00 7.372923436466705027e+01
5.730822842856399802e+04 0.000000000000000000e+00 7.372923436466705027e+01
5.730822842928784667e+04 0.000000000000000000e+00 7.372923436466705027e+01
5.730822843001169531e+04 0.000000000000000000e+00 7.372923436466705027e+01
5.730822843073554395e+04 0.000000000000000000e+00 7.372923436466705027e+01
5.730822843145939260e+04 0.000000000000000000e+00 7.372923436466705027e+01
5.730822843218324851e+04 0.000000000000000000e+00 7.372923436466705027e+01
5.730822843290709716e+04 0.000000000000000000e+00 7.372923436466705027e+01
5.730822843363094580e+04 0.000000000000000000e+00 7.372923436466705027e+01
5.730822843435479444e+04 0.000000000000000000e+00 7.372923436466705027e+01
5.730822843507864309e+04 0.000000000000000000e+00 7.372923436466705027e+01
5.730822843580249173e+04 0.000000000000000000e+00 7.372923436466705027e+01
5.730822843652634765e+04 0.000000000000000000e+00 7.372923436466705027e+01
5.730822843725019629e+04 0.000000000000000000e+00 7.372923436466705027e+01
5.730822843797404494e+04 0.000000000000000000e+00 7.372923436466705027e+01
5.730822843869789358e+04 0.000000000000000000e+00 7.372923436466705027e+01
5.730822843942174222e+04 0.000000000000000000e+00 7.372923436466705027e+01
5.730822844014559087e+04 0.000000000000000000e+00 7.372923436466705027e+01
5.730822844086944679e+04 0.000000000000000000e+00 7.372923436466705027e+01
5.730822844159329543e+04 0.000000000000000000e+00 7.372923436466705027e+01
5.730822844231714407e+04 0.000000000000000000e+00 7.372923436466705027e+01
5.730822844304099272e+04 0.000000000000000000e+00 7.372923436466705027e+01
5.730822844376484136e+04 0.000000000000000000e+00 7.372923436466705027e+01
5.730822844448869000e+04 0.000000000000000000e+00 7.372923436466705027e+01
5.730822844521254592e+04 0.000000000000000000e+00 7.372923436466705027e+01
5.730822844593639456e+04 0.000000000000000000e+00 7.372923436466705027e+01
5.730822844666024321e+04 0.000000000000000000e+00 7.372923436466705027e+01
5.730822844738409185e+04 0.000000000000000000e+00 7.372923436466705027e+01
5.730822844810794049e+04 0.000000000000000000e+00 7.372923436466705027e+01
5.730822844883178914e+04 0.000000000000000000e+00 7.372923436466705027e+01
5.730822844955564506e+04 0.000000000000000000e+00 7.372923436466705027e+01
5.730822845027949370e+04 0.000000000000000000e+00 7.372923436466705027e+01
5.730822845100334234e+04 0.000000000000000000e+00 7.372923436466705027e+01
5.730822845172719099e+04 0.000000000000000000e+00 7.372923436466705027e+01
5.730822845245103963e+04 0.000000000000000000e+00 7.372923436466705027e+01
5.730822845317488827e+04 0.000000000000000000e+00 7.372923436466705027e+01
5.730822845389874419e+04 0.000000000000000000e+00 7.372923436466705027e+01
5.730822845462259284e+04 0.000000000000000000e+00 7.372923436466705027e+01
5.730822845534644148e+04 0.000000000000000000e+00 7.372923436466705027e+01
5.730822845607029012e+04 0.000000000000000000e+00 7.372923436466705027e+01
5.730822845679413876e+04 0.000000000000000000e+00 7.372923436466705027e+01
5.730822845751798741e+04 0.000000000000000000e+00 7.372923436466705027e+01
5.730822845824183605e+04 0.000000000000000000e+00 7.372923436466705027e+01
5.730822845896569197e+04 0.000000000000000000e+00 7.372923436466705027e+01
5.730822845968954061e+04 0.000000000000000000e+00 7.372923436466705027e+01
5.730822846041338926e+04 0.000000000000000000e+00 7.372923436466705027e+01
5.730822846113723790e+04 0.000000000000000000e+00 7.372923436466705027e+01
5.730822846186108654e+04 0.000000000000000000e+00 7.372923436466705027e+01
5.730822846258493519e+04 0.000000000000000000e+00 7.372923436466705027e+01
5.730822846330879111e+04 0.000000000000000000e+00 7.372923436466705027e+01
5.730822846403263975e+04 0.000000000000000000e+00 7.372923436466705027e+01
5.730822846475648839e+04 0.000000000000000000e+00 7.372923436466705027e+01
5.730822846548033704e+04 0.000000000000000000e+00 7.372923436466705027e+01
5.730822846620418568e+04 0.000000000000000000e+00 7.372923436466705027e+01
5.730822846692803432e+04 0.000000000000000000e+00 7.372923436466705027e+01
5.730822846765189024e+04 0.000000000000000000e+00 7.372923436466705027e+01
5.730822846837573888e+04 0.000000000000000000e+00 7.372923436466705027e+01
5.730822846909958753e+04 0.000000000000000000e+00 7.372923436466705027e+01
5.730822846982343617e+04 0.000000000000000000e+00 7.372923436466705027e+01
5.730822847054728481e+04 0.000000000000000000e+00 7.372923436466705027e+01
5.730822847127113346e+04 0.000000000000000000e+00 7.372923436466705027e+01
5.730822847199498938e+04 0.000000000000000000e+00 7.372923436466705027e+01
5.730822847271883802e+04 0.000000000000000000e+00 7.372923436466705027e+01
5.730822847344268666e+04 0.000000000000000000e+00 7.372923436466705027e+01
5.730822847416653531e+04 0.000000000000000000e+00 7.372923436466705027e+01
5.730822847489038395e+04 0.000000000000000000e+00 7.372923436466705027e+01
5.730822847561423259e+04 0.000000000000000000e+00 7.372923436466705027e+01
5.730822847633808851e+04 0.000000000000000000e+00 7.372923436466705027e+01
5.730822847706193716e+04 0.000000000000000000e+00 7.372923436466705027e+01
5.730822847778578580e+04 0.000000000000000000e+00 7.372923436466705027e+01
5.730822847850963444e+04 0.000000000000000000e+00 7.372923436466705027e+01
5.730822847923348309e+04 0.000000000000000000e+00 7.372923436466705027e+01
5.730822847995733173e+04 0.000000000000000000e+00 7.372923436466705027e+01
5.730822848068118765e+04 0.000000000000000000e+00 7.372923436466705027e+01
5.730822848140503629e+04 0.000000000000000000e+00 7.372923436466705027e+01
5.730822848212888493e+04 0.000000000000000000e+00 7.372923436466705027e+01
5.730822848285273358e+04 0.000000000000000000e+00 7.372923436466705027e+01
5.730822848357658222e+04 0.000000000000000000e+00 7.372923436466705027e+01
5.730822848430043086e+04 0.000000000000000000e+00 7.372923436466705027e+01
5.730822848502428678e+04 0.000000000000000000e+00 7.372923436466705027e+01
5.730822848574813543e+04 0.000000000000000000e+00 7.372923436466705027e+01
5.730822848647198407e+04 0.000000000000000000e+00 7.372923436466705027e+01
5.730822848719583271e+04 0.000000000000000000e+00 7.372923436466705027e+01
