5.736258693920000223e+04 0.000000000000000000e+00 1.388452375848736153e+02
5.736258694065792224e+04 0.000000000000000000e+00 1.388452375848736153e+02
5.736258694211584225e+04 0.000000000000000000e+00 1.388452375848736153e+02
5.736258694357376226e+04 0.000000000000000000e+00 1.388452375848736153e+02
5.736258694503168226e+04 0.000000000000000000e+00 1.388452375848736153e+02
5.736258694648960955e+04 0.000000000000000000e+00 1.388452375848736153e+02
5.736258694794752955e+04 0.000000000000000000e+00 1.388452375848736153e+02
5.736258694940544956e+04 0.000000000000000000e+00 1.388452375848736153e+02
5.736258695086336957e+04 0.000000000000000000e+00 1.388452375848736153e+02
5.736258695232128957e+04 0.000000000000000000e+00 1.388452375848736153e+02
5.736258695377920958e+04 0.000000000000000000e+00 1.388452375848736153e+02
5.736258695523712959e+04 0.000000000000000000e+00 1.388452375848736153e+02
5.736258695669504959e+04 0.000000000000000000e+00 1.388452375848736153e+02
5.736258695815296960e+04 0.000000000000000000e+00 1.388452375848736153e+02
5.736258695961089688e+04 0.000000000000000000e+00 1.388452375848736153e+02
5.736258696106881689e+04 0.000000000000000000e+00 1.388452375848736153e+02
5.736258696252673690e+04 0.000000000000000000e+00 1.388452375848736153e+02
5.736258696398465690e+04 -2.314159340606504307e-16 1.388452375848736153e+02
5.736258696544257691e+04 1.279476452693517326e-14 1.388452375848736153e+02
5.736258696690049692e+04 -1.346064110306175705e-11 1.388452375848735869e+02
5.736258696835841693e+04 6.366816546192411828e-09 1.388452375848879399e+02
5.736258696981633693e+04 -1.333610684803924511e-06 1.388452375818720270e+02
5.736258697127426422e+04 -1.998230390842905928e-03 1.388452330874416702e+02
5.736258697273218422e+04 1.411316973295669408e+00 1.388484140100574109e+02
5.736258697419010423e+04 2.747363406020136608e+04 1.909162677396189167e+02
5.736258697564802424e+04 3.106383207601116737e+05 4.619815477647021567e+02
5.736258697710594424e+04 6.570635593810665887e+05 6.557001789028020085e+02
5.736258697856386425e+04 1.008110092685797368e+06 8.058205804821711808e+02
5.736258698002178426e+04 1.356923398910398129e+06 9.313190239219849218e+02
5.736258698147970426e+04 1.711034724856259301e+06 1.043395755710728508e+03
5.736258698293762427e+04 2.059021478549766820e+06 1.142876381807588132e+03
5.736258698439555155e+04 2.424317610904484987e+06 1.238739886665196309e+03
5.736258698585347156e+04 2.799270902187091764e+06 1.329970794366151495e+03
5.736258698731139157e+04 3.124961290960157756e+06 1.404414043952173870e+03
5.736258698876931157e+04 3.447199913481774740e+06 1.474373747028245589e+03
5.736258699022723158e+04 3.804571731922372244e+06 1.548268494948948501e+03
5.736258699168515159e+04 4.150929367426447570e+06 1.616665968789325916e+03
5.736258699314307160e+04 4.496165732434359379e+06 1.682076568641117092e+03
5.736258699460099160e+04 4.857542599325357005e+06 1.747925091237707420e+03
5.736258699605891161e+04 5.195393148889362812e+06 1.807318100959499588e+03
5.736258699751683889e+04 5.320801962446223944e+06 1.828873759046503892e+03
5.736258699897475890e+04 5.325149829216006212e+06 1.829616529019128620e+03
5.736258700043267891e+04 5.331233936865769327e+06 1.830655404640946017e+03
5.736258700189059891e+04 5.326590813915665261e+06 1.829862633832739448e+03
5.736258700334851892e+04 5.335682057298630476e+06 1.831414558698178553e+03
5.736258700480643893e+04 5.347584268713684753e+06 1.833444345472764098e+03
5.736258700626435893e+04 5.349646396711088717e+06 1.833795789597203338e+03
5.736258700772227894e+04 5.345120557894621044e+06 1.833024372092236490e+03
5.736258700918020622e+04 5.352273778313962743e+06 1.834243471147226501e+03
5.736258701063812623e+04 5.346441950066584162e+06 1.833249633517381881e+03
5.736258701209604624e+04 5.343335090827565640e+06 1.832719954539489436e+03
5.736258701355396624e+04 5.343785518628899939e+06 1.832796756092464875e+03
5.736258701501188625e+04 5.341517911396209151e+06 1.832410078181909284e+03
5.736258701646980626e+04 5.340874282400640659e+06 1.832300310129428453e+03
5.736258701792772627e+04 5.335865010857123882e+06 1.831445776370597969e+03
5.736258701938564627e+04 5.334000963800746948e+06 1.831127685983549100e+03
5.736258702084356628e+04 5.332134533630654216e+06 1.830809133557935638e+03
5.736258702230149356e+04 5.333461857260792516e+06 1.831035679823851751e+03
5.736258702375941357e+04 5.335432064264834858e+06 1.831371901107342410e+03
5.736258702521733358e+04 5.336248240758949891e+06 1.831511165806625286e+03
5.736258702667525358e+04 5.330526788317036815e+06 1.830534687652257389e+03
5.736258702813317359e+04 5.330064131138460711e+06 1.830455703359559038e+03
5.736258702959109360e+04 5.325597516039556824e+06 1.829692992697059708e+03
5.736258703104901360e+04 5.323438934054596350e+06 1.829324283385568151e+03
5.736258703250693361e+04 5.319504021363798529e+06 1.828651966163155521e+03
5.736258703396485362e+04 5.313298281824769452e+06 1.827591153989447548e+03
5.736258703542278090e+04 5.303108881736810319e+06 1.825848036142522460e+03
5.736258703688070091e+04 5.288112678888652474e+06 1.823279579303571154e+03
5.736258703833862091e+04 5.276421457922482863e+06 1.821274666600716728e+03
5.736258703979654092e+04 5.275703783552755602e+06 1.821151521625938813e+03
5.736258704125446093e+04 5.271839890692971647e+06 1.820488377244718095e+03
5.736258704271238093e+04 5.272926518756493926e+06 1.820674895258021706e+03
5.736258704417030094e+04 5.273342764932204038e+06 1.820746338203822233e+03
5.736258704562822095e+04 5.271092978446487337e+06 1.820360159838995969e+03
5.736258704708614823e+04 5.269587175034075975e+06 1.820101641226746779e+03
5.736258704854406824e+04 5.270365641641910188e+06 1.820235294138148902e+03
5.736258705000198825e+04 5.270362848534440622e+06 1.820234814614319248e+03
5.736258705145990825e+04 5.263883915763162076e+06 1.819122163943910664e+03
5.736258705291782826e+04 5.263038462001717649e+06 1.818976920895664762e+03
5.736258705437574827e+04 5.263670336559528485e+06 1.819085473623959615e+03
5.736258705583366827e+04 5.267814999651575461e+06 1.819797344426635391e+03
5.736258705729158828e+04 5.260237665723650716e+06 1.818495680796982697e+03
5.736258705874950829e+04 5.262432690126724541e+06 1.818872846388444714e+03
5.736258706020743557e+04 5.261796796941510402e+06 1.818763590489001217e+03
5.736258706166535558e+04 5.251244763029361144e+06 1.816949635210990209e+03
5.736258706312327558e+04 5.253906917825496756e+06 1.817407445687657400e+03
5.736258706458119559e+04 5.251119662669288926e+06 1.816928118877658108e+03
5.736258706603911560e+04 5.251723071670739911e+06 1.817031898397552141e+03
5.736258706749703560e+04 5.264138723111586645e+06 1.819165935791658740e+03
5.736258706895495561e+04 5.265826347606461495e+06 1.819455816241229513e+03
5.736258707041287562e+04 5.265758125444162637e+06 1.819444098729774623e+03
5.736258707187079563e+04 5.265547907247202471e+06 1.819407992185782859e+03
5.736258707332872291e+04 5.273045803786982782e+06 1.820695369183671119e+03
5.736258707478664292e+04 5.263944176329282112e+06 1.819132515845341459e+03
5.736258707624456292e+04 5.267826604837678373e+06 1.819799337296161639e+03
5.736258707770248293e+04 5.266573584891246632e+06 1.819584153194632790e+03
5.736258707916040294e+04 5.262724446445661597e+06 1.818922972263679412e+03
5.736258708061832294e+04 5.264703848269937560e+06 1.819263011543056336e+03
5.736258708207624295e+04 5.265823170735496096e+06 1.819455270598781453e+03
5.736258708353416296e+04 5.268966207590560429e+06 1.819995021900911752e+03
5.736258708499209024e+04 5.262681283039811999e+06 1.818915556561074254e+03
5.736258708645001025e+04 5.262021286064958200e+06 1.818802161806115464e+03
5.736258708790793025e+04 5.263155229541003704e+06 1.818996981433209385e+03
5.736258708936585026e+04 5.262573377742895856e+06 1.818897017725112846e+03
5.736258709082377027e+04 5.257812345651848242e+06 1.818078853084322418e+03
5.736258709228169027e+04 5.261340932956041768e+06 1.818685262242350063e+03
5.736258709373961028e+04 5.264442131393481046e+06 1.819218055132733525e+03
5.736258709519753029e+04 5.262894539855590090e+06 1.818952194921500222e+03
5.736258709665545030e+04 5.261201787580040284e+06 1.818661353093952130e+03
5.736258709811337758e+04 5.287732416342712939e+06 1.823214403248887038e+03
5.736258709957129759e+04 5.285671429587001912e+06 1.822861114701796396e+03
5.736258710102921759e+04 5.276425209020247683e+06 1.821275310225682006e+03
5.736258710248713760e+04 5.279216709874286316e+06 1.821754221532484507e+03
5.736258710394505761e+04 5.289251805278881453e+06 1.823474808792076601e+03
5.736258710540297761e+04 5.277488884738571011e+06 1.821457809822013587e+03
5.736258710686089762e+04 5.278828573900585063e+06 1.821687640263243793e+03
5.736258710831881763e+04 5.286446360315269791e+06 1.822993959177331817e+03
5.736258710977673763e+04 5.294494325703768991e+06 1.824373030266797059e+03
5.736258711123466492e+04 5.294929927729431540e+06 1.824447643762597636e+03
5.736258711269258492e+04 5.302154125765068457e+06 1.825684619150626304e+03
5.736258711415050493e+04 5.297797695766348392e+06 1.824938782494899897e+03
5.736258711560842494e+04 5.292665840980899520e+06 1.824059799078161177e+03
5.736258711706634494e+04 5.294683956574065611e+06 1.824405512176169395e+03
5.736258711852426495e+04 5.299662932778955437e+06 1.825258155162399817e+03
5.736258711998218496e+04 5.305572281763728708e+06 1.826269606630502494e+03
5.736258712144010497e+04 5.309836129519329406e+06 1.826999064299043539e+03
5.736258712289803225e+04 5.313717897287215106e+06 1.827662902672292375e+03
5.736258712435595226e+04 5.317769643261745572e+06 1.828355552686235797e+03
5.736258712581387226e+04 5.320553077177656814e+06 1.828831231479831104e+03
5.736258712727179227e+04 5.306847262237447314e+06 1.826487760402024833e+03
5.736258712872971228e+04 5.305611125633295625e+06 1.826276253341977281e+03
5.736258713018763228e+04 5.311631029445469379e+06 1.827306048094685821e+03
5.736258713164555229e+04 5.292915571285812184e+06 1.824102582656368213e+03
5.736258713310347230e+04 5.279922273690111935e+06 1.821875248488853003e+03
5.736258713456139230e+04 5.288570699514823966e+06 1.823358079806806472e+03
5.736258713601931959e+04 5.289685721638418734e+06 1.823549170168989804e+03
5.736258713747723959e+04 5.274971488206146285e+06 1.821025859269670264e+03
5.736258713893515960e+04 5.205812126618645154e+06 1.809118729972318079e+03
5.736258714039307961e+04 5.239284679264484905e+06 1.814891436020431229e+03
5.736258714185099961e+04 5.285261328970678151e+06 1.822790808240669776e+03
5.736258714330891962e+04 5.283219360445763916e+06 1.822440698700125722e+03
5.736258714476683963e+04 5.268807557381700724e+06 1.819967780858651167e+03
5.736258714622475964e+04 5.290048893845416605e+06 1.823611405605203345e+03
5.736258714768267964e+04 5.288158140768582001e+06 1.823287371200810867e+03
5.736258714914060693e+04 5.275226304295617156e+06 1.821069586859535775e+03
5.736258715059852693e+04 5.282115781594482251e+06 1.822251454518983564e+03
5.736258715205644694e+04 5.274722182952050120e+06 1.820983076347781889e+03
5.736258715351436695e+04 5.250225995916684158e+06 1.816774407417697830e+03
5.736258715497228695e+04 5.271247830331067555e+06 1.820386742963405823e+03
5.736258715643020696e+04 5.266675450971669517e+06 1.819601647849686060e+03
5.736258715788812697e+04 5.255194371732926928e+06 1.817628807631821928e+03
5.736258715934604697e+04 5.263156495557176881e+06 1.818997198932212541e+03
5.736258716080397426e+04 5.336056577880671248e+06 1.831478463202726061e+03
5.736258716226189426e+04 5.360422250221048482e+06 1.835631201082656162e+03
5.736258716371981427e+04 5.346098404106482863e+06 1.833191070937929226e+03
5.736258716517773428e+04 5.327867081759463996e+06 1.830080579127505189e+03
5.736258716663565428e+04 5.346165287630798295e+06 1.833202472387938087e+03
5.736258716809357429e+04 5.356162348696241155e+06 1.834905847158145207e+03
5.736258716955149430e+04 5.333792789543850347e+06 1.831092158648741133e+03
5.736258717100941431e+04 5.332539059956535697e+06 1.830878180675283147e+03
5.736258717246733431e+04 5.363144815272739157e+06 1.836094635236828253e+03
5.736258717392526160e+04 5.337158183292461559e+06 1.831666417380028406e+03
5.736258717538318160e+04 5.287600830052308738e+06 1.823191849143334821e+03
5.736258717684110161e+04 5.279215024373626336e+06 1.821753932405119258e+03
5.736258717829902162e+04 5.281842154054228216e+06 1.822204529212868692e+03
5.736258717975694162e+04 5.271844068012554199e+06 1.820489094311703411e+03
5.736258718121486163e+04 5.272595433029989712e+06 1.820618066933244336e+03
5.736258718267278164e+04 5.271274612270910293e+06 1.820391340527997272e+03
5.736258718413070164e+04 5.276599193635852076e+06 1.821305162794639273e+03
5.736258718558862165e+04 5.225716910531166010e+06 1.812553742398271197e+03
5.736258718704654893e+04 5.219975709272733890e+06 1.811563639040996577e+03
5.736258718850446894e+04 5.207041313824188896e+06 1.809331042440856891e+03
5.736258718996238895e+04 5.205887544230179861e+06 1.809131757264755379e+03
5.736258719142030895e+04 5.198612782841016538e+06 1.807874716144798413e+03
5.736258719287822896e+04 5.214099221325532533e+06 1.810549643983411443e+03
5.736258719433614897e+04 5.208611610236373730e+06 1.809602237066956604e+03
5.736258719579406898e+04 5.204176994317140430e+06 1.808836261646756384e+03
5.736258719725198898e+04 5.195718116124805063e+06 1.807374289564284709e+03
5.736258719870991627e+04 5.205448988053127192e+06 1.809056001768105716e+03
5.736258720016783627e+04 5.197155612189236097e+06 1.807622819511380385e+03
5.736258720162575628e+04 5.180948373582675122e+06 1.804818753639592387e+03
5.736258720308367629e+04 5.183499411123113707e+06 1.805260405579191229e+03
5.736258720454159629e+04 5.180156008625488728e+06 1.804681552349591357e+03
5.736258720599951630e+04 5.155670287126427516e+06 1.800436594122108090e+03
5.736258720745743631e+04 5.191490733038809150e+06 1.806643215510261143e+03
5.736258720891535631e+04 5.220839534922208637e+06 1.811712645351458605e+03
5.736258721037327632e+04 5.224250690193487331e+06 1.812300935653604256e+03
5.736258721183120360e+04 5.218643500085218810e+06 1.811333814500590961e+03
5.736258721328912361e+04 5.216409618533484638e+06 1.810948373527922513e+03
5.736258721474704362e+04 5.225126368644181639e+06 1.812451924990733005e+03
5.736258721620496362e+04 5.214603578748289496e+06 1.810636693739989596e+03
5.736258721766288363e+04 5.207195109342006966e+06 1.809357605156800901e+03
5.736258721912080364e+04 5.211266770905736834e+06 1.810060698378948246e+03
5.736258722057872365e+04 5.209770777267372236e+06 1.809802402416381938e+03
5.736258722203664365e+04 5.206840919180482626e+06 1.809296430795076049e+03
5.736258722349456366e+04 5.207281431132332422e+06 1.809372514010784698e+03
5.736258722495249094e+04 5.209665820613797754e+06 1.809784279377965959e+03
5.736258722641041095e+04 5.205464441116544418e+06 1.809058671159628148e+03
5.736258722786833096e+04 5.200343429357344285e+06 1.808173842125900137e+03
5.736258722932625096e+04 5.202989108821781352e+06 1.808631027328021219e+03
5.736258723078417097e+04 5.200593620101951063e+06 1.808217081150302420e+03
5.736258723224209098e+04 5.204808035666353069e+06 1.808945278965472198e+03
5.736258723370001098e+04 5.214297796073969454e+06 1.810583917565333650e+03
5.736258723515793099e+04 5.207801072957511991e+06 1.809462260064698057e+03
5.736258723661585827e+04 5.207016901752781123e+06 1.809326826086290112e+03
5.736258723807377828e+04 5.211277456941442564e+06 1.810062543280867203e+03
5.736258723953169829e+04 5.216852977535560727e+06 1.811024878614240833e+03
5.736258724098961829e+04 5.209240893459703773e+06 1.809710904650882412e+03
5.736258724244753830e+04 5.206322634135072120e+06 1.809206910868521845e+03
5.736258724390545831e+04 5.209507238514667377e+06 1.809756896401189806e+03
5.736258724536337832e+04 5.211347719692122191e+06 1.810074673820827911e+03
5.736258724682129832e+04 5.213055926315242425e+06 1.810369562809490617e+03
5.736258724827921833e+04 5.209219760469501838e+06 1.809707255412719633e+03
5.736258724973714561e+04 5.213115009316197596e+06 1.810379761492771195e+03
5.736258725119506562e+04 5.209185529269299470e+06 1.809701344364122406e+03
5.736258725265298563e+04 5.211878131260382012e+06 1.810166244309549256e+03
5.736258725411090563e+04 5.239989993944397196e+06 1.815012877699562750e+03
5.736258725556882564e+04 5.259913409979498945e+06 1.818439958106174799e+03
5.736258725702674565e+04 5.256557018580750562e+06 1.817863068719140074e+03
5.736258725848466565e+04 5.261212877169499174e+06 1.818663258613572225e+03
5.736258725994258566e+04 5.291240109504235908e+06 1.823815524783180308e+03
5.736258726140050567e+04 5.276396064571641386e+06 1.821270309524996264e+03
5.736258726285843295e+04 5.271905329743295908e+06 1.820499610296459196e+03
5.736258726431635296e+04 5.277006347120895982e+06 1.821375020952730665e+03
5.736258726577427296e+04 5.278591649187095463e+06 1.821646996742764941e+03
5.736258726723219297e+04 5.266652220728680491e+06 1.819597658262788855e+03
5.736258726869011298e+04 5.267733881526084617e+06 1.819783414572679931e+03
5.736258727014803299e+04 5.269700601004635915e+06 1.820121115648048544e+03
5.736258727160595299e+04 5.258978882951254956e+06 1.818279351982124354e+03
5.736258727306387300e+04 5.256039125404248014e+06 1.817774038041487302e+03
5.736258727452180028e+04 5.267801146176164970e+06 1.819794965472787226e+03
5.736258727597972029e+04 5.271229956302981824e+06 1.820383674583290485e+03
5.736258727743764030e+04 5.262377356189447455e+06 1.818863339456377162e+03
5.736258727889556030e+04 5.256158750235337764e+06 1.817794603055330299e+03
5.736258728035348031e+04 5.263175379180714488e+06 1.819000443097237621e+03
5.736258728181140032e+04 5.266386982416946441e+06 1.819552105329933056e+03
5.736258728326932032e+04 5.254744776426113211e+06 1.817551508284241208e+03
5.736258728472724033e+04 5.246169298323795199e+06 1.816076488326516483e+03
5.736258728618516034e+04 5.251539949450192973e+06 1.817000404074355174e+03
5.736258728764308762e+04 5.233269295496428385e+06 1.813855371766246208e+03
5.736258728910100763e+04 5.204068688047686592e+06 1.808817550232693748e+03
5.736258729055892763e+04 5.200110301557376049e+06 1.808133551061248227e+03
5.736258729201684764e+04 5.194465477907042019e+06 1.807157691982606366e+03
5.736258729347476765e+04 5.184971670427881181e+06 1.805515243363352511e+03
5.736258729493268766e+04 5.182364191335683689e+06 1.805063882411035820e+03
5.736258729639060766e+04 5.175921312797680497e+06 1.803948120234767202e+03
5.736258729784852767e+04 5.178465279689542949e+06 1.804388760718145249e+03
5.736258729930644768e+04 5.177727548697590828e+06 1.804260989418103691e+03
5.736258730076437496e+04 5.175638387836455368e+06 1.803899108153719453e+03
5.736258730222229497e+04 5.171502018962715752e+06 1.803182398386723662e+03
5.736258730368021497e+04 5.178239610399696976e+06 1.804349676891874196e+03
5.736258730513813498e+04 5.171250323213966563e+06 1.803138777800735170e+03
5.736258730659605499e+04 5.173225044269300066e+06 1.803480982064494128e+03
5.736258730805397499e+04 5.173948214580307715e+06 1.803606285782097075e+03
5.736258730951189500e+04 5.176182695153031498e+06 1.803993399231450894e+03
5.736258731096981501e+04 5.177543657686487772e+06 1.804229139010357130e+03
5.736258731242774229e+04 5.182162676019098610e+06 1.805028994922778793e+03
5.736258731388566230e+04 5.187202543489088304e+06 1.805901323350941084e+03
5.736258731534358230e+04 5.193344887375375256e+06 1.806963905176196249e+03
5.736258731680150231e+04 5.191418696115611121e+06 1.806630755044388252e+03
5.736258731825942232e+04 5.184349169411657378e+06 1.805407497182363386e+03
5.736258731971734233e+04 5.185845293945454061e+06 1.805666444478577887e+03
5.736258732117526233e+04 5.178729985102837905e+06 1.804434604159783248e+03
5.736258732263318234e+04 5.175477250474317931e+06 1.803871193169414937e+03
5.736258732409110235e+04 5.174198368016115390e+06 1.803649627840748735e+03
5.736258732554902963e+04 5.175866597522773780e+06 1.803938641820096336e+03
5.736258732700694964e+04 5.181016786282967776e+06 1.804830599094234913e+03
5.736258732846486964e+04 5.179435073816077784e+06 1.804556710423656568e+03
5.736258732992278965e+04 5.179749340488560498e+06 1.804611132018571652e+03
5.736258733138070966e+04 5.184563120280898176e+06 1.805444529797457108e+03
5.736258733283862966e+04 5.183379122173838317e+06 1.805239582814051118e+03
5.736258733429654967e+04 5.188862006531592458e+06 1.806188460289303521e+03
5.736258733575446968e+04 5.186323177139010280e+06 1.805749148057913771e+03
5.736258733721238968e+04 5.182180951369905844e+06 1.805032158884209821e+03
5.736258733867031697e+04 5.186474780735191889e+06 1.805775384138208665e+03
5.736258734012823697e+04 5.185455467195838690e+06 1.805598977347240179e+03
5.736258734158615698e+04 5.184158371863411739e+06 1.805374471519588042e+03
5.736258734304407699e+04 5.186165052387013100e+06 1.805721783039093452e+03
5.736258734450199699e+04 5.193458794885106385e+06 1.806983604464410064e+03
5.736258734595991700e+04 5.191596676548399031e+06 1.806661540754866792e+03
5.736258734741783701e+04 5.188483464226724580e+06 1.806122965122170854e+03
5.736258734887575702e+04 5.198981590360958129e+06 1.807938465207153740e+03
5.736258735033368430e+04 5.197993288644701242e+06 1.807767630367060747e+03
5.736258735179160431e+04 5.197351870321527123e+06 1.807656748099858305e+03
5.736258735324952431e+04 5.198656728935776278e+06 1.807882312426575027e+03
5.736258735470744432e+04 5.200903963718941435e+06 1.808270714612261372e+03
5.736258735616536433e+04 5.197931454584593885e+06 1.807756941382156811e+03
5.736258735762328433e+04 5.198665497997588478e+06 1.807883828194857415e+03
5.736258735908120434e+04 5.198179578566692770e+06 1.807799833113219165e+03
5.736258736053912435e+04 5.191542106363736093e+06 1.806652101672409799e+03
5.736258736199704435e+04 5.187021557726930827e+06 1.805870004618087705e+03
5.736258736345497164e+04 5.191626288355113938e+06 1.806666662730550797e+03
5.736258736491289164e+04 5.187876883035531268e+06 1.806018009848519341e+03
5.736258736637081165e+04 5.181777312049940228e+06 1.804962276622758964e+03
5.736258736782873166e+04 5.182575463055305183e+06 1.805100458259751804e+03
5.736258736928665166e+04 5.187026417421512306e+06 1.805870845572419512e+03
5.736258737074457167e+04 5.191676133783630095e+06 1.806675284497678831e+03
5.736258737220249168e+04 5.188891218077462167e+06 1.806193514355096340e+03
5.736258737366041169e+04 5.185727961768321693e+06 1.805646138119316220e+03
5.736258737511833169e+04 5.192480835819778964e+06 1.806814468169701513e+03
5.736258737657625898e+04 5.182406924621257931e+06 1.805071280556057673e+03
5.736258737803417898e+04 5.118142623042525724e+06 1.793911129181592969e+03
5.736258737949209899e+04 5.172073291186280549e+06 1.803281399835152115e+03
5.736258738095001900e+04 5.192780827899442986e+06 1.806866352953961950e+03
5.736258738240793900e+04 5.261497698557041585e+06 1.818712198671947817e+03
5.736258738386585901e+04 5.285406828486540355e+06 1.822815752566366200e+03
5.736258738532377902e+04 5.286804978731639683e+06 1.823055432977087094e+03
5.736258738678169902e+04 5.304036274578697979e+06 1.826006755631447959e+03
5.736258738823962631e+04 5.313747706942857243e+06 1.827667999621180115e+03
5.736258738969754631e+04 5.321698286684894003e+06 1.829026907723901786e+03
5.736258739115546632e+04 5.354548933590281755e+06 1.834631048329316400e+03
5.736258739261338633e+04 5.356907755218960345e+06 1.835032791808323509e+03
5.736258739407130633e+04 5.341092279562713578e+06 1.832337489308859858e+03
5.736258739552922634e+04 5.397493389343031682e+06 1.841931423354136314e+03
5.736258739698714635e+04 5.641653089506004006e+06 1.882899673626094227e+03
5.736258739844506636e+04 5.817904114776142873e+06 1.911927841665341020e+03
5.736258739990298636e+04 5.783810640345927328e+06 1.906347200857232338e+03
5.736258740136091365e+04 5.789091987172057852e+06 1.907212754776596967e+03
5.736258740281883365e+04 5.920921787390819751e+06 1.928692333452710727e+03
5.736258740427675366e+04 5.840668863994487561e+06 1.915645071508956335e+03
5.736258740573467367e+04 5.839249722844162025e+06 1.915413552415665890e+03
5.736258740719259367e+04 5.829746894544237293e+06 1.913862536623293636e+03
5.736258740865051368e+04 5.817013616448612884e+06 1.911782286318288698e+03
5.736258741010843369e+04 5.814552765337022953e+06 1.911379993181795044e+03
5.736258741156635369e+04 5.842306998759470880e+06 1.915912282497471097e+03
5.736258741302427370e+04 5.858634551981590688e+06 1.918573583417767850e+03
5.736258741448220098e+04 5.761095295213948935e+06 1.902619919875937285e+03
5.736258741594012099e+04 5.647892217511298135e+06 1.883934881025498953e+03
5.736258741739804100e+04 5.760409203839446418e+06 1.902507227949385197e+03
5.736258741885596100e+04 5.800405295833282173e+06 1.909065559349862042e+03
5.736258742031388101e+04 5.717053226096742786e+06 1.895372329203543131e+03
5.736258742177180102e+04 5.593668226231247187e+06 1.874918835948513561e+03
5.736258742322972103e+04 5.703600198610541411e+06 1.893152958461515482e+03
5.736258742468764103e+04 5.727954427084172145e+06 1.897168816138302191e+03
5.736258742614556832e+04 5.621452037473878823e+06 1.879543966876320155e+03
5.736258742760348832e+04 5.682570522963425145e+06 1.889678432128636132e+03
5.736258742906140833e+04 5.675510823669695295e+06 1.888510594302705840e+03
5.736258743051932834e+04 5.426989546019246802e+06 1.846928928319124225e+03
5.736258743197724834e+04 5.271912583931531757e+06 1.820500855522239817e+03
5.736258743343516835e+04 5.255891890378780663e+06 1.817748726168371604e+03
5.736258743489308836e+04 5.241154122116968036e+06 1.815213300503030496e+03
5.736258743635100836e+04 5.239929947248081677e+06 1.815002539124959640e+03
5.736258743780892837e+04 5.233281973253539763e+06 1.813857555951806717e+03
5.736258743926685565e+04 5.225721972491661087e+06 1.812554615123993472e+03
5.736258744072477566e+04 5.228033174996772781e+06 1.812953042517368431e+03
5.736258744218269567e+04 5.231852620405594818e+06 1.813611283531698973e+03
5.736258744364061567e+04 5.221187270144478418e+06 1.811772624762914120e+03
5.736258744509853568e+04 5.221721021222969517e+06 1.811864685417858709e+03
5.736258744655645569e+04 5.234107517856435850e+06 1.813999779123545522e+03
5.736258744801437570e+04 5.246569843065192923e+06 1.816145410454720604e+03
5.736258744947229570e+04 5.238630576715318486e+06 1.814778804826382611e+03
5.736258745093021571e+04 5.221878619170803577e+06 1.811891866801590368e+03
5.736258745238814299e+04 5.243189668428539298e+06 1.815563698350415052e+03
5.736258745384606300e+04 5.249241043460002169e+06 1.816604979670181592e+03
5.736258745530398301e+04 5.237020055777721107e+06 1.814501456285190216e+03
5.736258745676190301e+04 5.237795534766823053e+06 1.814635007165150228e+03
5.736258745821982302e+04 5.235075132268443704e+06 1.814166463604643241e+03
5.736258745967774303e+04 5.213711476234107278e+06 1.810482718129702789e+03
5.736258746113566303e+04 5.183441345525731333e+06 1.805250354093188434e+03
5.736258746259358304e+04 5.182308055389753543e+06 1.805054163901625316e+03
5.736258746405151032e+04 5.182989667313622311e+06 1.805172164108181050e+03
5.736258746550943033e+04 5.167719872598776594e+06 1.802526815438326594e+03
5.736258746696735034e+04 5.162572189625799656e+06 1.801634152239606237e+03
5.736258746842527034e+04 5.162035095697777346e+06 1.801540988934503957e+03
5.736258746988319035e+04 5.157947742688975297e+06 1.800831846447804537e+03
5.736258747134111036e+04 5.159969631214563735e+06 1.801182672443054116e+03
5.736258747279903037e+04 5.164751132016491145e+06 1.802012058092372172e+03
5.736258747425695037e+04 5.171305242536162958e+06 1.803148295782990090e+03
5.736258747571487038e+04 5.198083389175618067e+06 1.807783205540631570e+03
5.736258747717279766e+04 5.304395897480342537e+06 1.826068299906992479e+03
5.736258747863071767e+04 5.318574390945779160e+06 1.828493093872960571e+03
5.736258748008863768e+04 5.311441599794859067e+06 1.827273652158260347e+03
5.736258748154655768e+04 5.325905639900606126e+06 1.829745617548482869e+03
5.736258748300447769e+04 5.330146830779215321e+06 1.830469821995710845e+03
5.736258748446239770e+04 5.306018895251011476e+06 1.826346026779121075e+03
5.736258748592031770e+04 5.313695421898725443e+06 1.827659059750122879e+03
5.736258748737823771e+04 5.304430228535255417e+06 1.826074175063689609e+03
5.736258748883615772e+04 5.284564421199577861e+06 1.822671326172038107e+03
5.736258749029408500e+04 5.300263246744602919e+06 1.825360931217543339e+03
5.736258749175200501e+04 5.333017602467153221e+06 1.830959857982137919e+03
5.736258749320992501e+04 5.302962367566104978e+06 1.825822959579820690e+03
5.736258749466784502e+04 5.278199582160590217e+06 1.821579737165070810e+03
5.736258749612576503e+04 5.305053772904292680e+06 1.826180880434679921e+03
5.736258749758368504e+04 5.324587622468548827e+06 1.829520501126686668e+03
5.736258749904160504e+04 5.332951776455366984e+06 1.830948623059807232e+03
5.736258750049952505e+04 5.283710303479196504e+06 1.822524880399304038e+03
5.736258750195745233e+04 5.282904086252461188e+06 1.822386636778207958e+03
5.736258750341537234e+04 5.333060813882885501e+06 1.830967233097524058e+03
5.736258750487329235e+04 5.300119832787098363e+06 1.825336378723641246e+03
5.736258750633121235e+04 5.279887063672551885e+06 1.821869209025539476e+03
5.736258750778913236e+04 5.287256841727130115e+06 1.823132887663281736e+03
5.736258750924705237e+04 5.245812939078202471e+06 1.816015167041254699e+03
5.736258751070497237e+04 5.235713827627116814e+06 1.814276479003943905e+03
5.736258751216289238e+04 5.268512427467737347e+06 1.819917104476831810e+03
5.736258751362081239e+04 5.258140065400329418e+06 1.818135182233490013e+03
5.736258751507873967e+04 5.253257308724119328e+06 1.817295743117386564e+03
5.736258751653665968e+04 5.288424897240984254e+06 1.823333091010969156e+03
5.736258751799457968e+04 5.251695487773375586e+06 1.817027154408639944e+03
5.736258751945249969e+04 5.269318397744748741e+06 1.820055493272242984e+03
5.736258752091041970e+04 5.265229463581730612e+06 1.819353295745106607e+03
5.736258752236833971e+04 5.266269419417331927e+06 1.819531914294396756e+03
5.736258752382625971e+04 5.295839303167447448e+06 1.824603399229447632e+03
5.736258752528417972e+04 5.330800503345542587e+06 1.830581414357461426e+03
5.736258752674209973e+04 5.316776021585144103e+06 1.828185716356714920e+03
5.736258752820002701e+04 5.305166236988455057e+06 1.826200125429243371e+03
5.736258752965794702e+04 5.303324416782451794e+06 1.825884925314033126e+03
5.736258753111586702e+04 5.335591354855867103e+06 1.831399081790999617e+03
5.736258753257378703e+04 5.371636804103013128e+06 1.837539388030739019e+03
5.736258753403170704e+04 5.334310512766011059e+06 1.831180512805539138e+03
5.736258753548962704e+04 5.299727570333246142e+06 1.825269221637805003e+03
5.736258753694754705e+04 5.358273272434677929e+06 1.835265320129946076e+03
5.736258753840546706e+04 5.381545952386824414e+06 1.839223809176513669e+03
5.736258753986339434e+04 5.337522090533382259e+06 1.831728502421514349e+03
5.736258754132131435e+04 5.341304290463716723e+06 1.832373646814377935e+03
5.736258754277923435e+04 5.325957855817584321e+06 1.829754535418887826e+03
5.736258754423715436e+04 5.265365795453117229e+06 1.819376712546963972e+03
5.736258754569507437e+04 5.239676590092663653e+06 1.814958916562001605e+03
5.736258754715299438e+04 5.234075172823893838e+06 1.813994206995968625e+03
5.736258754861091438e+04 5.231003723604500294e+06 1.813465005797689173e+03
5.736258755006883439e+04 5.259330131319114938e+06 1.818339718554936780e+03
5.736258755152675440e+04 5.255959086880707182e+06 1.817760278282161607e+03
5.736258755298468168e+04 5.247800245688162744e+06 1.816357110690268883e+03
5.736258755444260169e+04 5.245839215906315483e+06 1.816019688753799528e+03
5.736258755590052169e+04 5.243361491168025881e+06 1.815593272729334558e+03
5.736258755735844170e+04 5.216396826619379222e+06 1.810946166134463510e+03
5.736258755881636171e+04 5.181990054823882878e+06 1.804999109214441432e+03
5.736258756027428171e+04 5.180266161882390268e+06 1.804700626468693144e+03
5.736258756173220172e+04 5.188263117185411975e+06 1.806084839712930716e+03
5.736258756319012173e+04 5.186161742027943023e+06 1.805721210144983615e+03
5.736258756464804173e+04 5.169526395211793482e+06 1.802839980976506695e+03
5.736258756610596902e+04 5.166115612283725291e+06 1.802248666992800963e+03
5.736258756756388902e+04 5.177967838819058612e+06 1.804302607453060091e+03
5.736258756902180903e+04 5.182180315844280645e+06 1.805032048857491873e+03
5.736258757047972904e+04 5.154835191422036849e+06 1.800291641551105158e+03
5.736258757193764905e+04 5.145388574659315869e+06 1.798651122136272534e+03
5.736258757339556905e+04 5.160044841873430647e+06 1.801195721228232969e+03
5.736258757485348906e+04 5.157993749878748320e+06 1.800839830099894698e+03
5.736258757631140907e+04 5.153149158351987600e+06 1.799998951102470073e+03
5.736258757776933635e+04 5.153684470883768983e+06 1.800091884960974767e+03
5.736258757922725636e+04 5.136943458846236579e+06 1.797183257706040877e+03
5.736258758068517636e+04 5.106699986127746291e+06 1.791916708814849244e+03
5.736258758214309637e+04 5.093476937024759129e+06 1.789609199138312988e+03
5.736258758360101638e+04 5.094223651755724102e+06 1.789739585064633729e+03
5.736258758505893638e+04 5.097235198572636582e+06 1.790265343212535527e+03
5.736258758651685639e+04 5.094544462698783726e+06 1.789795599834444829e+03
5.736258758797477640e+04 5.084059780892949551e+06 1.787964027338943197e+03
5.736258758943269640e+04 5.082675867698965594e+06 1.787722130900619959e+03
5.736258759089062369e+04 5.085062342444444075e+06 1.788139246263494215e+03
5.736258759234854369e+04 5.083845660194810480e+06 1.787926602973890795e+03
5.736258759380646370e+04 5.078271385461876169e+06 1.786952046338589525e+03
5.736258759526438371e+04 5.089576104918970726e+06 1.788927909552074880e+03
5.736258759672230372e+04 5.080491348737562075e+06 1.787340228652893074e+03
5.736258759818022372e+04 5.077564023835562170e+06 1.786828339515921925e+03
5.736258759963814373e+04 5.079309559742895886e+06 1.787133591771837700e+03
5.736258760109606374e+04 5.091946233290564269e+06 1.789341889021380666e+03
5.736258760255398374e+04 5.110050435183536261e+06 1.792500912688668677e+03
5.736258760401191103e+04 5.102378105862304568e+06 1.791162839097534516e+03
5.736258760546983103e+04 4.902341725868210196e+06 1.755916165045367734e+03
5.736258760692775104e+04 4.645131687910696492e+06 1.709527801746489558e+03
5.736258760838567105e+04 4.287631649517610669e+06 1.642877895933993841e+03
5.736258760984359105e+04 3.938046352935484610e+06 1.574978403212144940e+03
5.736258761130151106e+04 3.604869958196260966e+06 1.507422211549459462e+03
5.736258761275943107e+04 3.273457790474822279e+06 1.437076587745678808e+03
5.736258761421735107e+04 2.907537910157314967e+06 1.355171278417721624e+03
5.736258761567527836e+04 2.553027861352178268e+06 1.270795189377545285e+03
5.736258761713319836e+04 2.194716721768285614e+06 1.179396435090923205e+03
5.736258761859111837e+04 1.788007317609723425e+06 1.066200062608362941e+03
5.736258762004903838e+04 1.410110937870052177e+06 9.489980696338546977e+02
5.736258762150695838e+04 1.075207604739678092e+06 8.314341543154808960e+02
5.736258762296487839e+04 7.185958502957688179e+05 6.843978422196080373e+02
5.736258762442279840e+04 3.758004452247343725e+05 5.041361703602102580e+02
5.736258762588071841e+04 6.191169151964809862e+04 2.407754289784986668e+02
5.736258762733863841e+04 2.185814859638130514e+01 1.388944251684449114e+02
5.736258762879656570e+04 -9.179559300603201688e-02 1.388450309797018747e+02
5.736258763025448570e+04 2.105969120709151187e-04 1.388452380588656467e+02
5.736258763171240571e+04 -1.629278458109220617e-07 1.388452375845069184e+02
5.736258763317032572e+04 -3.757231575811469088e-10 1.388452375848727627e+02
5.736258763462824572e+04 1.339789471962972443e-12 1.388452375848736153e+02
