5.737343901870000263e+04 4.027030780352904912e+03 6.460790276775550467e+01
5.737343902973046352e+04 4.284647509065221129e+03 6.590261818894910562e+01
5.737343904076092440e+04 4.545927272357263064e+03 6.693724165898186129e+01
5.737343905179138528e+04 4.745331323635806257e+03 6.788321150256481928e+01
5.737343906282184616e+04 4.921684663424736755e+03 6.875068829209969579e+01
5.737343907385229977e+04 4.923967156804339538e+03 6.873160694690652406e+01
5.737343908488276065e+04 4.837306976201358339e+03 6.833035539375127598e+01
5.737343909591322154e+04 4.809337120189673442e+03 6.824834285391440858e+01
5.737343910694368242e+04 4.868979795350902350e+03 6.856594244502505830e+01
5.737343911797414330e+04 5.053538734104822652e+03 6.944578272007512965e+01
5.737343912900460418e+04 5.074973481247661766e+03 6.948682205143964552e+01
5.737343914003506507e+04 5.261999330997279685e+03 7.027333149764100995e+01
5.737343915106552595e+04 5.217811443368310393e+03 7.014565586673718656e+01
5.737343916209598683e+04 5.140591128606670281e+03 6.981073371537804917e+01
5.737343917312644044e+04 5.269957436777871408e+03 7.033656638286029761e+01
5.737343918415690132e+04 5.235522649834334516e+03 7.007369400495576883e+01
5.737343919518736220e+04 5.279027267258118627e+03 7.024488223914832474e+01
5.737343920621782308e+04 5.182948935229127528e+03 6.991565361323968375e+01
5.737343921724828397e+04 5.095468810404365286e+03 6.962251047058876452e+01
5.737343922827874485e+04 5.115046004222045667e+03 6.973296985986767993e+01
5.737343923930920573e+04 5.104317636337016665e+03 6.971874178379076170e+01
5.737343925033966661e+04 5.133199636576480771e+03 6.976641469840335219e+01
5.737343926137012750e+04 5.051535387886175158e+03 6.931128030466111056e+01
5.737343927240058110e+04 5.043457990795239311e+03 6.921624790660192161e+01
5.737343928343104199e+04 5.148175981526746000e+03 6.983267900474946543e+01
5.737343929446150287e+04 5.183591950009233187e+03 7.004169378457933703e+01
5.737343930549196375e+04 5.113591617285378561e+03 6.966360626385798582e+01
5.737343931652242463e+04 5.066681037898044451e+03 6.937830779741078402e+01
5.737343932755288552e+04 5.049783286153753579e+03 6.938637958669583838e+01
5.737343933858334640e+04 5.141042656733527110e+03 6.978142305481587471e+01
5.737343934961380728e+04 5.145595888075660696e+03 6.977353749233736835e+01
5.737343936064426816e+04 5.221711258966817695e+03 7.000759596264674656e+01
5.737343937167472177e+04 5.362629382086657643e+03 7.061010278753853697e+01
5.737343938270518265e+04 5.380538177792144779e+03 7.085144112577282272e+01
5.737343939373564353e+04 5.502768854342079976e+03 7.147768225011451193e+01
5.737343940476610442e+04 5.455394009714509593e+03 7.120052792412883491e+01
5.737343941579656530e+04 5.388843327882252197e+03 7.081450405252719804e+01
5.737343942682702618e+04 5.254987301084815954e+03 7.029455328395971492e+01
5.737343943785748706e+04 5.062830879961558821e+03 6.946302221144635780e+01
5.737343944888794795e+04 5.124820747104324255e+03 6.969713292351754319e+01
5.737343945991840883e+04 4.953880499553477421e+03 6.898555678543590375e+01
5.737343947094886244e+04 4.835547597226391190e+03 6.841664137988341565e+01
5.737343948197932332e+04 5.034894575465254093e+03 6.919086965644132192e+01
5.737343949300978420e+04 5.156482835858872932e+03 6.984782618474373805e+01
5.737343950404024508e+04 5.329367430181780037e+03 7.059605097391775530e+01
5.737343951507070597e+04 5.476121541989575235e+03 7.121775307431205704e+01
5.737343952610116685e+04 5.390446500280164400e+03 7.095912271584084863e+01
5.737343953713162773e+04 5.317923202650660642e+03 7.051359566791396105e+01
5.737343954816208861e+04 5.367058525630714939e+03 7.077785216971896887e+01
5.737343955919254950e+04 5.355257993431249815e+03 7.069906815126353195e+01
5.737343957022300310e+04 5.256334743419432925e+03 7.018892201029309774e+01
5.737343958125346398e+04 5.195736645414042869e+03 7.007355304905220805e+01
5.737343959228392487e+04 5.115784678081748098e+03 6.959034397209940437e+01
5.737343960331438575e+04 5.051675133069515141e+03 6.925397768887171424e+01
5.737343961434484663e+04 5.013163509288688147e+03 6.913875345951989004e+01
5.737343962537530751e+04 5.021460306184504589e+03 6.912197554631832475e+01
5.737343963640576840e+04 5.030011405460029891e+03 6.922688335702898144e+01
5.737343964743622928e+04 5.040023594297526870e+03 6.939731562019451871e+01
5.737343965846669016e+04 4.970981943936656535e+03 6.910927134683538497e+01
5.737343966949714377e+04 4.992125176485040356e+03 6.910004476803079854e+01
5.737343968052760465e+04 4.971034930883237394e+03 6.903612935345401525e+01
5.737343969155806553e+04 4.870458758983812004e+03 6.857375369572829982e+01
5.737343970258852642e+04 4.748835013910590533e+03 6.790159746613385039e+01
5.737343971361898730e+04 4.379604235870643606e+03 6.628771021206263470e+01
