5.736834698629999912e+04 7.365450093786521393e+03 7.909760914508932217e+01
5.736834698901628872e+04 7.237687970928933282e+03 7.857035231107512629e+01
5.736834699173257832e+04 7.287788958930594163e+03 7.876446842302900109e+01
5.736834699444886792e+04 7.225305852315008451e+03 7.843989753215389271e+01
5.736834699716516479e+04 7.271066779204265913e+03 7.862432285919906860e+01
5.736834699988145439e+04 7.340667668821856751e+03 7.885422726747816569e+01
5.736834700259774399e+04 7.334084112670931063e+03 7.882693918310991421e+01
5.736834700531403359e+04 7.366075885266259320e+03 7.896693983443552156e+01
5.736834700803032320e+04 7.302557258085032117e+03 7.870360932361245432e+01
5.736834701074661280e+04 7.272861180923169741e+03 7.852181500696863736e+01
5.736834701346290240e+04 7.206263362533809413e+03 7.831795594594642296e+01
5.736834701617919200e+04 7.203198311781594384e+03 7.830075748451356787e+01
5.736834701889548160e+04 7.226089398044961854e+03 7.839298630933738821e+01
5.736834702161177847e+04 7.370369527002478208e+03 7.892796396663420921e+01
5.736834702432806807e+04 7.297528281865113968e+03 7.872022641461558123e+01
5.736834702704435767e+04 7.184204947859243475e+03 7.822830700094068845e+01
5.736834702976064727e+04 7.210419073441239561e+03 7.841901915907973830e+01
5.736834703247693687e+04 7.329759815169727517e+03 7.884042788358178200e+01
5.736834703519322647e+04 7.310663041492979573e+03 7.872915149843876748e+01
5.736834703790951608e+04 7.406961481687129890e+03 7.915788085832676302e+01
5.736834704062581295e+04 7.285560052752461161e+03 7.876924295566352896e+01
5.736834704334210255e+04 7.432958067750292685e+03 7.932822210440444621e+01
5.736834704605839215e+04 7.565866678850406970e+03 7.989817970716650564e+01
5.736834704877468175e+04 7.895787094368647558e+03 8.110160309961705138e+01
5.736834705149097135e+04 8.346626830944285757e+03 8.280153245317299593e+01
5.736834705420726095e+04 8.912088656586720390e+03 8.489932151938293714e+01
5.736834705692355055e+04 9.323342136698627655e+03 8.643500820206348578e+01
5.736834705963984015e+04 9.930350583515184553e+03 8.858029837739019285e+01
5.736834706235612975e+04 1.031899012746459448e+04 8.994125545461139382e+01
5.736834706507242663e+04 1.029079716798916706e+04 8.978798845998296940e+01
5.736834706778871623e+04 1.011226700569866262e+04 8.910387764205084693e+01
5.736834707050500583e+04 1.018395895143814414e+04 8.925039256073648630e+01
5.736834707322129543e+04 1.005910634094683337e+04 8.883361020507618377e+01
5.736834707593758503e+04 1.003480987634191661e+04 8.874099401570657619e+01
5.736834707865387463e+04 1.007971684913417630e+04 8.896566003210027418e+01
5.736834708137016423e+04 1.034518041611198714e+04 8.987867590108604077e+01
5.736834708408646111e+04 1.055088601877243309e+04 9.060107083250248650e+01
5.736834708680275071e+04 1.102368915185341575e+04 9.220530333253600475e+01
5.736834708951904031e+04 1.146667926698283190e+04 9.368286149763383719e+01
5.736834709223532991e+04 1.182243663414100956e+04 9.491052924751815567e+01
5.736834709495161951e+04 1.152441681028842868e+04 9.391939148160543027e+01
5.736834709766790911e+04 1.115970933491807227e+04 9.267444490559007875e+01
5.736834710038419871e+04 1.054497454030707559e+04 9.051160072614310081e+01
5.736834710310048831e+04 1.022110489305604096e+04 8.941882551113299371e+01
5.736834710581677791e+04 1.018025650427851724e+04 8.927000548179246664e+01
5.736834710853307479e+04 1.018716333492778722e+04 8.929031023620423468e+01
5.736834711124936439e+04 1.022525136434509113e+04 8.942110842014400873e+01
5.736834711396565399e+04 1.012144727956538736e+04 8.905825393106864851e+01
5.736834711668194359e+04 9.910716321324409364e+03 8.828475386958299964e+01
5.736834711939823319e+04 1.000323451407252469e+04 8.873840040148087382e+01
5.736834712211452279e+04 1.013323226958010855e+04 8.914715420316642280e+01
5.736834712483081239e+04 1.029775709745892891e+04 8.968966818657666806e+01
5.736834712754710927e+04 1.001153491798339201e+04 8.883238570995051475e+01
5.736834713026339887e+04 1.010779583480752262e+04 8.914618589841164464e+01
5.736834713297968847e+04 1.022820069954621795e+04 8.964289464351539038e+01
5.736834713569597807e+04 1.015341649027860331e+04 8.941085248092979043e+01
5.736834713841226767e+04 1.045487762166791799e+04 9.043705276954743510e+01
5.736834714112855727e+04 1.068729056409740951e+04 9.117379633845369824e+01
5.736834714384484687e+04 1.070080831456383021e+04 9.118899817828844334e+01
5.736834714656113647e+04 1.043474919821324511e+04 9.025765071391390393e+01
5.736834714927742607e+04 1.020549379162546211e+04 8.952817570273992942e+01
5.736834715199372295e+04 1.015584120887120662e+04 8.929485948244322913e+01
5.736834715471001255e+04 9.495340357905466590e+03 8.695297059651029770e+01
5.736834715742630215e+04 9.461872221924561018e+03 8.679228185718234556e+01
5.736834716014259175e+04 9.998491626268914843e+03 8.874358032125370244e+01
5.736834716285888135e+04 1.035523856119106131e+04 9.001808577868931138e+01
5.736834716557517095e+04 1.049103761861837302e+04 9.055481460288338269e+01
5.736834716829146055e+04 1.080077182261751659e+04 9.162091662606785292e+01
5.736834717100775742e+04 1.085960567622588496e+04 9.183062367918563496e+01
5.736834717372404702e+04 1.053628796167426844e+04 9.067718808918426987e+01
5.736834717644033663e+04 1.010137643308905535e+04 8.918353766615194900e+01
5.736834717915662623e+04 1.008158104475769505e+04 8.912739666056880594e+01
5.736834718187291583e+04 9.992022387678471205e+03 8.879356902192679968e+01
5.736834718458920543e+04 1.051299889026742676e+04 9.042897490817570372e+01
5.736834718730549503e+04 1.045499536822553637e+04 9.025742323921991783e+01
5.736834719002178463e+04 1.030114066416767309e+04 8.967237680814029943e+01
5.736834719273807423e+04 1.030333722989618218e+04 8.968205589093244612e+01
5.736834719545437110e+04 1.038654153308475361e+04 8.999386159031260490e+01
5.736834719817066070e+04 1.045806044262192154e+04 9.023965955021652974e+01
5.736834720088695030e+04 1.039098072756345209e+04 9.003669550879462236e+01
5.736834720360323990e+04 1.047195347990991831e+04 9.041111456655369238e+01
5.736834720631952950e+04 1.053198986398753732e+04 9.052385174656437528e+01
5.736834720903581911e+04 1.069667368151271148e+04 9.106955461556393061e+01
5.736834721175210871e+04 1.048910864487519211e+04 9.037398724491667679e+01
5.736834721446840558e+04 1.048437342254433861e+04 9.043491843580788725e+01
5.736834721718469518e+04 1.056475953813422711e+04 9.073927709416661003e+01
5.736834721990098478e+04 1.068437665221716998e+04 9.114832671081229876e+01
5.736834722261727438e+04 1.079739299804928305e+04 9.146602143544647845e+01
5.736834722533356398e+04 1.100408786059275371e+04 9.218705700041195428e+01
5.736834722804985358e+04 1.106512311435461743e+04 9.239962977903026342e+01
5.736834723076614318e+04 1.141465321960766414e+04 9.358774956860870020e+01
5.736834723348243278e+04 1.144038698399032364e+04 9.362632994973225209e+01
5.736834723619872238e+04 1.148644349693667391e+04 9.374917807359179278e+01
5.736834723891501926e+04 1.138376611500908257e+04 9.346505569269449154e+01
5.736834724163130886e+04 1.118282099006753378e+04 9.284708716158120012e+01
5.736834724434759846e+04 1.097736088987139192e+04 9.216702188098663839e+01
5.736834724706388806e+04 1.071356546196594718e+04 9.132158025433120940e+01
5.736834724978017766e+04 1.052507810475407314e+04 9.060759205899069002e+01
5.736834725249646726e+04 1.044662196386441246e+04 9.034115325835594490e+01
5.736834725521275686e+04 1.029216020850119094e+04 8.983040621135182846e+01
5.736834725792905374e+04 1.031084787294542912e+04 8.988737356540202939e+01
5.736834726064534334e+04 1.029333549048950408e+04 8.983932879891176526e+01
5.736834726336163294e+04 1.059096132325701910e+04 9.088461799057020585e+01
5.736834726607792254e+04 1.058449210826084527e+04 9.087826005082681036e+01
5.736834726879421214e+04 1.058186429860827411e+04 9.090352724382923100e+01
5.736834727151050174e+04 1.046546067512930313e+04 9.049566316698286528e+01
5.736834727422679134e+04 1.056089244327836786e+04 9.085611588498983338e+01
5.736834727694308094e+04 1.057058594179444481e+04 9.082627149879101580e+01
5.736834727965937054e+04 1.047550514067402219e+04 9.054163422988975185e+01
5.736834728237566742e+04 1.050873520855216157e+04 9.064503967918319915e+01
5.736834728509195702e+04 1.053555590311932792e+04 9.067102195732722691e+01
5.736834728780824662e+04 1.058936882521290499e+04 9.084026034467365207e+01
5.736834729052453622e+04 1.049481214542873204e+04 9.045506298440308512e+01
5.736834729324082582e+04 1.069388091273826285e+04 9.117745687844207225e+01
5.736834729595711542e+04 1.060357763287803209e+04 9.088092090076241902e+01
5.736834729867340502e+04 1.090608930251304992e+04 9.191355127980877171e+01
5.736834730138970190e+04 1.092660145828779605e+04 9.199728245601808396e+01
5.736834730410599150e+04 1.082540316678895397e+04 9.170952457725806539e+01
5.736834730682228110e+04 1.068121608844893854e+04 9.116023826366162552e+01
5.736834730953857070e+04 1.055734318069009532e+04 9.077115295089099334e+01
5.736834731225486030e+04 1.060557622016715140e+04 9.093879758803069535e+01
5.736834731497114990e+04 1.071186856679248922e+04 9.131250486625742724e+01
5.736834731768743950e+04 1.066775766891794774e+04 9.119617170483716961e+01
5.736834732040372910e+04 1.087438415408096080e+04 9.178532188189464591e+01
5.736834732312001870e+04 1.077467882766714865e+04 9.142951078432194834e+01
5.736834732583631558e+04 1.049538541503068154e+04 9.048793985784061533e+01
5.736834732855260518e+04 1.056879287437722087e+04 9.079310179021710780e+01
5.736834733126889478e+04 1.044247156054468178e+04 9.029891532867888770e+01
5.736834733398518438e+04 1.038749925383821574e+04 9.015795503177643866e+01
5.736834733670147398e+04 1.031874836578991381e+04 8.986637117466102609e+01
5.736834733941776358e+04 1.012511392294623511e+04 8.921530543389712875e+01
5.736834734213405318e+04 9.963318301781206173e+03 8.869161401546334389e+01
5.736834734485035005e+04 1.005059889533495698e+04 8.901533799351143728e+01
5.736834734756663966e+04 1.039370987693571624e+04 9.020251484216373683e+01
5.736834735028292926e+04 1.067922291906209284e+04 9.117537357596619074e+01
5.736834735299921886e+04 1.083892879885474395e+04 9.176304239677516250e+01
5.736834735571550846e+04 1.073600274192376128e+04 9.140790020673232164e+01
5.736834735843179806e+04 1.087051044425672080e+04 9.179313233891841151e+01
5.736834736114808766e+04 1.085287314609801615e+04 9.171611411887633381e+01
5.736834736386437726e+04 1.115493529697012673e+04 9.277131322526552992e+01
5.736834736658066686e+04 1.116461997752613024e+04 9.278442432758328096e+01
5.736834736929696373e+04 1.098912092774186931e+04 9.215998320440829161e+01
5.736834737201325333e+04 1.065969460520481334e+04 9.109976857493821001e+01
5.736834737472954293e+04 1.054302369826847280e+04 9.068975500459164607e+01
5.736834737744583254e+04 1.048850235907568094e+04 9.054862322720813950e+01
5.736834738016212214e+04 1.058068364389885573e+04 9.082272760066163642e+01
5.736834738287841174e+04 1.067753430727505292e+04 9.116092948553585984e+01
5.736834738559470134e+04 1.080667484053937187e+04 9.155975688537928647e+01
5.736834738831099821e+04 1.074196293504706773e+04 9.132574714851659792e+01
5.736834739102728781e+04 1.070724268602882512e+04 9.123670223356999998e+01
5.736834739374357741e+04 1.053315404182174643e+04 9.061968300725011716e+01
5.736834739645986701e+04 1.062443743249586623e+04 9.087986506861527403e+01
5.736834739917615661e+04 1.071114738910226515e+04 9.116887729430091269e+01
5.736834740189244621e+04 1.074588587027202630e+04 9.124101576029050875e+01
5.736834740460873581e+04 1.048796541734254424e+04 9.031791856084161907e+01
5.736834740732502542e+04 1.059359191020776234e+04 9.062181249658611648e+01
5.736834741004131502e+04 1.067088511200981338e+04 9.090662629640527825e+01
5.736834741275761189e+04 1.070644717163161476e+04 9.102945811737433246e+01
5.736834741547390149e+04 1.059242471941116310e+04 9.058491071407335937e+01
5.736834741819019109e+04 1.049043931869552034e+04 9.023747220967720750e+01
5.736834742090648069e+04 1.056117209030468803e+04 9.043860170500929030e+01
5.736834742362277029e+04 1.024187944553077796e+04 8.935578149794476133e+01
5.736834742633905989e+04 1.036394684832953862e+04 8.975223700957083395e+01
5.736834742905534949e+04 1.028546301463293094e+04 8.946843771704119774e+01
5.736834743177164637e+04 1.036774803747589613e+04 8.968824322301287566e+01
5.736834743448793597e+04 1.038493827074569163e+04 8.968957378555332127e+01
5.736834743720422557e+04 1.054860847036417181e+04 9.029115630348302091e+01
5.736834743992051517e+04 1.047110970886199357e+04 9.000482268583991186e+01
5.736834744263680477e+04 1.051792444080987116e+04 9.017724255598041339e+01
5.736834744535309437e+04 1.053257556111998929e+04 9.024960441868259409e+01
5.736834744806938397e+04 1.072332539431977239e+04 9.088375682082140372e+01
5.736834745078567357e+04 1.088200443507800992e+04 9.138909730991292690e+01
5.736834745350196317e+04 1.106989096419580164e+04 9.205813021897749593e+01
5.736834745621826005e+04 1.132818649662911776e+04 9.290991435426138878e+01
5.736834745893454965e+04 1.135504764579251787e+04 9.306052695087824134e+01
5.736834746165083925e+04 1.125488240980406044e+04 9.271378824991437284e+01
5.736834746436712885e+04 1.090525853229111453e+04 9.144197788288140316e+01
5.736834746708341845e+04 1.081633034577489707e+04 9.112336507804570829e+01
5.736834746979970805e+04 1.051808332318432622e+04 9.011613176869562380e+01
5.736834747251599765e+04 1.042026508905986339e+04 8.979806011919120579e+01
5.736834747523229453e+04 1.020031082300161142e+04 8.900917548860647344e+01
5.736834747794858413e+04 1.005105467849415618e+04 8.848608757707836503e+01
5.736834748066487373e+04 9.929303365223944638e+03 8.803194225016996199e+01
5.736834748338116333e+04 1.031434760371913217e+04 8.941182352134771349e+01
5.736834748609745293e+04 1.046121834968147959e+04 8.997752719432654089e+01
5.736834748881374253e+04 1.053063396005413961e+04 9.027581844934825028e+01
5.736834749153003213e+04 1.048491040186397731e+04 9.012736200944033271e+01
5.736834749424632173e+04 1.052884650327676718e+04 9.025870101385184796e+01
5.736834749696261133e+04 1.050752898841744172e+04 9.024675656604412666e+01
5.736834749967890821e+04 1.054962610180186130e+04 9.037278923707772549e+01
5.736834750239519781e+04 1.075774796246229562e+04 9.111793377854340292e+01
5.736834750511148741e+04 1.038057263112018700e+04 8.983280910573225242e+01
5.736834750782777701e+04 1.033011038623435343e+04 8.962543068131925850e+01
5.736834751054406661e+04 1.024766519137205250e+04 8.927819168877351785e+01
5.736834751326035621e+04 9.976377072213304928e+03 8.837112409073002084e+01
5.736834751597664581e+04 9.694353351283967640e+03 8.738283880498413225e+01
5.736834751869294269e+04 9.147495762029035177e+03 8.539621204618285333e+01
5.736834752140923229e+04 8.991502741082937064e+03 8.483866508870713119e+01
5.736834752412552189e+04 9.553397537059956449e+03 8.680583427151249509e+01
5.736834752684181149e+04 1.000780000376523094e+04 8.850247900015816072e+01
5.736834752955810109e+04 1.027530814314728741e+04 8.944592508007754361e+01
5.736834753227439069e+04 1.047780413195416077e+04 9.017243623393720497e+01
5.736834753499068029e+04 1.062266226777461816e+04 9.062640768306502537e+01
5.736834753770696989e+04 1.038336043575960502e+04 8.980922609548758828e+01
5.736834754042325949e+04 1.005441810255215569e+04 8.863495613144843333e+01
5.736834754313955636e+04 9.982603137284886543e+03 8.840794382743821700e+01
5.736834754585584596e+04 1.032431632026105035e+04 8.947242905254289269e+01
5.736834754857213557e+04 1.026124608229986370e+04 8.917073301404209928e+01
5.736834755128842517e+04 1.017086642278877844e+04 8.894733632760089392e+01
5.736834755400471477e+04 1.029399589571382239e+04 8.932055259518175205e+01
5.736834755672100437e+04 1.058372730802988553e+04 9.033387997864996066e+01
5.736834755943729397e+04 1.086225176432717308e+04 9.132204216543439657e+01
5.736834756215359084e+04 1.085050513973341549e+04 9.123868694820049541e+01
5.736834756486988044e+04 1.056472140371382920e+04 9.031611532420191679e+01
5.736834756758617004e+04 1.035764522727842086e+04 8.959789773176490257e+01
5.736834757030245964e+04 1.031391094241133396e+04 8.943562141566167156e+01
5.736834757301874924e+04 1.023988421320173802e+04 8.916746313833949955e+01
5.736834757573503884e+04 1.018420816395741713e+04 8.896289033098790355e+01
5.736834757845132845e+04 1.018631359620984949e+04 8.896190201558428612e+01
5.736834758116761805e+04 1.004384211086371033e+04 8.845006647968996560e+01
5.736834758388390765e+04 9.595552367647376741e+03 8.687476384593803402e+01
5.736834758660020452e+04 9.179867552049725418e+03 8.532800705589642121e+01
5.736834758931649412e+04 8.946912161474167078e+03 8.448674096631013697e+01
5.736834759203278372e+04 8.610069382970472361e+03 8.324541722398872423e+01
5.736834759474907332e+04 8.295272342532012772e+03 8.208321895335615181e+01
5.736834759746536292e+04 7.975358780206441224e+03 8.087102353697164858e+01
5.736834760018165252e+04 7.771068923832602195e+03 8.001991515448492009e+01
5.736834760289794212e+04 7.603820850596135642e+03 7.955653776972333446e+01
5.736834760561423900e+04 7.436283396322642147e+03 7.892202631952471847e+01
5.736834760833052860e+04 7.423750641555961010e+03 7.884025370778053343e+01
5.736834761104681820e+04 7.350217913165486607e+03 7.846153054478331512e+01
5.736834761376310780e+04 7.321977018414448139e+03 7.840532631068982994e+01
5.736834761647939740e+04 7.267083146405673688e+03 7.823191693625670950e+01
5.736834761919568700e+04 7.305008025720402657e+03 7.834543435738427775e+01
5.736834762191197660e+04 7.341164629604275433e+03 7.851736488591572538e+01
5.736834762462826620e+04 7.242077627106089494e+03 7.812891550776134864e+01
5.736834762734455580e+04 7.311315790352733529e+03 7.837604527859043912e+01
5.736834763006085268e+04 7.325180904415695295e+03 7.851859410671460182e+01
5.736834763277714228e+04 7.438036640884592998e+03 7.888439177853842921e+01
5.736834763549343188e+04 7.443674347928186762e+03 7.889551317284200138e+01
5.736834763820972148e+04 7.374333803153076587e+03 7.867710131873934642e+01
5.736834764092601108e+04 7.357805526934374029e+03 7.852104782659212390e+01
5.736834764364230068e+04 7.398401330122111176e+03 7.866765262101482392e+01
5.736834764635859028e+04 7.346972269844293805e+03 7.858265632423862712e+01
5.736834764907488716e+04 7.332126517393783615e+03 7.850132098914930623e+01
5.736834765179117676e+04 7.342015159613181822e+03 7.846247406756673115e+01
5.736834765450746636e+04 7.399585718107186949e+03 7.873724327255921196e+01
5.736834765722375596e+04 7.342717928779265094e+03 7.849874650625204708e+01
5.736834765994004556e+04 7.239369656204880812e+03 7.811543065546858600e+01
5.736834766265633516e+04 7.274683505360911113e+03 7.826112342920431786e+01
5.736834766537262476e+04 7.314691845918585386e+03 7.842701839298322852e+01
5.736834766808891436e+04 7.422408126978540167e+03 7.883419893422288283e+01
5.736834767080520396e+04 7.290348780192082813e+03 7.826412545168285817e+01
5.736834767352150084e+04 7.351447147368853621e+03 7.854546504218797054e+01
5.736834767623779044e+04 7.307621745017291687e+03 7.833897276417660294e+01
5.736834767895408004e+04 7.273142454854976677e+03 7.820383518667038913e+01
5.736834768167036964e+04 7.266307327669888764e+03 7.822697939210246432e+01
