5.736834698629999912e+04 1.987676258735540614e+04 1.374362104123035806e+02
5.736834698855038732e+04 2.000979356927005574e+04 1.377626673606933423e+02
5.736834699080077553e+04 1.971022381618422514e+04 1.371436640727521592e+02
5.736834699305117101e+04 1.992910979173461965e+04 1.376989448109295893e+02
5.736834699530155922e+04 1.996637946468989685e+04 1.377673240162199306e+02
5.736834699755194742e+04 2.007357944390437478e+04 1.379183270719817074e+02
5.736834699980233563e+04 1.981241161297858343e+04 1.374184020910402069e+02
5.736834700205272384e+04 1.957286057793160217e+04 1.368187673633316592e+02
5.736834700430311204e+04 1.985909499046325800e+04 1.375020037402910873e+02
5.736834700655350753e+04 1.995333091176109883e+04 1.377689312715167773e+02
5.736834700880389573e+04 2.000602741056687955e+04 1.378743560651852818e+02
5.736834701105428394e+04 2.016353323300506599e+04 1.381614267209762090e+02
5.736834701330467215e+04 2.015808003487388851e+04 1.380831800574600550e+02
5.736834701555506035e+04 2.012119357160835716e+04 1.381616995626669109e+02
5.736834701780545583e+04 1.982783507343610108e+04 1.374760838683871782e+02
5.736834702005584404e+04 2.010590498554826263e+04 1.380404765548849753e+02
5.736834702230623225e+04 2.007804106417408912e+04 1.380111329353514975e+02
5.736834702455662045e+04 2.003975484461665110e+04 1.378845023258699598e+02
5.736834702680700866e+04 2.005147849151332775e+04 1.378740929652454952e+02
5.736834702905740414e+04 2.010378686525377998e+04 1.379512158552906271e+02
5.736834703130779235e+04 2.015897597863574993e+04 1.381331295200854754e+02
5.736834703355818056e+04 2.010067750054387943e+04 1.380526030832717197e+02
5.736834703580856876e+04 1.984415582599257323e+04 1.374950554931971567e+02
5.736834703805895697e+04 1.967298748121982135e+04 1.370883928045707307e+02
5.736834704030934518e+04 1.994981170490595832e+04 1.377679717453736714e+02
5.736834704255974066e+04 1.986850290184931509e+04 1.375144623523180485e+02
5.736834704481012886e+04 2.014836649938752089e+04 1.381561700618536008e+02
5.736834704706051707e+04 2.004121903065536389e+04 1.378838956011202583e+02
5.736834704931090528e+04 1.983347101022623974e+04 1.374478789802117831e+02
5.736834705156129348e+04 2.000821000240610010e+04 1.377410805302751839e+02
5.736834705381168897e+04 1.980709274335339433e+04 1.373969969239175555e+02
5.736834705606207717e+04 1.992919712485462878e+04 1.376427443076189263e+02
5.736834705831246538e+04 1.994144568880906809e+04 1.376656806435690044e+02
5.736834706056285358e+04 2.005165642293448764e+04 1.378567861317453662e+02
5.736834706281324179e+04 1.997331627639449289e+04 1.376713559530965938e+02
5.736834706506363000e+04 1.976905511001680134e+04 1.372886162222651762e+02
5.736834706731402548e+04 2.001503127528855111e+04 1.378275557375718563e+02
5.736834706956441369e+04 2.011116434086811205e+04 1.379767570081077395e+02
5.736834707181480189e+04 2.012705763380304415e+04 1.381888227902495316e+02
5.736834707406519010e+04 1.996934950254936484e+04 1.378261270282255850e+02
5.736834707631557831e+04 1.994263633731017762e+04 1.377150639819487878e+02
5.736834707856597379e+04 2.000786733738240218e+04 1.376517622897066815e+02
5.736834708081636199e+04 2.005300890241621528e+04 1.377756279166242166e+02
5.736834708306675020e+04 2.000942344352903820e+04 1.379360166089656445e+02
5.736834708531713841e+04 1.983629101036357679e+04 1.374822074936867011e+02
5.736834708756752661e+04 1.973643147660372051e+04 1.371943868926187804e+02
5.736834708981791482e+04 1.996722604788114404e+04 1.376793986853017770e+02
5.736834709206831030e+04 1.984744648061446424e+04 1.376077412325911951e+02
5.736834709431869851e+04 1.989021035066786862e+04 1.376047660331273335e+02
5.736834709656908672e+04 2.000686461129612871e+04 1.379312959023176006e+02
5.736834709881947492e+04 1.990841976135869118e+04 1.376950002685982497e+02
5.736834710106986313e+04 1.999236399940172851e+04 1.378816580922451180e+02
5.736834710332025861e+04 2.002993512818546878e+04 1.379467773703456999e+02
5.736834710557064682e+04 1.981115846371551743e+04 1.374308125540844401e+02
5.736834710782103502e+04 2.013099064832833392e+04 1.380562562017935875e+02
5.736834711007142323e+04 1.983548751744641049e+04 1.372969906630148387e+02
5.736834711232181144e+04 1.984101702112910789e+04 1.373968657097099708e+02
5.736834711457220692e+04 1.997843420816527214e+04 1.378128342527924701e+02
5.736834711682259513e+04 1.978772491777233517e+04 1.373044956285897342e+02
5.736834711907298333e+04 1.990917314714546228e+04 1.375235387615436196e+02
5.736834712132337154e+04 1.996390710058951299e+04 1.377188731597737501e+02
5.736834712357375975e+04 1.988933025578016168e+04 1.375153016313878993e+02
5.736834712582414795e+04 1.992207507929613348e+04 1.375947038500912356e+02
5.736834712807454343e+04 1.977828541825614593e+04 1.372905940662860189e+02
5.736834713032493164e+04 1.987039721026062034e+04 1.374813411749027523e+02
5.736834713257531985e+04 1.987264930862529945e+04 1.376325116171297509e+02
5.736834713482570805e+04 1.971381622202185827e+04 1.372961964931957368e+02
5.736834713707609626e+04 1.989692036649906004e+04 1.376019970455906218e+02
5.736834713932649174e+04 1.987566489663367247e+04 1.375282409112346897e+02
5.736834714157687995e+04 1.974470947233765037e+04 1.373176722722510874e+02
5.736834714382726816e+04 2.007232868673526173e+04 1.380154563557862843e+02
5.736834714607765636e+04 2.003983670672980224e+04 1.378366539956342649e+02
5.736834714832804457e+04 1.994780079740912697e+04 1.376839956493331840e+02
5.736834715057843277e+04 1.993487745819609700e+04 1.377208028218271068e+02
5.736834715282882826e+04 2.013480110957236320e+04 1.381453396510725895e+02
5.736834715507921646e+04 1.988229801145180681e+04 1.374085588438049399e+02
5.736834715732960467e+04 1.979825024543553081e+04 1.377306406372571814e+02
5.736834715957999288e+04 1.994788609281551908e+04 1.378352162250377830e+02
5.736834716183038108e+04 1.980213266757926976e+04 1.373881166584509117e+02
5.736834716408077657e+04 1.984691561921088578e+04 1.375164467515823503e+02
5.736834716633116477e+04 1.999317910882698925e+04 1.378404949950052867e+02
5.736834716858155298e+04 2.004268651323722588e+04 1.379384484392928130e+02
5.736834717083194118e+04 1.990671653842584419e+04 1.376134806089417850e+02
5.736834717308232939e+04 1.989262081364858386e+04 1.374571244841544626e+02
5.736834717533271760e+04 2.014154912008524116e+04 1.379442560925570262e+02
5.736834717758311308e+04 2.040963999485944805e+04 1.387925264448818439e+02
5.736834717983350129e+04 2.009489563376259321e+04 1.379647199194913014e+02
5.736834718208388949e+04 1.995031116143434338e+04 1.376938634268351507e+02
5.736834718433427770e+04 1.989918234137072432e+04 1.375554952387642800e+02
5.736834718658466591e+04 1.988718585022101252e+04 1.374054019986689354e+02
5.736834718883506139e+04 1.980488909485075419e+04 1.372503146140498700e+02
5.736834719108544959e+04 2.017910904473979463e+04 1.380180474606672760e+02
5.736834719333583780e+04 2.001726026344022830e+04 1.376474640167290602e+02
5.736834719558622601e+04 2.000133276972552994e+04 1.377061342254100396e+02
5.736834719783661421e+04 1.975373220819717972e+04 1.371795612145536722e+02
5.736834720008700970e+04 1.985823179030420579e+04 1.373560206749815507e+02
5.736834720233739790e+04 2.001159407397784526e+04 1.376524268391563339e+02
5.736834720458778611e+04 1.999480212570532603e+04 1.375433890056886526e+02
5.736834720683817432e+04 1.991036692614264030e+04 1.373546474570476903e+02
5.736834720908856252e+04 2.005566804688620687e+04 1.377269185674818743e+02
5.736834721133895073e+04 1.995902898297952925e+04 1.376335224063078329e+02
5.736834721358934621e+04 1.995773608740553391e+04 1.375705094229522558e+02
5.736834721583973442e+04 2.005612976203726430e+04 1.378586548131261793e+02
5.736834721809012262e+04 2.016126322626010733e+04 1.378901770689810178e+02
5.736834722034051083e+04 2.005711774086553487e+04 1.377237870765110586e+02
5.736834722259089904e+04 2.017681762451877148e+04 1.379062114781938533e+02
5.736834722484129452e+04 1.998726856887593021e+04 1.375571660484186793e+02
5.736834722709168273e+04 2.004480468776626731e+04 1.377474870769141262e+02
5.736834722934207093e+04 2.013054524277954624e+04 1.379137089832418610e+02
5.736834723159245914e+04 2.008247937790430296e+04 1.377615787213131568e+02
5.736834723384284734e+04 2.024447666617491632e+04 1.381736659342240614e+02
5.736834723609323555e+04 2.031236484989550809e+04 1.383991829270432561e+02
5.736834723834363103e+04 2.021913574453951514e+04 1.381484819147618168e+02
5.736834724059401924e+04 2.059460027627505042e+04 1.389643324535317674e+02
5.736834724284440745e+04 2.118320389945570787e+04 1.402610630328275647e+02
5.736834724509479565e+04 2.117159564778845379e+04 1.402087080881483132e+02
5.736834724734518386e+04 2.130999934733486953e+04 1.405056003017633088e+02
5.736834724959557934e+04 2.099847451705216008e+04 1.397860854403139683e+02
5.736834725184596755e+04 2.083909286791256454e+04 1.394958950227050138e+02
5.736834725409635575e+04 2.100143496899961610e+04 1.398763796603945480e+02
5.736834725634674396e+04 2.116364809278021130e+04 1.402378384541036382e+02
5.736834725859713217e+04 2.143918194436651538e+04 1.408021543620867817e+02
5.736834726084752765e+04 2.151978354937950280e+04 1.409768613465877252e+02
5.736834726309791586e+04 2.175996980883638753e+04 1.414661694168191843e+02
5.736834726534830406e+04 2.157304942006838974e+04 1.410748131209460041e+02
5.736834726759869227e+04 2.185373116351960925e+04 1.415835970119092622e+02
5.736834726984908048e+04 2.128778189140466566e+04 1.405217805464633329e+02
5.736834727209946868e+04 2.146760595673665739e+04 1.408417353878350582e+02
5.736834727434986416e+04 2.140822804624000128e+04 1.406736346782635962e+02
5.736834727660025237e+04 2.126874981570397358e+04 1.404384582044264107e+02
5.736834727885064058e+04 2.143141874654082858e+04 1.406882142692693378e+02
5.736834728110102878e+04 2.129783155735594482e+04 1.404550606108546731e+02
5.736834728335141699e+04 2.090593980362189177e+04 1.396038010773608846e+02
5.736834728560181247e+04 2.133781754025899136e+04 1.404773665584686171e+02
5.736834728785220068e+04 2.145735355179853650e+04 1.407212797368541146e+02
5.736834729010258889e+04 2.148703675954812206e+04 1.408677804747092637e+02
5.736834729235297709e+04 2.158509198794017721e+04 1.410984146971026405e+02
5.736834729460336530e+04 2.161959223956459391e+04 1.411451725767088590e+02
5.736834729685375351e+04 2.167562139708250834e+04 1.412652227753142427e+02
5.736834729910414899e+04 2.139189566037106852e+04 1.407727114390149836e+02
5.736834730135453719e+04 2.138820150492977700e+04 1.407489106577077393e+02
5.736834730360492540e+04 2.159432404717732061e+04 1.411521017033895191e+02
5.736834730585531361e+04 2.159564629510416125e+04 1.410918346712930713e+02
5.736834730810570181e+04 2.160874331240631727e+04 1.410312773252587419e+02
5.736834731035609730e+04 2.177088405638211771e+04 1.414838872331716004e+02
5.736834731260648550e+04 2.170828738482945482e+04 1.412815177001539553e+02
5.736834731485687371e+04 2.166950744329394729e+04 1.412088129745755793e+02
5.736834731710726192e+04 2.176575879374313809e+04 1.415102513153664745e+02
5.736834731935765012e+04 2.151752650466968771e+04 1.410160262186353748e+02
5.736834732160803833e+04 2.136560312821184561e+04 1.405744237642070118e+02
5.736834732385843381e+04 2.132851231857151652e+04 1.404918956227826357e+02
5.736834732610882202e+04 2.135671378167641888e+04 1.406461788759846456e+02
5.736834732835921022e+04 2.147166670649372463e+04 1.408831367844035753e+02
5.736834733060959843e+04 2.124232246793365994e+04 1.403584600580454946e+02
5.736834733285998664e+04 2.118271920446099830e+04 1.401620967025311018e+02
5.736834733511038212e+04 2.122035416957357302e+04 1.403507532720659299e+02
5.736834733736077033e+04 2.119844772808179550e+04 1.402875506712122728e+02
5.736834733961115853e+04 2.150972821547871354e+04 1.408977836762442735e+02
5.736834734186154674e+04 2.136392303982088924e+04 1.405434928808420807e+02
5.736834734411193494e+04 2.131891691232442463e+04 1.405705195329917672e+02
5.736834734636233043e+04 2.134838744985065932e+04 1.406038634594655150e+02
5.736834734861271863e+04 2.179234553521957059e+04 1.416108126161169025e+02
5.736834735086310684e+04 2.178717808829658316e+04 1.415734419379993767e+02
5.736834735311349505e+04 2.151561744813279802e+04 1.410513760266772465e+02
5.736834735536388325e+04 2.208548693211423597e+04 1.423443546934062454e+02
5.736834735761427146e+04 2.273954560514815967e+04 1.435928086870126208e+02
5.736834735986466694e+04 2.359189628237571014e+04 1.456125523133239597e+02
5.736834736211505515e+04 2.445068546953191253e+04 1.475101683122761358e+02
5.736834736436544335e+04 2.476591482889105100e+04 1.480942550450493513e+02
5.736834736661583156e+04 2.441263183206988106e+04 1.474117506244747062e+02
5.736834736886621977e+04 2.440410604368960048e+04 1.474087639021809366e+02
5.736834737111661525e+04 2.430340740014875701e+04 1.470965453334186748e+02
5.736834737336700346e+04 2.446251229500713453e+04 1.475636526152624413e+02
5.736834737561739166e+04 2.478925000309272582e+04 1.482096053226727008e+02
5.736834737786777987e+04 2.511641595237333968e+04 1.488782078545136756e+02
5.736834738011816808e+04 2.591094259519809566e+04 1.506747191823631056e+02
5.736834738236855628e+04 2.666489806512233918e+04 1.520562238681129656e+02
5.736834738461895176e+04 2.637191448809157009e+04 1.515073328691430277e+02
5.736834738686933997e+04 2.556395724607837838e+04 1.498609119083587302e+02
5.736834738911972818e+04 2.604090526205218703e+04 1.507567273333174569e+02
5.736834739137011638e+04 2.734990421512899047e+04 1.536475837311640475e+02
5.736834739362050459e+04 2.485346664178586798e+04 1.483383914049270516e+02
5.736834739587090007e+04 2.445146751679617955e+04 1.474743910301504002e+02
5.736834739812128828e+04 2.433670483981809230e+04 1.471824961803565088e+02
5.736834740037167649e+04 2.436207105723884524e+04 1.472957375343877402e+02
5.736834740262206469e+04 2.489301157391053857e+04 1.483831472756270671e+02
5.736834740487245290e+04 2.486179426112294823e+04 1.482480797432464783e+02
5.736834740712284110e+04 2.507787152567577505e+04 1.488000837269482588e+02
5.736834740937323659e+04 2.554936439713370783e+04 1.498346904530801851e+02
5.736834741162362479e+04 2.545260207966948656e+04 1.495099585785538636e+02
5.736834741387401300e+04 2.588058663632696698e+04 1.503966930540757687e+02
5.736834741612440121e+04 2.576841951390900795e+04 1.502512165378747397e+02
5.736834741837478941e+04 2.507787189353066788e+04 1.487570312375812023e+02
5.736834742062518490e+04 2.483403430762239805e+04 1.483722910623519624e+02
5.736834742287557310e+04 2.394578989589815319e+04 1.463601616232670892e+02
5.736834742512596131e+04 2.452883249974316641e+04 1.475742799165328734e+02
5.736834742737634951e+04 2.524706417247566787e+04 1.491377668425745924e+02
5.736834742962673772e+04 2.587135087572594057e+04 1.504349296956613387e+02
5.736834743187713320e+04 2.607452527807638398e+04 1.509261137578295973e+02
5.736834743412752141e+04 2.599506156413056669e+04 1.506832230068573040e+02
5.736834743637790962e+04 2.531145552000052339e+04 1.492650565147588111e+02
5.736834743862829782e+04 2.512289904078377731e+04 1.488334430118667342e+02
5.736834744087868603e+04 2.517677380588365486e+04 1.492292479728798753e+02
5.736834744312907424e+04 2.532781828224453056e+04 1.492424370387217607e+02
5.736834744537946972e+04 2.526742854207364508e+04 1.489937634749290112e+02
5.736834744762985792e+04 2.526912182999050856e+04 1.490615225833063846e+02
5.736834744988024613e+04 2.539400441946889259e+04 1.492941189697079949e+02
5.736834745213063434e+04 2.565589021352500640e+04 1.498896475855619030e+02
5.736834745438102254e+04 2.552057025934705598e+04 1.497777416986664889e+02
5.736834745663141803e+04 2.574443791406003947e+04 1.500919110376462982e+02
5.736834745888180623e+04 2.574092077163127033e+04 1.500086492314717646e+02
5.736834746113219444e+04 2.587705568058597055e+04 1.504002389651551823e+02
5.736834746338258265e+04 2.595333964215248852e+04 1.505820043952012384e+02
5.736834746563297085e+04 2.608464513409526990e+04 1.508300462927884382e+02
5.736834746788335906e+04 2.662783523941441672e+04 1.518623004257207185e+02
5.736834747013375454e+04 2.652447924836802122e+04 1.516891767360903316e+02
5.736834747238414275e+04 2.691004220563478520e+04 1.524783000977631104e+02
5.736834747463453095e+04 2.694394805621038176e+04 1.524944924983865349e+02
5.736834747688491916e+04 2.656859792364309033e+04 1.517238339642933909e+02
5.736834747913530737e+04 2.623250579120318434e+04 1.510556944754035271e+02
5.736834748138570285e+04 2.569313412848970620e+04 1.500964898837067949e+02
5.736834748363609106e+04 2.531449315255343026e+04 1.494638070159069230e+02
5.736834748588647926e+04 2.542974515065916421e+04 1.494147374484436739e+02
5.736834748813686747e+04 2.540995196060148010e+04 1.493800731054963933e+02
5.736834749038725568e+04 2.553245555439726013e+04 1.496055786685068369e+02
5.736834749263765116e+04 2.592370832330106714e+04 1.503277591714312962e+02
5.736834749488803936e+04 2.627717650013908133e+04 1.509534699496123835e+02
5.736834749713842757e+04 2.600859342892192944e+04 1.502446996730927538e+02
5.736834749938881578e+04 2.598875017285195645e+04 1.504035558548670792e+02
5.736834750163920398e+04 2.592598413089524183e+04 1.501984103511135800e+02
5.736834750388959219e+04 2.585766584228404827e+04 1.501422617877838377e+02
5.736834750613998767e+04 2.571219023045092399e+04 1.498071743977246228e+02
5.736834750839037588e+04 2.542938048769872330e+04 1.492511253130546720e+02
5.736834751064076409e+04 2.585466886349743436e+04 1.501233817593319202e+02
5.736834751289115229e+04 2.588837333017333003e+04 1.501738656361468998e+02
5.736834751514154050e+04 2.640448320818285356e+04 1.512700595702565636e+02
5.736834751739193598e+04 2.630860250615146288e+04 1.510687750765598878e+02
5.736834751964232419e+04 2.599494885969869210e+04 1.504622645292677703e+02
5.736834752189271239e+04 2.596579988238684018e+04 1.503819797647279870e+02
5.736834752414310060e+04 2.628760557414145660e+04 1.510497704944654913e+02
5.736834752639348881e+04 2.595841091376813711e+04 1.504388843907722446e+02
5.736834752864387701e+04 2.612599140036371318e+04 1.506561327194974069e+02
5.736834753089427250e+04 2.577557897415764819e+04 1.498279660520084065e+02
5.736834753314466070e+04 2.571003672550842748e+04 1.499375119098019127e+02
5.736834753539504891e+04 2.550744171824057412e+04 1.495242536447140083e+02
5.736834753764543711e+04 2.534895545149859390e+04 1.491331685173340418e+02
5.736834753989582532e+04 2.521337853285785241e+04 1.488364111173771676e+02
5.736834754214622080e+04 2.510907803366464577e+04 1.486686245243190001e+02
5.736834754439660901e+04 2.546838276431401755e+04 1.494984480780412071e+02
5.736834754664699722e+04 2.610517697498882262e+04 1.507239882197368672e+02
5.736834754889738542e+04 2.635614434953720775e+04 1.512727739398489462e+02
5.736834755114777363e+04 2.595855431601937380e+04 1.504680645333923223e+02
5.736834755339816184e+04 2.604476749979260421e+04 1.507051422867220367e+02
5.736834755564855732e+04 2.636881133034751110e+04 1.512939672964258762e+02
5.736834755789894552e+04 2.644855291778586979e+04 1.514953312035912347e+02
5.736834756014933373e+04 2.623877879267951357e+04 1.510485463009944453e+02
5.736834756239972194e+04 2.604227915588196629e+04 1.505549965624304605e+02
5.736834756465011014e+04 2.600119038466950951e+04 1.505170612143181188e+02
5.736834756690050563e+04 2.601773967906737016e+04 1.506013154756918482e+02
5.736834756915089383e+04 2.607595716381697639e+04 1.506851446550533353e+02
5.736834757140128204e+04 2.594285398478461866e+04 1.503497666798773764e+02
5.736834757365167025e+04 2.564197254203872944e+04 1.498673984475505563e+02
5.736834757590205845e+04 2.553721175456034689e+04 1.496522237267028288e+02
5.736834757815245393e+04 2.548146991527218779e+04 1.494131859800838811e+02
5.736834758040284214e+04 2.503900847439550853e+04 1.485140213971837397e+02
5.736834758265323035e+04 2.488670897525974578e+04 1.484589909172521232e+02
5.736834758490361855e+04 2.458931445546612667e+04 1.477905801081923016e+02
5.736834758715400676e+04 2.443152778133630636e+04 1.473399213898855180e+02
5.736834758940439497e+04 2.388650475809879936e+04 1.461246629337808827e+02
5.736834759165479045e+04 2.410815549807063871e+04 1.466204880933619847e+02
5.736834759390517866e+04 2.364328584945628245e+04 1.457369885309695690e+02
5.736834759615556686e+04 2.370165288055474230e+04 1.456747259203552574e+02
5.736834759840595507e+04 2.370604006715150535e+04 1.459040781460162464e+02
5.736834760065634327e+04 2.389890952243507854e+04 1.462977342299641634e+02
5.736834760290673876e+04 2.391197276296065684e+04 1.462480120604896854e+02
5.736834760515712696e+04 2.384939093260618756e+04 1.465564188476179197e+02
5.736834760740751517e+04 2.398142398714688170e+04 1.464447921668818822e+02
5.736834760965790338e+04 2.428620535800324797e+04 1.470652729661880755e+02
5.736834761190829158e+04 2.457435404640488923e+04 1.476516698810199841e+02
5.736834761415867979e+04 2.517967723369751184e+04 1.488832760737072931e+02
5.736834761640907527e+04 2.501758386120282012e+04 1.485357078325864961e+02
5.736834761865946348e+04 2.444399009231257514e+04 1.473853117363841250e+02
5.736834762090985168e+04 2.440189052818714117e+04 1.471835416280190145e+02
5.736834762316023989e+04 2.383845993241801989e+04 1.459507368791925046e+02
5.736834762541062810e+04 2.357779623494121188e+04 1.454310978311358724e+02
5.736834762766102358e+04 2.311551181056723362e+04 1.444919508514071822e+02
5.736834762991141179e+04 2.333329017897559970e+04 1.449187504514019338e+02
5.736834763216179999e+04 2.374660497151411619e+04 1.457375713880681758e+02
5.736834763441218820e+04 2.406598584841627599e+04 1.465850668250388651e+02
5.736834763666257641e+04 2.441576932365392349e+04 1.473190464783806135e+02
5.736834763891296461e+04 2.437275503755818499e+04 1.472059670594991303e+02
5.736834764116336009e+04 2.461550610581693400e+04 1.477676803512556774e+02
5.736834764341374830e+04 2.482427849366890587e+04 1.481151988448049224e+02
5.736834764566413651e+04 2.422887217690997568e+04 1.468196143951650754e+02
5.736834764791452471e+04 2.413332669826492565e+04 1.466908002269792917e+02
5.736834765016491292e+04 2.370377092019432894e+04 1.457424165529034497e+02
5.736834765241530840e+04 2.321386870557371003e+04 1.447204081772225948e+02
5.736834765466569661e+04 2.247689222036676074e+04 1.431965131597463596e+02
5.736834765691608482e+04 2.290689599698567690e+04 1.441298286284088306e+02
5.736834765916647302e+04 2.371467068808480690e+04 1.457784697116328232e+02
5.736834766141686123e+04 2.445209001254459145e+04 1.473602105952876400e+02
5.736834766366725671e+04 2.451837591721629360e+04 1.475463291106293298e+02
5.736834766591764492e+04 2.414551095942497705e+04 1.468344512281198604e+02
5.736834766816803312e+04 2.373855997589014805e+04 1.458762213888167025e+02
5.736834767041842133e+04 2.377188020901468917e+04 1.459150514513579253e+02
5.736834767266880954e+04 2.352674586508545326e+04 1.453052936787799467e+02
5.736834767491919774e+04 2.379113601834958899e+04 1.457653103993892501e+02
5.736834767716959323e+04 2.431705078395007513e+04 1.469051725869309735e+02
5.736834767941998143e+04 2.486462523208329731e+04 1.480085453664852650e+02
5.736834768167036964e+04 2.485152436471458350e+04 1.480377714778877589e+02
