2.457363079782399815e+06 2.580320847433433664e+04 1.860698592454819220e+02
2.457363079825875815e+06 2.829422113309102133e+04 1.903269986889152676e+02
2.457363079869351350e+06 2.893052741512087232e+04 1.912102823019765765e+02
2.457363079912827350e+06 2.747771851847983635e+04 1.885979450746311841e+02
2.457363079956303351e+06 2.730843444845977137e+04 1.883505381643363989e+02
2.457363079999778885e+06 2.750608475726938923e+04 1.888206983463052495e+02
2.457363080043254886e+06 2.578850847920844535e+04 1.860599844447401665e+02
2.457363080086730421e+06 2.709772190772616159e+04 1.879692918404004445e+02
2.457363080130206421e+06 2.556101207734512718e+04 1.856778887494591572e+02
2.457363080173682421e+06 2.656891140088848624e+04 1.880870798708889708e+02
2.457363080217157956e+06 2.830255425231171830e+04 1.903418482524912179e+02
2.457363080260633957e+06 2.787948127123719314e+04 1.892963998166273143e+02
2.457363080304109491e+06 2.658848459259414085e+04 1.876255898255247700e+02
2.457363080347585492e+06 2.689710106812611775e+04 1.879858002874438228e+02
2.457363080391061492e+06 2.727366906716522135e+04 1.886024909700386445e+02
2.457363080434537027e+06 2.544119131921234657e+04 1.853393329284129152e+02
2.457363080478013027e+06 2.645099959962678622e+04 1.869998193305461882e+02
