5.742937886450000224e+04 2.207753056610195017e+03 3.985185125384163030e+01
5.742937886637885094e+04 2.156482474278142035e+03 3.944642685153913675e+01
5.742937886825769965e+04 2.223092627817322409e+03 3.998593135677671739e+01
5.742937887013654836e+04 2.181964027783095389e+03 3.965090253343922910e+01
5.742937887201538979e+04 2.163469721579755515e+03 3.950133198303808513e+01
5.742937887389423850e+04 2.147675172047464002e+03 3.937556017870773672e+01
5.742937887577308720e+04 2.113124890995957230e+03 3.908934641427518386e+01
5.742937887765193591e+04 2.097186231246469561e+03 3.896839324138422711e+01
5.742937887953078462e+04 2.144450237392368763e+03 3.934594264650288409e+01
5.742937888140963332e+04 2.146294101713308009e+03 3.934654619059444514e+01
5.742937888328847475e+04 2.182271517679454064e+03 3.963711552340856059e+01
5.742937888516732346e+04 2.339741529620057008e+03 4.087071262215236800e+01
5.742937888704617217e+04 2.505159237386512359e+03 4.215119027999212875e+01
5.742937888892502087e+04 2.697765801625901986e+03 4.355889523307101285e+01
5.742937889080386958e+04 2.784848544413359377e+03 4.421420594709786656e+01
5.742937889268271829e+04 2.811528079222048291e+03 4.445646714992685133e+01
5.742937889456156699e+04 2.806234626258238222e+03 4.452985390558323076e+01
5.742937889644040843e+04 2.736589131198757514e+03 4.417048871785965503e+01
5.742937889831925713e+04 2.640288276474715985e+03 4.356704454085027578e+01
5.742937890019810584e+04 2.606074868120322208e+03 4.333915127256605615e+01
5.742937890207695455e+04 2.590766939187736170e+03 4.322968913665017965e+01
5.742937890395580325e+04 2.689850185861292630e+03 4.394565594569272093e+01
5.742937890583465196e+04 2.797348463058566267e+03 4.469388062752872770e+01
5.742937890771350067e+04 2.888120249397009957e+03 4.527594734278773814e+01
5.742937890959234210e+04 2.857867660666589472e+03 4.502593910730836768e+01
5.742937891147119080e+04 2.771683151244466899e+03 4.444071380924456349e+01
5.742937891335003951e+04 2.787506256044714519e+03 4.464908907991856779e+01
5.742937891522888822e+04 2.700262480828919252e+03 4.408400271452234875e+01
5.742937891710773692e+04 2.766495026629535005e+03 4.455545643228209940e+01
5.742937891898658563e+04 2.781259103833534937e+03 4.462390297737629652e+01
5.742937892086542706e+04 2.861246712605226548e+03 4.513387886931361948e+01
5.742937892274427577e+04 2.778645142736024809e+03 4.455543734182026583e+01
5.742937892462312448e+04 2.698380769656651864e+03 4.402034433100649835e+01
5.742937892650197318e+04 2.611479813349206779e+03 4.341576616780808706e+01
5.742937892838082189e+04 2.592015039905125377e+03 4.327387356011851693e+01
5.742937893025967060e+04 2.640671133641354572e+03 4.361309620520488295e+01
5.742937893213851930e+04 2.691720752614096455e+03 4.393842071525867965e+01
5.742937893401736073e+04 2.636994680978964880e+03 4.352037372701180118e+01
5.742937893589620944e+04 2.607002138967837254e+03 4.331878660349006793e+01
5.742937893777505815e+04 2.563352304788149013e+03 4.300923430251264534e+01
5.742937893965390685e+04 2.510124767885391975e+03 4.264088052645304572e+01
5.742937894153275556e+04 2.664813838462568128e+03 4.374336746246973462e+01
5.742937894341160427e+04 2.720245911086038177e+03 4.411591971635312603e+01
5.742937894529044570e+04 2.694547809624068577e+03 4.392760872976557351e+01
5.742937894716929441e+04 2.702942615578729601e+03 4.397576377323119345e+01
5.742937894904814311e+04 2.743472701116832923e+03 4.430205222040948598e+01
5.742937895092699182e+04 2.772439864060166201e+03 4.455745212037746938e+01
5.742937895280584053e+04 2.758197099991324649e+03 4.446733650258502735e+01
5.742937895468468923e+04 2.672286382818779657e+03 4.387347136711485263e+01
5.742937895656353794e+04 2.553848502035092679e+03 4.305149197662714755e+01
5.742937895844237937e+04 2.540965044773113277e+03 4.297172857672368451e+01
5.742937896032122808e+04 2.673915354311919600e+03 4.394289116120115324e+01
5.742937896220007678e+04 2.665690326021288001e+03 4.382690592745973390e+01
5.742937896407892549e+04 2.696980336530702971e+03 4.398299194569715098e+01
5.742937896595777420e+04 2.688933697179250885e+03 4.389448546846981003e+01
5.742937896783662291e+04 2.581931078145945321e+03 4.315999215374493758e+01
5.742937896971547161e+04 2.543875860536683831e+03 4.291767173095683319e+01
5.742937897159431304e+04 2.526635368197684784e+03 4.281877989691300002e+01
5.742937897347316175e+04 2.521588217287130192e+03 4.279461506735494680e+01
5.742937897535201046e+04 2.565026327743120873e+03 4.306709379353114286e+01
5.742937897723085916e+04 2.595773317332788793e+03 4.324496262770203714e+01
5.742937897910970787e+04 2.655918021536729611e+03 4.365650421759390554e+01
5.742937898098855658e+04 2.691121165758033840e+03 4.388704613907997754e+01
5.742937898286739801e+04 2.657681612753680383e+03 4.365157402176746615e+01
5.742937898474624672e+04 2.597871280012999250e+03 4.323787046725652061e+01
5.742937898662509542e+04 2.559072462143562461e+03 4.299310358582321356e+01
5.742937898850394413e+04 2.524055099929776134e+03 4.275530713347955469e+01
5.742937899038279284e+04 2.522129309851301969e+03 4.268801318621866869e+01
5.742937899226164154e+04 2.564611182749519230e+03 4.297504682860267167e+01
5.742937899414049025e+04 2.598385972423533985e+03 4.320842339817757249e+01
5.742937899601933168e+04 2.675939310547291370e+03 4.377501949309572638e+01
5.742937899789818039e+04 2.771523897433199181e+03 4.448253207470758497e+01
5.742937899977702909e+04 2.735412170996231453e+03 4.422217083704673968e+01
5.742937900165587780e+04 2.732960099127337344e+03 4.418315596746871421e+01
5.742937900353472651e+04 2.612927866366473609e+03 4.335975671838507850e+01
5.742937900541357521e+04 2.569619603225776700e+03 4.311012128444468772e+01
5.742937900729241665e+04 2.589024011067359424e+03 4.330279536702234822e+01
5.742937900917126535e+04 2.591483825275897289e+03 4.325222894047175970e+01
5.742937901105011406e+04 2.724880064308167221e+03 4.416874996946829413e+01
5.742937901292896277e+04 2.626438573286157407e+03 4.344045959240896337e+01
5.742937901480781147e+04 2.607223291715431515e+03 4.330764509058013800e+01
5.742937901668666018e+04 2.620035566338134686e+03 4.343836047244622023e+01
5.742937901856550889e+04 2.702404408455633984e+03 4.406554583618651577e+01
5.742937902044435032e+04 2.760575524320439854e+03 4.445909372147961847e+01
5.742937902232319902e+04 2.744964144258080523e+03 4.432565749744893679e+01
5.742937902420204773e+04 2.734618140593316639e+03 4.426464318582258528e+01
5.742937902608089644e+04 2.709356748889542359e+03 4.410175559768299536e+01
5.742937902795974514e+04 2.597461451641817803e+03 4.333254855687197704e+01
5.742937902983859385e+04 2.674131388994322606e+03 4.389486391478165928e+01
5.742937903171744256e+04 2.744756219765791684e+03 4.438144948691967784e+01
5.742937903359628399e+04 2.703290433975713768e+03 4.404643217543362255e+01
5.742937903547513270e+04 2.681585047208103333e+03 4.387136154179296454e+01
5.742937903735398140e+04 2.646727467317975425e+03 4.366059842428592930e+01
5.742937903923283011e+04 2.569625199887268991e+03 4.316121641516124186e+01
5.742937904111167882e+04 2.530541621947483691e+03 4.290608481434244226e+01
5.742937904299052752e+04 2.592303061670288571e+03 4.330475110492631785e+01
5.742937904486936895e+04 2.606290367162557686e+03 4.334289445185994794e+01
5.742937904674821766e+04 2.656726946600667361e+03 4.365207594167788585e+01
5.742937904862706637e+04 2.678197085968209194e+03 4.379193107919262928e+01
5.742937905050591507e+04 2.791152721956556434e+03 4.461906331694511607e+01
5.742937905238476378e+04 2.806723458953437785e+03 4.476304879155074445e+01
5.742937905426361249e+04 2.632296539797715013e+03 4.352704240264902324e+01
5.742937905614246120e+04 2.760868251223920197e+03 4.445293787147483755e+01
5.742937905802130263e+04 2.751510419724118492e+03 4.442936402523483963e+01
5.742937905990015133e+04 2.691881931749203432e+03 4.401892347391293470e+01
5.742937906177900004e+04 2.555825822533313840e+03 4.301219664334529824e+01
5.742937906365784875e+04 2.539550543826067951e+03 4.286878196142701825e+01
5.742937906553669745e+04 2.554354152929040538e+03 4.296388992569267629e+01
5.742937906741554616e+04 2.642906991124842079e+03 4.358345573116177007e+01
5.742937906929439487e+04 2.807017282443426211e+03 4.471001950602303765e+01
5.742937907117323630e+04 2.824062461048025398e+03 4.481802019250832814e+01
5.742937907305208500e+04 2.771908388911432212e+03 4.444005294729648625e+01
5.742937907493093371e+04 2.732594228041518363e+03 4.418052818230945178e+01
5.742937907680978242e+04 2.621761367580365913e+03 4.345693750702346136e+01
5.742937907868863113e+04 2.706140766156017435e+03 4.409942095199566126e+01
5.742937908056747983e+04 2.687948746623240368e+03 4.394270032088236633e+01
5.742937908244632126e+04 2.620417070792383129e+03 4.341913447382628277e+01
5.742937908432516997e+04 2.770745013185357493e+03 4.446766862278453658e+01
5.742937908620401868e+04 2.735384286514508403e+03 4.420127412967678282e+01
5.742937908808286738e+04 2.760653703623131150e+03 4.442037830829686840e+01
5.742937908996171609e+04 2.705555725217559939e+03 4.405271080850667431e+01
5.742937909184056480e+04 2.705109685787150738e+03 4.406218065967812691e+01
5.742937909371941350e+04 2.639846785760556486e+03 4.359995661900347130e+01
5.742937909559825493e+04 2.571387708161716091e+03 4.312840573882308348e+01
5.742937909747710364e+04 2.645647052348181660e+03 4.367565737414884808e+01
5.742937909935595235e+04 2.662344028389004507e+03 4.377144717962124787e+01
5.742937910123480106e+04 2.609330387087216423e+03 4.333666444596958911e+01
5.742937910311364976e+04 2.660348331006135595e+03 4.368563289466865029e+01
5.742937910499249847e+04 2.727502319529544366e+03 4.418914919011128006e+01
5.742937910687133990e+04 2.855547073492656637e+03 4.508732854054385086e+01
5.742937910875018861e+04 2.761919685884356568e+03 4.444490456580613369e+01
5.742937911062903731e+04 2.561526231865157570e+03 4.304324444586966081e+01
5.742937911250788602e+04 2.520564940700956413e+03 4.282432049257231910e+01
5.742937911438673473e+04 2.549272725975506091e+03 4.306895906953230480e+01
5.742937911626558343e+04 2.663541163677612985e+03 4.382592232805559007e+01
5.742937911814443214e+04 2.748224809232074676e+03 4.432105922635097528e+01
5.742937912002327357e+04 2.743603156983338522e+03 4.424353491890944667e+01
5.742937912190212228e+04 2.752735018062604922e+03 4.435698718943595509e+01
5.742937912378097099e+04 2.691551066196826014e+03 4.396947827827482058e+01
5.742937912565981969e+04 2.655503907878192877e+03 4.376685050591109416e+01
5.742937912753866840e+04 2.621369802908399834e+03 4.350687507177332236e+01
5.742937912941751711e+04 2.638296630048230782e+03 4.363798102636235399e+01
5.742937913129636581e+04 2.660867251538853452e+03 4.382808672055310240e+01
5.742937913317520724e+04 2.657941293102953296e+03 4.379344849462409428e+01
5.742937913505405595e+04 2.714722218264275853e+03 4.409968353714686629e+01
5.742937913693290466e+04 2.666814155959187701e+03 4.372426659138874072e+01
5.742937913881175336e+04 2.631691463960286910e+03 4.346225706564653279e+01
5.742937914069060207e+04 2.618418611803402200e+03 4.340179058632227793e+01
5.742937914256945078e+04 2.674626120916799209e+03 4.385582871149523498e+01
5.742937914444829221e+04 2.706258258321212907e+03 4.406380562116817856e+01
5.742937914632714092e+04 2.708324586712137716e+03 4.404172772769838673e+01
5.742937914820598962e+04 2.783549267624472577e+03 4.457637690897145433e+01
5.742937915008483833e+04 2.814702358476539303e+03 4.483367065201645829e+01
5.742937915196368704e+04 2.752337074761045642e+03 4.441583412450465573e+01
5.742937915384253574e+04 2.641593436804076191e+03 4.362313195234653307e+01
5.742937915572138445e+04 2.674163949758341460e+03 4.391489995588041495e+01
5.742937915760022588e+04 2.716475960949297587e+03 4.423739078213004206e+01
5.742937915947907459e+04 2.646563703458853524e+03 4.371091301415720665e+01
5.742937916135792329e+04 2.707895662078402438e+03 4.409011335093527606e+01
5.742937916323677200e+04 2.710246325901814089e+03 4.406555895463871764e+01
5.742937916511562071e+04 2.688194049684766469e+03 4.388605989665586549e+01
5.742937916699446941e+04 2.767408345256997109e+03 4.446283977379162167e+01
5.742937916887331085e+04 2.767859762582777876e+03 4.450902206467636546e+01
5.742937917075215955e+04 2.791116487920819054e+03 4.468505510924470059e+01
5.742937917263100826e+04 2.701768581492109661e+03 4.408028547353085713e+01
5.742937917450985697e+04 2.558805173232355628e+03 4.308077342888133643e+01
5.742937917638870567e+04 2.526266049120255957e+03 4.283166286041227977e+01
5.742937917826755438e+04 2.505465234009523101e+03 4.265003958139459428e+01
5.742937918014640309e+04 2.629226166197103794e+03 4.351365766295546678e+01
5.742937918202524452e+04 2.699423292730895810e+03 4.392008035459625859e+01
5.742937918390409322e+04 2.750155451654191893e+03 4.426337405358172106e+01
5.742937918578294193e+04 2.698353826580630994e+03 4.391840290268221025e+01
5.742937918766179064e+04 2.669539732494831696e+03 4.376470885011801215e+01
5.742937918954063935e+04 2.671356774158632561e+03 4.381851142923684961e+01
5.742937919141948805e+04 2.714144672662924677e+03 4.413887284787578125e+01
5.742937919329833676e+04 2.715412545215688624e+03 4.416900283445350794e+01
5.742937919517717819e+04 2.671153960114915208e+03 4.385611369456263731e+01
5.742937919705602690e+04 2.651304509931305347e+03 4.370179671621636430e+01
5.742937919893487560e+04 2.725468808266056840e+03 4.431608724160618351e+01
5.742937920081372431e+04 2.754321792669277329e+03 4.453473208489334922e+01
5.742937920269257302e+04 2.760973710980025771e+03 4.445462009775243217e+01
5.742937920457142172e+04 2.775380724296765038e+03 4.455217713781710387e+01
5.742937920645026315e+04 2.716925020836888052e+03 4.416250819367125757e+01
5.742937920832911186e+04 2.653517712873623168e+03 4.377456341810399465e+01
5.742937921020796057e+04 2.664483784934351661e+03 4.385374842199752266e+01
5.742937921208680928e+04 2.640554093683112114e+03 4.365863690055936530e+01
5.742937921396565798e+04 2.576235148518723236e+03 4.316844199601304410e+01
5.742937921584450669e+04 2.613692799270600517e+03 4.342495791214630430e+01
5.742937921772335540e+04 2.620986883983611733e+03 4.344528714883435327e+01
5.742937921960219683e+04 2.617130166409851881e+03 4.340212724171446723e+01
5.742937922148104553e+04 2.658870011553126005e+03 4.367838990055347637e+01
5.742937922335989424e+04 2.715052958061236041e+03 4.406811616815399191e+01
5.742937922523874295e+04 2.809722483282321264e+03 4.472051343685639324e+01
5.742937922711759165e+04 2.817258966701511326e+03 4.476650105286226733e+01
5.742937922899644036e+04 2.676200056704095459e+03 4.380098404915282373e+01
5.742937923087528179e+04 2.677046022776759855e+03 4.386990771237533693e+01
5.742937923275413050e+04 2.659754654863641463e+03 4.377960553918730824e+01
5.742937923463297921e+04 2.736990850762891569e+03 4.431784437961950829e+01
5.742937923651182791e+04 2.675507502224052587e+03 4.383350387051758190e+01
5.742937923839067662e+04 2.599666241345106755e+03 4.325949963536582032e+01
5.742937924026952533e+04 2.675811385129176415e+03 4.381802547020672023e+01
5.742937924214837403e+04 2.722554704938460873e+03 4.416910751767331789e+01
5.742937924402721546e+04 2.814335934311759047e+03 4.480927636238791933e+01
5.742937924590606417e+04 2.860570291097319569e+03 4.510979100012131227e+01
5.742937924778491288e+04 2.635946070372193844e+03 4.355581089541200157e+01
5.742937924966376158e+04 2.691157069105270693e+03 4.398848575818782081e+01
5.742937925154261029e+04 2.690636385800115477e+03 4.404784325765514552e+01
5.742937925342145900e+04 2.683372479759560065e+03 4.402397393776142565e+01
5.742937925530030770e+04 2.622577609792635940e+03 4.351627994012554268e+01
5.742937925717914914e+04 2.737559820005300026e+03 4.430760871330531359e+01
5.742937925905799784e+04 2.646072376709193577e+03 4.366116103396626613e+01
5.742937926093684655e+04 2.623231508467973526e+03 4.347190274577385338e+01
5.742937926281569526e+04 2.610257822285343536e+03 4.337103885160500027e+01
5.742937926469454396e+04 2.597153465267379488e+03 4.326177626133939924e+01
5.742937926657339267e+04 2.659454940438489302e+03 4.369590454875911689e+01
5.742937926845223410e+04 2.709788440733374046e+03 4.406387291344410073e+01
5.742937927033108281e+04 2.688417937678170802e+03 4.392055561303828171e+01
5.742937927220993151e+04 2.663365564492151861e+03 4.372413345540330454e+01
5.742937927408878022e+04 2.600509381037786625e+03 4.327991447944089032e+01
5.742937927596762893e+04 2.633873430891176213e+03 4.353442454378935622e+01
5.742937927784647763e+04 2.674967128917588070e+03 4.383175473250577880e+01
5.742937927972532634e+04 2.663197956412122494e+03 4.374913729815060037e+01
5.742937928160416777e+04 2.733407431689302030e+03 4.423304453734075992e+01
5.742937928348301648e+04 2.701758652394874844e+03 4.401998079215908177e+01
5.742937928536186519e+04 2.722183322767291884e+03 4.420830470602338380e+01
5.742937928724071389e+04 2.730601092609014358e+03 4.427816494775920120e+01
5.742937928911956260e+04 2.776475897307121159e+03 4.458065213712683317e+01
5.742937929099841131e+04 2.714374534716943799e+03 4.412405483677341778e+01
5.742937929287725274e+04 2.692128417272944716e+03 4.399459011378154116e+01
5.742937929475610144e+04 2.737267655845884747e+03 4.434688557016073673e+01
5.742937929663495015e+04 2.754959039856951676e+03 4.449122711630567295e+01
5.742937929851379886e+04 2.600528846213440374e+03 4.340212039985358672e+01
5.742937930039264756e+04 2.641591485225178985e+03 4.366952952378290576e+01
5.742937930227149627e+04 2.650867160062669882e+03 4.373542752452375737e+01
5.742937930415034498e+04 2.660965254192378779e+03 4.379409980669733216e+01
5.742937930602918641e+04 2.688749635993555785e+03 4.394427467947890165e+01
5.742937930790803512e+04 2.713211329005327570e+03 4.407369631885831041e+01
5.742937930978688382e+04 2.643454750084068110e+03 4.356863276717798783e+01
5.742937931166573253e+04 2.720315009566944809e+03 4.413382132967198146e+01
5.742937931354458124e+04 2.838149031949955315e+03 4.499992454258584473e+01
5.742937931542342994e+04 2.762273999377379823e+03 4.447374819997521911e+01
5.742937931730227865e+04 2.730092173683100555e+03 4.425487923433492909e+01
5.742937931918112008e+04 2.705883964982859197e+03 4.408632615359643125e+01
5.742937932105996879e+04 2.611621856228270644e+03 4.346227789125739349e+01
5.742937932293881750e+04 2.585993437133395673e+03 4.329476179502951538e+01
5.742937932481766620e+04 2.653363425314995311e+03 4.375702931632134352e+01
5.742937932669651491e+04 2.632115202763235175e+03 4.355906327787108268e+01
5.742937932857536362e+04 2.563913780650851095e+03 4.306155840248586486e+01
5.742937933045420505e+04 2.584601892237805714e+03 4.317629919274758521e+01
5.742937933233305375e+04 2.648414667693295996e+03 4.363239524830969174e+01
5.742937933421190246e+04 2.610608072772874038e+03 4.333854131365857398e+01
5.742937933609075117e+04 2.622206996735023040e+03 4.339240904970108659e+01
5.742937933796959987e+04 2.603959057858916822e+03 4.327115909753958078e+01
5.742937933984844858e+04 2.644946581310974580e+03 4.356475816596367423e+01
5.742937934172729729e+04 2.761637502256087828e+03 4.442493927054532321e+01
5.742937934360613872e+04 2.812203112516547662e+03 4.477879062243788866e+01
5.742937934548498743e+04 2.742058089058992664e+03 4.433400032252984602e+01
5.742937934736383613e+04 2.652155087733749042e+03 4.372092535120427925e+01
5.742937934924268484e+04 2.632776300336941858e+03 4.365016073186461654e+01
5.742937935112153355e+04 2.663645508445758878e+03 4.387363283142474302e+01
5.742937935300038225e+04 2.687063368617777087e+03 4.396858033178135372e+01
5.742937935487922368e+04 2.687665428149846775e+03 4.393589627876823300e+01
5.742937935675807239e+04 2.759339240695186618e+03 4.442797339246425992e+01
5.742937935863692110e+04 2.751071940323714443e+03 4.433975368090750635e+01
5.742937936051576980e+04 2.741580399577573644e+03 4.423396214329780207e+01
5.742937936239461851e+04 2.709043838380665875e+03 4.398438759372700702e+01
5.742937936427346722e+04 2.669519719557964436e+03 4.371191329005511506e+01
5.742937936615231592e+04 2.579662318725600016e+03 4.306232853457916576e+01
5.742937936803115736e+04 2.613740747385189024e+03 4.329262096362449341e+01
5.742937936991000606e+04 2.638502382900841894e+03 4.346310411302675902e+01
5.742937937178885477e+04 2.530418843057706908e+03 4.267979167312964250e+01
5.742937937366770348e+04 2.547417870957694504e+03 4.277570248366922812e+01
5.742937937554655218e+04 2.634384234850124813e+03 4.338019948163459105e+01
5.742937937742540089e+04 2.692324367789407916e+03 4.378279201251966413e+01
5.742937937930424960e+04 2.679401164228367634e+03 4.369185462453646807e+01
5.742937938118309103e+04 2.675256690594818792e+03 4.364807187060468863e+01
5.742937938306193973e+04 2.611926435551969007e+03 4.319553723886815533e+01
5.742937938494078844e+04 2.575018694193684496e+03 4.297817931382277834e+01
5.742937938681963715e+04 2.621184740341863744e+03 4.334194218580256575e+01
5.742937938869848585e+04 2.628526352216686519e+03 4.337977126490329027e+01
5.742937939057733456e+04 2.682537726954755271e+03 4.372686714735480962e+01
5.742937939245617599e+04 2.679998789812827454e+03 4.368587994326514234e+01
5.742937939433502470e+04 2.746274129955459102e+03 4.415910365899284074e+01
5.742937939621387341e+04 2.758546470878281525e+03 4.429750992846483371e+01
5.742937939809272211e+04 2.769144319520131376e+03 4.441510034882348634e+01
5.742937939997157082e+04 2.698116421122318116e+03 4.390354337711067956e+01
5.742937940185041953e+04 2.644702550463253829e+03 4.351628498391991684e+01
5.742937940372926823e+04 2.582312414527445071e+03 4.308483631843070327e+01
5.742937940560810966e+04 2.608541135205954561e+03 4.325749006863436819e+01
5.742937940748695837e+04 2.657811739086346734e+03 4.359450633886513771e+01
5.742937940936580708e+04 2.617608845294876573e+03 4.329547929852570576e+01
5.742937941124465578e+04 2.627198655662599776e+03 4.335194628529502126e+01
5.742937941312350449e+04 2.735908684412031562e+03 4.413874493146341393e+01
5.742937941500235320e+04 2.848035461731627947e+03 4.492194042690214673e+01
5.742937941688120191e+04 2.700377897360410316e+03 4.385444743154467062e+01
5.742937941876004334e+04 2.600969947662170853e+03 4.317411034983685170e+01
5.742937942063889204e+04 2.622901663059631574e+03 4.335786993336613904e+01
5.742937942251774075e+04 2.613837791717322943e+03 4.336798229420683271e+01
5.742937942439658946e+04 2.590725229885221324e+03 4.316150672649538222e+01
5.742937942627543816e+04 2.515589689922785055e+03 4.256114342213707147e+01
5.742937942815428687e+04 2.532208999507798126e+03 4.265218251016377593e+01
5.742937943003312830e+04 2.550722543313818733e+03 4.278000358281547477e+01
5.742937943191197701e+04 2.571266515756058652e+03 4.290732000010745395e+01
5.742937943379082571e+04 2.728736236074315002e+03 4.399348762727795048e+01
5.742937943566967442e+04 2.778404029473466380e+03 4.433913826442297790e+01
5.742937943754852313e+04 2.784122192123275909e+03 4.445528663025199023e+01
5.742937943942737184e+04 2.728998761455925887e+03 4.406332649585013428e+01
5.742937944130622054e+04 2.768760389607468824e+03 4.436671083731830123e+01
5.742937944318506197e+04 2.703907971838120375e+03 4.400039147378254256e+01
5.742937944506391068e+04 2.626354807415429150e+03 4.342439541761722666e+01
5.742937944694275939e+04 2.546487334146765079e+03 4.277132732534801107e+01
5.742937944882160809e+04 2.521967397421983151e+03 4.260367593408719245e+01
5.742937945070045680e+04 2.562345585090396980e+03 4.289894056369428910e+01
5.742937945257930551e+04 2.691155645663942323e+03 4.380713741587572940e+01
5.742937945445814694e+04 2.642543688709249636e+03 4.343071822717676156e+01
5.742937945633699564e+04 2.565054231969683315e+03 4.285080243751463058e+01
5.742937945821584435e+04 2.501162097191330759e+03 4.240376474664508777e+01
5.742937946009469306e+04 2.555383244029983871e+03 4.284413494896900687e+01
5.742937946197354177e+04 2.536644952543933869e+03 4.270801042301881978e+01
5.742937946385239047e+04 2.679272138610718685e+03 4.371337374563069034e+01
5.742937946573123918e+04 2.718796221765724567e+03 4.396267780905971989e+01
5.742937946761008061e+04 2.856133371483757401e+03 4.490223411040463475e+01
5.742937946948892932e+04 2.841620265714280777e+03 4.480723435016243172e+01
5.742937947136777802e+04 2.811302295587994195e+03 4.464677607206046872e+01
5.742937947324662673e+04 2.730837896247893696e+03 4.413480359523573782e+01
5.742937947512547544e+04 2.662012620792655071e+03 4.371792542768497469e+01
5.742937947700432414e+04 2.704788782602919582e+03 4.405991256244173826e+01
5.742937947888317285e+04 2.726102490522610879e+03 4.415955639361505547e+01
5.742937948076201428e+04 2.680679156596847861e+03 4.379313361136777161e+01
5.742937948264086299e+04 2.706213940500846547e+03 4.396563062344132078e+01
5.742937948451971170e+04 2.720466136894360261e+03 4.407275265944078768e+01
5.742937948639856040e+04 2.636830923517808060e+03 4.347688574394238259e+01
5.742937948827740911e+04 2.567428849206818086e+03 4.295573115983648194e+01
5.742937949015625782e+04 2.561098204240822270e+03 4.291969562613962097e+01
5.742937949203509925e+04 2.555327937790241322e+03 4.290436001887612605e+01
5.742937949391394795e+04 2.607975121588217462e+03 4.326934837575939241e+01
5.742937949579279666e+04 2.586013996732040141e+03 4.301944695525239837e+01
5.742937949767164537e+04 2.638534962925295531e+03 4.335796922459253722e+01
5.742937949955049407e+04 2.642598013317443474e+03 4.341399029189010150e+01
5.742937950142934278e+04 2.704207958435089949e+03 4.387326766359947072e+01
5.742937950330819149e+04 2.739237607002645291e+03 4.412493974516839046e+01
5.742937950518703292e+04 2.621610134622468195e+03 4.330472092011386565e+01
5.742937950706588163e+04 2.616516877160029708e+03 4.329216228369099895e+01
5.742937950894473033e+04 2.637700819467585916e+03 4.346231251346936375e+01
5.742937951082357904e+04 2.651923955451195525e+03 4.355156330254314412e+01
5.742937951270242775e+04 2.639899742762921505e+03 4.345939670901003637e+01
5.742937951458127645e+04 2.661412176354211624e+03 4.360616563125692835e+01
5.742937951646011788e+04 2.664710151216238955e+03 4.363035730429366765e+01
5.742937951833896659e+04 2.579706544961446525e+03 4.303882441506485179e+01
5.742937952021781530e+04 2.609126112878371259e+03 4.326035939345941728e+01
5.742937952209666400e+04 2.579456794173789604e+03 4.302217196394970955e+01
5.742937952397551271e+04 2.548609631965261542e+03 4.278495031367834400e+01
5.742937952585436142e+04 2.661689584623002247e+03 4.357528535344169995e+01
5.742937952773321013e+04 2.714408007404801992e+03 4.392781894023351441e+01
5.742937952961205156e+04 2.675206686313919818e+03 4.364562021842149164e+01
5.742937953149090026e+04 2.675064415852151797e+03 4.364908980257265370e+01
5.742937953336974897e+04 2.706289997158003644e+03 4.387934202910752646e+01
5.742937953524859768e+04 2.619081239388197901e+03 4.331851715143328363e+01
5.742937953712744638e+04 2.634258120548975967e+03 4.344298690480896852e+01
5.742937953900629509e+04 2.616629709770966656e+03 4.328391007084259456e+01
5.742937954088514380e+04 2.544750220109955535e+03 4.272374956222611786e+01
5.742937954276398523e+04 2.398582630409833655e+03 4.165572134977114160e+01
5.742937954464283393e+04 2.352780360524711796e+03 4.130355060775784892e+01
5.742937954652168264e+04 2.191184230947520064e+03 4.004804416864675431e+01
5.742937954840053135e+04 2.112516553455870962e+03 3.939235943390428218e+01
5.742937955027938006e+04 2.017661025144939686e+03 3.853827383624718550e+01
5.742937955215822876e+04 2.022577296384913097e+03 3.845709500711682693e+01
5.742937955403707019e+04 1.989116634441402084e+03 3.808511405827564289e+01
5.742937955591591890e+04 2.015591325027691937e+03 3.824534433778184450e+01
5.742937955779476761e+04 1.990755933590253335e+03 3.798966299898575727e+01
5.742937955967361631e+04 2.002014378182200517e+03 3.805008105010485764e+01
