5.733953043050000269e+04 8.231818711098017957e+03 7.844996612569325123e+01
5.733953479224548209e+04 8.205421398031980061e+03 7.836303375575040775e+01
5.733953915399096149e+04 8.077516944254534792e+03 7.785632884048699509e+01
5.733954351573644090e+04 8.022366010569230639e+03 7.767701547838730392e+01
5.733954787748192757e+04 8.242835299754638982e+03 7.855392841747601551e+01
5.733955223922740697e+04 8.353682155421343850e+03 7.899478041087270697e+01
5.733955660097288637e+04 8.240480413741986922e+03 7.854633372241636380e+01
5.733956096271836577e+04 8.376814511977639995e+03 7.907472823716423704e+01
5.733956532446384517e+04 8.347642332816745693e+03 7.894614134366710800e+01
5.733956968620932457e+04 8.236933065470015208e+03 7.847693481903621660e+01
5.733957404795481125e+04 8.228142575511003088e+03 7.839589627585759501e+01
5.733957840970029065e+04 8.235060528621163030e+03 7.842758386298206119e+01
5.733958277144577005e+04 8.189177766869062907e+03 7.824241208428770733e+01
5.733958713319124945e+04 8.223055383028337019e+03 7.838045076252943488e+01
5.733959149493672885e+04 8.297483073469260489e+03 7.869013945568373458e+01
5.733959585668220825e+04 8.299004585249851516e+03 7.872270285540997747e+01
5.733960021842769493e+04 8.445138473716746375e+03 7.929473341384185403e+01
5.733960458017317433e+04 8.534176551562699387e+03 7.967914455296285325e+01
5.733960894191865373e+04 8.647085958858340746e+03 8.012587205656181766e+01
5.733961330366413313e+04 8.690676182492805310e+03 8.029591453841487692e+01
5.733961766540961253e+04 8.895077611240974875e+03 8.108362897671574387e+01
5.733962202715509193e+04 9.175503365679020135e+03 8.217719368800504753e+01
5.733962638890057860e+04 9.561535175916689695e+03 8.362509095510934287e+01
5.733963075064605800e+04 9.789808758557508554e+03 8.447145341632126758e+01
5.733963511239153740e+04 1.031578803913772026e+04 8.639269705373838804e+01
5.733963947413701680e+04 1.102357270619662995e+04 8.893572848626153871e+01
5.733964383588249621e+04 1.159534937067647661e+04 9.093570402754593829e+01
5.733964819762797561e+04 1.250458806474783523e+04 9.397202940401656690e+01
5.733965255937346228e+04 1.362396479774341606e+04 9.761341789435242333e+01
5.733965692111894168e+04 1.442450424525266317e+04 1.001025468002187750e+02
5.733966128286442108e+04 1.526520304588358340e+04 1.027474616421223885e+02
5.733966564460990048e+04 1.589776064334712646e+04 1.046503182387847772e+02
5.733967000635537988e+04 1.628703912184283217e+04 1.058133452413286903e+02
5.733967436810085928e+04 1.659861978155507677e+04 1.067311319715224585e+02
5.733967872984634596e+04 1.724977520647953497e+04 1.085962240353762525e+02
5.733968309159182536e+04 1.739661369295929762e+04 1.090178609886787768e+02
5.733968745333730476e+04 1.773032226250999884e+04 1.099862143568572606e+02
5.733969181508278416e+04 1.818806752714646063e+04 1.112807384345827870e+02
5.733969617682826356e+04 1.855052073308555919e+04 1.122925643371286810e+02
5.733970053857374296e+04 1.907293726529514242e+04 1.137326609160320885e+02
5.733970490031922964e+04 1.945209252430624474e+04 1.147489239168930339e+02
5.733970926206470904e+04 1.959924712164875382e+04 1.151470960730593305e+02
5.733971362381018844e+04 1.955465395596408780e+04 1.150215866521362926e+02
5.733971798555566784e+04 1.964494107001955490e+04 1.152790634909807181e+02
5.733972234730114724e+04 1.938888573535754767e+04 1.145798150578472416e+02
5.733972670904662664e+04 1.917952435587998116e+04 1.139960011385075660e+02
5.733973107079211331e+04 1.906911677046745535e+04 1.137066088581520233e+02
5.733973543253759271e+04 1.893159988732058991e+04 1.133274322104031882e+02
5.733973979428307211e+04 1.893945609462962966e+04 1.133585271538166666e+02
5.733974415602855152e+04 1.911932041260265396e+04 1.138206369268931724e+02
5.733974851777403092e+04 1.869296442045166987e+04 1.126481398370087703e+02
5.733975287951951032e+04 1.820335137757283155e+04 1.112875400410006534e+02
5.733975724126499699e+04 1.771609604071709691e+04 1.099028919857134667e+02
5.733976160301047639e+04 1.757774112836651329e+04 1.094894509298420218e+02
5.733976596475595579e+04 1.766832311332717654e+04 1.097493546422536781e+02
5.733977032650143519e+04 1.755948627261581350e+04 1.094454578750423792e+02
5.733977468824691459e+04 1.761730783081208210e+04 1.095990513106934969e+02
5.733977904999239399e+04 1.799753014234915463e+04 1.106916590442872490e+02
5.733978341173788067e+04 1.820600284555271355e+04 1.112850413940126231e+02
5.733978777348336007e+04 1.835568761901079779e+04 1.117007030855952223e+02
5.733979213522883947e+04 1.824448939734293890e+04 1.114026395848909630e+02
5.733979649697431887e+04 1.817790091561919326e+04 1.112119608674281608e+02
5.733980085871979827e+04 1.816177540573307124e+04 1.111853657422742003e+02
5.733980522046527767e+04 1.791693668130998776e+04 1.105074861861709792e+02
5.733980958221076435e+04 1.799665374526492451e+04 1.107181935042915910e+02
5.733981394395624375e+04 1.825390968613883888e+04 1.114331634950247434e+02
5.733981830570172315e+04 1.867382049789103985e+04 1.126033448564844264e+02
5.733982266744720255e+04 1.906660830783980055e+04 1.137210872165813953e+02
5.733982702919268195e+04 1.930234474416655576e+04 1.143560592084004242e+02
5.733983139093816135e+04 1.966524562957689704e+04 1.153289564053357736e+02
5.733983575268364802e+04 1.953761433000903708e+04 1.149891299353073180e+02
5.733984011442912742e+04 1.975378905684249185e+04 1.155572226776996985e+02
5.733984447617460683e+04 2.027853437012014547e+04 1.169651337370302713e+02
5.733984883792008623e+04 2.068901410340039001e+04 1.181069307404905402e+02
5.733985319966556563e+04 2.121765171326683412e+04 1.194658498972484466e+02
5.733985756141104503e+04 2.195417632209494332e+04 1.213946813690978104e+02
5.733986192315653170e+04 2.193277300761713923e+04 1.213161735626927964e+02
5.733986628490201110e+04 2.219627820509493176e+04 1.219709249393389570e+02
5.733987064664749050e+04 2.206303876002353718e+04 1.216136280715727906e+02
5.733987500839296990e+04 2.169253407396224429e+04 1.206560111017127923e+02
5.733987937013844930e+04 2.130248169490869259e+04 1.196188802712888446e+02
5.733988373188392870e+04 2.089645600542979446e+04 1.185429252699709508e+02
5.733988809362941538e+04 2.039652419441664097e+04 1.172075782983227583e+02
5.733989245537489478e+04 2.039933292125881781e+04 1.171850989562613279e+02
5.733989681712037418e+04 2.016755553943962150e+04 1.165670744659959723e+02
5.733990117886585358e+04 2.001889502295997590e+04 1.161687585052403620e+02
5.733990554061133298e+04 2.013297701483652054e+04 1.164629416410438836e+02
5.733990990235681238e+04 1.984609167376790720e+04 1.156980717572105561e+02
5.733991426410229906e+04 1.978084692262220415e+04 1.155018905188074285e+02
5.733991862584777846e+04 1.958315792055653583e+04 1.149894283489647364e+02
5.733992298759325786e+04 1.932367710567172981e+04 1.142884998570870465e+02
5.733992734933873726e+04 1.939480754436423376e+04 1.144780594700881551e+02
5.733993171108421666e+04 1.977297928119128846e+04 1.154848992627870530e+02
5.733993607282969606e+04 2.004126409614855947e+04 1.161676281586398147e+02
5.733994043457518273e+04 2.048234064647330888e+04 1.173526629751385428e+02
5.733994479632066214e+04 2.094979460124322577e+04 1.185715710643129768e+02
5.733994915806614154e+04 2.114562120898544163e+04 1.190751618418829310e+02
5.733995351981162094e+04 2.128344102047643173e+04 1.194320262588024235e+02
5.733995788155710034e+04 2.114629780660732285e+04 1.191041585207746891e+02
5.733996224330257974e+04 2.078307736934283457e+04 1.181771715322120571e+02
5.733996660504806641e+04 2.035437286970232162e+04 1.170283770914269041e+02
5.733997096679354581e+04 2.016428359508705398e+04 1.165120308898432597e+02
5.733997532853902521e+04 1.993377985982153768e+04 1.159335118018512389e+02
5.733997969028450461e+04 2.016988949786423473e+04 1.165807098630753416e+02
5.733998405202998401e+04 2.021267053540977213e+04 1.167102158644005669e+02
5.733998841377546341e+04 2.002608348629319516e+04 1.162052427092891094e+02
5.733999277552095009e+04 2.000453981533752449e+04 1.161367019451662088e+02
5.733999713726642949e+04 2.016903396730538952e+04 1.165496122904655607e+02
5.734000149901190889e+04 1.981659745713403026e+04 1.155881357239630347e+02
5.734000586075738829e+04 1.981399585580555140e+04 1.155712996175947325e+02
5.734001022250286769e+04 1.983111922818808671e+04 1.156358350129269752e+02
5.734001458424834709e+04 1.992460308558856923e+04 1.158680716077470265e+02
5.734001894599383377e+04 2.025328190138912032e+04 1.167212071443312880e+02
5.734002330773931317e+04 1.999488734196266159e+04 1.160277953141341385e+02
5.734002766948479257e+04 1.984847405646735933e+04 1.156090195623246615e+02
5.734003203123027197e+04 1.944636506898095467e+04 1.145474852528594170e+02
5.734003639297575137e+04 1.911403556642991680e+04 1.136483352111870886e+02
5.734004075472123077e+04 1.911594074343184911e+04 1.136404869455909505e+02
5.734004511646671745e+04 1.915726023144881765e+04 1.137564146509087095e+02
5.734004947821219685e+04 1.937571585826567389e+04 1.143525878641471110e+02
5.734005383995767625e+04 1.971192292081672713e+04 1.152688502960931487e+02
5.734005820170315565e+04 2.004414929141873654e+04 1.161823696073841745e+02
5.734006256344863505e+04 2.034349830695464698e+04 1.169886063500617155e+02
5.734006692519411445e+04 2.072781477978056137e+04 1.180109581759991357e+02
5.734007128693959385e+04 2.076265358488042693e+04 1.181086246662893444e+02
5.734007564868508052e+04 2.081327248950434296e+04 1.182225460462719155e+02
5.734008001043055992e+04 2.071018407833511446e+04 1.179380705889967231e+02
5.734008437217603932e+04 2.063557469057380877e+04 1.177537401596882347e+02
5.734008873392151872e+04 2.039604496178335830e+04 1.170826819850317833e+02
5.734009309566699812e+04 2.027897817964445130e+04 1.167821635781474754e+02
5.734009745741247752e+04 2.003257470625548012e+04 1.161337272276289951e+02
5.734010181915796420e+04 1.998434661979447628e+04 1.159923782966880026e+02
5.734010618090344360e+04 2.029388471467721320e+04 1.168341161938319317e+02
5.734011054264892300e+04 2.078424496122346682e+04 1.181475919120738496e+02
5.734011490439440240e+04 2.137247707637669373e+04 1.196961454951884889e+02
5.734011926613988180e+04 2.140793984372579143e+04 1.197617035099295180e+02
5.734012362788536120e+04 2.182280255223067797e+04 1.208401690165855626e+02
5.734012798963084788e+04 2.196764479525329079e+04 1.212067551974251103e+02
5.734013235137632728e+04 2.212490683245591572e+04 1.215831012262302835e+02
5.734013671312180668e+04 2.207228066679159747e+04 1.214750581471301274e+02
5.734014107486728608e+04 2.214398489180595061e+04 1.216672781800095180e+02
5.734014543661276548e+04 2.216655952111675288e+04 1.216961352573294732e+02
5.734014979835824488e+04 2.180469225320098849e+04 1.207712594882691377e+02
5.734015416010373156e+04 2.163065294714814809e+04 1.203085984091967902e+02
5.734015852184921096e+04 2.140607024698094028e+04 1.197181282937289524e+02
5.734016288359469036e+04 2.149419857598021918e+04 1.199680132295661821e+02
5.734016724534016976e+04 2.141594430178329640e+04 1.197263637885773448e+02
5.734017160708564916e+04 2.118347573776114587e+04 1.191111075489349957e+02
5.734017596883112856e+04 2.083992053874616249e+04 1.182079568275492107e+02
5.734018033057661523e+04 2.078086108406353378e+04 1.180433738738448284e+02
5.734018469232209463e+04 2.098641250788068646e+04 1.185723054803873282e+02
5.734018905406757403e+04 2.097874005053550354e+04 1.185573180723060460e+02
5.734019341581305343e+04 2.098997348326694555e+04 1.185779825282411934e+02
5.734019777755853283e+04 2.075344694967116811e+04 1.179521353343967434e+02
5.734020213930401223e+04 2.022406826818323316e+04 1.165337902443552167e+02
5.734020650104949891e+04 1.990715592326145270e+04 1.156642483707143754e+02
5.734021086279497831e+04 1.966196461319414448e+04 1.150122285414620222e+02
5.734021522454045771e+04 1.924949561080460990e+04 1.138740491615093475e+02
5.734021958628593711e+04 1.897765441166179517e+04 1.131217462942309453e+02
5.734022394803141651e+04 1.917828720665491346e+04 1.136779813231292593e+02
5.734022830977689591e+04 1.934244526608683373e+04 1.141098307601084656e+02
5.734023267152238259e+04 1.988661497722970671e+04 1.155898566591902750e+02
5.734023703326786199e+04 2.044225852517886233e+04 1.170796771364914548e+02
5.734024139501334139e+04 2.120290083828365823e+04 1.190910339756883758e+02
5.734024575675882079e+04 2.182379198877697127e+04 1.207155369306001660e+02
5.734025011850430019e+04 2.206028588316829337e+04 1.213270230801565077e+02
5.734025448024977959e+04 2.212829517353732808e+04 1.214762169206212690e+02
5.734025884199526627e+04 2.208502453509288534e+04 1.213660229846750838e+02
5.734026320374074567e+04 2.215133330384337387e+04 1.215371369684761476e+02
5.734026756548622507e+04 2.253875598201901084e+04 1.225140463704611591e+02
5.734027192723170447e+04 2.280406751216192788e+04 1.231947426654283220e+02
5.734027628897718387e+04 2.289045332461749786e+04 1.233935869029923538e+02
5.734028065072266327e+04 2.263767134123612777e+04 1.227362502760790903e+02
5.734028501246814994e+04 2.212176628832786446e+04 1.214375947890898431e+02
5.734028937421362934e+04 2.139911552943507559e+04 1.195810191324123650e+02
5.734029373595910874e+04 2.100796819970181969e+04 1.185601953383707468e+02
5.734029809770458814e+04 2.083547041644287674e+04 1.180897039739219139e+02
5.734030245945006754e+04 2.061658288339241335e+04 1.174769729435042791e+02
5.734030682119554695e+04 1.993238928070506154e+04 1.156573553783276935e+02
5.734031118294103362e+04 1.981210171091266238e+04 1.153310789559360643e+02
5.734031554468651302e+04 1.973837595300779140e+04 1.151252545681608837e+02
5.734031990643199242e+04 1.971294245848933861e+04 1.150638453493225484e+02
5.734032426817747182e+04 2.063198840555720744e+04 1.175282267607130251e+02
5.734032862992295122e+04 2.098111995045845833e+04 1.184691570276363990e+02
5.734033299166843062e+04 2.153580469261285543e+04 1.199244921213475550e+02
5.734033735341391730e+04 2.155916259958887531e+04 1.199790834178844676e+02
5.734034171515939670e+04 2.145612373586291869e+04 1.197148695917271652e+02
5.734034607690487610e+04 2.164290078547351004e+04 1.202065074080619098e+02
5.734035043865035550e+04 2.158824346771108321e+04 1.200674870763991606e+02
5.734035480039583490e+04 2.140529142401247009e+04 1.195796591213271114e+02
5.734035916214131430e+04 2.117285053684491868e+04 1.189895064632242878e+02
5.734036352388680098e+04 2.086451449625336318e+04 1.181544316367965735e+02
5.734036788563228038e+04 2.053915978606212593e+04 1.172938668157885758e+02
5.734037224737775978e+04 2.038777285969723744e+04 1.168924696380425985e+02
5.734037660912323918e+04 2.030968066784970506e+04 1.166704784944487727e+02
5.734038097086871858e+04 2.041932799723400603e+04 1.169532150383436573e+02
5.734038533261419798e+04 2.019123268531277427e+04 1.163638762853778843e+02
5.734038969435968465e+04 2.003418306450418459e+04 1.159454449627135944e+02
5.734039405610516405e+04 1.992727816534466547e+04 1.156542595484549310e+02
5.734039841785064345e+04 1.990998896123335362e+04 1.156290697199978865e+02
5.734040277959612285e+04 1.993880589810720994e+04 1.157113230288520640e+02
5.734040714134160226e+04 2.029204928484306583e+04 1.166571483862781236e+02
5.734041150308708166e+04 2.043720008132615476e+04 1.170268051451185585e+02
5.734041586483256833e+04 2.047096271181675911e+04 1.171317163183891523e+02
5.734042022657804773e+04 2.032221944746159352e+04 1.167219592355468620e+02
5.734042458832352713e+04 2.032954214607755421e+04 1.167217033594509843e+02
5.734042895006900653e+04 2.042780957597590896e+04 1.170023307026594779e+02
5.734043331181448593e+04 2.060242874213907999e+04 1.174653422262274205e+02
5.734043767355996533e+04 2.128042387753930234e+04 1.192741161040511457e+02
5.734044203530545201e+04 2.212514550956140738e+04 1.214491654910010823e+02
5.734044639705093141e+04 2.295557312093583823e+04 1.235800518922089282e+02
5.734045075879641081e+04 2.351176503154612146e+04 1.249783704501075476e+02
5.734045512054189021e+04 2.351065988730879326e+04 1.249625476153922961e+02
5.734045948228736961e+04 2.325012753010289089e+04 1.243209829828056883e+02
5.734046384403284901e+04 2.269221292692787392e+04 1.229269073757770769e+02
5.734046820577833569e+04 2.201412282520826193e+04 1.211898140970579192e+02
5.734047256752381509e+04 2.117399147194579200e+04 1.189984285094621868e+02
5.734047692926929449e+04 2.060413000690181434e+04 1.174829743113078564e+02
5.734048129101477389e+04 2.001351272160145527e+04 1.158876813805766517e+02
5.734048565276025329e+04 1.977494009350591296e+04 1.152583101892236641e+02
5.734049001450573269e+04 1.950798722582428672e+04 1.144975765037049769e+02
5.734049437625121936e+04 1.913550256002271999e+04 1.134710672461407341e+02
5.734049873799669876e+04 1.892658993041657232e+04 1.129035496683758879e+02
5.734050309974217816e+04 1.882422886589958944e+04 1.126185381293765744e+02
5.734050746148765757e+04 1.876704511698600254e+04 1.124587030870801385e+02
5.734051182323313697e+04 1.883153884462535643e+04 1.126502079724151599e+02
5.734051618497861637e+04 1.909471458823106514e+04 1.133805373681289836e+02
5.734052054672410304e+04 1.939093418651163665e+04 1.141858735360299448e+02
5.734052490846958244e+04 1.967683586008273778e+04 1.149750380204913114e+02
5.734052927021506184e+04 1.972477481264365633e+04 1.151240450216201054e+02
5.734053363196054124e+04 1.951733110737180687e+04 1.145216569882867219e+02
5.734053799370602064e+04 1.921736171166230270e+04 1.136906119831295285e+02
5.734054235545150004e+04 1.892237580625104238e+04 1.128825926717166794e+02
5.734054671719698672e+04 1.876615781546630751e+04 1.124541907868441371e+02
5.734055107894246612e+04 1.884877656719818697e+04 1.126823671649085554e+02
5.734055544068794552e+04 1.875674382800441526e+04 1.124302240485545781e+02
5.734055980243342492e+04 1.884672126612693319e+04 1.126871914857785697e+02
5.734056416417890432e+04 1.907242851857718415e+04 1.133128465173788442e+02
5.734056852592438372e+04 1.961913015261262262e+04 1.148123440892381382e+02
5.734057288766986312e+04 2.014705677792604547e+04 1.162478585142731049e+02
5.734057724941534980e+04 2.042730280939550357e+04 1.169797299777052046e+02
5.734058161116082920e+04 2.060165389392587531e+04 1.174558375125698433e+02
5.734058597290630860e+04 2.083836404636230873e+04 1.180791072289744790e+02
5.734059033465178800e+04 2.111310251936250279e+04 1.187932836844235993e+02
5.734059469639726740e+04 2.105553104727923346e+04 1.186358191041033194e+02
5.734059905814274680e+04 2.105820996411156739e+04 1.186650668041750691e+02
5.734060341988823347e+04 2.081729751184236738e+04 1.180078845852010403e+02
5.734060778163371288e+04 2.072372346605968778e+04 1.177596590212890533e+02
5.734061214337919228e+04 2.040985698678578046e+04 1.169470802362115904e+02
5.734061650512467168e+04 2.038814825365387878e+04 1.168859530191067790e+02
5.734062086687015108e+04 2.039085023616146646e+04 1.169099641099470546e+02
5.734062522861563048e+04 2.066454046971068237e+04 1.176403653968613270e+02
5.734062959036111715e+04 2.073671080709403032e+04 1.178411267277632390e+02
5.734063395210659655e+04 2.066482539644949793e+04 1.176439911912530647e+02
5.734063831385207595e+04 2.065333622247904714e+04 1.175943136612472841e+02
5.734064267559755535e+04 2.028748583078954834e+04 1.166620402562553664e+02
5.734064703734303475e+04 2.013245725971977663e+04 1.162785012265165250e+02
5.734065139908851415e+04 1.989128428193739819e+04 1.156339186126714793e+02
5.734065576083400083e+04 1.972810292773957553e+04 1.152231433431865213e+02
5.734066012257948023e+04 1.955878498299513012e+04 1.147807517543497653e+02
5.734066448432495963e+04 1.980206096467081807e+04 1.154550986118833578e+02
5.734066884607043903e+04 1.999427602767296412e+04 1.159864377194850960e+02
5.734067320781591843e+04 2.044907806875453753e+04 1.172267418106510348e+02
5.734067756956139783e+04 2.113336309745899416e+04 1.190442216364575359e+02
5.734068193130688451e+04 2.151930089604085879e+04 1.200377807267121852e+02
5.734068629305236391e+04 2.176375129859662775e+04 1.206820158238526517e+02
5.734069065479784331e+04 2.201819285276376831e+04 1.213669497440560576e+02
5.734069501654332271e+04 2.225949966674020834e+04 1.219914799499093334e+02
5.734069937828880211e+04 2.279412958710397288e+04 1.233468035521879500e+02
5.734070374003428151e+04 2.347720985682328319e+04 1.250864578435228509e+02
5.734070810177976819e+04 2.395843110612777309e+04 1.262836806886733427e+02
5.734071246352524759e+04 2.412552687999406771e+04 1.266984607700329946e+02
5.734071682527072699e+04 2.410643654438558224e+04 1.266663881783001386e+02
5.734072118701620639e+04 2.368642248056222888e+04 1.256340749651527631e+02
5.734072554876168579e+04 2.310877485355543104e+04 1.241664234250304588e+02
5.734072991050716519e+04 2.221924761425242468e+04 1.219382015034257449e+02
5.734073427225265186e+04 2.160702079749255063e+04 1.203209914075507356e+02
5.734073863399813126e+04 2.135192618507842781e+04 1.196488891334378764e+02
5.734074299574361066e+04 2.094032201769549283e+04 1.185838692449406153e+02
5.734074735748909006e+04 2.085685498047523652e+04 1.183931188216174633e+02
5.734075171923456946e+04 2.124821421375651698e+04 1.193927577155300241e+02
5.734075608098004886e+04 2.173973689036872383e+04 1.206476278158938698e+02
5.734076044272553554e+04 2.238003834735363489e+04 1.222986832709539868e+02
5.734076480447101494e+04 2.278544751000382530e+04 1.233134610662547459e+02
5.734076916621649434e+04 2.277237899736544205e+04 1.232696791597300603e+02
5.734077352796197374e+04 2.282926380926645288e+04 1.234233600811519835e+02
5.734077788970745314e+04 2.259967615108058453e+04 1.228304964434287712e+02
5.734078225145293254e+04 2.233475481068479712e+04 1.221845237022206163e+02
5.734078661319841922e+04 2.207829121166414552e+04 1.215426778590147023e+02
5.734079097494389862e+04 2.183836869765296797e+04 1.209002484828551758e+02
5.734079533668937802e+04 2.153812495790214598e+04 1.201184322247417526e+02
5.734079969843485742e+04 2.127118614884109411e+04 1.194027465224148727e+02
5.734080406018033682e+04 2.106633847643966146e+04 1.188563976724482814e+02
5.734080842192581622e+04 2.083501334642183065e+04 1.182363297699363756e+02
5.734081278367130290e+04 2.096948063432537674e+04 1.185867476974845260e+02
5.734081714541678230e+04 2.111924865605102241e+04 1.189709072717164133e+02
5.734082150716226170e+04 2.143911768060919348e+04 1.198034970994827972e+02
5.734082586890774110e+04 2.156826884302737380e+04 1.201481840499593972e+02
5.734083023065322050e+04 2.183797135583935597e+04 1.208516220659860068e+02
5.734083459239869990e+04 2.201590681014825532e+04 1.212889860406295099e+02
5.734083895414418657e+04 2.218136113613099951e+04 1.217309718424830010e+02
5.734084331588966597e+04 2.224980441023388994e+04 1.219411965063946042e+02
5.734084767763514537e+04 2.243961892580532367e+04 1.224325903943322089e+02
5.734085203938062477e+04 2.286095675264954843e+04 1.235042935795869568e+02
5.734085640112610417e+04 2.367457458451677303e+04 1.255838451069040644e+02
5.734086076287158357e+04 2.417347673345758085e+04 1.268412841418281261e+02
5.734086512461707025e+04 2.447505608313563425e+04 1.275734528104771073e+02
5.734086948636254965e+04 2.470756309983060419e+04 1.281301621294767585e+02
5.734087384810802905e+04 2.465673299462033174e+04 1.280278015901645574e+02
5.734087820985350845e+04 2.430113279873075226e+04 1.271291595482176433e+02
5.734088257159898785e+04 2.400068890160202864e+04 1.263734514883108346e+02
5.734088693334446725e+04 2.357127829700279108e+04 1.252936693108016897e+02
5.734089129508995393e+04 2.308024915438264361e+04 1.240641095749749496e+02
5.734089565683543333e+04 2.275033772406660501e+04 1.232304296141319924e+02
5.734090001858091273e+04 2.209599942390925935e+04 1.215383792333333304e+02
5.734090438032639213e+04 2.173724776243670567e+04 1.206075850576384596e+02
5.734090874207187153e+04 2.161635585100391836e+04 1.203204306258669476e+02
5.734091310381735093e+04 2.149828351431714691e+04 1.200231923667169553e+02
5.734091746556283761e+04 2.127038926490023732e+04 1.194013532082998807e+02
5.734092182730831701e+04 2.118120130034134490e+04 1.191781721306739854e+02
5.734092618905379641e+04 2.132899340027207654e+04 1.195495867755737862e+02
5.734093055079927581e+04 2.110381920771149089e+04 1.189583111264162198e+02
5.734093491254475521e+04 2.091876782699509567e+04 1.185102444307613183e+02
5.734093927429023461e+04 2.088141744779502551e+04 1.184121923521166337e+02
5.734094363603572128e+04 2.033381568208505996e+04 1.169457581830044859e+02
5.734094799778120068e+04 1.957797303698038741e+04 1.149447057742495559e+02
5.734095235952668008e+04 1.867134645091095445e+04 1.124733139220824825e+02
5.734095672127215948e+04 1.777892300954440725e+04 1.099993747678444436e+02
5.734096108301763888e+04 1.658917657932200018e+04 1.065747557016847509e+02
5.734096544476311828e+04 1.566505463819426586e+04 1.038089490014721292e+02
5.734096980650860496e+04 1.455933360582434580e+04 1.004166485012156613e+02
5.734097416825408436e+04 1.364692519100749632e+04 9.754418112919881878e+01
5.734097852999956376e+04 1.286569851091643795e+04 9.499417933039278239e+01
5.734098289174504316e+04 1.209577639507154890e+04 9.241957739171505182e+01
5.734098725349052256e+04 1.127463243333208266e+04 8.960286003874409744e+01
5.734099161523600196e+04 1.081775361337760296e+04 8.816530668312327634e+01
5.734099597698148864e+04 1.050091561774615366e+04 8.700817224654467452e+01
5.734100033872696804e+04 1.014069793986655714e+04 8.561003871264469467e+01
5.734100470047244744e+04 9.855115679088055913e+03 8.453909919060883738e+01
5.734100906221792684e+04 9.629454082666086833e+03 8.367087504032767242e+01
5.734101342396340624e+04 9.482771646776203852e+03 8.315134307650781409e+01
5.734101778570888564e+04 9.331757057034885293e+03 8.258062117454336715e+01
5.734102214745437232e+04 9.300791572456339054e+03 8.246705995289551083e+01
5.734102650919985172e+04 9.198111938563428339e+03 8.206397533882436335e+01
5.734103087094533112e+04 9.019120072980513214e+03 8.136937452161150475e+01
5.734103523269081052e+04 9.079956212920744292e+03 8.158452990920622483e+01
5.734103959443628992e+04 9.087055663071056188e+03 8.154662781974587915e+01
5.734104395618176932e+04 9.063950096883807419e+03 8.143558195232382957e+01
5.734104831792725599e+04 9.017451145696009917e+03 8.123887559023138749e+01
5.734105267967273539e+04 9.018978252432567388e+03 8.125078320814169786e+01
5.734105704141821479e+04 9.181842746758811700e+03 8.193116883243156678e+01
5.734106140316369419e+04 9.270167662269388529e+03 8.222584230741993849e+01
5.734106576490917359e+04 9.315755927984811933e+03 8.242879735973414768e+01
5.734107012665465300e+04 9.335516768887362559e+03 8.253093870905520646e+01
5.734107448840013967e+04 9.374320652553826221e+03 8.269275493409128330e+01
5.734107885014561907e+04 9.384743937358267431e+03 8.271388504463907054e+01
5.734108321189109847e+04 9.339936218990191264e+03 8.252504234877942224e+01
5.734108757363657787e+04 9.292103661406590618e+03 8.232818582406542873e+01
