5.736833663469999738e+04 6.691659759498541825e+04 2.460855466938347433e+02
5.736833663688637171e+04 6.676136339885703637e+04 2.459642939787470937e+02
5.736833663907273876e+04 6.672640509003930492e+04 2.460324434708470562e+02
5.736833664125911309e+04 6.695459276487174793e+04 2.462862448629878429e+02
5.736833664344548743e+04 6.657858227757236455e+04 2.458097133898868947e+02
5.736833664563185448e+04 6.685186916716753331e+04 2.461663827999046248e+02
5.736833664781822881e+04 6.701101673302749987e+04 2.463984780667108225e+02
5.736833665000459587e+04 6.737369005124527030e+04 2.468370731572935881e+02
5.736833665219097020e+04 6.674437642551200406e+04 2.460384828574448193e+02
5.736833665437734453e+04 6.703048675470937451e+04 2.462730231026664853e+02
5.736833665656371159e+04 6.718243074519158108e+04 2.465430018279386104e+02
5.736833665875008592e+04 6.688135501053817279e+04 2.462326404103751258e+02
5.736833666093646025e+04 6.704981405231723329e+04 2.464561774802689058e+02
5.736833666312282730e+04 6.706992837719048839e+04 2.464249027446041111e+02
5.736833666530920163e+04 6.692179509959903953e+04 2.461224435397236903e+02
5.736833666749557597e+04 6.687935179495930788e+04 2.461762465366538493e+02
5.736833666968194302e+04 6.700011395248143526e+04 2.462347491179659471e+02
5.736833667186831735e+04 6.720006564333435381e+04 2.465893475124701411e+02
5.736833667405468441e+04 6.661200570978851465e+04 2.458309399935189674e+02
5.736833667624105874e+04 6.706766884501880850e+04 2.464389955830071983e+02
5.736833667842743307e+04 6.710796312108929851e+04 2.465532576937309841e+02
5.736833668061380013e+04 6.684776004184267367e+04 2.461860081612055637e+02
5.736833668280017446e+04 6.717692371374808135e+04 2.465217168733403241e+02
5.736833668498654879e+04 6.709531716984452214e+04 2.463751621254573649e+02
5.736833668717291584e+04 6.697428881482043653e+04 2.462918774457239692e+02
5.736833668935929018e+04 6.725709681055435794e+04 2.465575452026976677e+02
5.736833669154566451e+04 6.707017799109067710e+04 2.463295628598288829e+02
5.736833669373203156e+04 6.662729657348709588e+04 2.458381438240121497e+02
5.736833669591840589e+04 6.678445422696639434e+04 2.460888663074267413e+02
5.736833669810478023e+04 6.691181204555567820e+04 2.462291077874751295e+02
5.736833670029114728e+04 6.671886795000894926e+04 2.458945849703183057e+02
5.736833670247752161e+04 6.690133024512918200e+04 2.462051466800428443e+02
5.736833670466388867e+04 6.713031071496958612e+04 2.465286012011914920e+02
5.736833670685026300e+04 6.683130320230718644e+04 2.461181009802998005e+02
5.736833670903663733e+04 6.644265802736765181e+04 2.456711240994023342e+02
5.736833671122300439e+04 6.689072157789565972e+04 2.462939674845568732e+02
5.736833671340937872e+04 6.693344482906183111e+04 2.461591369553418645e+02
5.736833671559575305e+04 6.675562578943645349e+04 2.459273663824386347e+02
5.736833671778212010e+04 6.702964686121194973e+04 2.459193097811517816e+02
5.736833671996849444e+04 6.717496588838993921e+04 2.460181274252737182e+02
5.736833672215486877e+04 6.716468857042927993e+04 2.459969910134572046e+02
5.736833672434123582e+04 6.696795720669456932e+04 2.457136900699540831e+02
5.736833672652761015e+04 6.762541919710124785e+04 2.465184995841768227e+02
5.736833672871397721e+04 6.744485666131984908e+04 2.463265843455520212e+02
5.736833673090035154e+04 6.697140075252347742e+04 2.456191401064955357e+02
5.736833673308672587e+04 6.736485123028061935e+04 2.461538838629429335e+02
5.736833673527309293e+04 6.757305389369711338e+04 2.464702025612878913e+02
5.736833673745946726e+04 6.719510235253837891e+04 2.459658220310746515e+02
5.736833673964584159e+04 6.705944212027832691e+04 2.459268284185969264e+02
5.736833674183220865e+04 6.739701245280439616e+04 2.461331902068019986e+02
5.736833674401858298e+04 6.736073490175264305e+04 2.462447958494739169e+02
5.736833674620495731e+04 6.721896491675342259e+04 2.462122948992002307e+02
5.736833674839132436e+04 6.716855670340821962e+04 2.459116066687328441e+02
5.736833675057769869e+04 6.676320947122812504e+04 2.453029769304930028e+02
5.736833675276406575e+04 6.839234316626095097e+04 2.474784721109321595e+02
5.736833675495044008e+04 6.762860208920996229e+04 2.465192053416346027e+02
5.736833675713681441e+04 6.774802300331533479e+04 2.466707305862277053e+02
5.736833675932318147e+04 6.727260887130482297e+04 2.460914762610857451e+02
5.736833676150955580e+04 6.725383042912874953e+04 2.459514296964019877e+02
5.736833676369593013e+04 6.721753488255414413e+04 2.460271656119388979e+02
5.736833676588229719e+04 6.696274683044679114e+04 2.456512726716842678e+02
5.736833676806867152e+04 6.719434850559719780e+04 2.459226255712519844e+02
5.736833677025504585e+04 6.748485135977198661e+04 2.462864709338596469e+02
5.736833677244141290e+04 6.736220770933410677e+04 2.461241151569413717e+02
5.736833677462778724e+04 6.740672922733484302e+04 2.462658926101213410e+02
5.736833677681415429e+04 6.744072387771045032e+04 2.462227245860132996e+02
5.736833677900052862e+04 6.714382170718931593e+04 2.459368568252708940e+02
5.736833678118690295e+04 6.742044007902269368e+04 2.461087046542217820e+02
5.736833678337327001e+04 6.741114237177248287e+04 2.461855035606197930e+02
5.736833678555964434e+04 6.744777397334862326e+04 2.463402050842728102e+02
5.736833678774601867e+04 6.755339603116667422e+04 2.466661525219637667e+02
5.736833678993238573e+04 6.783131671450936119e+04 2.470993971675757166e+02
5.736833679211876006e+04 6.892611584823808516e+04 2.482557882615430742e+02
5.736833679430513439e+04 6.999216904651302320e+04 2.494487949708561985e+02
5.736833679649150145e+04 7.008255904054421990e+04 2.495202023428785196e+02
5.736833679867787578e+04 7.016159116557655216e+04 2.497422385985100846e+02
5.736833680086425011e+04 7.018042993301049864e+04 2.498250639370225201e+02
5.736833680305061716e+04 6.988857745630755380e+04 2.495009163131720413e+02
5.736833680523699149e+04 6.893488285569744767e+04 2.483594278155986217e+02
5.736833680742335855e+04 6.624502412236617238e+04 2.454147008850898146e+02
5.736833680960973288e+04 6.708326465162234672e+04 2.464926895618961282e+02
5.736833681179610721e+04 6.808804931085025601e+04 2.477941660849956520e+02
5.736833681398247427e+04 6.748672945080758655e+04 2.470254159044638982e+02
5.736833681616884860e+04 6.685735778138629394e+04 2.462578280092176328e+02
5.736833681835522293e+04 6.650016943295256351e+04 2.458300895889428261e+02
5.736833682054158999e+04 6.593387540468965017e+04 2.450963409901066825e+02
5.736833682272796432e+04 6.639950485160324024e+04 2.458557720610501747e+02
5.736833682491433865e+04 6.670330208145797951e+04 2.460897234841676209e+02
5.736833682710070570e+04 6.693775237332754477e+04 2.462607953021092726e+02
5.736833682928708004e+04 6.723332272711623227e+04 2.467689803709565695e+02
5.736833683147344709e+04 6.704077893497647892e+04 2.464882235966363737e+02
5.736833683365982142e+04 6.682830708010162925e+04 2.462668733328461315e+02
5.736833683584619575e+04 6.660435333217427251e+04 2.459504388314970242e+02
5.736833683803256281e+04 6.645566763624819578e+04 2.457284745409528455e+02
5.736833684021893714e+04 6.589922052943243762e+04 2.449892648558030999e+02
5.736833684240531147e+04 6.651780948433020967e+04 2.457237343640281324e+02
5.736833684459167853e+04 6.620516418752211030e+04 2.453690686491810311e+02
5.736833684677805286e+04 6.599812170906350366e+04 2.451658231771754402e+02
5.736833684896442719e+04 6.597747037336968060e+04 2.451418444209753602e+02
5.736833685115079425e+04 6.551857025986163353e+04 2.445570850520251724e+02
5.736833685333716858e+04 6.622653701144763909e+04 2.455509063720463132e+02
5.736833685552353563e+04 6.618608115537835693e+04 2.455182526519175212e+02
5.736833685770990996e+04 6.663990889889196842e+04 2.459486851424754832e+02
5.736833685989628430e+04 6.682834150483582926e+04 2.461986383873783382e+02
5.736833686208265135e+04 6.687171404206624720e+04 2.462720881120525291e+02
5.736833686426902568e+04 6.667844293899359764e+04 2.460437199352005564e+02
5.736833686645540001e+04 6.694490851447675959e+04 2.464018629533398439e+02
5.736833686864176707e+04 6.666133492361397657e+04 2.459227022640574205e+02
5.736833687082814140e+04 6.658714760894177016e+04 2.459334087302166836e+02
5.736833687301451573e+04 6.657326831538844272e+04 2.460647583879048170e+02
5.736833687520088279e+04 6.692715420958114555e+04 2.462984612051428428e+02
5.736833687738725712e+04 6.680501089775635046e+04 2.461888530073209722e+02
5.736833687957362417e+04 6.699034619011569885e+04 2.464516689077965168e+02
5.736833688175999851e+04 6.699528237152338261e+04 2.465158095768372846e+02
5.736833688394637284e+04 6.679042454617058684e+04 2.461578708215055542e+02
5.736833688613273989e+04 6.643138389285857556e+04 2.457659440116944722e+02
5.736833688831911422e+04 6.670495530766560114e+04 2.460658477477563792e+02
5.736833689050548855e+04 6.679720330749996356e+04 2.462638911877952523e+02
5.736833689269185561e+04 6.642696904141288542e+04 2.457460246811748448e+02
5.736833689487822994e+04 6.716866773512105283e+04 2.465475768465329338e+02
5.736833689706460427e+04 6.920414753707860655e+04 2.487421926942004973e+02
5.736833689925097133e+04 7.048853756439796416e+04 2.502831733929934614e+02
5.736833690143734566e+04 7.015922014037097688e+04 2.497956256202262182e+02
5.736833690362371999e+04 6.986162381829887454e+04 2.494769415846196523e+02
5.736833690581008705e+04 6.998863097339778324e+04 2.497061801948560174e+02
5.736833690799646138e+04 6.926066563268731989e+04 2.487284955600690068e+02
5.736833691018282843e+04 6.963663929958346125e+04 2.491491693057957661e+02
5.736833691236920276e+04 6.903148477167337842e+04 2.484948081489995957e+02
5.736833691455557710e+04 6.946687154086740338e+04 2.491094073362825156e+02
5.736833691674194415e+04 6.939775828004398500e+04 2.489127407144374899e+02
5.736833691892831848e+04 6.986775955258961767e+04 2.494711882211028922e+02
5.736833692111469281e+04 7.067311705466257990e+04 2.504975078182531263e+02
5.736833692330105987e+04 7.000427162372996099e+04 2.496820316264114865e+02
5.736833692548743420e+04 6.924437930543694529e+04 2.488277208708158241e+02
5.736833692767380853e+04 6.920205437682894990e+04 2.487558304842955010e+02
5.736833692986017559e+04 6.936415737852132588e+04 2.489547457617284749e+02
5.736833693204654992e+04 6.976500404023498413e+04 2.493769442485524053e+02
5.736833693423291697e+04 6.984027788966339722e+04 2.495238313441126650e+02
5.736833693641929131e+04 6.994726041705481475e+04 2.495124849050916112e+02
5.736833693860566564e+04 6.958687952307317755e+04 2.490328446752043021e+02
5.736833694079203269e+04 6.944027991794669651e+04 2.490425780096962285e+02
5.736833694297840702e+04 6.953210107384591538e+04 2.491346303155703481e+02
5.736833694516478135e+04 7.007599264492449583e+04 2.497094193455987465e+02
5.736833694735114841e+04 7.011669580318382941e+04 2.497276563686913278e+02
5.736833694953752274e+04 7.065136641093442449e+04 2.503740017655569829e+02
5.736833695172389707e+04 7.091071724076464307e+04 2.508185826437484707e+02
5.736833695391026413e+04 7.034383395121427020e+04 2.500819388576716733e+02
5.736833695609663846e+04 7.036494278728154313e+04 2.500945536867590420e+02
5.736833695828300552e+04 6.969018981836788589e+04 2.493148900276428606e+02
5.736833696046937985e+04 6.921014282218758308e+04 2.486768492352448447e+02
5.736833696265575418e+04 6.948971003447234398e+04 2.489738730832307283e+02
5.736833696484212123e+04 6.932995763008949871e+04 2.488505986542687083e+02
5.736833696702849556e+04 6.929452374001628777e+04 2.487281794907388530e+02
5.736833696921486990e+04 6.940785725552900112e+04 2.487924978807348566e+02
5.736833697140123695e+04 6.977462326689966721e+04 2.492929889126980640e+02
5.736833697358761128e+04 7.006393923247054045e+04 2.496246847256350918e+02
5.736833697577398561e+04 7.010059967565478291e+04 2.497818567095818594e+02
5.736833697796035267e+04 6.975364467352161591e+04 2.493250643448360506e+02
5.736833698014672700e+04 6.936923332888839650e+04 2.488283910459893207e+02
5.736833698233310133e+04 6.993625124903820688e+04 2.495191422705875368e+02
5.736833698451946839e+04 6.975587887883707299e+04 2.495308063593808470e+02
5.736833698670584272e+04 6.925841035089627258e+04 2.491540837246472790e+02
5.736833698889220977e+04 6.937338224545304547e+04 2.494333870221392999e+02
5.736833699107858411e+04 6.958352501731044322e+04 2.495100346701738090e+02
5.736833699326495844e+04 6.976290529178665020e+04 2.499300300153846308e+02
5.736833699545132549e+04 7.028860362732209614e+04 2.505697553888419407e+02
5.736833699763769982e+04 6.952118341230048100e+04 2.495493121893542252e+02
5.736833699982407416e+04 6.899835661951478687e+04 2.489664765976203284e+02
5.736833700201044121e+04 6.874710935482657806e+04 2.486680451579929922e+02
5.736833700419681554e+04 6.935526124193969008e+04 2.493764743996629534e+02
5.736833700638318987e+04 6.969852248939946003e+04 2.497708449619908322e+02
5.736833700856955693e+04 6.991581739242951153e+04 2.500673206028416473e+02
5.736833701075593126e+04 6.987552074095296848e+04 2.501254106288024559e+02
5.736833701294229832e+04 7.023444499134828220e+04 2.504798881374938446e+02
5.736833701512867265e+04 7.026196486391499639e+04 2.506766261508764160e+02
5.736833701731504698e+04 6.984191685348206374e+04 2.501130865144750430e+02
5.736833701950141403e+04 7.016017264390324999e+04 2.505049449857688160e+02
5.736833702168778836e+04 6.958926116346857452e+04 2.498085334528965973e+02
5.736833702387416270e+04 6.959234107608534396e+04 2.497198130211215528e+02
5.736833702606052975e+04 6.968485294652436278e+04 2.498542329982024057e+02
5.736833702824690408e+04 6.932701606847401126e+04 2.493713602801279308e+02
5.736833703043327841e+04 6.919036302417017578e+04 2.493510705166409593e+02
5.736833703261964547e+04 6.904241444792889524e+04 2.490989041561331021e+02
5.736833703480601980e+04 6.898375336396828061e+04 2.489238473457054113e+02
5.736833703699238686e+04 6.881359999079024419e+04 2.487867883089712109e+02
5.736833703917876119e+04 6.875172318660981546e+04 2.487072869513700653e+02
5.736833704136513552e+04 6.888962182401906466e+04 2.489515546555213348e+02
5.736833704355150257e+04 6.965868851816184178e+04 2.499171583917895418e+02
5.736833704573787691e+04 6.992740117790403019e+04 2.500437145607001810e+02
5.736833704792425124e+04 6.960274248093648930e+04 2.497845650906616299e+02
5.736833705011061829e+04 6.944528429825197964e+04 2.496169581982369436e+02
5.736833705229699262e+04 6.975172542353089375e+04 2.499717508290212891e+02
5.736833705448336696e+04 6.933259501559262571e+04 2.494526278345607295e+02
5.736833705666973401e+04 6.972172953561971372e+04 2.500510780498596546e+02
5.736833705885610834e+04 7.000043990047887200e+04 2.503114116226959425e+02
5.736833706104247540e+04 7.029474417443675338e+04 2.506545856636048484e+02
5.736833706322884973e+04 6.997748464231855178e+04 2.502675745054143022e+02
5.736833706541522406e+04 6.948191603914820007e+04 2.495956982911877446e+02
5.736833706760159112e+04 6.946435742740692513e+04 2.496859239937336667e+02
5.736833706978796545e+04 6.924178879374910321e+04 2.493734103417787651e+02
5.736833707197433978e+04 6.865783026120862633e+04 2.486027676507587785e+02
5.736833707416070683e+04 6.909383621278747160e+04 2.490759295560247608e+02
5.736833707634708117e+04 6.876557451099471655e+04 2.487460785753090420e+02
5.736833707853345550e+04 6.927571447156218346e+04 2.493920102886649772e+02
5.736833708071982255e+04 6.973466648557962617e+04 2.499448446748479284e+02
5.736833708290619688e+04 6.980627112936056801e+04 2.500756654802916898e+02
5.736833708509257121e+04 6.949584312747309741e+04 2.497142195627046135e+02
5.736833708727893827e+04 6.965983431657530309e+04 2.499538031675822083e+02
5.736833708946531260e+04 6.969545440055953804e+04 2.499685643176567851e+02
5.736833709165167966e+04 6.965292975933010166e+04 2.498670987574648734e+02
5.736833709383805399e+04 6.989589961532212328e+04 2.500423572991915364e+02
5.736833709602442832e+04 6.965260933994993684e+04 2.499138471315062020e+02
5.736833709821079538e+04 6.929357351465596003e+04 2.494276089188150820e+02
5.736833710039716971e+04 6.913725099586928263e+04 2.492347206608145882e+02
5.736833710258354404e+04 6.931699596352297522e+04 2.494373124810094566e+02
5.736833710476991109e+04 6.904653257636628405e+04 2.491175313032831866e+02
5.736833710695628542e+04 6.921858745555867790e+04 2.493710952740662492e+02
5.736833710914265976e+04 6.938626910299617157e+04 2.495276064527812139e+02
5.736833711132902681e+04 6.923104894085024716e+04 2.493439068492043589e+02
5.736833711351540114e+04 6.821305707308971614e+04 2.479580168936508073e+02
5.736833711570176820e+04 6.809012449164822465e+04 2.478139169631712662e+02
5.736833711788814253e+04 6.734775783345098898e+04 2.469071036169668787e+02
5.736833712007451686e+04 6.727595851469704940e+04 2.468924159062181332e+02
5.736833712226088392e+04 6.698211596213135635e+04 2.465135458434428415e+02
5.736833712444725825e+04 6.673886688302829862e+04 2.460758955178922918e+02
5.736833712663363258e+04 6.663987855135652353e+04 2.460480117990567805e+02
5.736833712881999963e+04 6.691325762512149231e+04 2.462595109226322734e+02
5.736833713100637397e+04 6.673110566823341651e+04 2.461243513806372505e+02
5.736833713319274830e+04 6.662405100719362963e+04 2.458769346353390404e+02
5.736833713537911535e+04 6.717059454183216440e+04 2.466208509856082287e+02
5.736833713756548968e+04 6.666294291858590441e+04 2.459672578358562305e+02
5.736833713975185674e+04 6.651974641029282066e+04 2.457169051669562236e+02
5.736833714193823107e+04 6.676593870362834423e+04 2.461124948074134693e+02
5.736833714412460540e+04 6.683745293921773555e+04 2.462446844381880169e+02
5.736833714631097246e+04 6.681916348443742027e+04 2.461470158965578321e+02
5.736833714849734679e+04 6.682218013012979645e+04 2.462209275602759817e+02
5.736833715068372112e+04 6.715933475171864848e+04 2.465821471629719497e+02
5.736833715287008818e+04 6.669807616636657622e+04 2.460345615906370824e+02
5.736833715505646251e+04 6.670093337138780043e+04 2.460440799688484219e+02
5.736833715724283684e+04 6.677900121530273464e+04 2.461544329522859584e+02
5.736833715942920389e+04 6.653365702756543760e+04 2.458841691621583152e+02
5.736833716161557822e+04 6.709867668947331549e+04 2.465711517200033995e+02
5.736833716380194528e+04 6.680606915271018806e+04 2.462272108995554731e+02
5.736833716598831961e+04 6.632928849573351908e+04 2.456089625635885625e+02
5.736833716817469394e+04 6.661049250291922363e+04 2.459625694906413287e+02
5.736833717036106100e+04 6.686469944109923381e+04 2.461651480545981769e+02
5.736833717254743533e+04 6.651106120568535698e+04 2.457638735720271086e+02
5.736833717473380966e+04 6.646332828069926472e+04 2.457914027928058829e+02
5.736833717692017672e+04 6.675347606161280419e+04 2.460847569056350608e+02
5.736833717910655105e+04 6.676958899659372400e+04 2.460641814475258400e+02
5.736833718129292538e+04 6.672216084281203803e+04 2.460467636694409919e+02
5.736833718347929243e+04 6.661022675421225722e+04 2.458730698193929811e+02
5.736833718566566677e+04 6.676705492945224978e+04 2.461149024345514249e+02
5.736833718785204110e+04 6.631981814270786708e+04 2.455176404113688875e+02
5.736833719003840815e+04 6.674224693267450493e+04 2.460015889742631430e+02
5.736833719222478248e+04 6.685447524107269419e+04 2.462332118800189278e+02
5.736833719441114954e+04 6.696543890814020415e+04 2.462194124814421912e+02
5.736833719659752387e+04 6.671493743228251697e+04 2.459356585412209597e+02
5.736833719878389820e+04 6.720360730002420314e+04 2.466365558525233723e+02
5.736833720097026526e+04 6.661421968994374038e+04 2.458899140173989224e+02
5.736833720315663959e+04 6.654309928815724561e+04 2.459277699346992279e+02
5.736833720534301392e+04 6.674521586817486968e+04 2.461855833713932213e+02
5.736833720752938098e+04 6.635485568321454048e+04 2.456171227541027235e+02
5.736833720971575531e+04 6.686588766057182511e+04 2.461951879698006564e+02
5.736833721190212964e+04 6.660914971068191517e+04 2.459707554119718793e+02
5.736833721408849669e+04 6.691698623991782370e+04 2.461873627695294715e+02
5.736833721627487103e+04 6.664833800059271744e+04 2.459711587795362675e+02
5.736833721846123808e+04 6.687753540759505995e+04 2.462105999786891459e+02
5.736833722064761241e+04 6.677253094180011249e+04 2.461101838131017985e+02
5.736833722283398674e+04 6.683555959733919008e+04 2.462312574784671995e+02
5.736833722502035380e+04 6.642702528571449511e+04 2.456507551379117160e+02
5.736833722720672813e+04 6.700904151667523547e+04 2.463931722372694253e+02
5.736833722939310246e+04 6.674601037087483564e+04 2.461350100722804939e+02
5.736833723157946952e+04 6.672420150020037545e+04 2.459999398745195265e+02
5.736833723376584385e+04 6.665742818044914748e+04 2.458462354338092553e+02
5.736833723595221818e+04 6.666010059039901535e+04 2.460248522419968538e+02
5.736833723813858523e+04 6.665007609700948524e+04 2.459446359787769438e+02
5.736833724032495957e+04 6.681242855028767372e+04 2.461274243520916229e+02
5.736833724251132662e+04 6.669950760146028188e+04 2.459855134682214839e+02
5.736833724469770095e+04 6.683664485827200406e+04 2.461720541895021199e+02
5.736833724688407528e+04 6.680171927640089416e+04 2.461082475602413524e+02
5.736833724907044234e+04 6.675951128472881101e+04 2.460476004890119839e+02
5.736833725125681667e+04 6.713008688215716393e+04 2.465765866454775335e+02
5.736833725344319100e+04 6.678440803578501800e+04 2.460812090955866722e+02
5.736833725562955806e+04 6.680764529419620521e+04 2.462184687685999904e+02
5.736833725781593239e+04 6.673826952129123674e+04 2.460096015181200357e+02
5.736833726000230672e+04 6.653581120434633340e+04 2.458505666806885870e+02
5.736833726218867378e+04 6.693884153517652885e+04 2.462473088988937491e+02
5.736833726437504811e+04 6.666279580833704676e+04 2.459439577951950184e+02
5.736833726656141516e+04 6.630082200313957583e+04 2.455389842535339540e+02
5.736833726874778949e+04 6.635405343747235020e+04 2.455982648971418030e+02
5.736833727093416383e+04 6.672200783969601616e+04 2.461237018019691334e+02
5.736833727312053088e+04 6.684706456740590511e+04 2.462087310229385935e+02
5.736833727530690521e+04 6.697090203229078907e+04 2.463665760025656937e+02
5.736833727749327954e+04 6.659567989267512166e+04 2.458738329616443536e+02
5.736833727967964660e+04 6.667991241162898950e+04 2.459348420808455842e+02
5.736833728186602093e+04 6.661578859670439851e+04 2.458972615782754758e+02
5.736833728405239526e+04 6.657761650597484550e+04 2.458283442643291323e+02
5.736833728623876232e+04 6.698950640351224865e+04 2.463598982673988473e+02
5.736833728842513665e+04 6.660635518573957961e+04 2.459438371375305223e+02
5.736833729061151098e+04 6.701476785352271690e+04 2.465199005254374072e+02
5.736833729279787804e+04 6.679427886361298442e+04 2.461932562380204104e+02
5.736833729498425237e+04 6.698174129442934645e+04 2.463426106853744955e+02
5.736833729717061942e+04 6.680826422262654523e+04 2.461109496421976814e+02
5.736833729935699375e+04 6.636886754813829612e+04 2.455672873355929084e+02
5.736833730154336808e+04 6.669797452467557741e+04 2.460395167458077594e+02
5.736833730372973514e+04 6.688025936410565919e+04 2.463032922198669894e+02
5.736833730591610947e+04 6.676345574276709522e+04 2.460938314002388267e+02
5.736833730810248380e+04 6.662060536503276671e+04 2.458877138162189055e+02
5.736833731028885086e+04 6.662484440717934922e+04 2.460005660715711144e+02
5.736833731247522519e+04 6.635663072971369547e+04 2.455870167540952878e+02
5.736833731466159952e+04 6.695945848009314795e+04 2.463692334353309832e+02
5.736833731684796658e+04 6.657792002153641079e+04 2.459404238318149680e+02
5.736833731903434091e+04 6.701382528580974031e+04 2.464899222436866637e+02
5.736833732122070796e+04 6.653478946579105104e+04 2.458536738423713075e+02
5.736833732340708229e+04 6.688878069879869872e+04 2.461538502922009002e+02
5.736833732559345663e+04 6.679973252723530459e+04 2.461752351064883158e+02
5.736833732777982368e+04 6.686353260591541766e+04 2.462904171699747451e+02
5.736833732996619801e+04 6.700860027031629579e+04 2.464068352768155421e+02
