2.457430067392400000e+06 3.303135559082031250e+04 1.529717979347673804e+02
2.457430067407210823e+06 3.250885411580403525e+04 1.519599382521259088e+02
2.457430067422021646e+06 3.340468902079264808e+04 1.536577726296482922e+02
2.457430067436832469e+06 3.312358695983885991e+04 1.531559487727845408e+02
2.457430067451643292e+06 3.319455414835611009e+04 1.532998820847609522e+02
2.457430067466454580e+06 3.301573573811850656e+04 1.529276510082316634e+02
2.457430067481265403e+06 3.327742260742184590e+04 1.534947885377764578e+02
2.457430067496076226e+06 3.230126912434897531e+04 1.516028717795067280e+02
2.457430067510887049e+06 3.381991903177898348e+04 1.545443999338068011e+02
2.457430067525697872e+06 3.286587521870927594e+04 1.526392728497836799e+02
2.457430067540508695e+06 3.324377043660483469e+04 1.534051168022120919e+02
2.457430067555319518e+06 3.397632111104331125e+04 1.548528389824151645e+02
2.457430067570130341e+06 3.364658226521807228e+04 1.541928622159356053e+02
2.457430067584941164e+06 3.314571307373043965e+04 1.532137404580722375e+02
2.457430067599751987e+06 3.283139081827805785e+04 1.525738825122693356e+02
2.457430067614563275e+06 3.367071194458004902e+04 1.542348283949960432e+02
2.457430067629374098e+06 3.264269408162431864e+04 1.522522520274192175e+02
2.457430067644184921e+06 3.234720864359543339e+04 1.515938626844261421e+02
2.457430067658995744e+06 3.306864790344235371e+04 1.530379158700970947e+02
2.457430067673806567e+06 3.291812030029293965e+04 1.527409706715799018e+02
2.457430067688617390e+06 3.283974331665044883e+04 1.526251165176769007e+02
2.457430067703428213e+06 3.375706393941240822e+04 1.543693477527558855e+02
2.457430067718239035e+06 3.301417891438799415e+04 1.529092393491789608e+02
2.457430067733049858e+06 3.313909975179041794e+04 1.531491919298558173e+02
2.457430067747861147e+06 3.267737834167468100e+04 1.522477368422684947e+02
2.457430067762671970e+06 3.346904926554368285e+04 1.538186248820008473e+02
2.457430067777482793e+06 3.367700867207851115e+04 1.541381432771218272e+02
2.457430067792293616e+06 3.312876072692859452e+04 1.531298114099375596e+02
2.457430067807104439e+06 3.319864232381190232e+04 1.532590632869016929e+02
2.457430067821915261e+06 3.298969996134446410e+04 1.528358005464139069e+02
2.457430067836726084e+06 3.309339351399727457e+04 1.529649080972600927e+02
2.457430067851536907e+06 3.264904970296230022e+04 1.521555463449976173e+02
2.457430067866347730e+06 3.342009370930995647e+04 1.536845559180105454e+02
2.457430067881159019e+06 3.321029127502429765e+04 1.532764455958917438e+02
2.457430067895969842e+06 3.308068870035812870e+04 1.530216214621257791e+02
2.457430067910780665e+06 3.310776613362636272e+04 1.529889532443493465e+02
2.457430067925591487e+06 3.348995771280913323e+04 1.538633389458327940e+02
2.457430067940402310e+06 3.262530285644537435e+04 1.520561269452309432e+02
2.457430067955213133e+06 3.289929759724940959e+04 1.526380232438021096e+02
2.457430067970023956e+06 3.304598869323718827e+04 1.529646179517730502e+02
2.457430067984834779e+06 3.271955987548835037e+04 1.522654504862335045e+02
2.457430067999645602e+06 3.240040499877935508e+04 1.516395715688944392e+02
2.457430068014456425e+06 3.281122292582182126e+04 1.524403705905930622e+02
2.457430068029267713e+06 3.323455193074551062e+04 1.533050712265201696e+02
2.457430068044078536e+06 3.308274151611333946e+04 1.529994929331672608e+02
2.457430068058889359e+06 3.299203958129871171e+04 1.527967330606150540e+02
2.457430068073700182e+06 3.228438796997076133e+04 1.513964218884693196e+02
2.457430068088511005e+06 3.379653398132330040e+04 1.543597151337854712e+02
