5.742357575119999819e+04 2.639359575076725832e+03 4.321362686637700534e+01
5.742357575312761037e+04 2.722797395089736710e+03 4.381631231473289034e+01
5.742357575505522254e+04 2.743151293753342998e+03 4.396312887536033287e+01
5.742357575698283472e+04 2.705533283837517047e+03 4.368720041639169693e+01
5.742357575891044689e+04 2.752502724251159179e+03 4.402754575691662353e+01
5.742357576083805907e+04 2.734464163557523989e+03 4.390281848339783011e+01
5.742357576276567124e+04 2.747620153943295918e+03 4.400126281598546285e+01
5.742357576469328342e+04 2.875004072612029631e+03 4.490079073357415496e+01
5.742357576662089559e+04 2.974847546354166752e+03 4.559485379475611921e+01
5.742357576854850777e+04 3.083999403035235900e+03 4.634459126220212966e+01
5.742357577047611994e+04 3.529558832380170315e+03 4.925913094278873672e+01
5.742357577240373212e+04 4.292819145549798122e+03 5.390318020932405574e+01
5.742357577433134429e+04 6.434962647528786874e+03 6.515233549230083554e+01
5.742357577625895647e+04 1.114257184498802962e+04 8.477591863121297422e+01
5.742357577818656864e+04 1.661485160025093865e+04 1.029984458250355601e+02
5.742357578011418082e+04 2.033038077528520807e+04 1.137019275473252122e+02
5.742357578204179299e+04 2.077105651805370508e+04 1.149096012325348113e+02
5.742357578396940517e+04 1.991563161938978737e+04 1.125673033055106771e+02
5.742357578589701734e+04 2.004245753190347023e+04 1.129255710878320258e+02
5.742357578782462951e+04 2.066331612695116928e+04 1.146272728239237040e+02
5.742357578975224169e+04 2.050351312509355557e+04 1.141890074163735278e+02
5.742357579167985386e+04 2.068160658694468293e+04 1.146786339392821930e+02
5.742357579360746604e+04 2.174364394114690003e+04 1.175372804478972455e+02
5.742357579553508549e+04 2.167638150297167158e+04 1.173559840113873349e+02
5.742357579746269766e+04 2.031907774869711648e+04 1.136813163573189485e+02
5.742357579939030984e+04 1.979211240443169299e+04 1.122231960286425902e+02
5.742357580131792201e+04 2.093077326900525441e+04 1.153552925620294474e+02
5.742357580324553419e+04 2.166527183130684352e+04 1.173281131476572057e+02
5.742357580517314636e+04 2.177829136156270761e+04 1.176313305032742278e+02
5.742357580710075854e+04 2.047497629425088599e+04 1.141236586893828786e+02
5.742357580902837071e+04 2.021913170824729605e+04 1.134197757572616183e+02
5.742357581095598289e+04 2.042032501696408508e+04 1.139748629193294676e+02
5.742357581288359506e+04 2.102768968249066893e+04 1.156249505827705093e+02
5.742357581481120724e+04 2.148251161733470872e+04 1.168478828666394946e+02
5.742357581673881941e+04 2.217564392969687833e+04 1.186851972365942771e+02
5.742357581866643159e+04 2.294634655483883034e+04 1.206985369708897196e+02
5.742357582059404376e+04 2.194152560293154238e+04 1.180653620616877646e+02
5.742357582252165594e+04 2.073945152397225320e+04 1.148353168719788044e+02
5.742357582444926811e+04 2.219357523468269210e+04 1.187387917343815076e+02
5.742357582637688029e+04 2.250172463429158233e+04 1.195423053144012613e+02
5.742357582830449246e+04 2.066681213334446147e+04 1.146478987160675871e+02
5.742357583023210464e+04 2.114168151838065751e+04 1.159290824042839176e+02
5.742357583215971681e+04 2.083325278169943704e+04 1.151000377896356923e+02
5.742357583408732899e+04 2.092334904858010486e+04 1.153406417174515326e+02
5.742357583601494116e+04 2.126408223670499865e+04 1.162569028156096778e+02
5.742357583794255333e+04 2.086467654455125376e+04 1.151799603394889573e+02
5.742357583987016551e+04 2.049349380441133690e+04 1.141739572352436198e+02
5.742357584179777768e+04 2.099654451488643099e+04 1.155410592798684064e+02
5.742357584372538986e+04 2.187240957741434977e+04 1.178798232240554711e+02
5.742357584565300203e+04 2.218871398577089349e+04 1.187180419745061783e+02
5.742357584758061421e+04 2.128360298350923040e+04 1.163134679347946445e+02
5.742357584950822638e+04 1.975536151505509770e+04 1.121352282659829882e+02
5.742357585143583856e+04 2.067194420499793705e+04 1.146653757197140351e+02
5.742357585336345073e+04 1.961127900842719100e+04 1.117268868118277396e+02
5.742357585529106291e+04 1.821310570147075123e+04 1.077444349250989433e+02
5.742357585721867508e+04 1.898593339445136735e+04 1.099676838598254136e+02
5.742357585914628726e+04 2.065227227241219953e+04 1.146074722891682001e+02
5.742357586107389943e+04 2.046548935307160718e+04 1.141061095375611814e+02
5.742357586300151161e+04 1.972075320108078449e+04 1.120388479615100152e+02
5.742357586492912378e+04 2.029360673986138499e+04 1.136225551083572185e+02
5.742357586685673596e+04 2.144195811105414396e+04 1.167424344286313271e+02
5.742357586878434813e+04 2.206498294206030550e+04 1.183969133090828052e+02
5.742357587071196031e+04 2.088811007040406548e+04 1.152519159145886647e+02
5.742357587263957248e+04 1.988873938335381536e+04 1.125056556251709594e+02
5.742357587456718466e+04 1.977063043271570859e+04 1.121775634811030926e+02
5.742357587649479683e+04 2.123519385069848431e+04 1.161823594045067978e+02
5.742357587842240900e+04 2.107601650897388390e+04 1.157620977551343060e+02
5.742357588035002118e+04 2.107459810335256407e+04 1.157552781622735836e+02
5.742357588227764063e+04 2.130498003724446971e+04 1.163732876029519900e+02
5.742357588420525281e+04 2.187074259028320375e+04 1.178864501235321001e+02
5.742357588613286498e+04 2.217560144307556766e+04 1.186935449535847482e+02
5.742357588806047715e+04 2.096816705542738055e+04 1.154688693157461614e+02
5.742357588998808933e+04 2.099173537354562359e+04 1.155331298511806324e+02
5.742357589191570150e+04 2.215576275889899262e+04 1.186369239523160104e+02
5.742357589384331368e+04 2.257513480950912708e+04 1.197352453415646636e+02
5.742357589577092585e+04 2.195601397371623170e+04 1.181107793766654908e+02
5.742357589769853803e+04 2.131109915702312719e+04 1.163932640783888957e+02
5.742357589962615020e+04 2.134700991690500814e+04 1.164897932516074661e+02
5.742357590155376238e+04 2.042626586240751567e+04 1.139989817833424439e+02
5.742357590348137455e+04 2.092355747997601793e+04 1.153525149504348377e+02
5.742357590540898673e+04 2.076787422191629594e+04 1.149219880451925633e+02
5.742357590733659890e+04 2.075117411837407417e+04 1.148779593489484938e+02
5.742357590926421108e+04 2.106742320133770045e+04 1.157325946352541592e+02
5.742357591119182325e+04 2.149653706277764650e+04 1.169050182024986100e+02
5.742357591311943543e+04 2.327553618633780206e+04 1.215631637827409577e+02
5.742357591504704760e+04 2.268597437485612681e+04 1.200204762671321248e+02
5.742357591697465978e+04 2.067886073786380075e+04 1.146820168831298616e+02
5.742357591890227195e+04 2.038034773501699965e+04 1.138632280129747301e+02
5.742357592082988413e+04 2.111353212689960492e+04 1.158575979363759814e+02
5.742357592275749630e+04 2.121306626925399542e+04 1.161192215927191427e+02
5.742357592468510848e+04 1.999601582075885744e+04 1.127977848111928409e+02
5.742357592661272065e+04 1.946607118629002434e+04 1.113215343772269250e+02
5.742357592854033282e+04 2.147603281675469043e+04 1.168271247466115170e+02
5.742357593046794500e+04 2.094596799939859920e+04 1.154092245190399524e+02
5.742357593239555717e+04 1.985879636167559875e+04 1.124207221266291867e+02
5.742357593432316935e+04 2.016796226946428942e+04 1.132805644658182871e+02
5.742357593625078152e+04 2.052459455717085802e+04 1.142580859783954992e+02
5.742357593817839370e+04 2.021180680475746340e+04 1.134032537256862696e+02
5.742357594010600587e+04 2.048763504856895815e+04 1.141614947824020447e+02
5.742357594203361805e+04 2.128810944188296708e+04 1.163280184216940540e+02
5.742357594396123022e+04 2.202041943653056660e+04 1.182792750815696650e+02
5.742357594588884240e+04 2.068155398690759466e+04 1.146918620299495615e+02
5.742357594781645457e+04 1.894818723045509978e+04 1.098579416257942967e+02
5.742357594974406675e+04 1.988778799971728949e+04 1.124966134736282584e+02
5.742357595167167892e+04 2.205847423560381139e+04 1.183845046048009806e+02
5.742357595359929110e+04 2.261682844025461600e+04 1.198491900217529320e+02
5.742357595552690327e+04 2.103860045235208963e+04 1.156559595960691240e+02
5.742357595745451545e+04 2.002435855948653261e+04 1.128779652594395202e+02
5.742357595938212762e+04 1.944213732670712852e+04 1.112590978084257642e+02
5.742357596130973980e+04 1.971807971597427604e+04 1.120305507937303560e+02
5.742357596323735197e+04 2.102895060939827454e+04 1.156298368211840710e+02
5.742357596516496415e+04 2.178011686597714652e+04 1.176440702301211587e+02
5.742357596709257632e+04 2.105815661419742537e+04 1.157129902647229471e+02
5.742357596902019577e+04 2.057003636722482406e+04 1.143871326167672748e+02
5.742357597094780795e+04 2.144742986711991034e+04 1.167582522396797344e+02
5.742357597287542012e+04 2.197354048885592420e+04 1.181535278003576792e+02
5.742357597480303230e+04 2.179866728256261558e+04 1.176950979331637086e+02
5.742357597673064447e+04 2.205686086276623973e+04 1.183775611963971528e+02
5.742357597865825664e+04 2.210702692332135848e+04 1.185102774161611023e+02
5.742357598058586882e+04 2.203895275338318970e+04 1.183252690373102780e+02
5.742357598251348099e+04 2.331590490368047176e+04 1.216613511954898428e+02
5.742357598444109317e+04 2.222345682586689145e+04 1.188226247520833851e+02
5.742357598636870534e+04 2.205983059737478106e+04 1.183922253487225191e+02
5.742357598829631752e+04 2.286219218037280734e+04 1.204896904952940133e+02
5.742357599022392969e+04 2.238321945511633749e+04 1.192376814441236803e+02
5.742357599215154187e+04 2.204482398871979603e+04 1.183514673266931538e+02
5.742357599407915404e+04 2.155904590381429080e+04 1.170571299802110161e+02
5.742357599600676622e+04 2.039286520871171524e+04 1.139029136150378747e+02
5.742357599793437839e+04 1.947881667307744283e+04 1.113686968330677018e+02
5.742357599986199057e+04 1.993451785229435700e+04 1.126369410057575067e+02
5.742357600178960274e+04 2.069661781615697691e+04 1.147338262611931299e+02
5.742357600371721492e+04 2.061655981456843801e+04 1.145098095275673558e+02
5.742357600564482709e+04 1.959037413651927636e+04 1.116829971924451002e+02
5.742357600757243927e+04 2.029597999373453422e+04 1.136404749810803594e+02
5.742357600950005144e+04 2.058025015327563597e+04 1.144186906558429939e+02
5.742357601142766362e+04 2.115732349695460289e+04 1.159793888701923663e+02
5.742357601335527579e+04 2.169662208865099092e+04 1.174203611157807785e+02
5.742357601528288797e+04 2.143321025995929813e+04 1.167201443563002528e+02
5.742357601721050014e+04 2.104727341046490983e+04 1.156813824282357359e+02
5.742357601913811231e+04 1.956611872232059977e+04 1.116124540302107704e+02
5.742357602106572449e+04 1.844292828298381573e+04 1.084239970192813018e+02
5.742357602299333666e+04 1.876244583913477254e+04 1.093412457272117848e+02
5.742357602492094884e+04 1.911865132400245056e+04 1.103632460515920712e+02
5.742357602684856101e+04 1.928024652060465451e+04 1.108174058263546300e+02
5.742357602877617319e+04 2.017905705679033781e+04 1.133209141636266111e+02
5.742357603070378536e+04 2.096185434590007571e+04 1.154593543268191667e+02
5.742357603263139754e+04 2.352574809988645211e+04 1.222030830363911065e+02
5.742357603455900971e+04 2.353272274840706086e+04 1.222164511107089453e+02
5.742357603648662189e+04 2.220006155716700960e+04 1.187642395479510355e+02
5.742357603841423406e+04 2.062026292518893388e+04 1.145304273398552226e+02
5.742357604034184624e+04 1.979290752137932577e+04 1.122519161499721463e+02
5.742357604226945841e+04 2.052994250211531471e+04 1.142824953532601882e+02
5.742357604419707059e+04 2.122916765057250086e+04 1.161811281183558151e+02
5.742357604612468276e+04 2.104249797793756443e+04 1.156813353517294303e+02
5.742357604805229494e+04 2.032813767780094713e+04 1.137309586347316639e+02
5.742357604997990711e+04 1.905788529669360651e+04 1.101835348983826890e+02
5.742357605190751929e+04 1.897444645380146176e+04 1.099471494839135204e+02
5.742357605383513146e+04 2.023546021909808042e+04 1.134649204772131554e+02
5.742357605576275091e+04 2.086738639518891796e+04 1.151973671056955197e+02
5.742357605769036309e+04 2.159032934917471721e+04 1.171420666386949705e+02
5.742357605961797526e+04 2.068107921437063487e+04 1.146961153804696494e+02
5.742357606154558744e+04 1.910073372995078898e+04 1.103027826485004681e+02
5.742357606347319961e+04 2.013111594569478257e+04 1.131794210131247098e+02
5.742357606540081179e+04 2.128322662214990123e+04 1.163183820796668186e+02
5.742357606732842396e+04 2.121240989674044613e+04 1.161274148704397930e+02
5.742357606925603613e+04 2.188271910848224434e+04 1.179211314098293144e+02
5.742357607118364831e+04 2.241588335491401085e+04 1.193254331527742522e+02
5.742357607311126048e+04 2.130408974682769258e+04 1.163773885391785115e+02
5.742357607503887266e+04 2.043375246870720002e+04 1.140129569083165961e+02
5.742357607696648483e+04 2.069422113505826565e+04 1.147201811310879123e+02
5.742357607889409701e+04 2.063446681825587439e+04 1.145610231837360828e+02
5.742357608082170918e+04 2.115915235304668749e+04 1.159853729599545460e+02
5.742357608274932136e+04 2.223051392451972424e+04 1.188430051912781096e+02
5.742357608467693353e+04 2.197875742409360100e+04 1.181698077834705600e+02
5.742357608660454571e+04 2.058146921000534712e+04 1.144127147219776646e+02
5.742357608853215788e+04 1.944390536330325631e+04 1.112690147178290232e+02
5.742357609045977006e+04 1.901709357235855714e+04 1.100686470697456656e+02
5.742357609238738223e+04 1.917271171685454829e+04 1.105024124521122388e+02
5.742357609431499441e+04 1.999633504151139641e+04 1.128094976238226792e+02
5.742357609624260658e+04 2.097724225192569429e+04 1.154929144548318760e+02
5.742357609817021876e+04 2.022251312792210592e+04 1.134324315927491256e+02
5.742357610009783093e+04 1.946977241859304922e+04 1.113470032177567077e+02
5.742357610202544311e+04 2.057648733477604037e+04 1.144082465296896487e+02
5.742357610395305528e+04 2.129477558461039007e+04 1.163526191799671210e+02
5.742357610588066746e+04 2.124196626159322477e+04 1.162060921936266027e+02
5.742357610780827963e+04 2.159923549757088767e+04 1.171668990633389740e+02
5.742357610973589181e+04 2.167662447981424339e+04 1.173723109044861843e+02
5.742357611166350398e+04 2.269356247120591797e+04 1.200511275730463865e+02
5.742357611359111615e+04 2.215145987021496694e+04 1.186327073194070891e+02
5.742357611551872833e+04 2.060745657959856180e+04 1.144973874075988647e+02
5.742357611744634050e+04 2.053635501555365408e+04 1.143052004550220744e+02
5.742357611937395268e+04 2.082524881950469353e+04 1.150839728516049263e+02
5.742357612130156485e+04 2.116219557983323830e+04 1.160009488948083316e+02
5.742357612322917703e+04 2.109254070797920576e+04 1.158161190503117410e+02
5.742357612515678920e+04 2.248223237259893722e+04 1.195039815927007254e+02
5.742357612708440138e+04 2.410024496338711833e+04 1.236546433175027033e+02
5.742357612901201355e+04 2.423293323281203629e+04 1.239864864042293675e+02
5.742357613093962573e+04 2.362247915444725732e+04 1.224456523245653727e+02
5.742357613286723790e+04 2.333652318219154768e+04 1.217142989132508575e+02
5.742357613479485008e+04 2.361004483125001570e+04 1.224148184574937090e+02
5.742357613672246225e+04 2.170614894816263040e+04 1.174553839668255506e+02
5.742357613865007443e+04 2.030121806028396895e+04 1.136510910235749208e+02
5.742357614057768660e+04 1.991284936720270343e+04 1.125779192141725105e+02
5.742357614250529878e+04 2.100364472283382929e+04 1.155693821385865476e+02
5.742357614443291823e+04 2.262137989197014031e+04 1.198672018018552023e+02
5.742357614636053040e+04 2.243025488074806344e+04 1.193671423213980205e+02
5.742357614828814258e+04 2.123086217012556153e+04 1.161850856173917066e+02
5.742357615021575475e+04 1.973769617979717077e+04 1.120933381483388445e+02
5.742357615214336693e+04 2.037426907383545404e+04 1.138566313161183814e+02
5.742357615407097910e+04 2.185377722696422643e+04 1.178431248749162705e+02
5.742357615599859128e+04 2.206553476323974246e+04 1.184052894317240572e+02
5.742357615792620345e+04 2.161545534941880396e+04 1.172121687632303377e+02
5.742357615985381562e+04 2.011427698402167516e+04 1.131462621728590960e+02
5.742357616178142780e+04 1.927752781855333888e+04 1.108015231043170417e+02
5.742357616370903997e+04 1.919466552130071796e+04 1.105643327931672388e+02
5.742357616563665215e+04 1.989103005208293325e+04 1.125216127162226769e+02
5.742357616756426432e+04 1.995443648074006705e+04 1.127001602838765706e+02
5.742357616949187650e+04 1.987693384842031082e+04 1.124838922687332428e+02
5.742357617141948867e+04 1.901868044251180618e+04 1.100713964739508128e+02
5.742357617334710085e+04 1.836427098729522186e+04 1.082006738935717465e+02
5.742357617527471302e+04 1.949738940789632761e+04 1.114234537580087334e+02
5.742357617720232520e+04 2.213939859396532120e+04 1.185992583402046705e+02
5.742357617912993737e+04 2.310100269641958585e+04 1.211139841581658203e+02
5.742357618105754955e+04 2.153505391807039996e+04 1.169954252710210199e+02
5.742357618298516172e+04 2.038939231534320425e+04 1.138972092993868870e+02
5.742357618491277390e+04 1.947252305514844193e+04 1.113615623255111444e+02
5.742357618684038607e+04 1.940362929675742271e+04 1.111664499136942226e+02
5.742357618876799825e+04 1.914532668887078034e+04 1.104331724552242093e+02
5.742357619069561042e+04 1.972821104009302871e+04 1.120601379527584953e+02
5.742357619262322260e+04 2.013487122254247151e+04 1.131952641188408961e+02
5.742357619455083477e+04 2.139240010374394114e+04 1.166155770292294136e+02
5.742357619647844695e+04 2.186732227733347463e+04 1.178767178192317573e+02
5.742357619840605912e+04 2.151853442057520442e+04 1.169487232187290715e+02
5.742357620033367130e+04 2.149586741311466176e+04 1.168897711508133312e+02
5.742357620226128347e+04 2.094087232056375069e+04 1.153954595721735643e+02
5.742357620418889564e+04 2.082223449476417954e+04 1.150752691832424972e+02
5.742357620611650782e+04 2.101004655206540701e+04 1.155863645076172901e+02
5.742357620804411999e+04 2.177246192823160163e+04 1.176296431691718851e+02
5.742357620997173217e+04 2.051896655868308881e+04 1.142458046169386705e+02
5.742357621189934434e+04 1.984934276379385119e+04 1.124008137721060336e+02
5.742357621382695652e+04 2.064766894883963687e+04 1.146018886924102560e+02
5.742357621575456869e+04 2.187906051502575792e+04 1.179122160825258021e+02
5.742357621768218087e+04 2.286249384985922734e+04 1.204867558504912211e+02
5.742357621960979304e+04 2.201638610223285286e+04 1.182753694482920395e+02
5.742357622153740522e+04 2.048777952636908594e+04 1.141663419027521940e+02
5.742357622346501739e+04 1.933038014040281632e+04 1.109585553685689376e+02
5.742357622539262957e+04 1.833643136136587782e+04 1.081138032527851891e+02
5.742357622732024174e+04 1.821680450617654787e+04 1.077639804987657470e+02
5.742357622924785392e+04 2.067048600813315716e+04 1.146613714361854477e+02
5.742357623117547337e+04 2.377031903335958486e+04 1.228266466326773099e+02
5.742357623310308554e+04 2.585993817673495141e+04 1.280271058901080323e+02
5.742357623503069772e+04 2.553412412511166985e+04 1.272304806297521935e+02
5.742357623695830989e+04 2.339155622279875752e+04 1.218537370516959584e+02
5.742357623888592207e+04 2.193771092852802030e+04 1.180551905159080235e+02
5.742357624081353424e+04 2.013164806928231701e+04 1.131862044986265659e+02
5.742357624274114642e+04 1.913205755543681516e+04 1.103874425080494461e+02
5.742357624466875859e+04 1.894414965877810391e+04 1.098551882207980981e+02
5.742357624659637077e+04 1.989738356329859016e+04 1.125273590814212383e+02
5.742357624852398294e+04 2.083477122227451036e+04 1.150990058489379919e+02
5.742357625045159512e+04 2.159012705802694836e+04 1.171391479188441451e+02
5.742357625237920729e+04 2.261349669159509358e+04 1.198354263900628354e+02
5.742357625430681946e+04 2.182906601936025982e+04 1.177681734948480283e+02
5.742357625623443164e+04 2.039584206500343498e+04 1.139075350711352996e+02
5.742357625816204381e+04 2.085133362898054838e+04 1.151431592340354939e+02
5.742357626008965599e+04 2.103205769231273007e+04 1.156346398694214059e+02
5.742357626201726816e+04 2.058929017106533138e+04 1.144469129000921868e+02
5.742357626394488034e+04 1.967686682344128349e+04 1.119242443469022987e+02
5.742357626587249251e+04 2.099443817152117481e+04 1.155388874034002669e+02
5.742357626780010469e+04 2.293993287066058474e+04 1.206854956142217787e+02
5.742357626972771686e+04 2.152286698653619897e+04 1.169559426904706640e+02
5.742357627165532904e+04 1.960870697036883212e+04 1.117242508597979906e+02
5.742357627358294121e+04 1.970363078438257435e+04 1.119868459526699667e+02
5.742357627551055339e+04 2.148135781297258291e+04 1.168433201215166548e+02
5.742357627743816556e+04 2.253305461268647196e+04 1.196223969775263782e+02
5.742357627936577774e+04 2.123064689772717247e+04 1.161720200537243386e+02
5.742357628129338991e+04 2.056086849873836763e+04 1.143612796711957742e+02
5.742357628322100209e+04 2.135809694461637628e+04 1.165171076262823249e+02
5.742357628514861426e+04 2.118535333202881520e+04 1.160574733855694518e+02
5.742357628707622644e+04 2.204137323132204983e+04 1.183355029587752227e+02
5.742357628900383861e+04 2.405656404163538537e+04 1.235455968365670429e+02
5.742357629093145079e+04 2.392628106476819448e+04 1.232115317047675518e+02
5.742357629285906296e+04 2.283418947460500931e+04 1.204057353991865540e+02
5.742357629478667513e+04 2.259533920020657024e+04 1.197843093725450956e+02
5.742357629671428731e+04 2.166187983781197181e+04 1.173304330937818349e+02
5.742357629864189948e+04 1.954282272443466354e+04 1.115439536104988889e+02
5.742357630056951166e+04 1.908309237254776235e+04 1.102465033159877521e+02
5.742357630249712383e+04 2.026203721586885149e+04 1.135432880061049872e+02
5.742357630442473601e+04 2.202329447847021220e+04 1.182899978130253800e+02
5.742357630635234818e+04 2.310106211568278377e+04 1.211016289541391728e+02
5.742357630827996036e+04 2.357775268743529523e+04 1.223280994895494018e+02
5.742357631020757253e+04 2.071208999751054944e+04 1.147781619851156591e+02
5.742357631213518471e+04 1.959063996285451503e+04 1.116799513133863400e+02
5.742357631406279688e+04 1.985405407810072575e+04 1.124156601482396809e+02
5.742357631599040906e+04 2.094619688385291374e+04 1.154138491459786593e+02
5.742357631791802851e+04 2.113249976769274508e+04 1.159151826915000782e+02
5.742357631984564068e+04 2.120251995467249435e+04 1.160977028542697695e+02
5.742357632177325286e+04 2.172677227189886253e+04 1.175011224420789233e+02
5.742357632370086503e+04 2.142861449581211855e+04 1.167016372526775712e+02
5.742357632562847721e+04 2.047659474058464548e+04 1.141249278833250855e+02
5.742357632755608938e+04 2.109168767656571436e+04 1.158003720679116100e+02
5.742357632948370156e+04 2.100693866681355576e+04 1.155730231139443589e+02
5.742357633141131373e+04 1.959735350715352979e+04 1.116966014402146214e+02
5.742357633333892591e+04 1.866578645420023895e+04 1.090627541352980927e+02
5.742357633526653808e+04 1.849138347867894845e+04 1.085548074563299394e+02
5.742357633719415026e+04 1.934424749188202259e+04 1.109823426864641505e+02
5.742357633912176243e+04 1.990089059215624729e+04 1.125380062895795419e+02
5.742357634104937461e+04 2.032898075779341161e+04 1.137203961919308881e+02
5.742357634297698678e+04 1.963080503353176027e+04 1.117919170741509447e+02
5.742357634490459895e+04 1.935300903930080676e+04 1.110146442694006481e+02
5.742357634683221113e+04 2.042319386184363975e+04 1.139856639880062090e+02
5.742357634875982330e+04 2.284933146470944121e+04 1.204515793851500689e+02
5.742357635068743548e+04 2.324017339252980310e+04 1.214639263863076906e+02
5.742357635261504765e+04 2.165910738322746693e+04 1.173248593368884229e+02
5.742357635454265983e+04 2.145425913923034386e+04 1.167755637581640400e+02
5.742357635647027200e+04 2.136090064588374298e+04 1.165223645663574104e+02
5.742357635839788418e+04 2.158524471391651605e+04 1.171229766123387606e+02
5.742357636032549635e+04 2.256906914801610401e+04 1.197242275096414517e+02
5.742357636225310853e+04 2.063791743717369172e+04 1.145714791955823841e+02
5.742357636418072070e+04 1.932570601767844710e+04 1.109342987519563479e+02
5.742357636610833288e+04 1.976331386181889320e+04 1.121546131284967345e+02
5.742357636803594505e+04 2.076599995577535810e+04 1.149119155832659374e+02
5.742357636996355723e+04 2.142808445504344127e+04 1.166980168780814466e+02
5.742357637189116940e+04 2.176920374905448989e+04 1.176082557105033288e+02
5.742357637381878158e+04 2.073226397167319737e+04 1.148259016152392178e+02
5.742357637574639375e+04 1.929598603000610819e+04 1.108527013503667717e+02
5.742357637767400593e+04 1.943873922802474044e+04 1.112513237973925868e+02
5.742357637960161810e+04 1.983912527068847339e+04 1.123677505513509658e+02
5.742357638152923028e+04 2.106133691286869362e+04 1.157177669777971971e+02
5.742357638345684245e+04 2.195727162146893170e+04 1.181168020351931176e+02
5.742357638538445462e+04 2.206045074325048699e+04 1.183842825406119914e+02
5.742357638731206680e+04 2.117359149995021653e+04 1.160187109472331173e+02
5.742357638923967897e+04 2.135061288939588849e+04 1.164923881556763234e+02
5.742357639116729115e+04 2.093422918075236521e+04 1.153678675693864903e+02
5.742357639309490332e+04 2.130014572721549848e+04 1.163626173960215198e+02
5.742357639502251550e+04 2.095697050301847776e+04 1.154300707921118772e+02
5.742357639695012767e+04 1.860707073723553913e+04 1.088892411554001995e+02
5.742357639887773985e+04 1.919583580244044788e+04 1.105670958774302335e+02
5.742357640080535202e+04 2.056043764869643201e+04 1.143597894662591159e+02
5.742357640273296420e+04 2.025170625882824243e+04 1.135103643149853525e+02
5.742357640466058365e+04 1.921739271836952685e+04 1.106236310915430892e+02
5.742357640658819582e+04 1.949844065435320954e+04 1.114157513980623975e+02
5.742357640851580800e+04 2.107847339154985093e+04 1.157619978777648839e+02
5.742357641044342017e+04 2.175482927101770110e+04 1.175709932779778342e+02
5.742357641237103235e+04 2.141488121106787003e+04 1.166587193681401260e+02
5.742357641429864452e+04 2.276953992181348076e+04 1.202328753068828888e+02
5.742357641622625670e+04 2.210994111926640835e+04 1.184993723447552583e+02
5.742357641815386887e+04 2.108850453161833138e+04 1.157781706424453887e+02
5.742357642008148105e+04 2.137459488872125439e+04 1.165417379005109240e+02
5.742357642200909322e+04 1.982279344239800048e+04 1.123033596607362909e+02
5.742357642393670540e+04 1.546886961062272530e+04 9.944991445400773955e+01
5.742357642586431757e+04 1.112783604112681314e+04 8.471932502354275130e+01
5.742357642779192975e+04 7.208100501000086297e+03 6.876177214702438789e+01
5.742357642971954192e+04 4.732896394621209765e+03 5.638299750605454363e+01
5.742357643164715410e+04 3.603686992205496153e+03 4.974913319234060793e+01
5.742357643357476627e+04 3.229753330485086735e+03 4.733340122296520036e+01
5.742357643550237844e+04 3.051234892658638273e+03 4.612069847702329639e+01
5.742357643742999062e+04 2.854289325821379862e+03 4.476706196762319223e+01
5.742357643935760279e+04 2.831104557205018409e+03 4.458457542349090375e+01
5.742357644128521497e+04 2.818509545769174110e+03 4.452013603006884068e+01
5.742357644321282714e+04 2.833271310713743333e+03 4.460749818333340500e+01
5.742357644514043932e+04 2.720281166373043561e+03 4.380342612096887933e+01
5.742357644706805149e+04 2.719267181355425691e+03 4.379360441012805438e+01
