2.457463936684099957e+06 3.498113044676604204e+03 5.271545000000000000e+05
2.457463936695131473e+06 3.630926085900388443e+03 5.262217500000000000e+05
2.457463936706162989e+06 3.567600591771357358e+03 5.262455625000000000e+05
2.457463936717194505e+06 3.309405162174033649e+03 5.270992500000000000e+05
2.457463936728226021e+06 3.321581270359750306e+03 5.254774375000000000e+05
2.457463936739257537e+06 3.340208841208607737e+03 5.241369687500000000e+05
2.457463936750289518e+06 3.361775126676822765e+03 5.277307500000000000e+05
2.457463936761321034e+06 3.376003102813825535e+03 5.275256250000000000e+05
2.457463936772352550e+06 3.379398222061526212e+03 5.244465625000000000e+05
2.457463936783384066e+06 3.283155650676618734e+03 5.263800625000000000e+05
2.457463936794415582e+06 3.343457802431616528e+03 5.277386875000000000e+05
2.457463936805447098e+06 3.377298009780591201e+03 5.262455625000000000e+05
2.457463936816478614e+06 3.351744095251642648e+03 5.286290000000000000e+05
2.457463936827510130e+06 3.469145429797779343e+03 5.261426250000000000e+05
2.457463936838541646e+06 3.331848535454798366e+03 5.267436250000000000e+05
2.457463936849573161e+06 3.275843176478570967e+03 5.267672500000000000e+05
2.457463936860605143e+06 3.096785031205434734e+03 5.265460000000000000e+05
2.457463936871636659e+06 3.388042388298836613e+03 5.280777500000000000e+05
2.457463936882668175e+06 3.543989533892086001e+03 5.266329375000000000e+05
2.457463936893699691e+06 3.465354778600891677e+03 5.269728125000000000e+05
2.457463936904731207e+06 3.529785736238438858e+03 5.270202500000000000e+05
2.457463936915762722e+06 3.499557947220062488e+03 5.260713750000000000e+05
2.457463936926794238e+06 3.262094027144906249e+03 5.270833750000000000e+05
2.457463936937825754e+06 3.329359697976415646e+03 5.272649375000000000e+05
2.457463936948857270e+06 3.182489333498425367e+03 5.277465625000000000e+05
2.457463936959888786e+06 3.295181467168446034e+03 5.263325625000000000e+05
2.457463936970920302e+06 3.073989804906156223e+03 5.264986875000000000e+05
2.457463936981952284e+06 3.234795312518142509e+03 5.260715625000000000e+05
2.457463936992983799e+06 3.329407012768759159e+03 5.272650000000000000e+05
2.457463937004015315e+06 3.458900840883003639e+03 5.246688125000000000e+05
2.457463937015046831e+06 3.467989678483354965e+03 5.259526875000000000e+05
2.457463937026078347e+06 3.285426236567077922e+03 5.275967500000000000e+05
2.457463937037109863e+06 3.443110322070975599e+03 5.276913125000000000e+05
2.457463937048141379e+06 3.416303567569044844e+03 5.260635000000000000e+05
2.457463937059172895e+06 3.491678921022457416e+03 5.279593125000000000e+05
2.457463937070204411e+06 3.424939445770130078e+03 5.267992500000000000e+05
2.457463937081235927e+06 3.385091593249929247e+03 5.287237500000000000e+05
2.457463937092267908e+06 3.739216848108220347e+03 5.254141875000000000e+05
2.457463937103299424e+06 3.516142472478406489e+03 5.252874375000000000e+05
2.457463937114330940e+06 3.500031447595494683e+03 5.265935625000000000e+05
2.457463937125362456e+06 3.549085160674566851e+03 5.257945000000000000e+05
2.457463937136393972e+06 3.443200922814838577e+03 5.273203125000000000e+05
2.457463937147425488e+06 3.537457202543007497e+03 5.263087500000000000e+05
2.457463937158457004e+06 3.351818689462617840e+03 5.264826875000000000e+05
2.457463937169488519e+06 3.362383514637042936e+03 5.259765000000000000e+05
2.457463937180520035e+06 3.431754612558838289e+03 5.270282500000000000e+05
2.457463937191551551e+06 3.732463921032190228e+03 5.269729375000000000e+05
2.457463937202583067e+06 3.560596548097599680e+03 5.272492500000000000e+05
2.457463937213615049e+06 3.422331419726016520e+03 5.272018750000000000e+05
2.457463937224646565e+06 3.514314291870922716e+03 5.267990000000000000e+05
2.457463937235678080e+06 3.441515335447110374e+03 5.265221250000000000e+05
2.457463937246709596e+06 3.349061782909046997e+03 5.279279375000000000e+05
2.457463937257741112e+06 3.290784202800863568e+03 5.258498125000000000e+05
2.457463937268772628e+06 3.415695048099673386e+03 5.255646875000000000e+05
2.457463937279804144e+06 3.523817020676229276e+03 5.280146250000000000e+05
2.457463937290835660e+06 3.424808831335126342e+03 5.266093750000000000e+05
2.457463937301867176e+06 3.302870962150099786e+03 5.258816250000000000e+05
2.457463937312898692e+06 3.437733547021044615e+03 5.266410000000000000e+05
2.457463937323930673e+06 3.290457508646396491e+03 5.276360000000000000e+05
2.457463937334962189e+06 3.279519593370116581e+03 5.286213125000000000e+05
2.457463937345993705e+06 3.437341765157005739e+03 5.279753750000000000e+05
2.457463937357025221e+06 3.357816849911632744e+03 5.282431250000000000e+05
2.457463937368056737e+06 3.540202115302534821e+03 5.273282500000000000e+05
2.457463937379088253e+06 3.446421150089143339e+03 5.275571875000000000e+05
