5.733952772430000186e+04 1.717257348503682806e+04 1.207439429152191650e+02
5.733953199472767301e+04 1.724298783816797004e+04 1.209951341490175594e+02
5.733953626515533688e+04 1.732663491793701905e+04 1.212626549928794475e+02
5.733954053558300802e+04 1.727990429357958783e+04 1.211082072359716619e+02
5.733954480601067189e+04 1.738702480063170515e+04 1.213773203144824322e+02
5.733954907643834304e+04 1.728368182351349606e+04 1.211499670104410313e+02
5.733955334686601418e+04 1.733964907483393108e+04 1.212600765494183150e+02
5.733955761729367805e+04 1.706945381128402369e+04 1.205955055696868214e+02
5.733956188772134919e+04 1.719188109087352859e+04 1.209521897794584930e+02
5.733956615814902034e+04 1.737214849174236224e+04 1.214240787638715346e+02
5.733957042857668421e+04 1.717478058716869418e+04 1.209749157424409702e+02
5.733957469900435535e+04 1.741045087298323415e+04 1.215747643989683411e+02
5.733957896943201922e+04 1.747415640862906002e+04 1.216453572979258269e+02
5.733958323985969037e+04 1.732846298719502374e+04 1.213190115414129480e+02
5.733958751028736151e+04 1.726497799149630737e+04 1.210667461187561287e+02
5.733959178071502538e+04 1.728547422399306379e+04 1.210465218004500940e+02
5.733959605114269652e+04 1.729504954894617549e+04 1.211759800066858048e+02
5.733960032157036767e+04 1.723380489454657800e+04 1.209372535621310902e+02
5.733960459199803154e+04 1.710202294133892428e+04 1.206718257262932497e+02
5.733960886242570268e+04 1.726949122649414494e+04 1.211226345104157076e+02
5.733961313285336655e+04 1.718102998425561236e+04 1.208639010849185098e+02
5.733961740328103770e+04 1.715484515718670809e+04 1.208068489991478742e+02
5.733962167370870884e+04 1.744958731915237149e+04 1.215296867674207135e+02
5.733962594413637271e+04 1.723082584721101375e+04 1.210570133685914982e+02
5.733963021456404385e+04 1.695609301937099008e+04 1.203159635959152212e+02
5.733963448499171500e+04 1.716388538951869123e+04 1.208636989492400318e+02
5.733963875541937887e+04 1.742688234346712852e+04 1.215666946662760353e+02
5.733964302584705001e+04 1.731468877746598446e+04 1.213704587684404430e+02
5.733964729627471388e+04 1.728331725065783030e+04 1.212526248849795394e+02
5.733965156670238503e+04 1.741916753828663423e+04 1.215190172539386424e+02
5.733965583713005617e+04 1.742791402343676236e+04 1.214105674377178303e+02
5.733966010755772004e+04 1.739964337972967041e+04 1.212521781921304012e+02
5.733966437798539118e+04 1.750090707974397446e+04 1.213278650092381952e+02
5.733966864841306233e+04 1.743162097588145843e+04 1.210613189987153646e+02
5.733967291884072620e+04 1.749132369699806441e+04 1.211316569302756960e+02
5.733967718926839734e+04 1.734133821305668607e+04 1.207170524153897446e+02
5.733968145969606121e+04 1.767583134798864558e+04 1.215273820382494279e+02
5.733968573012373236e+04 1.754118739078347789e+04 1.211144377504799081e+02
5.733969000055140350e+04 1.751167775537721536e+04 1.209859782576291281e+02
5.733969427097906737e+04 1.755861778142261755e+04 1.211735254066294232e+02
5.733969854140673851e+04 1.771966893499384605e+04 1.216399163741744189e+02
5.733970281183440966e+04 1.753593034301158332e+04 1.212520360837731346e+02
5.733970708226207353e+04 1.763554749206823908e+04 1.215688571806196450e+02
5.733971135268974467e+04 1.769429671977075850e+04 1.218078585982568995e+02
5.733971562311740854e+04 1.759706860925070941e+04 1.215500138236362631e+02
5.733971989354507969e+04 1.770009153686197897e+04 1.217432301471344829e+02
5.733972416397275083e+04 1.802264388958177733e+04 1.225231826052485644e+02
5.733972843440041470e+04 1.778202964628303016e+04 1.218244275382761828e+02
5.733973270482808584e+04 1.765336059181442761e+04 1.214857611547047611e+02
5.733973697525575699e+04 1.776758757691729625e+04 1.217958043973773670e+02
5.733974124568342086e+04 1.777240546916607127e+04 1.217677597837609795e+02
5.733974551611109200e+04 1.791129865527727088e+04 1.221114259481311564e+02
5.733974978653875587e+04 1.783877973467762786e+04 1.219007652868208567e+02
5.733975405696642702e+04 1.779787294892296632e+04 1.217679966222145396e+02
5.733975832739409816e+04 1.782721273697563811e+04 1.218076649608255053e+02
5.733976259782176203e+04 1.798353125058781370e+04 1.221643675241351303e+02
5.733976686824943317e+04 1.815204937165526280e+04 1.224968165376259606e+02
5.733977113867710432e+04 1.808045770254302624e+04 1.223609700510572367e+02
5.733977540910476819e+04 1.799426133181334080e+04 1.220957476474903416e+02
5.733977967953243933e+04 1.812577614734384770e+04 1.224136914339326125e+02
5.733978394996010320e+04 1.793247578655132747e+04 1.219539275426703426e+02
5.733978822038777434e+04 1.790442041247945599e+04 1.219354268487719963e+02
5.733979249081544549e+04 1.796098061059138854e+04 1.220101770349271249e+02
5.733979676124310936e+04 1.794393024015743504e+04 1.219908757598056610e+02
5.733980103167078050e+04 1.789276031776922900e+04 1.218419161759610745e+02
5.733980530209845165e+04 1.804020071755508252e+04 1.222135984480283639e+02
5.733980957252611552e+04 1.820981375776684581e+04 1.226872178969611440e+02
5.733981384295378666e+04 1.822425951200154668e+04 1.227052185280704890e+02
5.733981811338145053e+04 1.852634059797437294e+04 1.234603456029807376e+02
5.733982238380912167e+04 1.890183178446646707e+04 1.244248038502157243e+02
5.733982665423679282e+04 1.941103597706532673e+04 1.256771205352136178e+02
5.733983092466445669e+04 1.977300893879473733e+04 1.265449461420221695e+02
5.733983519509212783e+04 1.999211350907552333e+04 1.270718549274858447e+02
5.733983946551979898e+04 2.013407204036555049e+04 1.274720782817058762e+02
5.733984373594746285e+04 2.026239001710762386e+04 1.277441930504326137e+02
5.733984800637513399e+04 2.061767579446180753e+04 1.285186821826535777e+02
5.733985227680279786e+04 2.050603594460302702e+04 1.283409960104990262e+02
5.733985654723046900e+04 2.051971723420848502e+04 1.284000837947447735e+02
5.733986081765814015e+04 2.064121596396674067e+04 1.286768797574227108e+02
5.733986508808580402e+04 2.050978713952472390e+04 1.283584764632977055e+02
5.733986935851347516e+04 2.041903225162802846e+04 1.281951885043368691e+02
5.733987362894114631e+04 2.037740143384751718e+04 1.281068252266783816e+02
5.733987789936881018e+04 2.049224868536332360e+04 1.283207228164626770e+02
5.733988216979648132e+04 2.021725188559278467e+04 1.276047815451990886e+02
5.733988644022414519e+04 2.030787622171557086e+04 1.278028923527794234e+02
5.733989071065181633e+04 2.008975616894282939e+04 1.272750032877228819e+02
5.733989498107948748e+04 1.999483570749701539e+04 1.270541543090278935e+02
5.733989925150715135e+04 2.046082378429770688e+04 1.282119530406280603e+02
5.733990352193482249e+04 2.050055402399401646e+04 1.283382044539183084e+02
5.733990779236249364e+04 2.038081904860234499e+04 1.279694800667852945e+02
5.733991206279015751e+04 2.047513243943657289e+04 1.282551617716910926e+02
5.733991633321782865e+04 2.059598115757340202e+04 1.285674555194963773e+02
5.733992060364549252e+04 2.068246049436544854e+04 1.287488950447917375e+02
5.733992487407316366e+04 2.075608562808225179e+04 1.289675080090776191e+02
5.733992914450083481e+04 2.086218369252511911e+04 1.292185533994336879e+02
5.733993341492849868e+04 2.088278307454026435e+04 1.293055498815992905e+02
5.733993768535616982e+04 2.113930612847577504e+04 1.299136671921657467e+02
5.733994195578383369e+04 2.119687879799147049e+04 1.300604401644660015e+02
5.733994622621150484e+04 2.121331539636134403e+04 1.301243425898002783e+02
5.733995049663917598e+04 2.104898374728114504e+04 1.297752353592757970e+02
5.733995476706683985e+04 2.094880208965462589e+04 1.295592777672000864e+02
5.733995903749451099e+04 2.100548721136312088e+04 1.296600400021619066e+02
5.733996330792218214e+04 2.087324513422448945e+04 1.293125851533845889e+02
5.733996757834984601e+04 2.105332142891069452e+04 1.297324098080993622e+02
5.733997184877751715e+04 2.078542975341318379e+04 1.291652726873824975e+02
5.733997611920518102e+04 2.055955973280241233e+04 1.286297441694284771e+02
5.733998038963285217e+04 2.051204495796156698e+04 1.285894961651310098e+02
5.733998466006052331e+04 2.049805426596348116e+04 1.285147678420326258e+02
5.733998893048818718e+04 2.067193217400007416e+04 1.289140875878290444e+02
5.733999320091585832e+04 2.041237712448221282e+04 1.283181312983692806e+02
5.733999747134352947e+04 2.053536015414177746e+04 1.285438764308726718e+02
5.734000174177119334e+04 2.056289480586963691e+04 1.286698634786754383e+02
5.734000601219886448e+04 2.051710683264093677e+04 1.285424780112291785e+02
5.734001028262652835e+04 2.076004897784612695e+04 1.290411672033867774e+02
5.734001455305419950e+04 2.082908025957181962e+04 1.291895316566276506e+02
5.734001882348187064e+04 2.077751223123391537e+04 1.290972136339761676e+02
5.734002309390953451e+04 2.066941027021446280e+04 1.288721268807065314e+02
5.734002736433720565e+04 2.045444139065133641e+04 1.283675195839423964e+02
5.734003163476487680e+04 2.041868897419185669e+04 1.282684488571368320e+02
5.734003590519254067e+04 2.038695909900251718e+04 1.281896040716139851e+02
5.734004017562021181e+04 2.056701268912231899e+04 1.286669419726971739e+02
5.734004444604787568e+04 2.080671474757622127e+04 1.291789670944632178e+02
5.734004871647554683e+04 2.080447022926478166e+04 1.291801213962684756e+02
5.734005298690321797e+04 2.066401419805647674e+04 1.288933535069407696e+02
5.734005725733088184e+04 2.057609586065162875e+04 1.287338901353296592e+02
5.734006152775855298e+04 2.048383202374766552e+04 1.284652962540215526e+02
5.734006579818622413e+04 2.055463038406412306e+04 1.286684522770940760e+02
5.734007006861388800e+04 2.045065073628681057e+04 1.284377588644215678e+02
5.734007433904155914e+04 2.025320368080053959e+04 1.279124350224031730e+02
5.734007860946922301e+04 2.057985543535187753e+04 1.287253422667014888e+02
5.734008287989689416e+04 2.098966218376379766e+04 1.297238421198692322e+02
5.734008715032456530e+04 2.111082468239783702e+04 1.300247078861091836e+02
5.734009142075222917e+04 2.118534133167764230e+04 1.301264661626033785e+02
5.734009569117990031e+04 2.098323300811617082e+04 1.296585403847088003e+02
5.734009996160757146e+04 2.087035664809580703e+04 1.293459833728640547e+02
5.734010423203523533e+04 2.086079172980224394e+04 1.293225155909002808e+02
5.734010850246290647e+04 2.093568129065641551e+04 1.295459147400331688e+02
5.734011277289057034e+04 2.103821970573758881e+04 1.297934220762975031e+02
5.734011704331824149e+04 2.090272645251041104e+04 1.294539048633417053e+02
5.734012131374591263e+04 2.104194075065245852e+04 1.297186237896769399e+02
5.734012558417357650e+04 2.108799893771099960e+04 1.299138549001976344e+02
5.734012985460124764e+04 2.082080128565902123e+04 1.293039249118135388e+02
5.734013412502891879e+04 2.080424501269364191e+04 1.292813832748786638e+02
5.734013839545658266e+04 2.081815493481462545e+04 1.292461370210231166e+02
5.734014266588425380e+04 2.077823228178747377e+04 1.291705699262206224e+02
5.734014693631191767e+04 2.097987148224989869e+04 1.295281611142122244e+02
5.734015120673958882e+04 2.101496008882598107e+04 1.295728983692025622e+02
5.734015547716725996e+04 2.107763986992831269e+04 1.295830610611191673e+02
5.734015974759492383e+04 2.107292496845100686e+04 1.294149382723287829e+02
5.734016401802259497e+04 2.108705749812857539e+04 1.294553369617823932e+02
5.734016828845026612e+04 2.092129779978108854e+04 1.290137544939383645e+02
5.734017255887792999e+04 2.087038797698937560e+04 1.288032267386325032e+02
5.734017682930560113e+04 2.075388264957821957e+04 1.284463906314100541e+02
5.734018109973326500e+04 2.094571254182445773e+04 1.288293383364267584e+02
5.734018537016093615e+04 2.086955716271101119e+04 1.287270928058952961e+02
5.734018964058860729e+04 2.101429275299423534e+04 1.290213458705939615e+02
5.734019391101627116e+04 2.101019161206159697e+04 1.290126619937622650e+02
5.734019818144394230e+04 2.135889355854341920e+04 1.298072977498929106e+02
5.734020245187161345e+04 2.149224134515214973e+04 1.301117639120824947e+02
5.734020672229927732e+04 2.161752224050044242e+04 1.304425167513530539e+02
5.734021099272694846e+04 2.141748299541418237e+04 1.299753996535132785e+02
5.734021526315461233e+04 2.158762661396281692e+04 1.303564913513168619e+02
5.734021953358228347e+04 2.157972644981030680e+04 1.304004792648921409e+02
5.734022380400995462e+04 2.133317918935983835e+04 1.298731416993380776e+02
5.734022807443761849e+04 2.159479999154619145e+04 1.304225019272411998e+02
5.734023234486528963e+04 2.147401620334908512e+04 1.301570490143550671e+02
5.734023661529296078e+04 2.160725243705738831e+04 1.304745632613961561e+02
5.734024088572062465e+04 2.151961696142995061e+04 1.302430493152832298e+02
5.734024515614829579e+04 2.161679524261266488e+04 1.305012801517865739e+02
5.734024942657595966e+04 2.161018185608131535e+04 1.304829347848660461e+02
5.734025369700363080e+04 2.170037959596616565e+04 1.306462517095651208e+02
5.734025796743130195e+04 2.203448884280083075e+04 1.314850062174256777e+02
5.734026223785896582e+04 2.185758045911892259e+04 1.310644054671643346e+02
5.734026650828663696e+04 2.151800904047653239e+04 1.301550943187461939e+02
5.734027077871430811e+04 2.170135518485036300e+04 1.305932844203443324e+02
5.734027504914197198e+04 2.134437223534787336e+04 1.297532900553516129e+02
5.734027931956964312e+04 2.139907714170254621e+04 1.298912441915858267e+02
5.734028358999730699e+04 2.116462933216958845e+04 1.293576765254516374e+02
5.734028786042497813e+04 2.129644472861412942e+04 1.296270260416878273e+02
5.734029213085264928e+04 2.144138820689163185e+04 1.300386341705436735e+02
5.734029640128031315e+04 2.149148829917397597e+04 1.301912207749900858e+02
5.734030067170798429e+04 2.121875335089715736e+04 1.294958550108053998e+02
5.734030494213565544e+04 2.147062112149552559e+04 1.300663506616551501e+02
5.734030921256331931e+04 2.161912273110408569e+04 1.304369607703388283e+02
5.734031348299099045e+04 2.171221018036442911e+04 1.306628122321559431e+02
5.734031775341865432e+04 2.224661031601549985e+04 1.319297161958910181e+02
5.734032202384632546e+04 2.194145605296501890e+04 1.312104571694891888e+02
5.734032629427399661e+04 2.147508868331345730e+04 1.300881202342395397e+02
5.734033056470166048e+04 2.141016046787739469e+04 1.299545888922043844e+02
5.734033483512933162e+04 2.144453513110452332e+04 1.300642115003196011e+02
5.734033910555699549e+04 2.140731070042830470e+04 1.299614217492045327e+02
5.734034337598466664e+04 2.149404128565171050e+04 1.302110727096373068e+02
5.734034764641233778e+04 2.150044743406368798e+04 1.301976637181657850e+02
5.734035191684000165e+04 2.163862249286310180e+04 1.304734200848610897e+02
5.734035618726767279e+04 2.164777834384058588e+04 1.305226309712874411e+02
5.734036045769534394e+04 2.195800124824431987e+04 1.312474089976812479e+02
5.734036472812300781e+04 2.209892364926916343e+04 1.316393909130136990e+02
5.734036899855067895e+04 2.207358766811494570e+04 1.315630852161856410e+02
5.734037326897834282e+04 2.185390796339802182e+04 1.310343732723244727e+02
5.734037753940601397e+04 2.185686155469659570e+04 1.309855714093083634e+02
5.734038180983368511e+04 2.220296651185603332e+04 1.318506288699070410e+02
5.734038608026134898e+04 2.183907117439387730e+04 1.310137897617210285e+02
5.734039035068902012e+04 2.208037154707512309e+04 1.315664447205035401e+02
5.734039462111669127e+04 2.212301763559074607e+04 1.316966874712477136e+02
5.734039889154435514e+04 2.181153180351903211e+04 1.308875465940096490e+02
5.734040316197202628e+04 2.171989698711210804e+04 1.306719410296901174e+02
5.734040743239969015e+04 2.157208787499516984e+04 1.303615033295290857e+02
5.734041170282736130e+04 2.144753646116000164e+04 1.301038469943103451e+02
5.734041597325503244e+04 2.134740536122386038e+04 1.298887261003837068e+02
5.734042024368269631e+04 2.136011668096644280e+04 1.298747174095060757e+02
5.734042451411036745e+04 2.144027008489071886e+04 1.299756358400611020e+02
5.734042878453803860e+04 2.163713357556449773e+04 1.304570315778146892e+02
5.734043305496570247e+04 2.146653333938704600e+04 1.300944865344446839e+02
5.734043732539337361e+04 2.159423981133940106e+04 1.304123758150582830e+02
5.734044159582103748e+04 2.175781145634800851e+04 1.307420062965272507e+02
5.734044586624870863e+04 2.204036350708442478e+04 1.314602802273550139e+02
5.734045013667637977e+04 2.184306583298614350e+04 1.310048831641339859e+02
5.734045440710404364e+04 2.185630154278116970e+04 1.310829478152916749e+02
5.734045867753171478e+04 2.160168706521582135e+04 1.304388205997318266e+02
5.734046294795938593e+04 2.119940588063817268e+04 1.294504594678697913e+02
5.734046721838704980e+04 2.128155254652302756e+04 1.296453684854489836e+02
5.734047148881472094e+04 2.122511095115387434e+04 1.295050379445025612e+02
5.734047575924238481e+04 2.103094187474815772e+04 1.290400150780320132e+02
5.734048002967005596e+04 2.107992248061329883e+04 1.292516932941857419e+02
5.734048430009772710e+04 2.096026107513178067e+04 1.288917131451587466e+02
5.734048857052539097e+04 2.100154433770496325e+04 1.289265710993742289e+02
5.734049284095306211e+04 2.108037927376770313e+04 1.291830533573758828e+02
5.734049711138073326e+04 2.113708735885538408e+04 1.292886484425742140e+02
5.734050138180839713e+04 2.126690441845189343e+04 1.296787878438994994e+02
5.734050565223606827e+04 2.092417809871320787e+04 1.288353386604318302e+02
5.734050992266373214e+04 2.092620439853936114e+04 1.288944730645869186e+02
5.734051419309140329e+04 2.077008401089639301e+04 1.284720145155999091e+02
5.734051846351907443e+04 2.075711228369488163e+04 1.284472915062130198e+02
5.734052273394673830e+04 2.065750077920365948e+04 1.282122325383647024e+02
5.734052700437440944e+04 2.114884503767465867e+04 1.293317234687227142e+02
5.734053127480208059e+04 2.094777959909787387e+04 1.289411221688462206e+02
5.734053554522974446e+04 2.099516436034339131e+04 1.290148454685948138e+02
5.734053981565741560e+04 2.087359176993412984e+04 1.286380538243315357e+02
5.734054408608507947e+04 2.074783705099884901e+04 1.284041408716304602e+02
5.734054835651275062e+04 2.088010492996386165e+04 1.287510314859802918e+02
5.734055262694042176e+04 2.100814613664255012e+04 1.290252235409809884e+02
5.734055689736808563e+04 2.106091082272701169e+04 1.291542464251217552e+02
5.734056116779575677e+04 2.096400370064574236e+04 1.288534405112668537e+02
5.734056543822342792e+04 2.097635704862904095e+04 1.289286195245832403e+02
5.734056970865109179e+04 2.068414754063425789e+04 1.282287633376794247e+02
5.734057397907876293e+04 2.079006306939438218e+04 1.285826297822597155e+02
5.734057824950642680e+04 2.073675555120501667e+04 1.284276990213070064e+02
5.734058251993409795e+04 2.066682886156845780e+04 1.282486364638909606e+02
5.734058679036176909e+04 2.074018730735968347e+04 1.283756668557568617e+02
5.734059106078943296e+04 2.075174101336569584e+04 1.283598383996142900e+02
5.734059533121710410e+04 2.083651305752737971e+04 1.286396907240778660e+02
5.734059960164477525e+04 2.098001686955649348e+04 1.289766016368015471e+02
5.734060387207243912e+04 2.087088693988409796e+04 1.287941055948555231e+02
5.734060814250011026e+04 2.107469771367845169e+04 1.293573056152611969e+02
5.734061241292777413e+04 2.105806996811142380e+04 1.293752628723770215e+02
5.734061668335544528e+04 2.083932868818181305e+04 1.287983562224946752e+02
5.734062095378311642e+04 2.074895146054702127e+04 1.286154558033228454e+02
5.734062522421078029e+04 2.100133401382119700e+04 1.293235817133611931e+02
5.734062949463845143e+04 2.068919310980650334e+04 1.285210010528028022e+02
5.734063376506612258e+04 2.075801832262079188e+04 1.286909830225220901e+02
5.734063803549378645e+04 2.072454403513115540e+04 1.288056058413601761e+02
5.734064230592145759e+04 2.083156657160061877e+04 1.288526876883026659e+02
5.734064657634912146e+04 2.095490047348593725e+04 1.291186544885514422e+02
5.734065084677679260e+04 2.102801301735699963e+04 1.292694739682943066e+02
5.734065511720446375e+04 2.115560814389448205e+04 1.295738913519404605e+02
5.734065938763212762e+04 2.111865256090054390e+04 1.295256319111179835e+02
5.734066365805979876e+04 2.097482462742264033e+04 1.291899954941622184e+02
5.734066792848746991e+04 2.107124555376238277e+04 1.294593798661323376e+02
5.734067219891513378e+04 2.138816866123882573e+04 1.302096248264091400e+02
5.734067646934280492e+04 2.113756833038723562e+04 1.296483841563838268e+02
5.734068073977046879e+04 2.137789017741723728e+04 1.302421868113744097e+02
5.734068501019813993e+04 2.157438357772597010e+04 1.307509166995602641e+02
5.734068928062581108e+04 2.132886420208427808e+04 1.302346437592198356e+02
5.734069355105347495e+04 2.106651173312227911e+04 1.297747440494141244e+02
5.734069782148114609e+04 2.109472670290430324e+04 1.298124070934443921e+02
5.734070209190880996e+04 2.100003794280467991e+04 1.296649147738775696e+02
5.734070636233648111e+04 2.075967056013353431e+04 1.291773854197474236e+02
5.734071063276415225e+04 2.090377641107669115e+04 1.295930996292989619e+02
5.734071490319181612e+04 2.102949320073225681e+04 1.298653263344493496e+02
5.734071917361948726e+04 2.075868975027354099e+04 1.291711048468167178e+02
5.734072344404715841e+04 2.070582596498304702e+04 1.290872079189059036e+02
5.734072771447482228e+04 2.056452716832838632e+04 1.287536301394597444e+02
5.734073198490249342e+04 2.086386475420628631e+04 1.294981741841217797e+02
5.734073625533015729e+04 2.094617352794222097e+04 1.296156872724773450e+02
5.734074052575782844e+04 2.070234479369258770e+04 1.290230690036119370e+02
5.734074479618549958e+04 2.091853136666816499e+04 1.295372079925544142e+02
5.734074906661316345e+04 2.093934655242690496e+04 1.295422045434210077e+02
5.734075333704083459e+04 2.081443041883049227e+04 1.292946358469454822e+02
5.734075760746850574e+04 2.072435078933469777e+04 1.290520965264132940e+02
5.734076187789616961e+04 2.047861377100311074e+04 1.284491587475396557e+02
5.734076614832384075e+04 2.009828251437428116e+04 1.274974465957443641e+02
5.734077041875150462e+04 1.964351657839315158e+04 1.264878144874086559e+02
5.734077468917917577e+04 1.951895490754188359e+04 1.261053153599611392e+02
5.734077895960684691e+04 1.973027169642636727e+04 1.266525632516091946e+02
5.734078323003451078e+04 1.993727009120387083e+04 1.271199514927009346e+02
5.734078750046218192e+04 1.981200770604683930e+04 1.268570871565507332e+02
5.734079177088985307e+04 1.990433995376840176e+04 1.272394128682707475e+02
5.734079604131751694e+04 1.958347970795703077e+04 1.264210916043266622e+02
5.734080031174518808e+04 1.936567265056444012e+04 1.259345585785257668e+02
5.734080458217285195e+04 1.917989366906408031e+04 1.254246290207483554e+02
5.734080885260052310e+04 1.924739735151260902e+04 1.255804167935546616e+02
5.734081312302819424e+04 1.913702206092002598e+04 1.253915361427989268e+02
5.734081739345585811e+04 1.944176763493921317e+04 1.260912409784274928e+02
5.734082166388352925e+04 2.026741861960041570e+04 1.281396401912122371e+02
5.734082593431120040e+04 2.040957295670768508e+04 1.284771862656200199e+02
5.734083020473886427e+04 1.970763345906510222e+04 1.267719241008525159e+02
5.734083447516653541e+04 1.959785331638953357e+04 1.264423735407741702e+02
5.734083874559419928e+04 1.932019754567811833e+04 1.256820648798803859e+02
5.734084301602187043e+04 1.927347715936382519e+04 1.255467900856814083e+02
5.734084728644954157e+04 1.947242478423809007e+04 1.260837425551175102e+02
5.734085155687720544e+04 1.949385910501436956e+04 1.261054866513391346e+02
5.734085582730487658e+04 1.955944054075954773e+04 1.262370863791143591e+02
5.734086009773254773e+04 1.931929939358183037e+04 1.256260606705930911e+02
5.734086436816021160e+04 1.957471479719241324e+04 1.263402832634728128e+02
5.734086863858788274e+04 1.953728443420013718e+04 1.262543243242289179e+02
5.734087290901554661e+04 1.954800745622115210e+04 1.263288676846138543e+02
5.734087717944321776e+04 1.951531413916054589e+04 1.262250914302285736e+02
5.734088144987088890e+04 1.957026955253670531e+04 1.262743970486579030e+02
5.734088572029855277e+04 1.928477026601918988e+04 1.255874673576790599e+02
5.734088999072622391e+04 1.921163154827881226e+04 1.253590050419467161e+02
5.734089426115389506e+04 1.897258373438306444e+04 1.247769179857348263e+02
5.734089853158155893e+04 1.845712199532772865e+04 1.234491666689474556e+02
5.734090280200923007e+04 1.799836719166205512e+04 1.222873023223679212e+02
5.734090707243689394e+04 1.792835752044356923e+04 1.221193814318398552e+02
5.734091134286456509e+04 1.757362066865252200e+04 1.212175535228755336e+02
5.734091561329223623e+04 1.751657151757185420e+04 1.209934409565299802e+02
5.734091988371990010e+04 1.744988530869383249e+04 1.208022678662023850e+02
5.734092415414757124e+04 1.742179204784033936e+04 1.207457127654044911e+02
5.734092842457524239e+04 1.730705543672331987e+04 1.204593327002947234e+02
5.734093269500290626e+04 1.761442313037811618e+04 1.212626500157350051e+02
5.734093696543057740e+04 1.761818204735648033e+04 1.212624850682500863e+02
5.734094123585824127e+04 1.738020607181865853e+04 1.206128332257466980e+02
5.734094550628591242e+04 1.734708505550716654e+04 1.205361643235833498e+02
5.734094977671358356e+04 1.736071120032469480e+04 1.205910061333979968e+02
5.734095404714124743e+04 1.740686785292784043e+04 1.207035235864756970e+02
5.734095831756891857e+04 1.734708235747315121e+04 1.205455992059497845e+02
5.734096258799658972e+04 1.735472347969053953e+04 1.205665399713788730e+02
5.734096685842425359e+04 1.744407090929339029e+04 1.208111641505563654e+02
5.734097112885192473e+04 1.758608246898901780e+04 1.212161793228997482e+02
5.734097539927958860e+04 1.752610035092321777e+04 1.210111332280019809e+02
5.734097966970725975e+04 1.750999504054909630e+04 1.209189115955839782e+02
5.734098394013493089e+04 1.750084514806283551e+04 1.209883510005913223e+02
5.734098821056259476e+04 1.745387309714906587e+04 1.208686524247977019e+02
5.734099248099026590e+04 1.752361196246093823e+04 1.211051222301957466e+02
5.734099675141793705e+04 1.769358320953456132e+04 1.214945914277817280e+02
5.734100102184560092e+04 1.775785789973485953e+04 1.216012847491772106e+02
5.734100529227327206e+04 1.782639054791258968e+04 1.217498009831729178e+02
5.734100956270093593e+04 1.796007689282578940e+04 1.221219021453918714e+02
5.734101383312860708e+04 1.791827149839610502e+04 1.219967110484640784e+02
5.734101810355627822e+04 1.805850233701234902e+04 1.222934482120455044e+02
5.734102237398394209e+04 1.818180059780535885e+04 1.226345500122239116e+02
5.734102664441161323e+04 1.814405372985648864e+04 1.224912322500720876e+02
5.734103091483928438e+04 1.807933742768419324e+04 1.222886870484656612e+02
5.734103518526694825e+04 1.812833765937843054e+04 1.224533971648287292e+02
5.734103945569461939e+04 1.815059970307959156e+04 1.223812171000118809e+02
5.734104372612228326e+04 1.797777157522890047e+04 1.219119897616456711e+02
5.734104799654995441e+04 1.802739555064007800e+04 1.220223865566328101e+02
5.734105226697762555e+04 1.802514306286725332e+04 1.220799654123500773e+02
5.734105653740528942e+04 1.805201746086578351e+04 1.221008092800884981e+02
5.734106080783296056e+04 1.795057309356440965e+04 1.219487289901391591e+02
5.734106507826063171e+04 1.795398189226326940e+04 1.219924503227212966e+02
5.734106934868829558e+04 1.775563519877646468e+04 1.214395152527536652e+02
5.734107361911596672e+04 1.796355027146169959e+04 1.219259758217180689e+02
5.734107788954363059e+04 1.816099856883967368e+04 1.224386390382808685e+02
5.734108215997130173e+04 1.792623764898000809e+04 1.218443193047149578e+02
