5.748242428569999902e+04 1.272373767621945808e+04 1.019825681708860685e+02
5.748242428882027889e+04 1.285787712167255995e+04 1.024364347344823756e+02
5.748242429194055148e+04 1.270348143870833337e+04 1.019561852967829765e+02
5.748242429506083135e+04 1.258706689071043729e+04 1.016385218171516271e+02
5.748242429818110395e+04 1.280340572523962328e+04 1.023000967709778593e+02
5.748242430130138382e+04 1.275942746985858321e+04 1.020882806052856182e+02
5.748242430442166369e+04 1.273578330385848130e+04 1.021190820228083851e+02
5.748242430754193629e+04 1.284763891254102782e+04 1.024692143185932451e+02
5.748242431066221616e+04 1.290981550797394266e+04 1.025544706121154235e+02
5.748242431378248875e+04 1.297681687671517102e+04 1.028039241083399844e+02
5.748242431690276862e+04 1.286374418095135115e+04 1.025206848348305044e+02
5.748242432002304849e+04 1.310827800247234700e+04 1.032418536867527479e+02
5.748242432314332109e+04 1.319980864816149005e+04 1.035436265564621436e+02
5.748242432626360096e+04 1.317340417809139763e+04 1.034950246292088707e+02
5.748242432938387356e+04 1.335252042270290258e+04 1.039346172027295978e+02
5.748242433250415343e+04 1.339381296054037375e+04 1.040978597161858374e+02
5.748242433562443330e+04 1.351356388491587495e+04 1.044769365500522582e+02
5.748242433874470589e+04 1.372569998715771908e+04 1.051345515448193311e+02
5.748242434186498576e+04 1.409647750938876015e+04 1.061717881722894390e+02
5.748242434498525836e+04 1.438640518785211862e+04 1.070430290278281689e+02
5.748242434810553823e+04 1.526076758236075693e+04 1.096120012894624693e+02
5.748242435122581810e+04 1.646552755031743800e+04 1.130297686666459072e+02
5.748242435434609069e+04 1.929138288596699931e+04 1.206177001230897758e+02
5.748242435746637057e+04 2.750648883961027241e+04 1.403338786505350981e+02
5.748242436058664316e+04 4.548444859481028834e+04 1.759125677191462955e+02
5.748242436370692303e+04 6.259525543176686188e+04 2.041789068701740177e+02
5.748242436682720290e+04 7.708686971837200690e+04 2.256156454338220954e+02
5.748242436994747550e+04 8.769970699368168425e+04 2.404373029195386664e+02
5.748242437306775537e+04 9.072342848269570095e+04 2.448070712801279285e+02
5.748242437618802796e+04 8.965165018824322033e+04 2.439892261456057838e+02
5.748242437930830783e+04 9.484867535820351623e+04 2.508418525451063203e+02
5.748242438242858043e+04 9.990631685941404430e+04 2.571712562248112022e+02
5.748242438554886030e+04 1.051409104076385120e+05 2.633884860536638826e+02
5.748242438866914017e+04 1.079146457876467466e+05 2.668396884451503297e+02
5.748242439178941277e+04 9.735010598576154734e+04 2.543342961619239588e+02
5.748242439490969264e+04 8.360061804119712906e+04 2.369387300716639686e+02
5.748242439802996523e+04 8.441919954661195516e+04 2.382415828830446287e+02
5.748242440115024510e+04 9.364278315767765162e+04 2.495855902166569820e+02
5.748242440427052497e+04 9.475559298941983434e+04 2.505804888062451425e+02
5.748242440739079757e+04 8.918260445981707016e+04 2.436214722532319001e+02
5.748242441051107744e+04 8.851386648284467810e+04 2.430743561136099515e+02
5.748242441363135003e+04 8.666761493863518990e+04 2.406715963284378290e+02
5.748242441675162991e+04 8.801304399870647467e+04 2.422202618082846186e+02
5.748242441987190978e+04 9.325345590701245237e+04 2.488860197287814628e+02
5.748242442299218237e+04 9.700035765104366874e+04 2.534782756381937361e+02
5.748242442611246224e+04 9.278123586602928117e+04 2.482713404326271984e+02
5.748242442923273484e+04 8.582096205756239942e+04 2.395453406158410132e+02
5.748242443235301471e+04 8.569630719499901170e+04 2.394723778289342420e+02
5.748242443547329458e+04 8.829871822863364650e+04 2.427464327326721047e+02
5.748242443859356717e+04 8.403914389660806046e+04 2.369002520303829442e+02
5.748242444171384705e+04 8.588525330074512749e+04 2.393870762124222153e+02
5.748242444483411964e+04 8.628517293746513315e+04 2.399643715606579519e+02
5.748242444795439951e+04 8.754348323025964783e+04 2.415017387972388008e+02
5.748242445107467938e+04 8.467436709902872099e+04 2.378644387415605195e+02
5.748242445419495198e+04 8.407924760088496259e+04 2.370369500353469050e+02
5.748242445731523185e+04 8.586188950174786441e+04 2.394050263484290042e+02
5.748242446043550444e+04 9.163743811732751783e+04 2.467277978031837904e+02
5.748242446355578431e+04 9.989062523467993014e+04 2.569523118985283077e+02
5.748242446667606418e+04 1.032694901266384695e+05 2.610828273835771824e+02
5.748242446979633678e+04 1.009917073140096909e+05 2.585399486087668492e+02
5.748242447291661665e+04 9.983417993793248024e+04 2.574106093669873871e+02
5.748242447603688925e+04 1.036046757683731412e+05 2.620432146516467924e+02
5.748242447915716912e+04 1.010066871435083449e+05 2.588253770137148990e+02
5.748242448227744899e+04 9.658368333524937043e+04 2.533897900345815231e+02
5.748242448539772158e+04 9.674076031414254976e+04 2.537162195129047291e+02
5.748242448851800145e+04 1.029718542774094385e+05 2.611979874303268048e+02
5.748242449163827405e+04 9.990907323461209307e+04 2.573654375943008290e+02
5.748242449475855392e+04 9.408915291941602482e+04 2.502349475857903371e+02
5.748242449787883379e+04 9.643160436538704380e+04 2.533061217669323071e+02
5.748242450099910639e+04 1.025878528686846548e+05 2.607374102152148794e+02
5.748242450411938626e+04 9.136964761018751597e+04 2.466475558032747131e+02
5.748242450723965885e+04 8.888742421722479048e+04 2.436690028484956940e+02
5.748242451035993872e+04 8.387497544771298999e+04 2.372918437384865626e+02
5.748242451348021859e+04 7.952811438518360956e+04 2.311295780514511193e+02
5.748242451660049119e+04 7.799325665087107336e+04 2.289856457871397311e+02
5.748242451972077106e+04 9.121212514551011554e+04 2.461801547591387305e+02
5.748242452284104365e+04 9.963562553491664585e+04 2.564786401435541165e+02
5.748242452596132352e+04 1.003389196846241102e+05 2.573335129083766901e+02
5.748242452908160340e+04 9.128412781432693009e+04 2.465089623436121826e+02
5.748242453220187599e+04 7.905559765420891927e+04 2.307760257484622173e+02
5.748242453532215586e+04 7.465635171004291624e+04 2.247655503028327075e+02
5.748242453844242846e+04 7.836599552806431893e+04 2.295545002939848303e+02
5.748242454156270833e+04 8.968464078514381254e+04 2.440152516332366872e+02
5.748242454468298820e+04 8.979115901096223388e+04 2.440473960677122420e+02
5.748242454780326079e+04 8.405148438605494448e+04 2.367540504895570450e+02
5.748242455092354066e+04 8.762693765437352704e+04 2.417763488100533209e+02
5.748242455404381326e+04 9.684112499230810499e+04 2.533142804197516966e+02
5.748242455716409313e+04 9.915412754929713265e+04 2.559744621219782914e+02
5.748242456028436573e+04 9.590512238780585176e+04 2.521648204151256607e+02
5.748242456340464560e+04 9.492237848312806454e+04 2.512453057506155005e+02
5.748242456652492547e+04 1.046007177669160010e+05 2.630641997530776734e+02
5.748242456964519806e+04 9.861736972176621202e+04 2.557267117660176154e+02
5.748242457276547793e+04 9.374582242673491419e+04 2.497195719180627407e+02
5.748242457588575053e+04 9.463342783175050863e+04 2.510996476123266916e+02
5.748242457900603040e+04 9.255045872583349410e+04 2.482967374009942887e+02
5.748242458212631027e+04 9.170323759173927829e+04 2.470888588818039580e+02
5.748242458524658286e+04 9.569838909311764291e+04 2.520639328849374579e+02
5.748242458836686274e+04 9.913783440774459450e+04 2.562595834436498308e+02
5.748242459148713533e+04 9.267427328379587561e+04 2.481905165561893511e+02
5.748242459460741520e+04 1.017906765828848875e+05 2.595698609255136944e+02
5.748242459772769507e+04 9.789080394934015931e+04 2.548724757968290646e+02
5.748242460084796767e+04 8.899575878349089180e+04 2.435877009390177932e+02
5.748242460396824754e+04 9.679094182898598956e+04 2.536604505769956290e+02
5.748242460708852013e+04 1.054521898594092927e+05 2.639990005757423432e+02
5.748242461020880000e+04 9.535617451234933105e+04 2.515316601431409254e+02
5.748242461332907988e+04 8.065058694808174914e+04 2.328003185899067944e+02
5.748242461644935247e+04 7.586526384415247594e+04 2.266154837058027454e+02
5.748242461956963234e+04 7.709202639751089737e+04 2.278008351416357016e+02
5.748242462268990494e+04 7.959730158648239740e+04 2.307869586439599061e+02
5.748242462581018481e+04 8.325910966978035867e+04 2.355566066526320697e+02
5.748242462893046468e+04 9.004033343223475094e+04 2.444581199339242517e+02
5.748242463205073727e+04 9.882262753075784713e+04 2.554802201887910087e+02
5.748242463517101714e+04 9.475741981859602674e+04 2.505918731819944867e+02
5.748242463829128974e+04 8.725945789574005175e+04 2.412808953804759255e+02
5.748242464141156961e+04 8.738948563522376935e+04 2.416731852163448764e+02
5.748242464453184948e+04 9.265694706458596920e+04 2.482786163499388863e+02
5.748242464765212208e+04 1.027002682805058284e+05 2.603852008297462248e+02
5.748242465077240195e+04 1.096176356206677592e+05 2.685724507012268987e+02
5.748242465389267454e+04 1.049934120327727724e+05 2.633181167803506355e+02
5.748242465701295441e+04 9.792629583340423414e+04 2.551084347295045234e+02
5.748242466013323428e+04 9.820285129640412924e+04 2.556504508712255017e+02
5.748242466325350688e+04 9.141064747425583482e+04 2.470594461257391856e+02
5.748242466637378675e+04 8.791377771343925269e+04 2.424285073649174649e+02
5.748242466949405934e+04 9.163054159079813689e+04 2.471322027611751082e+02
5.748242467261433922e+04 9.615291572305286536e+04 2.525723204958030408e+02
5.748242467573461909e+04 1.087743315095482685e+05 2.676521794964372702e+02
5.748242467885489168e+04 1.109694508533158951e+05 2.702306001975621257e+02
5.748242468197517155e+04 9.674885241037506785e+04 2.534801339181480841e+02
5.748242468509544415e+04 8.468764881154004252e+04 2.385466605113221021e+02
5.748242468821572402e+04 8.243626925281016156e+04 2.356801468242900626e+02
5.748242469133600389e+04 8.697610169388281065e+04 2.411578579170006549e+02
5.748242469445627648e+04 8.488508137165654625e+04 2.380465368243319233e+02
5.748242469757655635e+04 8.045640056088895653e+04 2.321054813472678404e+02
5.748242470069682895e+04 8.676985733317858831e+04 2.405382734259443964e+02
5.748242470381710882e+04 8.825179877254200983e+04 2.423713660416571827e+02
5.748242470693738869e+04 8.267738929307935177e+04 2.349960091577829644e+02
5.748242471005766129e+04 8.178719271832185041e+04 2.339942753150430690e+02
5.748242471317794116e+04 8.825044890180263610e+04 2.425043815737891464e+02
5.748242471629821375e+04 9.195831303658205434e+04 2.470339836236022109e+02
5.748242471941849362e+04 9.202068757285820902e+04 2.470941052399058435e+02
5.748242472253876622e+04 8.686629833052192407e+04 2.407279914274058399e+02
5.748242472565904609e+04 9.096152905196254142e+04 2.460848656378250610e+02
5.748242472877932596e+04 9.916822392855840735e+04 2.563395578567254347e+02
5.748242473189959856e+04 9.438625820567792107e+04 2.501680058424669255e+02
5.748242473501987843e+04 8.738981001033852226e+04 2.414893089738377228e+02
5.748242473814015102e+04 9.036642865846390487e+04 2.455642961355461864e+02
5.748242474126043089e+04 1.000328874800839694e+05 2.574735597606694455e+02
5.748242474438071076e+04 1.028698213348997670e+05 2.606446757716698812e+02
5.748242474750098336e+04 8.755216824205325975e+04 2.416918583106756557e+02
5.748242475062126323e+04 8.535085111582311220e+04 2.391281037165813075e+02
5.748242475374153582e+04 9.086081172970155603e+04 2.462602439122136104e+02
5.748242475686181569e+04 9.660512169177763280e+04 2.530028763222285875e+02
5.748242475998209557e+04 9.167614620242558885e+04 2.468308527623505029e+02
5.748242476310236816e+04 9.019942417621261848e+04 2.451231776620536209e+02
5.748242476622264803e+04 8.553586256265810516e+04 2.392570110659835620e+02
5.748242476934292063e+04 8.905833377480790659e+04 2.436230022393643253e+02
5.748242477246320050e+04 9.910012078708736226e+04 2.561496648372035452e+02
5.748242477558348037e+04 9.861686424295214238e+04 2.554114899593677421e+02
5.748242477870375296e+04 9.769244881249497121e+04 2.544187661655260229e+02
5.748242478182403283e+04 9.097706664752741926e+04 2.463426406584420363e+02
5.748242478494430543e+04 9.062437941674217291e+04 2.458928480776540653e+02
5.748242478806458530e+04 9.505568754917744081e+04 2.513808904931198924e+02
5.748242479118486517e+04 9.438756943299876002e+04 2.503294017372390954e+02
5.748242479430513777e+04 9.075251964693021728e+04 2.457635634200187837e+02
5.748242479742541764e+04 9.274601834101091663e+04 2.484301404765737971e+02
5.748242480054569023e+04 9.939074126105247706e+04 2.566276821460628526e+02
5.748242480366597010e+04 9.885133784684111015e+04 2.558382218190214701e+02
5.748242480678624997e+04 8.933229803382964747e+04 2.439818277339015538e+02
5.748242480990652257e+04 8.552016105791104201e+04 2.393710856240588782e+02
5.748242481302680244e+04 8.439206392892633448e+04 2.378064460031118870e+02
5.748242481614707503e+04 9.176160514989167859e+04 2.470507297734316410e+02
5.748242481926735491e+04 9.523010270376810513e+04 2.512973563720034917e+02
5.748242482238763478e+04 8.798095334112011187e+04 2.420405433339286958e+02
5.748242482550790737e+04 8.855106183193634206e+04 2.430349185346779848e+02
5.748242482862818724e+04 8.779140982987346069e+04 2.421139663071838584e+02
5.748242483174845984e+04 8.425672927309783699e+04 2.373545660667899995e+02
5.748242483486873971e+04 8.383676580950224889e+04 2.367496158947512868e+02
5.748242483798901958e+04 8.431376501020518481e+04 2.373643817770731914e+02
5.748242484110929217e+04 9.118075187915952120e+04 2.461071793540548072e+02
5.748242484422957205e+04 8.997927441156470741e+04 2.445733103811200522e+02
5.748242484734984464e+04 9.377770841783042124e+04 2.494223644862302933e+02
5.748242485047012451e+04 1.027963034934612224e+05 2.606551491373358544e+02
5.748242485359040438e+04 1.032070009465476614e+05 2.610855182510541113e+02
5.748242485671067698e+04 1.034209080768545391e+05 2.615183365617035065e+02
5.748242485983095685e+04 9.849030446992929501e+04 2.558361013982994905e+02
5.748242486295122944e+04 9.036822678048942180e+04 2.456690785488355857e+02
5.748242486607150931e+04 9.007960731444906560e+04 2.452924427587958007e+02
5.748242486919178918e+04 8.938489228981098859e+04 2.442995563398872605e+02
5.748242487231206178e+04 9.227666349932624144e+04 2.477042790643635897e+02
5.748242487543234165e+04 9.642376943689411564e+04 2.529235384165310165e+02
5.748242487855261425e+04 9.921915752949244052e+04 2.563111974703265901e+02
5.748242488167289412e+04 9.857692697303756722e+04 2.555453322716229252e+02
5.748242488479317399e+04 9.817990030502295122e+04 2.553001928402621274e+02
5.748242488791344658e+04 8.993891910492476018e+04 2.449956737657554697e+02
5.748242489103372645e+04 8.479689544845133787e+04 2.383848110680211505e+02
5.748242489415399905e+04 8.311062029043216899e+04 2.360979353321413612e+02
5.748242489727427892e+04 8.740324048748778296e+04 2.414657945989199561e+02
5.748242490039455151e+04 9.456727867301760125e+04 2.503973196853729348e+02
5.748242490351483139e+04 8.642206643530662404e+04 2.399896941822894973e+02
5.748242490663511126e+04 8.054175131380878156e+04 2.323858824168720787e+02
5.748242490975538385e+04 7.942722792620385007e+04 2.310440181118923988e+02
5.748242491287566372e+04 6.361351849752278213e+04 2.082395107928403490e+02
5.748242491599593632e+04 3.686564115442696493e+04 1.629897344794184448e+02
5.748242491911621619e+04 2.067331146517457455e+04 1.282138300050501982e+02
5.748242492223649606e+04 1.599101298788493659e+04 1.151165146444343890e+02
5.748242492535676865e+04 1.473926931888241052e+04 1.095747931806455142e+02
5.748242492847704852e+04 1.423328054167664231e+04 1.071543960714318757e+02
5.748242493159732112e+04 1.393920117295079581e+04 1.060116005243655053e+02
5.748242493471760099e+04 1.345715245443072126e+04 1.043806884666069550e+02
5.748242493783788086e+04 1.343796377149659202e+04 1.043332644095032435e+02
5.748242494095815346e+04 1.334058590349293081e+04 1.039699729465316977e+02
5.748242494407843333e+04 1.306654404799616532e+04 1.031456927476247216e+02
5.748242494719870592e+04 1.291995730496910619e+04 1.027005347079350770e+02
5.748242495031898579e+04 1.309040535976623869e+04 1.031830527580891612e+02
5.748242495343926566e+04 1.302817613157689448e+04 1.030674115740348356e+02
5.748242495655953826e+04 1.287452563356407700e+04 1.025865428956407186e+02
5.748242495967981813e+04 1.271332957756982796e+04 1.020557996085959900e+02
5.748242496280009073e+04 1.262048171676265702e+04 1.017915825757541484e+02
5.748242496592037060e+04 1.284046821850259039e+04 1.024410941177247452e+02
5.748242496904065047e+04 1.275941204884466424e+04 1.021490597495869395e+02
5.748242497216092306e+04 1.279209277337273852e+04 1.022568543755086949e+02
5.748242497528120293e+04 1.262624077846559157e+04 1.016741492016073494e+02
5.748242497840147553e+04 1.278686515711443280e+04 1.021772762139855502e+02
5.748242498152175540e+04 1.277479879176046779e+04 1.021729118231261140e+02
