5.736834568469999795e+04 -9.042141310765093294e+03 9.090261110022771618e+01
5.736834568579677580e+04 -1.033095610236275570e+04 9.178835249607008961e+01
5.736834568689356092e+04 -1.160572545827645990e+04 9.265611221318377488e+01
5.736834568799033877e+04 -1.290847288833691891e+04 9.353459996125324949e+01
5.736834568908711663e+04 -1.415810462449104853e+04 9.436958575901445556e+01
5.736834569018390175e+04 -1.544322962778831607e+04 9.522065109319164833e+01
5.736834569128067960e+04 -1.673981890019337879e+04 9.607166839133250846e+01
5.736834569237745745e+04 -1.802713768265286490e+04 9.690920794946845263e+01
5.736834569347424258e+04 -1.935965626493924356e+04 9.776859801298269304e+01
5.736834569457102043e+04 -2.058139260967845621e+04 9.855003154514611197e+01
5.736834569566780556e+04 -2.192110435080643947e+04 9.940064165926081330e+01
5.736834569676458341e+04 -2.383873230208449604e+04 1.006055249502464761e+02
5.736834569786136126e+04 -2.539367356463469332e+04 1.015722337335212586e+02
5.736834569895814639e+04 -2.664898237438622891e+04 1.023462034951886892e+02
5.736834570005492424e+04 -2.805664535200996397e+04 1.032070750647921500e+02
5.736834570115170209e+04 -2.923095910361064307e+04 1.039236234252686444e+02
5.736834570224848721e+04 -2.808025050503190141e+04 1.106978760938117858e+02
5.736834570334526506e+04 -1.962919187136026449e+04 1.331072569570260100e+02
5.736834570444204292e+04 -1.076530557139510711e+04 1.529396642849635839e+02
5.736834570553882804e+04 -1.572835460088033869e+03 1.712911047306421608e+02
5.736834570663560589e+04 5.747229407761275070e+03 1.879504492654531589e+02
5.736834570773238374e+04 1.637197145138534324e+04 2.020532158324953400e+02
5.736834570882916887e+04 2.577317547731583909e+04 2.158880401099058020e+02
5.736834570992594672e+04 3.486950497574469773e+04 2.287194071838586069e+02
5.736834571102273185e+04 4.395997313388377370e+04 2.412302873862540764e+02
5.736834571211950970e+04 5.321002493900083209e+04 2.532511427265147006e+02
5.736834571321628755e+04 6.217484648211236345e+04 2.643980721170405559e+02
5.736834571431307268e+04 7.098815547664347105e+04 2.746828373505139211e+02
5.736834571540985053e+04 7.987286668831376301e+04 2.847632440010060577e+02
5.736834571650662838e+04 8.909359448952741513e+04 2.945617204129223978e+02
5.736834571760341350e+04 9.869764576377978665e+04 3.041276622685830944e+02
5.736834571870019136e+04 1.078924266637969995e+05 3.133128878802554595e+02
5.736834571979696921e+04 1.175716030221378169e+05 3.230147558007157613e+02
5.736834572089375433e+04 1.258251599769420573e+05 3.309168627417314497e+02
5.736834572199053218e+04 1.349774402582329640e+05 3.395382473743709966e+02
5.736834572308731003e+04 1.442632688420937629e+05 3.483285747209420151e+02
5.736834572418409516e+04 1.531377203189051652e+05 3.561433752890505957e+02
5.736834572528087301e+04 1.622697252244870760e+05 3.643421164997917003e+02
5.736834572637765086e+04 1.719207533792222966e+05 3.725774912608526392e+02
5.736834572747443599e+04 1.811184967513239535e+05 3.803636924849155889e+02
5.736834572857121384e+04 1.901158376886346377e+05 3.879205348175331665e+02
5.736834572966799897e+04 1.986687874747690803e+05 3.948722524014026476e+02
5.736834573076477682e+04 2.082710330015785294e+05 4.025027011359609901e+02
5.736834573186155467e+04 2.166638947589383170e+05 4.090381038957323199e+02
5.736834573295833980e+04 2.259763067949337128e+05 4.162595968164286546e+02
5.736834573405511765e+04 2.351249339619897073e+05 4.231447609747435195e+02
5.736834573515189550e+04 2.442196064066839463e+05 4.299983875061926710e+02
5.736834573624868062e+04 2.545262065578125184e+05 4.374535125088412997e+02
5.736834573734545847e+04 2.615567882599913573e+05 4.425967343878961060e+02
5.736834573844223632e+04 2.713103541501879226e+05 4.495291760991540855e+02
5.736834573953902145e+04 2.805786808391211089e+05 4.560015558648992737e+02
5.736834574063579930e+04 2.895736692250522901e+05 4.623089324754907921e+02
5.736834574173257715e+04 2.992254878698870307e+05 4.689433218177910589e+02
5.736834574282936228e+04 3.081380142900134670e+05 4.748639798195438857e+02
5.736834574392614013e+04 3.156448534708339721e+05 4.798573949255326170e+02
5.736834574502292526e+04 3.252763870599287911e+05 4.861918615273049227e+02
5.736834574611970311e+04 3.344734472372484743e+05 4.921770887776960421e+02
5.736834574721648096e+04 3.444471941466412973e+05 4.984993476930828820e+02
5.736834574831326609e+04 3.527542489736483549e+05 5.038104413974939462e+02
5.736834574941004394e+04 3.620332994488832192e+05 5.096453993178717496e+02
5.736834575050682179e+04 3.707516881802488351e+05 5.150731925266965163e+02
5.736834575160360691e+04 3.804571803069163579e+05 5.210583245747959609e+02
5.736834575270038476e+04 3.890344245291115367e+05 5.262354828537355615e+02
5.736834575379716262e+04 3.991753745518991491e+05 5.323112832224276190e+02
5.736834575489394774e+04 4.148813395779284183e+05 5.416808146003156708e+02
5.736834575599072559e+04 4.170429428978924407e+05 5.428814342098045245e+02
5.736834575708750344e+04 4.267214295622826903e+05 5.484712158804020419e+02
5.736834575818428857e+04 4.379164889138013823e+05 5.549704171879704973e+02
5.736834575928106642e+04 4.461800948087387951e+05 5.596604179160464128e+02
5.736834576037784427e+04 4.560565483271161793e+05 5.653031424349643430e+02
5.736834576147462940e+04 4.599486614646680537e+05 5.681606866808637051e+02
5.736834576257140725e+04 4.626754703700454556e+05 5.704764065787966274e+02
5.736834576366819238e+04 4.623084793547424488e+05 5.712120575230904933e+02
5.736834576476497023e+04 4.605737715668268502e+05 5.710266238666038134e+02
5.736834576586174808e+04 4.583340985104388674e+05 5.707590499158603734e+02
5.736834576695853320e+04 4.570104296016999288e+05 5.707904882261499324e+02
5.736834576805531105e+04 4.554552220140273566e+05 5.708477223842253352e+02
5.736834576915208891e+04 4.556303048434568336e+05 5.717859875002814078e+02
5.736834577024887403e+04 4.560935687147727003e+05 5.728197959395473617e+02
5.736834577134565188e+04 4.540026957379024243e+05 5.725954091230423728e+02
5.736834577244242973e+04 4.504986502652865020e+05 5.715299116803963670e+02
5.736834577353921486e+04 4.486477532498510554e+05 5.712636201294532157e+02
5.736834577463599271e+04 4.510635735204484663e+05 5.735091715559963177e+02
5.736834577573277056e+04 4.485945578196092974e+05 5.730224388949494596e+02
5.736834577682955569e+04 4.458972303966843174e+05 5.724865229689646640e+02
5.736834577792633354e+04 4.454095480174105614e+05 5.730171843744726630e+02
5.736834577902311867e+04 4.440821314990851097e+05 5.730914816642125516e+02
5.736834578011989652e+04 4.453537336881514639e+05 5.746467564246797792e+02
5.736834578121667437e+04 4.399353079637851333e+05 5.725070881125482174e+02
5.736834578231345949e+04 4.399043660426841816e+05 5.733535476782570868e+02
5.736834578341023735e+04 4.385368030377594987e+05 5.734264306559138049e+02
5.736834578450701520e+04 4.370078384305058280e+05 5.734832365909804821e+02
5.736834578560380032e+04 4.374490476315187407e+05 5.745563450821790639e+02
5.736834578670057817e+04 4.349818981919346843e+05 5.739599188653885449e+02
5.736834578779735602e+04 4.337999350219526095e+05 5.741537768432791609e+02
5.736834578889414115e+04 4.314373935351069085e+05 5.737776252836933963e+02
5.736834578999091900e+04 4.304845849397634156e+05 5.741232432847486962e+02
5.736834579108769685e+04 4.299879723031318863e+05 5.746409429371120723e+02
5.736834579218448198e+04 4.286283192350213067e+05 5.747253069733412758e+02
5.736834579328125983e+04 4.261359407357291784e+05 5.742220931833500117e+02
5.736834579437803768e+04 4.261062971029831097e+05 5.748859496590836216e+02
5.736834579547482281e+04 4.253687089293285972e+05 5.754572594177473093e+02
5.736834579657160066e+04 4.236127547980882809e+05 5.753185194071169235e+02
5.736834579766838579e+04 4.227558733454189496e+05 5.757469809245392298e+02
5.736834579876516364e+04 4.219316372120782034e+05 5.761860871196561220e+02
5.736834579986194149e+04 4.200423864022124908e+05 5.758937347698296207e+02
5.736834580095872661e+04 4.169325415777172893e+05 5.751312924206891921e+02
5.736834580205550446e+04 4.232929204844782362e+05 5.795985154253947940e+02
5.736834580315228231e+04 4.156718836483780760e+05 5.767683714536053685e+02
5.736834580424906744e+04 4.149201958000450395e+05 5.774447416477969455e+02
5.736834580534584529e+04 4.118710419598781154e+05 5.766965337531607929e+02
5.736834580644262314e+04 4.098487315358546330e+05 5.766163289471402322e+02
5.736834580753940827e+04 4.081565724268592894e+05 5.763208204286845557e+02
5.736834580863618612e+04 4.076380667547738412e+05 5.768318078620916367e+02
5.736834580973296397e+04 4.051668266597369802e+05 5.764288072280769484e+02
5.736834581082974910e+04 4.054124890219154768e+05 5.774344730924364058e+02
5.736834581192652695e+04 4.050854144940379192e+05 5.783775775873911016e+02
5.736834581302331208e+04 4.017299465942573152e+05 5.771303224511842700e+02
5.736834581412008993e+04 4.000506359176199767e+05 5.769679710955886094e+02
5.736834581521686778e+04 3.951350127134989598e+05 5.752918255628280804e+02
5.736834581631365290e+04 3.887995477607204230e+05 5.727773784624943119e+02
5.736834581741043075e+04 3.871836457167423214e+05 5.727138250160899133e+02
5.736834581850720861e+04 3.862990934663560474e+05 5.730120897642729005e+02
5.736834581960399373e+04 3.833797966925603687e+05 5.716276222603922861e+02
5.736834582070077158e+04 3.834887388429148123e+05 5.718539901722631384e+02
5.736834582179754943e+04 3.828607789653337095e+05 5.717442450965165790e+02
5.736834582289433456e+04 3.831634763133821543e+05 5.717528446352307583e+02
5.736834582399111241e+04 3.839548400732859736e+05 5.722950765058528759e+02
5.736834582508789026e+04 3.839301368983493885e+05 5.725070949314271047e+02
5.736834582618467539e+04 3.827703891884307377e+05 5.721156840349369759e+02
5.736834582728145324e+04 3.824036884119851165e+05 5.720229317452771056e+02
5.736834582837823109e+04 3.823635505464416929e+05 5.719920399656847394e+02
5.736834582947501622e+04 3.830530194075133186e+05 5.723049200098350866e+02
5.736834583057179407e+04 3.828190689180005575e+05 5.720504812042078129e+02
5.736834583166857919e+04 3.819209640932470793e+05 5.716909333136311488e+02
5.736834583276535704e+04 3.826767108900540043e+05 5.723791386508529513e+02
5.736834583386213490e+04 3.818202778915427043e+05 5.718755279672342340e+02
5.736834583495892002e+04 3.837606576952078613e+05 5.730629100636441535e+02
5.736834583605569787e+04 3.822974206897319527e+05 5.723738923018947844e+02
5.736834583715247572e+04 3.812988411888821865e+05 5.718792055581858449e+02
5.736834583824926085e+04 3.825470691983048455e+05 5.725451713698738558e+02
5.736834583934603870e+04 3.814716585869682604e+05 5.720087231150903335e+02
5.736834584044281655e+04 3.809352360519988579e+05 5.718487772025048343e+02
5.736834584153960168e+04 3.825893224515269976e+05 5.727235601060143608e+02
5.736834584263637953e+04 3.810597056674439227e+05 5.720770648714053550e+02
5.736834584373315738e+04 3.809775817360246438e+05 5.721574447165087349e+02
5.736834584482994251e+04 3.806035766064915224e+05 5.719961311479037249e+02
5.736834584592672036e+04 3.810877971810956369e+05 5.725193383729315428e+02
5.736834584702350548e+04 3.806531117474185885e+05 5.723829274126559312e+02
5.736834584812028334e+04 3.801706638610476512e+05 5.721944857541137708e+02
5.736834584921706119e+04 3.820302786029954441e+05 5.730821719292526950e+02
5.736834585031384631e+04 3.809237275162253063e+05 5.725686930288800340e+02
5.736834585141062416e+04 3.799710304944471573e+05 5.722351679248665732e+02
5.736834585250740201e+04 3.809501396216263529e+05 5.728889709856771333e+02
5.736834585360418714e+04 3.814225021286380943e+05 5.731178224075462140e+02
5.736834585470096499e+04 3.810741159524046234e+05 5.731569230659539471e+02
5.736834585579774284e+04 3.816171041314792819e+05 5.733776950902309864e+02
5.736834585689452797e+04 3.806220589094875613e+05 5.727694464942445620e+02
5.736834585799130582e+04 3.829630611462976085e+05 5.737025714944770698e+02
5.736834585908808367e+04 3.822644707385454676e+05 5.732932820213239893e+02
5.736834586018486880e+04 3.815253803062337101e+05 5.729261506770543519e+02
5.736834586128164665e+04 3.823982499409401789e+05 5.735417274712297058e+02
5.736834586237842450e+04 3.817554939444929478e+05 5.732564478294804076e+02
5.736834586347520963e+04 3.805254722611440811e+05 5.727717015341174829e+02
5.736834586457198748e+04 3.817038029126215260e+05 5.736839116707506037e+02
5.736834586566877260e+04 3.818078151552028139e+05 5.736061675950044219e+02
5.736834586676555045e+04 3.816144794156383723e+05 5.734992358655036924e+02
5.736834586786232830e+04 3.816816874767656554e+05 5.735859199038529823e+02
5.736834586895911343e+04 3.803141653851494775e+05 5.727889568002665328e+02
5.736834587005589128e+04 3.811188713264591061e+05 5.734876843936671094e+02
5.736834587115266913e+04 3.807497333001444931e+05 5.735407734466178908e+02
5.736834587224945426e+04 3.805964969992373371e+05 5.733605552147103026e+02
5.736834587334623211e+04 3.802578074300172739e+05 5.731338231041738709e+02
5.736834587444300996e+04 3.792413985974583193e+05 5.727339881674076878e+02
5.736834587553979509e+04 3.799981714372202987e+05 5.732650474088555939e+02
5.736834587663657294e+04 3.808082862926495727e+05 5.738205850693933598e+02
5.736834587773335079e+04 3.814350661795040942e+05 5.742250984235980695e+02
5.736834587883013592e+04 3.798531253830271889e+05 5.733886902501790246e+02
5.736834587992691377e+04 3.824087778533406672e+05 5.749428277009053545e+02
5.736834588102369889e+04 3.815649100040292251e+05 5.746384217344640319e+02
5.736834588212047674e+04 3.837267972407173947e+05 5.757935340196373772e+02
5.736834588321725460e+04 3.825535793872408103e+05 5.754190537429294636e+02
5.736834588431403972e+04 3.830645237713215756e+05 5.755881573119976338e+02
5.736834588541081757e+04 3.818957251980004949e+05 5.750200185543830003e+02
5.736834588650759542e+04 3.830616951038826373e+05 5.758791102814213900e+02
5.736834588760438055e+04 3.814845819933440653e+05 5.750506731659446586e+02
5.736834588870115840e+04 3.830696564226282062e+05 5.760644869505301813e+02
5.736834588979793625e+04 3.823707885349937133e+05 5.757334387744507467e+02
5.736834589089472138e+04 3.801354805784504861e+05 5.745748834877462059e+02
5.736834589199149923e+04 3.807818096830969444e+05 5.748450924451320816e+02
5.736834589308827708e+04 3.804801722564342199e+05 5.749376593216811671e+02
5.736834589418506221e+04 3.797489963684596587e+05 5.745274243974015462e+02
5.736834589528184006e+04 3.809878993506257539e+05 5.754203545853716832e+02
5.736834589637861791e+04 3.814203752077801037e+05 5.756841231544740367e+02
5.736834589747540304e+04 3.800118627789924503e+05 5.751424204588677185e+02
5.736834589857218089e+04 3.798091612441434991e+05 5.749024677378267825e+02
5.736834589966896601e+04 3.790830943064343883e+05 5.745416295736257553e+02
5.736834590076574386e+04 3.799450100844798144e+05 5.749888915483460323e+02
5.736834590186252171e+04 3.797708064092220739e+05 5.749919173245364163e+02
5.736834590295930684e+04 3.799857289106248063e+05 5.751550263549235069e+02
5.736834590405608469e+04 3.799774281159124803e+05 5.752695669730187547e+02
5.736834590515286254e+04 3.797117963451021351e+05 5.751600591094280617e+02
5.736834590624964767e+04 3.853473855439624167e+05 5.783726818642651324e+02
5.736834590734642552e+04 3.766837964404094964e+05 5.737090571117012132e+02
5.736834590844320337e+04 3.774784476172637660e+05 5.741653005958781932e+02
5.736834590953998850e+04 3.761473107828758657e+05 5.735525075821236669e+02
5.736834591063676635e+04 3.770661686144552659e+05 5.741339963171918725e+02
5.736834591173354420e+04 3.767447394373186398e+05 5.740208659810873542e+02
5.736834591283032933e+04 3.768282622120492742e+05 5.740866464972538097e+02
5.736834591392710718e+04 3.757451834386141854e+05 5.736033419411132854e+02
5.736834591502389230e+04 3.756390076583450427e+05 5.736378761318519537e+02
5.736834591612067015e+04 3.764982663475468289e+05 5.741388889200015910e+02
5.736834591721744800e+04 3.768156461044163443e+05 5.744161356159826255e+02
5.736834591831423313e+04 3.747115876136001898e+05 5.733865149248580337e+02
5.736834591941101098e+04 3.754024802253824309e+05 5.739458241623834738e+02
5.736834592050778883e+04 3.761487904165072832e+05 5.744116632032105372e+02
5.736834592160457396e+04 3.752514061277167057e+05 5.739630131951042813e+02
5.736834592270135181e+04 3.757816609190657618e+05 5.743743974100932519e+02
5.736834592379812966e+04 3.754360516899192007e+05 5.741893244463723249e+02
5.736834592489491479e+04 3.751006631622376153e+05 5.742036482594992322e+02
5.736834592599169264e+04 3.741681470496596885e+05 5.737074682330276119e+02
5.736834592708847049e+04 3.744460150297891814e+05 5.740238236819762960e+02
5.736834592818525562e+04 3.737269682272326900e+05 5.740224063587183991e+02
5.736834592928203347e+04 3.709551273708035005e+05 5.743618884458945786e+02
5.736834593037881132e+04 3.676552623896590667e+05 5.752883139989904748e+02
5.736834593147559644e+04 3.663811715997908032e+05 5.754537767925540948e+02
5.736834593257237429e+04 3.660468655717454967e+05 5.747938369972745249e+02
5.736834593366915942e+04 3.658432498158178059e+05 5.751435199723418918e+02
5.736834593476593727e+04 3.640597157755166991e+05 5.738580392695146202e+02
5.736834593586271512e+04 3.638820141968708485e+05 5.736941757889619566e+02
5.736834593695950025e+04 3.621854027711760718e+05 5.733508157133389886e+02
5.736834593805627810e+04 3.616746239186589373e+05 5.735155259371440479e+02
5.736834593915305595e+04 3.630313060630301479e+05 5.748667017470049814e+02
5.736834594024984108e+04 3.622248270604315912e+05 5.732704498569530642e+02
5.736834594134661893e+04 3.632752576708295383e+05 5.733236304730326083e+02
5.736834594244339678e+04 3.624809917856215034e+05 5.737111797537418170e+02
5.736834594354018191e+04 3.608909872097320622e+05 5.739404457379547466e+02
5.736834594463695976e+04 3.612618347205766477e+05 5.736233974738158850e+02
5.736834594573373761e+04 3.626293995969169191e+05 5.740009639057927870e+02
5.736834594683052273e+04 3.622925420755797531e+05 5.740136158989887463e+02
5.736834594792730059e+04 3.616191287742768764e+05 5.744068527690384371e+02
5.736834594902408571e+04 3.615826191274467856e+05 5.742889482349548871e+02
5.736834595012086356e+04 3.615467766211595153e+05 5.737301524186134429e+02
5.736834595121764141e+04 3.607508759547162917e+05 5.737035731799385303e+02
5.736834595231442654e+04 3.595988205672173062e+05 5.737651258585157166e+02
5.736834595341120439e+04 3.641377954950204585e+05 5.767385454343553874e+02
5.736834595450798224e+04 3.599173972547022859e+05 5.742725549061425454e+02
5.736834595560476737e+04 3.610302811722491169e+05 5.746054581743627523e+02
5.736834595670154522e+04 3.657254812913354253e+05 5.766082657099505013e+02
5.736834595779832307e+04 3.613099194125510985e+05 5.742663632117427142e+02
5.736834595889510820e+04 3.609634655243353918e+05 5.741503780464636293e+02
5.736834595999188605e+04 3.614485921096613165e+05 5.753787000566857159e+02
5.736834596108866390e+04 3.598375268317433074e+05 5.744309015856811129e+02
5.736834596218544903e+04 3.587048159301155247e+05 5.741871279425419061e+02
5.736834596328222688e+04 3.586420108797991415e+05 5.740838124799445268e+02
5.736834596437900473e+04 3.601370817488143803e+05 5.749574995374413220e+02
5.736834596547578985e+04 3.595081531525690807e+05 5.741340762267594755e+02
5.736834596657256770e+04 3.592568743796478957e+05 5.744059976216515224e+02
5.736834596766935283e+04 3.592649404384996742e+05 5.750983109193131213e+02
5.736834596876613068e+04 3.601705288263945258e+05 5.743247068168918759e+02
5.736834596986290853e+04 3.591223470718852477e+05 5.744704502129902721e+02
5.736834597095969366e+04 3.581367016099336324e+05 5.740588965796567891e+02
5.736834597205647151e+04 3.590100404695749748e+05 5.747251948084600599e+02
5.736834597315324936e+04 3.579151385798509582e+05 5.748499940345013783e+02
5.736834597425003449e+04 3.582258746607414214e+05 5.746785333928210093e+02
5.736834597534681234e+04 3.593892890746751218e+05 5.745889131369410734e+02
5.736834597644359019e+04 3.586689198167959694e+05 5.742823496787202657e+02
5.736834597754037532e+04 3.598778720938073238e+05 5.749365077953081027e+02
5.736834597863715317e+04 3.581757393796170945e+05 5.749762772522549312e+02
5.736834597973393102e+04 3.547355729941440513e+05 5.744110260819289806e+02
5.736834598083071614e+04 3.577019956529765623e+05 5.749346118660656657e+02
5.736834598192749399e+04 3.584547414252400631e+05 5.750912177028321821e+02
5.736834598302427912e+04 3.609249174878764316e+05 5.749724127123704420e+02
5.736834598412105697e+04 3.634525447502383613e+05 5.741201773127824026e+02
5.736834598521783482e+04 3.669967962912019575e+05 5.741432280642801516e+02
5.736834598631461995e+04 3.667650797084037331e+05 5.741346053802629967e+02
5.736834598741139780e+04 3.675413493422741885e+05 5.740988021355775572e+02
5.736834598850817565e+04 3.682157173528146232e+05 5.745602507369308114e+02
5.736834598960496078e+04 3.668067742545300862e+05 5.737395545604490508e+02
5.736834599070173863e+04 3.673446159426640370e+05 5.740633630798553213e+02
5.736834599179851648e+04 3.676325919776799856e+05 5.742984401052571002e+02
5.736834599289530161e+04 3.680508252960420796e+05 5.743933092427163274e+02
5.736834599399207946e+04 3.677495231931448798e+05 5.745389031607297738e+02
5.736834599508885731e+04 3.694606309367537615e+05 5.751415700658353671e+02
5.736834599618564243e+04 3.679484151309430599e+05 5.743779142992827929e+02
5.736834599728242029e+04 3.703000055441319710e+05 5.755678651058118476e+02
5.736834599837919814e+04 3.691775169125846587e+05 5.748573987856085523e+02
5.736834599947598326e+04 3.695844747490860755e+05 5.751372093555230549e+02
5.736834600057276111e+04 3.714960732528511435e+05 5.761096944439299250e+02
5.736834600166954624e+04 3.766048870285266312e+05 5.788282059010931562e+02
5.736834600276632409e+04 3.831298601057780907e+05 5.823328979600230468e+02
5.736834600386310194e+04 3.793226585588801536e+05 5.803521957942457448e+02
5.736834600495988707e+04 3.789015882535115816e+05 5.801511957372983943e+02
5.736834600605666492e+04 3.793973979352382012e+05 5.805544945613704613e+02
5.736834600715344277e+04 3.798776284800522262e+05 5.807179410534718045e+02
5.736834600825022790e+04 3.817589956909660250e+05 5.817015553801896885e+02
5.736834600934700575e+04 3.842218577611932997e+05 5.833061636155050564e+02
5.736834601044378360e+04 4.055863087343763327e+05 5.947574132819779607e+02
5.736834601154056872e+04 5.070435261319821002e+05 6.455161918104940924e+02
5.736834601263734658e+04 6.017105070285884431e+05 6.898407650139390626e+02
5.736834601373412443e+04 6.259167565263560973e+05 7.007118361926089847e+02
5.736834601483090955e+04 6.166780522804231150e+05 6.966069506607371977e+02
5.736834601592768740e+04 6.407407268421425251e+05 7.073492934474803633e+02
5.736834601702447253e+04 6.173010869115622481e+05 6.968958131080931935e+02
5.736834601812125038e+04 6.192592744076405652e+05 6.977661802974822649e+02
5.736834601921802823e+04 6.399512921382824425e+05 7.072530228523941105e+02
5.736834602031481336e+04 6.437954652564225253e+05 7.086225333171845477e+02
5.736834602141159121e+04 6.573111394588178955e+05 7.145044831922165258e+02
5.736834602250836906e+04 6.172678226885076147e+05 6.969543641161013738e+02
5.736834602360515419e+04 5.888218013556788210e+05 6.841576124297994284e+02
5.736834602470193204e+04 6.346456312673545908e+05 7.051860542198940038e+02
5.736834602579870989e+04 6.632608095560907386e+05 7.172271149771873979e+02
5.736834602689549502e+04 6.302986210551499389e+05 7.027247004848384222e+02
5.736834602799227287e+04 6.256595003352541244e+05 7.005966840186420086e+02
5.736834602908905072e+04 6.111643042033683741e+05 6.942920428857211164e+02
5.736834603018583584e+04 6.606875636574219679e+05 7.160238106128990694e+02
5.736834603128261369e+04 6.350876972667569062e+05 7.048048384950627678e+02
5.736834603237939882e+04 6.239276792390511837e+05 6.998146369011085426e+02
5.736834603347617667e+04 6.244391409698065836e+05 7.003232859551691263e+02
5.736834603457295452e+04 6.502493653111692984e+05 7.114686624775658856e+02
5.736834603566973965e+04 6.834425645372387953e+05 7.258711298081015002e+02
5.736834603676651750e+04 6.706852952330592088e+05 7.204429611840407688e+02
5.736834603786329535e+04 6.496621067661034176e+05 7.112060186832098907e+02
5.736834603896008048e+04 6.110031563373303507e+05 6.939602768400134210e+02
5.736834604005685833e+04 6.074546614776538918e+05 6.925667343525517481e+02
5.736834604115363618e+04 6.158616795217252802e+05 6.962635829709673772e+02
5.736834604225042131e+04 6.686566384426242439e+05 7.195288355087060381e+02
5.736834604334719916e+04 6.512397602574576158e+05 7.118448962268032574e+02
5.736834604444397701e+04 6.724506149168139091e+05 7.211696619214845896e+02
5.736834604554076213e+04 6.542586127600139007e+05 7.132667660127893896e+02
5.736834604663753998e+04 6.534875650975492317e+05 7.129394541701815342e+02
5.736834604773431784e+04 6.293971347709295806e+05 7.023328345916119133e+02
5.736834604883110296e+04 6.381557841851740377e+05 7.060667454937755565e+02
5.736834604992788081e+04 6.691785074926150264e+05 7.198233019465726557e+02
5.736834605102466594e+04 6.190810368128207047e+05 6.977616244136947898e+02
5.736834605212144379e+04 6.377853693469268037e+05 7.061329055983615035e+02
5.736834605321822164e+04 6.514342191271823831e+05 7.121130132525184990e+02
5.736834605431500677e+04 6.603745960501238005e+05 7.160731019449036694e+02
5.736834605541178462e+04 6.712208033192271832e+05 7.207051925404706481e+02
5.736834605650856247e+04 6.262206049439616036e+05 7.008888317220415729e+02
5.736834605760534760e+04 6.025612415502814110e+05 6.903264675820798857e+02
5.736834605870212545e+04 6.094792190214419970e+05 6.934260980197327626e+02
5.736834605979890330e+04 6.035230742620409001e+05 6.907576299810590399e+02
5.736834606089568842e+04 6.572466524877266493e+05 7.146963960477421551e+02
5.736834606199246628e+04 6.668905351441912353e+05 7.188408042429481384e+02
5.736834606308924413e+04 6.120169147074917564e+05 6.946671744802783905e+02
5.736834606418602925e+04 6.349385599779570475e+05 7.048635318406417127e+02
5.736834606528280710e+04 5.757988470178762218e+05 6.785784943948913224e+02
5.736834606637959223e+04 4.465950471525890753e+05 6.169814309966569681e+02
5.736834606747637008e+04 3.802224061550548067e+05 5.824225384785589767e+02
5.736834606857314793e+04 3.700445758058388019e+05 5.769277799406505665e+02
5.736834606966993306e+04 3.681857757781679393e+05 5.759416168599946104e+02
5.736834607076671091e+04 3.667964313784349943e+05 5.752317810542065217e+02
5.736834607186348876e+04 3.676029262775880052e+05 5.758182523591790414e+02
5.736834607296027389e+04 3.656762702002341393e+05 5.748173235608526284e+02
5.736834607405705174e+04 3.656948500871089054e+05 5.747642808384883892e+02
5.736834607515382959e+04 3.669281817363903392e+05 5.754089760369696478e+02
5.736834607625061471e+04 3.673623931832598173e+05 5.755263191208258604e+02
5.736834607734739257e+04 3.704661081700865179e+05 5.770540226754453670e+02
5.736834607844417042e+04 3.808435314814476878e+05 5.830851733176901917e+02
5.736834607954095554e+04 3.667288486547621433e+05 5.755858779235511520e+02
5.736834608063773339e+04 3.663169204713158542e+05 5.750819518817849030e+02
5.736834608173451124e+04 3.658444074005065486e+05 5.748612724925787916e+02
5.736834608283129637e+04 3.663243088737039361e+05 5.753150659886357516e+02
5.736834608392807422e+04 3.669384508430612623e+05 5.755418831293121684e+02
5.736834608502485935e+04 3.652540857621645555e+05 5.749705327847185572e+02
5.736834608612163720e+04 3.662331501628497499e+05 5.760354588200475519e+02
5.736834608721841505e+04 3.649508805701689562e+05 5.742768111474156285e+02
5.736834608831520018e+04 3.659325286649509217e+05 5.749100075142046080e+02
5.736834608941197803e+04 3.654642753818928031e+05 5.750193591914552371e+02
5.736834609050875588e+04 3.661084130016472191e+05 5.753063488679704278e+02
5.736834609160554101e+04 3.669929834346661810e+05 5.756703108286725410e+02
5.736834609270231886e+04 3.663800400872024475e+05 5.751496711362894985e+02
5.736834609379909671e+04 3.665956405725756194e+05 5.753894450354006267e+02
5.736834609489588183e+04 3.653546845057117753e+05 5.744793373887364396e+02
5.736834609599265968e+04 3.658384823982565431e+05 5.751406493845721570e+02
5.736834609708943754e+04 3.663383964758049115e+05 5.753689701813241300e+02
5.736834609818622266e+04 3.665282516228426248e+05 5.754736577604296599e+02
5.736834609928300051e+04 3.663242642459161580e+05 5.752066828412012001e+02
5.736834610037978564e+04 3.662054547017419245e+05 5.752552952154850345e+02
5.736834610147656349e+04 3.676237439480318571e+05 5.758493604201398739e+02
5.736834610257334134e+04 3.671043093926591100e+05 5.754651894754413206e+02
5.736834610367012647e+04 3.646404608262944967e+05 5.746580734618811448e+02
5.736834610476690432e+04 3.660363810203738394e+05 5.750131292660289546e+02
5.736834610586368217e+04 3.661001991448415793e+05 5.750771773559280291e+02
5.736834610696046730e+04 3.658776186168487184e+05 5.749524724684791863e+02
5.736834610805724515e+04 3.664594850841315347e+05 5.753270305339633524e+02
5.736834610915402300e+04 3.661693015126060345e+05 5.753885357229252122e+02
5.736834611025080812e+04 3.656368768062351737e+05 5.751140564257524375e+02
5.736834611134758597e+04 3.663144546756591299e+05 5.751662088219871976e+02
5.736834611244436383e+04 3.659381136586828507e+05 5.749973787521928443e+02
5.736834611354114895e+04 3.663581187759946333e+05 5.750385780402526734e+02
5.736834611463792680e+04 3.668216686905953102e+05 5.755629539467383893e+02
5.736834611573470465e+04 3.653553198057188420e+05 5.749745060847318427e+02
5.736834611683148978e+04 3.652515387582045514e+05 5.753078660781256986e+02
5.736834611792826763e+04 3.650663175778080476e+05 5.749539961158856158e+02
5.736834611902505276e+04 3.659213376744593261e+05 5.751325143679086977e+02
5.736834612012183061e+04 3.679043220518139424e+05 5.755793270685750258e+02
5.736834612121860846e+04 3.672054159373739385e+05 5.744917181284771459e+02
5.736834612231539359e+04 3.679551558982942370e+05 5.746357189995803765e+02
5.736834612341217144e+04 3.646036158231143490e+05 5.753600609327122584e+02
5.736834612450894929e+04 3.364557219768494833e+05 5.782522054265310771e+02
5.736834612560573441e+04 3.056818872318280628e+05 5.817145958395801699e+02
5.736834612670251227e+04 3.014811584836514085e+05 5.821052303993212718e+02
5.736834612779929012e+04 3.037213531069887104e+05 5.809606146123106782e+02
5.736834612889607524e+04 3.059519119806921226e+05 5.837502698501371015e+02
5.736834612999285309e+04 3.024455800316798850e+05 5.817397137075537330e+02
5.736834613108963094e+04 3.049135229124811012e+05 5.814002982504327974e+02
5.736834613218641607e+04 3.027587670307009830e+05 5.814942906625129808e+02
5.736834613328319392e+04 3.048547852191707352e+05 5.814439397975478414e+02
5.736834613437997905e+04 3.067717564038433484e+05 5.807330662375758266e+02
5.736834613547675690e+04 3.189027970004650997e+05 5.797517981934554427e+02
5.736834613657353475e+04 3.189380339853826445e+05 5.798634532614464661e+02
5.736834613767031988e+04 3.664542466770953615e+05 5.741207791261078910e+02
5.736834613876709773e+04 3.861625545327335130e+05 5.723350317440150548e+02
5.736834613986387558e+04 3.884109823948020348e+05 5.724699639311910460e+02
5.736834614096066070e+04 3.902681396473720088e+05 5.726698507183706397e+02
5.736834614205743856e+04 3.908994410113363410e+05 5.721382689520016811e+02
5.736834614315421641e+04 3.918281191263891524e+05 5.720075461657032747e+02
5.736834614425100153e+04 3.934120953060961911e+05 5.720013028266814672e+02
5.736834614534777938e+04 3.948046064679807168e+05 5.720840269348130960e+02
5.736834614644455723e+04 3.963137983522844734e+05 5.719164368200162016e+02
5.736834614754134236e+04 3.950036826505311765e+05 5.706029495430134375e+02
5.736834614863812021e+04 3.970648292637906270e+05 5.710853565646074230e+02
5.736834614973489806e+04 3.992850666583802085e+05 5.714142676100642575e+02
5.736834615083168319e+04 3.986018132318225689e+05 5.707742294294067733e+02
5.736834615192846104e+04 4.016523512734875549e+05 5.711446846322035071e+02
5.736834615302524617e+04 4.031911715330959996e+05 5.713394586916856497e+02
5.736834615412202402e+04 4.035154488812206546e+05 5.706814551861546079e+02
5.736834615521880187e+04 4.034826390546208713e+05 5.699340662680872356e+02
5.736834615631558700e+04 4.048908997576333350e+05 5.698092553273362455e+02
5.736834615741236485e+04 4.072180037862338359e+05 5.705598143960157813e+02
5.736834615850914270e+04 4.086856889626816846e+05 5.704455038767134738e+02
5.736834615960592782e+04 4.091550215546421823e+05 5.705316939050521796e+02
5.736834616070270567e+04 4.098651514426261419e+05 5.701946243782169859e+02
5.736834616179948353e+04 4.124605190778557444e+05 5.709112220935875257e+02
5.736834616289626865e+04 4.136631848578320933e+05 5.709042909447150578e+02
5.736834616399304650e+04 4.134503254080454353e+05 5.699256922401522161e+02
5.736834616508982435e+04 4.144552665774306515e+05 5.697634824575550283e+02
5.736834616618660948e+04 4.160483435985386604e+05 5.699148943082645928e+02
5.736834616728338733e+04 4.172356907189306803e+05 5.697671397825539543e+02
5.736834616838017246e+04 4.180645909275393351e+05 5.695380681583225169e+02
5.736834616947695031e+04 4.185227069457408506e+05 5.691497738216762627e+02
5.736834617057372816e+04 4.200729935093922541e+05 5.693488337492020719e+02
5.736834617167051329e+04 4.222235876778930542e+05 5.696202146558057393e+02
5.736834617276729114e+04 4.242795216469006846e+05 5.698300987859233828e+02
5.736834617386406899e+04 4.235721404757581186e+05 5.687644907594093411e+02
5.736834617496085411e+04 4.251213574921254185e+05 5.689750459046770175e+02
5.736834617605763196e+04 4.261086283282825607e+05 5.685474108693656490e+02
5.736834617715440982e+04 4.264616005695693893e+05 5.682026988637187515e+02
5.736834617825119494e+04 4.315633003889394458e+05 5.700113752586951250e+02
5.736834617934797279e+04 4.268967195574513753e+05 5.670886914700777197e+02
5.736834618044475064e+04 4.184003399721991154e+05 5.622597547313396262e+02
5.736834618154153577e+04 4.091256982959775487e+05 5.570805844451971325e+02
5.736834618263831362e+04 3.994700718201333657e+05 5.516564979096392562e+02
5.736834618373509147e+04 3.909936897824348416e+05 5.468503938514948004e+02
5.736834618483187660e+04 3.821536825280443300e+05 5.418411368789508060e+02
5.736834618592865445e+04 3.724291197138770367e+05 5.365256341278736727e+02
5.736834618702543958e+04 3.630187382765261573e+05 5.306047864938069551e+02
5.736834618812221743e+04 3.543339180910020950e+05 5.253407053415388646e+02
5.736834618921899528e+04 3.486822934377638157e+05 5.219505284404202712e+02
5.736834619031578040e+04 3.356242104577409336e+05 5.140227101626005606e+02
5.736834619141255826e+04 3.268565154672745848e+05 5.088924717217576017e+02
5.736834619250933611e+04 3.165835893346749363e+05 5.025455533945074080e+02
5.736834619360612123e+04 3.079665768563293386e+05 4.972713294421517958e+02
5.736834619470289908e+04 2.978641259459751891e+05 4.909772865708074505e+02
5.736834619579967693e+04 2.892261069842893630e+05 4.851627501805929796e+02
5.736834619689646206e+04 2.794380436607776792e+05 4.789131899365858089e+02
5.736834619799323991e+04 2.711641576819003094e+05 4.733892607983855783e+02
5.736834619909001776e+04 2.622516336378854467e+05 4.675242458771862175e+02
5.736834620018680289e+04 2.533235130085601122e+05 4.614615685156360314e+02
5.736834620128358074e+04 2.448356123868171126e+05 4.556720336335061461e+02
5.736834620238036587e+04 2.417079301312675816e+05 4.535278720074137482e+02
5.736834620347714372e+04 2.244203295995594235e+05 4.415478478420491797e+02
5.736834620457392157e+04 2.148571527942092798e+05 4.347798311435817595e+02
5.736834620567070669e+04 2.059991600665715814e+05 4.281560044739442219e+02
5.736834620676748455e+04 1.971823268632615800e+05 4.215608649640903991e+02
5.736834620786426240e+04 1.873130589924806263e+05 4.142762822013519326e+02
5.736834620896104752e+04 1.781675557822960254e+05 4.073134735902938246e+02
5.736834621005782537e+04 1.728109404257196584e+05 4.032929156609332608e+02
5.736834621115460322e+04 1.604577661060559622e+05 3.937398619219256943e+02
5.736834621225138835e+04 1.611559594603257719e+05 3.941519063451796683e+02
5.736834621334816620e+04 1.466015473955101334e+05 3.824583684185695347e+02
5.736834621444494405e+04 1.316085108240158297e+05 3.697906291542823283e+02
5.736834621554172918e+04 1.232471129783184442e+05 3.620211619683811364e+02
5.736834621663850703e+04 1.140980432091438706e+05 3.540034561183981623e+02
5.736834621773528488e+04 1.044270864005213371e+05 3.454235159916034945e+02
5.736834621883207001e+04 9.517739545313146664e+04 3.368535136654746225e+02
5.736834621992884786e+04 8.653382429810114263e+04 3.287076189612988628e+02
5.736834622102563299e+04 7.698192519330736832e+04 3.194059915725742371e+02
5.736834622212241084e+04 6.805089109055427252e+04 3.106791932871548738e+02
5.736834622321918869e+04 5.882268445748454542e+04 3.009864318637724523e+02
5.736834622431597381e+04 4.889394571666474803e+04 2.906405660377151321e+02
5.736834622541275166e+04 3.935034456987885642e+04 2.808527564450612886e+02
5.736834622650952952e+04 3.140203066684056830e+04 2.711588991228342138e+02
5.736834622760631464e+04 2.162316800671565579e+04 2.596442054607900332e+02
5.736834622870309249e+04 1.240333403260698105e+04 2.481709990240252353e+02
5.736834622979987034e+04 3.367388838660874171e+03 2.364512078972953759e+02
5.736834623089665547e+04 -6.263983483871998033e+03 2.234605064136252111e+02
5.736834623199343332e+04 -1.500062838426732196e+04 2.108038218600731852e+02
5.736834623309021117e+04 -2.457403963900422968e+04 1.962821394978714977e+02
5.736834623418699630e+04 -3.358450196194926684e+04 1.812501381436182726e+02
5.736834623528377415e+04 -4.317703416127129458e+04 1.639805675516301164e+02
5.736834623638055928e+04 -5.221392707595974207e+04 1.459547597068816458e+02
5.736834623747733713e+04 -6.057324225776169624e+04 1.263694767283201656e+02
5.736834623857411498e+04 -6.134758572053739044e+04 1.217837415684571454e+02
5.736834623967090010e+04 -6.023251961157550977e+04 1.212085630959026474e+02
5.736834624076767795e+04 -5.892202275453942275e+04 1.205270114393532879e+02
5.736834624186445581e+04 -5.775076028618601413e+04 1.199144946069055777e+02
5.736834624296124093e+04 -5.663857145113722072e+04 1.193299154311311270e+02
5.736834624405801878e+04 -5.542042438878177927e+04 1.186864496620807472e+02
5.736834624515479663e+04 -5.442070260168312961e+04 1.181558050500348003e+02
5.736834624625158176e+04 -5.338428916396221030e+04 1.176038114637794791e+02
5.736834624734835961e+04 -5.206910089018870349e+04 1.168996501409654627e+02
5.736834624844513746e+04 -5.077884416108515143e+04 1.162046910056899094e+02
5.736834624954192259e+04 -4.982873219828014408e+04 1.156902720448908042e+02
5.736834625063870044e+04 -4.845099473768860480e+04 1.149402341404555159e+02
5.736834625173547829e+04 -4.709868613509336137e+04 1.141992492058552386e+02
5.736834625283226342e+04 -4.581024306862967933e+04 1.134887582184740467e+02
5.736834625392904127e+04 -4.470234367425832170e+04 1.128742490500244315e+02
5.736834625502582639e+04 -4.361666991709300783e+04 1.122688046244816320e+02
5.736834625612260425e+04 -4.243317443547430594e+04 1.116050666097936812e+02
5.736834625721938210e+04 -4.129260076190374821e+04 1.109616435321518679e+02
5.736834625831616722e+04 -4.028952232041038951e+04 1.103926853152440373e+02
5.736834625941294507e+04 -3.882439012068694137e+04 1.095563348971843141e+02
5.736834626050972292e+04 -3.773561045023072074e+04 1.089306611878707258e+02
5.736834626160650805e+04 -3.661880977339699166e+04 1.082851291926516097e+02
5.736834626270328590e+04 -3.543815341930187424e+04 1.075984761586745009e+02
5.736834626380006375e+04 -3.427118565300166665e+04 1.069154507434224968e+02
5.736834626489684888e+04 -3.308126800740112958e+04 1.062144701770616848e+02
5.736834626599362673e+04 -3.187832375502547438e+04 1.055010814572352729e+02
5.736834626709040458e+04 -3.124685024685509416e+04 1.051246575567703161e+02
5.736834626818718971e+04 -2.962461320704707032e+04 1.041513989182873416e+02
5.736834626928396756e+04 -2.839603800064780444e+04 1.034082217218510209e+02
5.736834627038075269e+04 -2.732053977916253643e+04 1.027532301231672562e+02
5.736834627147753054e+04 -2.595880029590741469e+04 1.019178752861683677e+02
5.736834627257430839e+04 -2.571297150842462361e+04 1.017663417150644278e+02
5.736834627367109351e+04 -2.359948414456983664e+04 1.004541174618754980e+02
5.736834627476787136e+04 -2.244576632728642653e+04 9.973051111078778774e+01
5.736834627586464921e+04 -2.131337007871918831e+04 9.901513522778493837e+01
5.736834627696143434e+04 -2.018794861435875646e+04 9.829900752258808438e+01
5.736834627805821219e+04 -1.898368007560080878e+04 9.752688410381367135e+01
5.736834627915499004e+04 -1.784677772130747690e+04 9.679230091966675786e+01
5.736834628025177517e+04 -1.669636342286007857e+04 9.604326848620462442e+01
5.736834628134855302e+04 -1.554060827671371953e+04 9.528482962343002782e+01
5.736834628244533087e+04 -1.432936176265035101e+04 9.448344236314279954e+01
5.736834628354211600e+04 -1.321480303483869830e+04 9.373997346813828813e+01
5.736834628463889385e+04 -1.202092678417155548e+04 9.293699839710102140e+01
5.736834628573567170e+04 -1.089425808110472099e+04 9.217281025303572051e+01
5.736834628683245683e+04 -9.794420505999480156e+03 9.142065962950833580e+01
5.736834628792923468e+04 -8.606901212870759991e+03 9.060153530269974453e+01
5.736834628902601980e+04 -7.396178885768646978e+03 8.975871065164314189e+01
5.736834629012279765e+04 -6.257902735661887164e+03 8.895903577176058263e+01
5.736834629121957551e+04 -5.116120258358980209e+03 8.814960984966836577e+01
5.736834629231636063e+04 -3.983324082754934807e+03 8.733914163550504384e+01
5.736834629341313848e+04 -2.790196501135146264e+03 8.647729589847830312e+01
5.736834629450991633e+04 -1.629363352182554081e+03 8.563045295267475865e+01
5.736834629560670146e+04 -4.696993325792850555e+02 8.477601683087469553e+01
5.736834629670347931e+04 8.568479414561621654e-01 nan
5.736834629780025716e+04 -1.871783999207008720e-01 8.442762285624361596e+01
5.736834629889704229e+04 -1.483568572496914151e-01 8.442759398989825570e+01
5.736834629999382014e+04 -1.120725799422529340e-01 8.442756701016602960e+01
5.736834630109059799e+04 -7.583972434541268182e-02 8.442754006866059058e+01
5.736834630218738312e+04 -3.960686127067430951e-02 8.442751312714098333e+01
5.736834630328416097e+04 -6.438688684483801807e-03 8.442748846441304522e+01
5.736834630438094609e+04 0.000000000000000000e+00 8.442748367682173694e+01
5.736834630547772394e+04 0.000000000000000000e+00 8.442748367682173694e+01
5.736834630657450180e+04 0.000000000000000000e+00 8.442748367682173694e+01
5.736834630767128692e+04 0.000000000000000000e+00 8.442748367682173694e+01
5.736834630876806477e+04 0.000000000000000000e+00 8.442748367682173694e+01
5.736834630986484262e+04 0.000000000000000000e+00 8.442748367682173694e+01
5.736834631096162775e+04 0.000000000000000000e+00 8.442748367682173694e+01
5.736834631205840560e+04 0.000000000000000000e+00 8.442748367682173694e+01
5.736834631315518345e+04 0.000000000000000000e+00 8.442748367682173694e+01
5.736834631425196858e+04 0.000000000000000000e+00 8.442748367682173694e+01
5.736834631534874643e+04 0.000000000000000000e+00 8.442748367682173694e+01
5.736834631644552428e+04 0.000000000000000000e+00 8.442748367682173694e+01
5.736834631754230941e+04 0.000000000000000000e+00 8.442748367682173694e+01
5.736834631863908726e+04 0.000000000000000000e+00 8.442748367682173694e+01
5.736834631973586511e+04 0.000000000000000000e+00 8.442748367682173694e+01
5.736834632083265024e+04 0.000000000000000000e+00 8.442748367682173694e+01
5.736834632192942809e+04 0.000000000000000000e+00 8.442748367682173694e+01
5.736834632302621321e+04 0.000000000000000000e+00 8.442748367682173694e+01
5.736834632412299106e+04 0.000000000000000000e+00 8.442748367682173694e+01
5.736834632521976891e+04 0.000000000000000000e+00 8.442748367682173694e+01
5.736834632631655404e+04 0.000000000000000000e+00 8.442748367682173694e+01
5.736834632741333189e+04 0.000000000000000000e+00 8.442748367682173694e+01
5.736834632851010974e+04 0.000000000000000000e+00 8.442748367682173694e+01
5.736834632960689487e+04 0.000000000000000000e+00 8.442748367682173694e+01
5.736834633070367272e+04 0.000000000000000000e+00 8.442748367682173694e+01
5.736834633180045057e+04 0.000000000000000000e+00 8.442748367682173694e+01
5.736834633289723570e+04 0.000000000000000000e+00 8.442748367682173694e+01
5.736834633399401355e+04 0.000000000000000000e+00 8.442748367682173694e+01
5.736834633509079140e+04 0.000000000000000000e+00 8.442748367682173694e+01
5.736834633618757653e+04 0.000000000000000000e+00 8.442748367682173694e+01
5.736834633728435438e+04 0.000000000000000000e+00 8.442748367682173694e+01
5.736834633838113950e+04 0.000000000000000000e+00 8.442748367682173694e+01
5.736834633947791735e+04 0.000000000000000000e+00 8.442748367682173694e+01
5.736834634057469520e+04 0.000000000000000000e+00 8.442748367682173694e+01
5.736834634167148033e+04 0.000000000000000000e+00 8.442748367682173694e+01
5.736834634276825818e+04 0.000000000000000000e+00 8.442748367682173694e+01
5.736834634386503603e+04 0.000000000000000000e+00 8.442748367682173694e+01
5.736834634496182116e+04 0.000000000000000000e+00 8.442748367682173694e+01
5.736834634605859901e+04 0.000000000000000000e+00 8.442748367682173694e+01
5.736834634715537686e+04 0.000000000000000000e+00 8.442748367682173694e+01
5.736834634825216199e+04 0.000000000000000000e+00 8.442748367682173694e+01
5.736834634934893984e+04 0.000000000000000000e+00 8.442748367682173694e+01
5.736834635044571769e+04 0.000000000000000000e+00 8.442748367682173694e+01
5.736834635154250282e+04 0.000000000000000000e+00 8.442748367682173694e+01
5.736834635263928067e+04 0.000000000000000000e+00 8.442748367682173694e+01
5.736834635373605852e+04 0.000000000000000000e+00 8.442748367682173694e+01
5.736834635483284364e+04 0.000000000000000000e+00 8.442748367682173694e+01
5.736834635592962150e+04 0.000000000000000000e+00 8.442748367682173694e+01
5.736834635702640662e+04 0.000000000000000000e+00 8.442748367682173694e+01
5.736834635812318447e+04 0.000000000000000000e+00 8.442748367682173694e+01
5.736834635921996232e+04 0.000000000000000000e+00 8.442748367682173694e+01
5.736834636031674745e+04 0.000000000000000000e+00 8.442748367682173694e+01
5.736834636141352530e+04 0.000000000000000000e+00 8.442748367682173694e+01
5.736834636251030315e+04 0.000000000000000000e+00 8.442748367682173694e+01
5.736834636360708828e+04 0.000000000000000000e+00 8.442748367682173694e+01
5.736834636470386613e+04 0.000000000000000000e+00 8.442748367682173694e+01
5.736834636580064398e+04 0.000000000000000000e+00 8.442748367682173694e+01
5.736834636689742911e+04 0.000000000000000000e+00 8.442748367682173694e+01
5.736834636799420696e+04 0.000000000000000000e+00 8.442748367682173694e+01
5.736834636909098481e+04 0.000000000000000000e+00 8.442748367682173694e+01
5.736834637018776994e+04 0.000000000000000000e+00 8.442748367682173694e+01
5.736834637128454779e+04 0.000000000000000000e+00 8.442748367682173694e+01
5.736834637238133291e+04 0.000000000000000000e+00 8.442748367682173694e+01
5.736834637347811076e+04 0.000000000000000000e+00 8.442748367682173694e+01
5.736834637457488861e+04 0.000000000000000000e+00 8.442748367682173694e+01
5.736834637567167374e+04 0.000000000000000000e+00 8.442748367682173694e+01
5.736834637676845159e+04 0.000000000000000000e+00 8.442748367682173694e+01
5.736834637786522944e+04 0.000000000000000000e+00 8.442748367682173694e+01
5.736834637896201457e+04 0.000000000000000000e+00 8.442748367682173694e+01
5.736834638005879242e+04 0.000000000000000000e+00 8.442748367682173694e+01
