5.742938096100000257e+04 5.057273067023429576e+03 5.882224446361978920e+01
5.742938096285345819e+04 4.988508684224480930e+03 5.847132745437463797e+01
5.742938096470691380e+04 5.112324668353413472e+03 5.911197108540967093e+01
5.742938096656036942e+04 5.078078171843914788e+03 5.892926870079864443e+01
5.742938096841383231e+04 5.191544968272405640e+03 5.953532383623014823e+01
5.742938097026728792e+04 5.266859279000140305e+03 5.994937021348374628e+01
5.742938097212074354e+04 5.218640176442733718e+03 5.970663471608632733e+01
5.742938097397419915e+04 5.205161841073850155e+03 5.963210966775536548e+01
5.742938097582765477e+04 5.255704491037420667e+03 5.990344940238917815e+01
5.742938097768111038e+04 5.456594514938387874e+03 6.093320907546943488e+01
5.742938097953457327e+04 5.807987381178028045e+03 6.272803994560993601e+01
5.742938098138802889e+04 6.356136865600724377e+03 6.540451537285153449e+01
5.742938098324148450e+04 7.800458223743441522e+03 7.197138902896332979e+01
5.742938098509494012e+04 1.078757011986605903e+04 8.395493012241955455e+01
5.742938098694839573e+04 1.558445224037397566e+04 1.002341328409987256e+02
5.742938098880185134e+04 2.119899174298456273e+04 1.164352676449682065e+02
5.742938099065531424e+04 2.544254500196870868e+04 1.273127631461233022e+02
5.742938099250876985e+04 2.655489467425484690e+04 1.300179521472463477e+02
5.742938099436222547e+04 2.645424369338632823e+04 1.297786028110590735e+02
5.742938099621568108e+04 2.628099082140917017e+04 1.293641722841776129e+02
5.742938099806913669e+04 2.645510212074324227e+04 1.297874171047734535e+02
5.742938099992259231e+04 2.593677853834974303e+04 1.285354038016772051e+02
5.742938100177605520e+04 2.450077031712611279e+04 1.249993145944034865e+02
5.742938100362951081e+04 2.306558330874712556e+04 1.213499357465799307e+02
5.742938100548296643e+04 2.236173415419416779e+04 1.195208360059361610e+02
5.742938100733642204e+04 2.346177456938290561e+04 1.223669601986545530e+02
5.742938100918987766e+04 2.653066761446816599e+04 1.299653369282895312e+02
5.742938101104333327e+04 2.809823799348157627e+04 1.336784781943605083e+02
5.742938101289679616e+04 2.714543250605042704e+04 1.314267622681354339e+02
5.742938101475025178e+04 2.598916906148062844e+04 1.286493213613487967e+02
5.742938101660370739e+04 2.482684152476600866e+04 1.258046184363782345e+02
5.742938101845716301e+04 2.484640103611099039e+04 1.258577120768339483e+02
5.742938102031061862e+04 2.598853948884910278e+04 1.286623277960051155e+02
5.742938102216407424e+04 2.741027626462346598e+04 1.320696240487796160e+02
5.742938102401753713e+04 2.918265103914623614e+04 1.362086781366912192e+02
5.742938102587099274e+04 2.999925780781180947e+04 1.380590306353934977e+02
5.742938102772444836e+04 3.036969661881185311e+04 1.388889375006386899e+02
5.742938102957790397e+04 3.038243562350518187e+04 1.389269679888960241e+02
5.742938103143135959e+04 2.997988433044586782e+04 1.380204204369590002e+02
5.742938103328481520e+04 2.894952394355694923e+04 1.356689390175946528e+02
5.742938103513827809e+04 2.731371252997215925e+04 1.318440778284553119e+02
5.742938103699173371e+04 2.586016017564292997e+04 1.283524721134429853e+02
5.742938103884518932e+04 2.602636140512774364e+04 1.287601214492429449e+02
5.742938104069864494e+04 2.729073202056717491e+04 1.317974316347111596e+02
5.742938104255210055e+04 2.847881093202681222e+04 1.345832108807447014e+02
5.742938104440555617e+04 2.741864558419613604e+04 1.320876209196190132e+02
5.742938104625901178e+04 2.554564195651326736e+04 1.275673096603851917e+02
5.742938104811247467e+04 2.363744751696479216e+04 1.228023129002414890e+02
5.742938104996593029e+04 2.168224866121606829e+04 1.177221038599209209e+02
5.742938105181938590e+04 2.128735719504137523e+04 1.166772588602225227e+02
5.742938105367284152e+04 2.104208437851382769e+04 1.160299287804508168e+02
5.742938105552629713e+04 2.208861146292178091e+04 1.188034268565198488e+02
5.742938105737975275e+04 2.543461947890033116e+04 1.273007294158228433e+02
5.742938105923321564e+04 2.944826681887781524e+04 1.367971158239605813e+02
5.742938106108667125e+04 3.086036072409995541e+04 1.399872996341186990e+02
5.742938106294012687e+04 2.954342533663624999e+04 1.370246766857063960e+02
5.742938106479358248e+04 2.965960328540999762e+04 1.372948071384682578e+02
5.742938106664703810e+04 2.906165494962190496e+04 1.359236610445234703e+02
5.742938106850049371e+04 2.870900940213375725e+04 1.351176981076422692e+02
5.742938107035395660e+04 2.843520134943725498e+04 1.344921370074618778e+02
5.742938107220741222e+04 2.626311715713932062e+04 1.293393250619148489e+02
5.742938107406086783e+04 2.548302140242128735e+04 1.274385404792876102e+02
5.742938107591432345e+04 2.521643441761880240e+04 1.267803819143284301e+02
5.742938107776777906e+04 2.385001364457739692e+04 1.233545775658375732e+02
5.742938107962123468e+04 2.249884546963927642e+04 1.198830947220406244e+02
5.742938108147469757e+04 2.168997343713543887e+04 1.177590129928257312e+02
5.742938108332815318e+04 2.113716190969627860e+04 1.162840220926797201e+02
5.742938108518160880e+04 2.138740058457643318e+04 1.169566180256435075e+02
5.742938108703506441e+04 2.393609488978216905e+04 1.235853436696911558e+02
5.742938108888852003e+04 2.687688805138861790e+04 1.308070455846159064e+02
5.742938109074197564e+04 2.893502639334275955e+04 1.356293452686649346e+02
5.742938109259543853e+04 3.163505716657524317e+04 1.417153868106217658e+02
5.742938109444889415e+04 3.282655993485830550e+04 1.443234843672196064e+02
5.742938109630234976e+04 3.069333849081774315e+04 1.396318801743430242e+02
5.742938109815580538e+04 2.791418938939109285e+04 1.332598539024924378e+02
5.742938110000926099e+04 2.541445051579282153e+04 1.272620340121763860e+02
5.742938110186271660e+04 2.426059169496614049e+04 1.243944890405969090e+02
5.742938110371617950e+04 2.432546249995065955e+04 1.245673698973242693e+02
5.742938110556963511e+04 2.343122849568182937e+04 1.223121834079629053e+02
5.742938110742309073e+04 2.221113194799454868e+04 1.191627098102018749e+02
5.742938110927654634e+04 2.217896666432556958e+04 1.190653270288357959e+02
5.742938111113000195e+04 2.337703458302536455e+04 1.221550425319793760e+02
5.742938111298345757e+04 2.616191089473576722e+04 1.290838959141206601e+02
5.742938111483692046e+04 2.920867230538707008e+04 1.362453046328593018e+02
5.742938111669037607e+04 3.053845688208029605e+04 1.392709185948565676e+02
5.742938111854383169e+04 2.868555368398161954e+04 1.350496809478586897e+02
5.742938112039728730e+04 2.662402826903107780e+04 1.301964268784979595e+02
5.742938112225074292e+04 2.664198633155236530e+04 1.302435484697737422e+02
5.742938112410419853e+04 2.866975710781369708e+04 1.350097535108068598e+02
5.742938112595765415e+04 2.971136778794946076e+04 1.374013977953272274e+02
5.742938112781111704e+04 2.819688184724067469e+04 1.339131803096433941e+02
5.742938112966457265e+04 2.576167383206099839e+04 1.281012131056650674e+02
5.742938113151802827e+04 2.490192189719204180e+04 1.259867877960108444e+02
5.742938113337148388e+04 2.427803231011516982e+04 1.244285650881913625e+02
5.742938113522493950e+04 2.341403158212834387e+04 1.222364457536275211e+02
5.742938113707839511e+04 2.516222667003842434e+04 1.266137736839898054e+02
5.742938113893185800e+04 2.822397988124445328e+04 1.339612376310241757e+02
5.742938114078531362e+04 2.774500923602122202e+04 1.328436274018572476e+02
5.742938114263876923e+04 2.714901053172644606e+04 1.314364178580157727e+02
5.742938114449222485e+04 2.691147913080201761e+04 1.308686287228545950e+02
5.742938114634568046e+04 2.596815605067730212e+04 1.285982734414041886e+02
5.742938114819913608e+04 2.549316257359243900e+04 1.274402691854700862e+02
5.742938115005259897e+04 2.539476904830459898e+04 1.272010134478017420e+02
5.742938115190605458e+04 2.498033604019444465e+04 1.261694131905482834e+02
5.742938115375951020e+04 2.567778338124352376e+04 1.279009249266553780e+02
5.742938115561296581e+04 2.620671921519330863e+04 1.291961310365950908e+02
5.742938115746642143e+04 2.577534852592146126e+04 1.281420192726259017e+02
5.742938115931987704e+04 2.423305741611468693e+04 1.243175946618964360e+02
5.742938116117333993e+04 2.276153610665703673e+04 1.205680970854713223e+02
5.742938116302679555e+04 2.507603572767415244e+04 1.264253091313868964e+02
5.742938116488025116e+04 2.892790132957129026e+04 1.356081196385881640e+02
5.742938116673370678e+04 3.199687662866595201e+04 1.425050324033403797e+02
5.742938116858716239e+04 3.262178727909656664e+04 1.438741865436112448e+02
5.742938117044061801e+04 3.052978429719997439e+04 1.392565019243369306e+02
5.742938117229408090e+04 2.832591857066837110e+04 1.342270159503026150e+02
5.742938117414753651e+04 2.715766611231971547e+04 1.314773707695465816e+02
5.742938117600099213e+04 2.638836625175466907e+04 1.296290908923912468e+02
5.742938117785444774e+04 2.618239336961555091e+04 1.291168757336838553e+02
5.742938117970790336e+04 2.665536764453594878e+04 1.302523254437316780e+02
5.742938118156135897e+04 2.861557360022647117e+04 1.348724393699339146e+02
5.742938118341482186e+04 2.885525611838236364e+04 1.354281597674273883e+02
5.742938118526827748e+04 2.836074165708383225e+04 1.342785925205704984e+02
5.742938118712173309e+04 2.892093623272171681e+04 1.355769681082770717e+02
5.742938118897518871e+04 2.798812769510096768e+04 1.334193613505007647e+02
5.742938119082864432e+04 2.793596494304967928e+04 1.333006220064785339e+02
5.742938119268209994e+04 2.868056830178697419e+04 1.350395114161600816e+02
5.742938119453555555e+04 2.787955154978559949e+04 1.331627050609377534e+02
5.742938119638901844e+04 2.602900955799188887e+04 1.287395511677856632e+02
5.742938119824247406e+04 2.573946524454910104e+04 1.280336065238643926e+02
5.742938120009592967e+04 2.610290403966644953e+04 1.289181444780955701e+02
5.742938120194938529e+04 2.553271585127684375e+04 1.275257884267016664e+02
5.742938120380284090e+04 2.632985995878846006e+04 1.294674967665162342e+02
5.742938120565629652e+04 2.704844972526730999e+04 1.311873400464179156e+02
5.742938120750975941e+04 2.485130074604352194e+04 1.258426097107402910e+02
5.742938120936321502e+04 2.197979640870477670e+04 1.184924300710521408e+02
5.742938121121667064e+04 2.125333421231184184e+04 1.165683911545829403e+02
5.742938121307012625e+04 2.313984524571325892e+04 1.215230250133599839e+02
5.742938121492358187e+04 2.558862374710397489e+04 1.276619472350883342e+02
5.742938121677703748e+04 2.724694458167499397e+04 1.316600721026283622e+02
5.742938121863050037e+04 2.987494040952101568e+04 1.377501236495382102e+02
5.742938122048395599e+04 3.000777767653391493e+04 1.380498501945766066e+02
5.742938122233741160e+04 2.786234410904369724e+04 1.331137218221289800e+02
5.742938122419086721e+04 2.652677210292380187e+04 1.299375090637836365e+02
5.742938122604432283e+04 2.735369441862824533e+04 1.319221953565086380e+02
5.742938122789777844e+04 2.662125740058732117e+04 1.301785773380345006e+02
5.742938122975124134e+04 2.484521120964772126e+04 1.258431047723473597e+02
5.742938123160469695e+04 2.327777596718545828e+04 1.218753792669288600e+02
5.742938123345815256e+04 2.457200164563766521e+04 1.251462341096390247e+02
5.742938123531160818e+04 2.790570105190318282e+04 1.332107146478560935e+02
5.742938123716506379e+04 2.880716521723434926e+04 1.353081537568569956e+02
5.742938123901851941e+04 2.649825182014186066e+04 1.298628105907593522e+02
5.742938124087198230e+04 2.587235188804678182e+04 1.283466609511467880e+02
5.742938124272543791e+04 2.687736914869707107e+04 1.307680161942584505e+02
5.742938124457889353e+04 2.747602611775050536e+04 1.322030605138007502e+02
5.742938124643234914e+04 2.894968983227336139e+04 1.356433527710423448e+02
5.742938124828580476e+04 3.061390031205637933e+04 1.394215034056048808e+02
5.742938125013926037e+04 3.124404920415130618e+04 1.408221071089137126e+02
5.742938125199272326e+04 3.034278893888327730e+04 1.388123671165252233e+02
5.742938125384617888e+04 2.813891992249119721e+04 1.337579776504574625e+02
5.742938125569963449e+04 2.716843388770111414e+04 1.314635210596353545e+02
5.742938125755309011e+04 2.755884637193306116e+04 1.323828031261315061e+02
5.742938125940654572e+04 2.766914209803572885e+04 1.326458150571760939e+02
5.742938126126000134e+04 2.709546263537618142e+04 1.312919704419992968e+02
5.742938126311346423e+04 2.709485215158331994e+04 1.312928219684973214e+02
5.742938126496691984e+04 2.736390367353687543e+04 1.319316469096273750e+02
5.742938126682037546e+04 2.811638410839965218e+04 1.337113997242265668e+02
5.742938126867383107e+04 2.570045805839361856e+04 1.279355556264114142e+02
5.742938127052728669e+04 2.538483615398736220e+04 1.271643305598017974e+02
5.742938127238074230e+04 2.740917526807410468e+04 1.320443993348761467e+02
5.742938127423419792e+04 2.781729345308964548e+04 1.330023786971522100e+02
5.742938127608766081e+04 2.707425392560221007e+04 1.312412811072924512e+02
5.742938127794111642e+04 2.536539916144644667e+04 1.271095609783779281e+02
5.742938127979457204e+04 2.514623316130989770e+04 1.265712916306280107e+02
5.742938128164802765e+04 2.594627050671324832e+04 1.285305421957687884e+02
5.742938128350148327e+04 2.690463807396844641e+04 1.308483964853457167e+02
5.742938128535493888e+04 2.738136674009055787e+04 1.319773327066836828e+02
5.742938128720840177e+04 2.729824095943192151e+04 1.317790550533144369e+02
5.742938128906185739e+04 2.613069632251698567e+04 1.289763987474538851e+02
5.742938129091531300e+04 2.440626136433385545e+04 1.247355154646746485e+02
5.742938129276876862e+04 2.318968094752081015e+04 1.216474389903073927e+02
5.742938129462222423e+04 2.505912241203948361e+04 1.263602566294663490e+02
5.742938129647567985e+04 2.752580287145813054e+04 1.323175792077165909e+02
5.742938129832914274e+04 2.688504343532015992e+04 1.308065048101554453e+02
5.742938130018259835e+04 2.680919422953812682e+04 1.306195719232303531e+02
5.742938130203605397e+04 2.779340400687545480e+04 1.329472667100999388e+02
5.742938130388950958e+04 2.964806380453954625e+04 1.372404792284507664e+02
5.742938130574296520e+04 3.132204549734702596e+04 1.409989896955437985e+02
5.742938130759642081e+04 3.335008013478927751e+04 1.454251376534128326e+02
5.742938130944988370e+04 3.117817324744835059e+04 1.406797028958775400e+02
5.742938131130333932e+04 2.612326136860601400e+04 1.289541519079415934e+02
5.742938131315679493e+04 2.274657489774729038e+04 1.204911185715051403e+02
5.742938131501025055e+04 2.112908461460899707e+04 1.162319753964147395e+02
5.742938131686370616e+04 2.192278344794338045e+04 1.183376131377227267e+02
5.742938131871716178e+04 2.657774347928014322e+04 1.300432853945491161e+02
5.742938132057062467e+04 2.926478359569329041e+04 1.363521189050933629e+02
5.742938132242408028e+04 2.936247171023748524e+04 1.365807828630746315e+02
5.742938132427753590e+04 2.906999362707992623e+04 1.359089021134994368e+02
5.742938132613099151e+04 2.760253998949039669e+04 1.324944782662891782e+02
5.742938132798444713e+04 2.543844040861084795e+04 1.272904018212720132e+02
5.742938132983790274e+04 2.442300281011611878e+04 1.247714968384992176e+02
5.742938133169136563e+04 2.390133213750481445e+04 1.234639936598689474e+02
5.742938133354482125e+04 2.334781466750706750e+04 1.220676166216052962e+02
5.742938133539827686e+04 2.630387381672292759e+04 1.294116873051759455e+02
5.742938133725173248e+04 2.838662062509063617e+04 1.343413481218254617e+02
5.742938133910518809e+04 2.618756253203930464e+04 1.291259555701705892e+02
5.742938134095864370e+04 2.470602208576937119e+04 1.254744527203330335e+02
5.742938134281210660e+04 2.445340014846220947e+04 1.248486897779602458e+02
5.742938134466556221e+04 2.483482214553512313e+04 1.258032349986576293e+02
5.742938134651901782e+04 2.608416386517570209e+04 1.288766835540408522e+02
5.742938134837247344e+04 2.688220181461332322e+04 1.307932865300901426e+02
5.742938135022592905e+04 2.820025029308343073e+04 1.338967825778144345e+02
5.742938135207938467e+04 2.979256906259408788e+04 1.375616245914836213e+02
5.742938135393284028e+04 3.023752420190578414e+04 1.385667166458107147e+02
5.742938135578630317e+04 2.888813823571045214e+04 1.354857656207573768e+02
5.742938135763975879e+04 2.763317596926171245e+04 1.325649608082032387e+02
5.742938135949321440e+04 2.859420824218403868e+04 1.348151325009693267e+02
5.742938136134667002e+04 2.808235384315869305e+04 1.336233629848857447e+02
5.742938136320012563e+04 2.674890117209844539e+04 1.304484319839715454e+02
5.742938136505358125e+04 2.601895975545695910e+04 1.286986165723424165e+02
5.742938136690704414e+04 2.550650302808545894e+04 1.274402158238798535e+02
5.742938136876049975e+04 2.578197674014182121e+04 1.281035591607491995e+02
5.742938137061395537e+04 2.929847855168332535e+04 1.364142502083977888e+02
5.742938137246741098e+04 3.259215855661106252e+04 1.437554992406512326e+02
5.742938137432086660e+04 3.121388539950538689e+04 1.407248110157584335e+02
5.742938137617432221e+04 2.814926436128088608e+04 1.337461414762478853e+02
5.742938137802778510e+04 2.638492437214038728e+04 1.295552655015769119e+02
5.742938137988124072e+04 2.581417614838896407e+04 1.281742693640096036e+02
5.742938138173469633e+04 2.488804915284815434e+04 1.259025747455729487e+02
5.742938138358815195e+04 2.663682677097360283e+04 1.301601062245007938e+02
5.742938138544160756e+04 2.818735447819729598e+04 1.338249135087115747e+02
5.742938138729506318e+04 2.792093037901172647e+04 1.332038183896777070e+02
5.742938138914852607e+04 2.621993077201224150e+04 1.291574384022241873e+02
5.742938139100198168e+04 2.480813990181669215e+04 1.256906768773783512e+02
5.742938139285543730e+04 2.463165716105516549e+04 1.252461124042206677e+02
5.742938139470889291e+04 2.497380328373906741e+04 1.261001328143460825e+02
5.742938139656234853e+04 2.565846791658689835e+04 1.277893642451856806e+02
5.742938139841580414e+04 2.690912837535482322e+04 1.308078664583880482e+02
5.742938140026926703e+04 2.695482530222753485e+04 1.309145537985671126e+02
5.742938140212272265e+04 2.493475311512571716e+04 1.260065807709142689e+02
5.742938140397617826e+04 2.429288322531812082e+04 1.244023972618111884e+02
5.742938140582963388e+04 2.463220340684483017e+04 1.252551013697817268e+02
5.742938140768308949e+04 2.371208501677560344e+04 1.229350564610135450e+02
5.742938140953654511e+04 2.323708509218231120e+04 1.217226444401009644e+02
5.742938141139000800e+04 2.416134215927429614e+04 1.240685186385318275e+02
5.742938141324346361e+04 2.603590675185982400e+04 1.287115838343744940e+02
5.742938141509691923e+04 2.530121773498169205e+04 1.269148740721057749e+02
5.742938141695037484e+04 2.465897791343367498e+04 1.253224504360074008e+02
5.742938141880383046e+04 2.685116342966736556e+04 1.306739931096822147e+02
5.742938142065728607e+04 3.096564189620822799e+04 1.401639055364799162e+02
5.742938142251074896e+04 3.149036841369129979e+04 1.413264704233768612e+02
5.742938142436420458e+04 2.934707500935119606e+04 1.365074832943060983e+02
5.742938142621766019e+04 2.664006341639732636e+04 1.301646660894084278e+02
5.742938142807111581e+04 2.589021840375016109e+04 1.283416686544667868e+02
5.742938142992457142e+04 2.547948795688102109e+04 1.273503856130471519e+02
5.742938143177802704e+04 2.545158259630804605e+04 1.272773964701554235e+02
5.742938143363148265e+04 2.600498407153231892e+04 1.286308767905121897e+02
5.742938143548494554e+04 2.621540791321382858e+04 1.291374537912711560e+02
5.742938143733840116e+04 2.823426201444671096e+04 1.339312056958988819e+02
5.742938143919185677e+04 3.153691753008439628e+04 1.414321454508401814e+02
5.742938144104531239e+04 3.125340899507631184e+04 1.408018175295531478e+02
5.742938144289876800e+04 2.912503600091455883e+04 1.359971309886677489e+02
5.742938144475222362e+04 2.533910318699735944e+04 1.270035202875005496e+02
5.742938144660568651e+04 2.384586853212657661e+04 1.232755614566599149e+02
5.742938144845914212e+04 2.460219074086690307e+04 1.251768706004010170e+02
5.742938145031259774e+04 2.478927759721863913e+04 1.256468544802526139e+02
5.742938145216605335e+04 2.437659027118177983e+04 1.246131673335191721e+02
5.742938145401950896e+04 2.569388457245752215e+04 1.278815568059473549e+02
5.742938145587296458e+04 2.967649345194527632e+04 1.372602602218401557e+02
5.742938145772642747e+04 3.338720241188052023e+04 1.454638238271406010e+02
5.742938145957988309e+04 3.238866578359223058e+04 1.433073603109321539e+02
5.742938146143333870e+04 2.764133703685173168e+04 1.325490056437860744e+02
5.742938146328679431e+04 2.508500064233443845e+04 1.263777882026896577e+02
5.742938146514024993e+04 2.430410721540767190e+04 1.244330818210830074e+02
5.742938146699370554e+04 2.552401827449184930e+04 1.274558467955243799e+02
5.742938146884716843e+04 2.838176082654264246e+04 1.342896941237221142e+02
5.742938147070062405e+04 2.763104316966543047e+04 1.325312765308874248e+02
5.742938147255407966e+04 2.438240590846375926e+04 1.246312422897394754e+02
5.742938147440753528e+04 2.269794675383206413e+04 1.203322126071161620e+02
5.742938147626099089e+04 2.320869575239297774e+04 1.216508837270295516e+02
5.742938147811444651e+04 2.393542518747259601e+04 1.234995998483773576e+02
5.742938147996790940e+04 2.430344598543933898e+04 1.244305878267625189e+02
5.742938148182136501e+04 2.369652412175418067e+04 1.228957447684248336e+02
5.742938148367482063e+04 2.275736511706344754e+04 1.204912918617636706e+02
5.742938148552827624e+04 2.282625313825440389e+04 1.206739470310581339e+02
5.742938148738173186e+04 2.431276547370300977e+04 1.244576000872332315e+02
5.742938148923518747e+04 2.656495732898719507e+04 1.299839406003661963e+02
5.742938149108865036e+04 2.814304091271616926e+04 1.337277327416077242e+02
5.742938149294210598e+04 3.038677878006956962e+04 1.388757510193430278e+02
5.742938149479556159e+04 3.142356718347331116e+04 1.411925526884206192e+02
5.742938149664901721e+04 3.000326866610573052e+04 1.380176211182678401e+02
5.742938149850247282e+04 2.791149624806542488e+04 1.331904123727041167e+02
5.742938150035592844e+04 2.615869980933653278e+04 1.290082412822019933e+02
5.742938150220938405e+04 2.497799846344696198e+04 1.261151625105748764e+02
5.742938150406284694e+04 2.361634812027938460e+04 1.226924777175571109e+02
5.742938150591630256e+04 2.296277243761870341e+04 1.210197583998583752e+02
5.742938150776975817e+04 2.397893895974414772e+04 1.236146974895060424e+02
5.742938150962321379e+04 2.612293968265935109e+04 1.289206561731268437e+02
5.742938151147666940e+04 2.692893095883344358e+04 1.308592633615839702e+02
5.742938151333012502e+04 2.613588712355593816e+04 1.289497105339778500e+02
5.742938151518358791e+04 2.343179255797625592e+04 1.222148791206516592e+02
5.742938151703704352e+04 2.230899703914273050e+04 1.193159180088599953e+02
5.742938151889049914e+04 2.131242219455816303e+04 1.166729847091456094e+02
5.742938152074395475e+04 2.108300633020509849e+04 1.160575306062248870e+02
5.742938152259741037e+04 2.281529755530183320e+04 1.206329383125419383e+02
5.742938152445086598e+04 2.311185859421365240e+04 1.213973205500237071e+02
5.742938152630432887e+04 2.315909554085168566e+04 1.215259303982782342e+02
5.742938152815778449e+04 2.473745516748292721e+04 1.255226881918099622e+02
5.742938153001124010e+04 2.601937162981344591e+04 1.286756743953921216e+02
5.742938153186469572e+04 2.646992939172260230e+04 1.297677204902131223e+02
5.742938153371815133e+04 2.725836735598799714e+04 1.316506600288342668e+02
5.742938153557160695e+04 2.743070764427579343e+04 1.320597301947167068e+02
5.742938153742506984e+04 2.744818919171420566e+04 1.320963086478656976e+02
5.742938153927852545e+04 2.650094042327946590e+04 1.298456572921683687e+02
5.742938154113198107e+04 2.552127222309295757e+04 1.274571817325811907e+02
5.742938154298543668e+04 2.393341215279342941e+04 1.235051944605851304e+02
5.742938154483889230e+04 2.326160977350890244e+04 1.217947301680427472e+02
5.742938154669234791e+04 2.465745887995319572e+04 1.253290214253078716e+02
5.742938154854581080e+04 2.598728340063201176e+04 1.285908853595348376e+02
5.742938155039926642e+04 2.701763056102029441e+04 1.310723588810991203e+02
5.742938155225272203e+04 2.739845655962354431e+04 1.319836982520272954e+02
5.742938155410617765e+04 2.735535551797632797e+04 1.318775680825946495e+02
5.742938155595963326e+04 2.698116522638296010e+04 1.309862253111490418e+02
5.742938155781308888e+04 2.670505889564615063e+04 1.303255766204657107e+02
5.742938155966655177e+04 2.689336019947591558e+04 1.307722783506892767e+02
5.742938156152000738e+04 2.944280510143413267e+04 1.367326583083068385e+02
5.742938156337346300e+04 3.080248661812589125e+04 1.398029084412831651e+02
5.742938156522691861e+04 3.003533185334637164e+04 1.380813193839780695e+02
5.742938156708037423e+04 2.796738290882183355e+04 1.333109703495414351e+02
5.742938156893382984e+04 2.645182628280523568e+04 1.297112670300523689e+02
5.742938157078729273e+04 2.606730070202846400e+04 1.287799614238922743e+02
5.742938157264074835e+04 2.669671434199221039e+04 1.302981612204476392e+02
5.742938157449420396e+04 2.647009536181099611e+04 1.297500037510052948e+02
5.742938157634765957e+04 2.506067797660463839e+04 1.263078454678311715e+02
5.742938157820111519e+04 2.398595326498838403e+04 1.236274684886003286e+02
5.742938158005457080e+04 2.505995350365584454e+04 1.263086807055097154e+02
5.742938158190802642e+04 2.613828222391896998e+04 1.289395720041724758e+02
5.742938158376148931e+04 2.510821664529124610e+04 1.264221163219686730e+02
5.742938158561494492e+04 2.562012436363060260e+04 1.276864733709958557e+02
5.742938158746840054e+04 2.666279709762972561e+04 1.302110669828771279e+02
5.742938158932185615e+04 2.803985024251097639e+04 1.334737687011953824e+02
5.742938159117531177e+04 2.791556500641328239e+04 1.331877586868036758e+02
5.742938159302876738e+04 2.658900411948403780e+04 1.300258214343631380e+02
5.742938159488223027e+04 2.566815613714667052e+04 1.277957846418438521e+02
5.742938159673568589e+04 2.691671239735487325e+04 1.308213064863471971e+02
5.742938159858914150e+04 3.131196015942565646e+04 1.409262232854615320e+02
5.742938160044259712e+04 3.351910953917672305e+04 1.457356399576389094e+02
5.742938160229605273e+04 3.109248124023181299e+04 1.404403440125256850e+02
5.742938160414950835e+04 2.990367713044751144e+04 1.377671505335196116e+02
5.742938160600297124e+04 2.656331626831140966e+04 1.299726615054627814e+02
5.742938160785642685e+04 2.404904781308210659e+04 1.237790086326531451e+02
5.742938160970988247e+04 2.535998966645628752e+04 1.270429102296742485e+02
5.742938161156333808e+04 2.767958454815505684e+04 1.326336300365415468e+02
5.742938161341679370e+04 2.780907989886365613e+04 1.329383492163322558e+02
5.742938161527024931e+04 2.682456857247443622e+04 1.306010334322555195e+02
5.742938161712371220e+04 2.481545299839915970e+04 1.256969822176989169e+02
5.742938161897716782e+04 2.331137820759876922e+04 1.219026106177094135e+02
5.742938162083062343e+04 2.301029965822567101e+04 1.211258599526802442e+02
5.742938162268407905e+04 2.338002280311759387e+04 1.220795729565808045e+02
5.742938162453753466e+04 2.281679882597482356e+04 1.206301460829387793e+02
5.742938162639099028e+04 2.073726979910211958e+04 1.151134607845749400e+02
5.742938162824445317e+04 1.962387285451775097e+04 1.120517426072316027e+02
5.742938163009790878e+04 1.843679030952764151e+04 1.086876249507758985e+02
5.742938163195136440e+04 1.657347677952068625e+04 1.031971176355063307e+02
5.742938163380482001e+04 1.354796884489350487e+04 9.359665743770428037e+01
5.742938163565827563e+04 1.046223733552043632e+04 8.265711033423281151e+01
5.742938163751173124e+04 7.880598765926411033e+03 7.224734787778628231e+01
5.742938163936519413e+04 6.377839887890248065e+03 6.541527770454952417e+01
5.742938164121864975e+04 5.572139943922638849e+03 6.145030951379132489e+01
5.742938164307210536e+04 5.098664545354746224e+03 5.899262633065644224e+01
5.742938164492556098e+04 4.822744484550637935e+03 5.750733634721467524e+01
5.742938164677901659e+04 4.614638657443787451e+03 5.635292791944905133e+01
5.742938164863247221e+04 4.555851809086160756e+03 5.602281367394472511e+01
5.742938165048593510e+04 4.458104143471136922e+03 5.546994289430686820e+01
5.742938165233939071e+04 4.359369432125907224e+03 5.492100470246427335e+01
5.742938165419284633e+04 4.441931995539351192e+03 5.538652317971366301e+01
5.742938165604630194e+04 4.503877683594624614e+03 5.575635919224153980e+01
