2.457363987172000110e+06 2.949460233823903036e+04 1.397612002478511499e+02
2.457363987189377658e+06 2.948395355233366354e+04 1.397227405861993930e+02
2.457363987206754740e+06 2.981626174023343629e+04 1.404475460822245907e+02
2.457363987224131823e+06 3.028393583830255011e+04 1.414810761539400232e+02
2.457363987241509371e+06 3.086935878373834566e+04 1.427566136883192485e+02
2.457363987258886918e+06 3.169270285131962737e+04 1.444060174136798196e+02
2.457363987276264001e+06 2.814811288707556741e+04 1.368680526184156179e+02
2.457363987293641083e+06 2.979878273562664981e+04 1.403851410301151077e+02
2.457363987311018631e+06 2.884497997836711511e+04 1.383835622262589027e+02
2.457363987328396179e+06 2.849932517476312933e+04 1.376107368113211464e+02
2.457363987345773261e+06 2.923994577672914238e+04 1.392459326614380188e+02
2.457363987363150343e+06 3.064225094760652428e+04 1.422124215081429668e+02
2.457363987380527891e+06 3.083528980227766442e+04 1.426591168230591791e+02
2.457363987397905439e+06 2.907928906016481051e+04 1.388643254089725190e+02
2.457363987415282521e+06 2.932180495324087315e+04 1.393998256686284662e+02
2.457363987432659604e+06 3.142618866897936459e+04 1.438545843272882223e+02
2.457363987450037152e+06 2.974196404139014339e+04 1.403085589370309947e+02
2.457363987467414699e+06 3.033815046581709248e+04 1.416072845435644751e+02
2.457363987484791782e+06 2.602650259996335444e+04 1.321201665904380036e+02
2.457363987502168864e+06 2.878990174361479512e+04 1.382554146523760608e+02
2.457363987519546412e+06 3.212205924385756225e+04 1.453278362239622936e+02
2.457363987536923960e+06 2.815654934606278402e+04 1.368375611690447613e+02
2.457363987554301042e+06 3.106515793037867115e+04 1.431032347941382454e+02
2.457363987571678124e+06 3.150437233278407075e+04 1.439916172166250874e+02
2.457363987589055672e+06 2.876361268158182793e+04 1.382190573394477155e+02
2.457363987606433220e+06 2.740884616501902201e+04 1.352137254341198229e+02
2.457363987623810302e+06 2.881206247478027217e+04 1.383057089097860057e+02
2.457363987641187385e+06 2.832218496401987068e+04 1.372256381380776702e+02
2.457363987658564933e+06 3.127921659698555231e+04 1.435173311961857507e+02
2.457363987675942481e+06 3.006827620139151259e+04 1.409652491506432455e+02
2.457363987693319563e+06 2.723177950610499829e+04 1.348329677183220099e+02
2.457363987710696645e+06 2.880235687871753180e+04 1.382586014956167730e+02
2.457363987728074193e+06 2.531462895482122258e+04 1.305141694147230567e+02
2.457363987745451741e+06 3.058924312249666764e+04 1.421594884903904017e+02
2.457363987762828823e+06 3.442483000853747944e+04 1.499943605482325495e+02
2.457363987780205905e+06 3.154394214182428914e+04 1.440709199248432810e+02
2.457363987797583453e+06 2.851236206136414330e+04 1.375940434154815648e+02
2.457363987814961001e+06 3.066335141491806280e+04 1.422337335343862605e+02
2.457363987832338084e+06 2.883405909113848611e+04 1.383097775324596341e+02
2.457363987849715166e+06 2.836888897357719907e+04 1.373478993978092433e+02
2.457363987867092714e+06 2.959189015796863532e+04 1.400024419738917345e+02
