# zp=26.577
5.742236268150000251e+04 1.777112129860861955e+01 2.618220820856427544e-02
5.742236268880994612e+04 1.799128373266614744e+01 3.156256861722547130e-02
5.742236269611988246e+04 1.804330042274175838e+01 3.381402355436451818e-02
5.742236270342982607e+04 1.794548854188327880e+01 3.240666968301298551e-02
5.742236271073976968e+04 1.763774646244613820e+01 2.544402135790511943e-02
5.742236271804971329e+04 1.715859253587443334e+01 1.775556108582355269e-02
5.742236272535964963e+04 1.684965763302205488e+01 1.435500546848616880e-02
5.742236273266959324e+04 1.677389408137439020e+01 1.357652463280856550e-02
5.742236273997953685e+04 1.694578864103364424e+01 1.529632127942992179e-02
5.742236274728947319e+04 1.736524489019127060e+01 2.071941324513472057e-02
5.742236275459941680e+04 1.789617747782718027e+01 3.106726615380682802e-02
5.742236276190936042e+04 1.809198707032426512e+01 3.556924326473680925e-02
5.742236276921930403e+04 1.796155554872388649e+01 3.083918838429165060e-02
5.742236277652924036e+04 1.784942122245363549e+01 2.722931843786144390e-02
5.742236278383918398e+04 1.780980521236677205e+01 2.600785789642127283e-02
5.742236279114912759e+04 1.780037645435861293e+01 2.552894285620077239e-02
5.742236279845906392e+04 1.787277874495458718e+01 2.665343232209427607e-02
5.742236280576900754e+04 1.780987415423178533e+01 2.560847846244424658e-02
5.742236281307895115e+04 1.780061018456672173e+01 2.511378981631252547e-02
5.742236282038889476e+04 1.784976482396469777e+01 2.595300628742720772e-02
5.742236282769883110e+04 1.788603333893939151e+01 2.592743782319291770e-02
5.742236283500877471e+04 1.783602376413038826e+01 2.517087566748941671e-02
5.742236284231871832e+04 1.780270062984940083e+01 2.515716350043655306e-02
5.742236284962865466e+04 1.781559967756030716e+01 2.520772135019304014e-02
5.742236285693859827e+04 1.780718081363785998e+01 2.535609810887688026e-02
5.742236286424854188e+04 1.778420496079306901e+01 2.529065834788119319e-02
5.742236287155848549e+04 1.785405438902761333e+01 2.648762652934528658e-02
5.742236287886842183e+04 1.790363605967733918e+01 2.717741976312068944e-02
5.742236288617836544e+04 1.782956596632438462e+01 2.620333150755238885e-02
5.742236289348830906e+04 1.781541980936463432e+01 2.595974827746084374e-02
5.742236290079824539e+04 1.782379237055732801e+01 2.590394602315077358e-02
5.742236290810818900e+04 1.778055097399402484e+01 2.519416987601697314e-02
5.742236291541813262e+04 1.776250581875223844e+01 2.491784857059571590e-02
5.742236292272807623e+04 1.773894571636391149e+01 2.465887081064352046e-02
5.742236293003801256e+04 1.767214957335837866e+01 2.386981433351955881e-02
5.742236293734795618e+04 1.776874792929350377e+01 2.503670554249472213e-02
5.742236294465789979e+04 1.774912133000394121e+01 2.515367164698973160e-02
5.742236295196783612e+04 1.774234277252325498e+01 2.528892992283600025e-02
5.742236295927777974e+04 1.773430373020911333e+01 2.465332971093583264e-02
5.742236296658772335e+04 1.767791822727812701e+01 2.380920577269801316e-02
5.742236297389766696e+04 1.770969945000410206e+01 2.400349143849979730e-02
5.742236298120760330e+04 1.776211244514386678e+01 2.479282898801725768e-02
5.742236298851754691e+04 1.781016512677103947e+01 2.575668921250164750e-02
5.742236299582749052e+04 1.781310341952589482e+01 2.580376660138361880e-02
5.742236300313742686e+04 1.781105863691939106e+01 2.560354184867284777e-02
5.742236301044737047e+04 1.772240913517806860e+01 2.405924258111554609e-02
5.742236301775731408e+04 1.775005813549978484e+01 2.456481868656536921e-02
5.742236302506725769e+04 1.778971047052573340e+01 2.519113408209202459e-02
5.742236303237719403e+04 1.779588106933544012e+01 2.555278664401788163e-02
5.742236303968713764e+04 1.780956271044932038e+01 2.578563102830096557e-02
5.742236304699708126e+04 1.783015629200384211e+01 2.589642462876638393e-02
5.742236305430702487e+04 1.785493186848269431e+01 2.658556041492440500e-02
5.742236306161696120e+04 1.783164777092539310e+01 2.607480434164113556e-02
5.742236306892690482e+04 1.778251946608496326e+01 2.515479808604899684e-02
5.742236307623684843e+04 1.781805089429392552e+01 2.576854393014918476e-02
5.742236308354678476e+04 1.777145862975044821e+01 2.455703607000773309e-02
5.742236309085672838e+04 1.773160088954325886e+01 2.408776371152889645e-02
5.742236309816667199e+04 1.767001441203422729e+01 2.324229399804545598e-02
5.742236310547661560e+04 1.769592547494464796e+01 2.366454311965202062e-02
5.742236311278655194e+04 1.770922949379964706e+01 2.395143100739328956e-02
5.742236312009649555e+04 1.777020262217470048e+01 2.540541982885574646e-02
5.742236312740643916e+04 1.780837505033187185e+01 2.590409209351875533e-02
5.742236313471637550e+04 1.774476797068822975e+01 2.483399434246916920e-02
5.742236314202631911e+04 1.781069306746523040e+01 2.641950836009868131e-02
5.742236314933626272e+04 1.782807729835104027e+01 2.691778254845818980e-02
5.742236315664620633e+04 1.779206647329583646e+01 2.626892844148643810e-02
5.742236316395614267e+04 1.776267048220505984e+01 2.575346335566789865e-02
5.742236317126608628e+04 1.776142819465047396e+01 2.580155325000769648e-02
5.742236317857602990e+04 1.769442510693146886e+01 2.587700467234290910e-02
5.742236318588596623e+04 1.761235162703697199e+01 2.527073661095671428e-02
5.742236319319590984e+04 1.762633215048839475e+01 2.563996531351389954e-02
5.742236320050585346e+04 1.757710505768861964e+01 2.502301857334646856e-02
5.742236320781579707e+04 1.755982070767847603e+01 2.443229286786639115e-02
5.742236321512573340e+04 1.771917227006771611e+01 2.577850746155713191e-02
5.742236322243567702e+04 1.769526038115188271e+01 2.721820829818399901e-02
5.742236322974562063e+04 1.766031302905143363e+01 2.677908177503641324e-02
5.742236323705555697e+04 1.763129709525902200e+01 2.609239914319574916e-02
5.742236324436550058e+04 1.757380474893138711e+01 2.522908914223126464e-02
5.742236325167544419e+04 1.756284919031170233e+01 2.484408726098303113e-02
5.742236325898538780e+04 1.757476129267257647e+01 2.502791419579758481e-02
5.742236326629532414e+04 1.751205001154071184e+01 2.403691353988034185e-02
5.742236327360526775e+04 1.752316172852116694e+01 2.438351151808270528e-02
5.742236328091521136e+04 1.756374138451601397e+01 2.484863955211581016e-02
5.742236328822514770e+04 1.752224231864821036e+01 2.429408755884250593e-02
5.742236329553509131e+04 1.755985696149689090e+01 2.537239300687436916e-02
5.742236330284503492e+04 1.758446560462047259e+01 2.582970864085342225e-02
5.742236331015497854e+04 1.765939119572402660e+01 2.657872957925725907e-02
5.742236331746491487e+04 1.763633500742355054e+01 2.614156857826330921e-02
5.742236332477485848e+04 1.769171281378545757e+01 2.751822070359669081e-02
5.742236333208480210e+04 1.767381954093149687e+01 2.706072843426914065e-02
5.742236333939473843e+04 1.762302176131912645e+01 2.609731089951611294e-02
5.742236334670468204e+04 1.769106874199721346e+01 2.840683438736180816e-02
5.742236335401462566e+04 1.765745141695647291e+01 2.827757601595596443e-02
5.742236336132456927e+04 1.757457886712940365e+01 2.604824354148764162e-02
5.742236336863450560e+04 1.738555468326516973e+01 2.226266199782118288e-02
5.742236337594444922e+04 1.725472428664647850e+01 2.009393633603858906e-02
