5.733649081619999924e+04 1.252489005442415873e+04 9.628336044117847337e+01
5.733649648245765275e+04 1.234583616032007922e+04 9.576733130312243247e+01
5.733650214871529897e+04 1.236143673376400693e+04 9.579205685440528839e+01
5.733650781497295247e+04 1.243053028006452587e+04 9.599881798133802135e+01
5.733651348123059870e+04 1.238346240848189700e+04 9.585224928310231007e+01
5.733651914748825220e+04 1.237199016495420801e+04 9.585998232281919229e+01
5.733652481374590570e+04 1.248903519427390711e+04 9.622884621076687495e+01
5.733653048000355193e+04 1.249363409260190019e+04 9.618631215087650332e+01
5.733653614626120543e+04 1.250172849845991732e+04 9.624649783944263959e+01
5.733654181251885166e+04 1.234095066050782043e+04 9.572528990235426249e+01
5.733654747877650516e+04 1.237973019671611837e+04 9.587429922817003103e+01
5.733655314503415866e+04 1.234486411180069990e+04 9.575264969053091590e+01
5.733655881129180489e+04 1.244668089427009363e+04 9.603586826992514602e+01
5.733656447754945839e+04 1.247586903600493679e+04 9.615806168308449742e+01
5.733657014380711189e+04 1.250851996222380876e+04 9.628791914493081094e+01
5.733657581006475812e+04 1.252848232225236643e+04 9.631048935148024270e+01
5.733658147632241162e+04 1.233794205026629061e+04 9.574434277987889175e+01
5.733658714258005784e+04 1.244620643981532339e+04 9.606001515540874891e+01
5.733659280883771135e+04 1.258470257365342331e+04 9.647386667638548374e+01
5.733659847509536485e+04 1.293617838936390399e+04 9.758845914784295417e+01
5.733660414135301107e+04 1.301731971748021169e+04 9.778033830364844903e+01
5.733660980761066457e+04 1.266597425944643510e+04 9.673086966762248551e+01
5.733661547386831080e+04 1.228898703015490537e+04 9.562393167165789976e+01
5.733662114012596430e+04 1.189012464127161729e+04 9.435263318678372002e+01
5.733662680638361780e+04 1.166023911571176723e+04 9.369258126459055802e+01
5.733663247264126403e+04 1.135415793663174554e+04 9.278530530649031505e+01
5.733663813889891753e+04 1.097699162213885757e+04 9.156716814527285919e+01
5.733664380515656376e+04 1.051570650738923359e+04 9.004897242827635750e+01
5.733664947141421726e+04 1.021967716379918420e+04 8.902175754810382102e+01
5.733665513767187076e+04 9.982210405273972356e+03 8.833141074902542300e+01
5.733666080392951699e+04 9.493848677246141960e+03 8.676615042083689389e+01
5.733666647018717049e+04 9.184944978758754587e+03 8.566618396017015868e+01
5.733667213644482399e+04 8.737315575373366300e+03 8.407161457538836657e+01
5.733667780270247022e+04 8.379999956000907332e+03 8.289851742514061073e+01
5.733668346896012372e+04 8.208239156777552125e+03 8.226589333713958752e+01
5.733668913521776994e+04 8.346704213895971407e+03 8.272211929540227970e+01
5.733669480147542345e+04 8.671701497468255184e+03 8.376839191376237181e+01
5.733670046773307695e+04 8.819326681612645189e+03 8.442721707010649368e+01
5.733670613399072317e+04 8.722158405846723326e+03 8.411355540859601376e+01
5.733671180024837668e+04 8.755074358569323522e+03 8.419855674927539724e+01
5.733671746650602290e+04 8.713911241343583242e+03 8.401277132306589124e+01
5.733672313276367640e+04 8.723312573875009548e+03 8.408039324486188093e+01
5.733672879902132991e+04 8.704960578011139660e+03 8.403783354818442319e+01
5.733673446527897613e+04 8.788685931025069294e+03 8.432904447842823004e+01
5.733674013153662963e+04 8.744950644537764674e+03 8.418106968206264185e+01
5.733674579779427586e+04 8.760172321074713182e+03 8.428045700517139949e+01
5.733675146405192936e+04 8.785982826449337153e+03 8.438319355243821462e+01
5.733675713030958286e+04 8.693482912709279844e+03 8.403668991340708772e+01
5.733676279656722909e+04 8.732086818894149474e+03 8.421324847022368942e+01
5.733676846282488259e+04 8.649722796721162013e+03 8.389877663521795625e+01
5.733677412908253609e+04 8.948097491769454791e+03 8.494502145565854789e+01
5.733677979534018232e+04 8.821872155486038537e+03 8.446563435585275670e+01
5.733678546159783582e+04 8.655129940934750266e+03 8.387106698644082314e+01
5.733679112785548205e+04 8.792278727711469401e+03 8.436258445449715282e+01
5.733679679411313555e+04 8.827723596744106544e+03 8.445183168161716480e+01
5.733680246037078905e+04 8.762813471782348643e+03 8.420342278621654941e+01
5.733680812662843528e+04 8.742975415481763775e+03 8.415727102423976191e+01
5.733681379288608878e+04 8.804849378732911646e+03 8.441794600883723376e+01
5.733681945914373500e+04 8.858601706556217323e+03 8.460577980670173304e+01
5.733682512540138850e+04 8.725059013859872721e+03 8.408945623547164416e+01
5.733683079165904201e+04 8.747803544501379292e+03 8.425020645684722354e+01
5.733683645791668823e+04 8.700835751617480128e+03 8.400549972499283058e+01
5.733684212417434173e+04 8.700669267863788264e+03 8.400500934916465212e+01
5.733684779043198796e+04 8.483403477514233600e+03 8.332335749865769969e+01
5.733685345668964146e+04 8.182641045109865445e+03 8.226642902272887170e+01
5.733685912294729496e+04 8.160026352086522820e+03 8.208192456202306175e+01
5.733686478920494119e+04 8.614456551931583817e+03 8.366731885475340391e+01
5.733687045546259469e+04 9.037919113052177636e+03 8.519221919118419351e+01
5.733687612172024092e+04 9.390578465151042110e+03 8.636192893741461774e+01
5.733688178797789442e+04 9.771832929591831999e+03 8.765034815738378882e+01
5.733688745423554792e+04 1.009760508373087032e+04 8.871149052589883865e+01
5.733689312049319415e+04 1.045999014409531810e+04 8.990501025091445797e+01
5.733689878675084765e+04 1.069138370997284073e+04 9.059067290288700747e+01
5.733690445300850115e+04 1.109779846765831462e+04 9.198766167922583747e+01
5.733691011926614738e+04 1.144727672732826068e+04 9.303237428161126843e+01
5.733691578552380088e+04 1.168653747386135365e+04 9.372069649205778319e+01
5.733692145178144710e+04 1.196225191292822092e+04 9.459833765310150966e+01
5.733692711803910061e+04 1.234125374405096773e+04 9.572269078794330710e+01
5.733693278429675411e+04 1.286360941095966336e+04 9.733669499478406806e+01
5.733693845055440033e+04 1.286322467553666684e+04 9.730508699616595436e+01
5.733694411681205384e+04 1.287909772892988985e+04 9.739337307856416714e+01
5.733694978306970006e+04 1.249646842886103877e+04 9.629917181751883959e+01
5.733695544932735356e+04 1.243623987532062165e+04 9.603495276371720024e+01
5.733696111558500706e+04 1.250442270631125757e+04 9.621004589876947932e+01
5.733696678184265329e+04 1.254419649211006436e+04 9.639990793759528742e+01
5.733697244810030679e+04 1.257622517940771650e+04 9.655013434647689508e+01
5.733697811435795302e+04 1.252614358293389887e+04 9.636210040659591414e+01
5.733698378061560652e+04 1.250579777084309717e+04 9.625955780757442426e+01
5.733698944687326002e+04 1.249353680855167113e+04 9.623349254759851590e+01
5.733699511313090625e+04 1.250840232267380816e+04 9.632490747068857218e+01
5.733700077938855975e+04 1.258615196351103259e+04 9.657988447147198485e+01
5.733700644564621325e+04 1.257690953613435704e+04 9.653042125004230911e+01
5.733701211190385948e+04 1.254914629327779585e+04 9.646259798063778135e+01
5.733701777816151298e+04 1.248794580952666183e+04 9.623959304810244930e+01
5.733702344441915920e+04 1.252499749715805774e+04 9.630270632850174195e+01
5.733702911067681271e+04 1.258202863906137281e+04 9.650953281994574695e+01
5.733703477693446621e+04 1.263376903291964663e+04 9.671095138494699484e+01
5.733704044319211243e+04 1.247418815890001133e+04 9.618189912996253099e+01
5.733704610944976594e+04 1.252455850466533775e+04 9.632986541113649537e+01
5.733705177570741216e+04 1.249002106676396397e+04 9.623093281783440034e+01
5.733705744196506566e+04 1.248570919535326357e+04 9.620721640862375068e+01
5.733706310822271917e+04 1.248921965562083096e+04 9.619483235243764341e+01
5.733706877448036539e+04 1.243061900808444807e+04 9.599992196880805295e+01
5.733707444073801889e+04 1.253564116961101900e+04 9.636196762906160984e+01
5.733708010699566512e+04 1.244826447407065825e+04 9.610964140309559411e+01
5.733708577325331862e+04 1.265155995978599094e+04 9.674864359054328133e+01
5.733709143951097212e+04 1.257929065222518875e+04 9.654225427203328991e+01
5.733709710576861835e+04 1.262248130190797747e+04 9.668674064233151455e+01
5.733710277202627185e+04 1.257850272196841433e+04 9.642850889107131707e+01
5.733710843828392535e+04 1.269145334944959177e+04 9.676947254934957243e+01
5.733711410454157158e+04 1.254216155487790456e+04 9.635650952938122771e+01
5.733711977079922508e+04 1.240476105637350338e+04 9.596638275506936111e+01
5.733712543705687131e+04 1.236567555028201423e+04 9.592395908242566804e+01
5.733713110331452481e+04 1.243593140672358459e+04 9.625178382130344801e+01
5.733713676957217831e+04 1.250329688043190254e+04 9.656899924736313778e+01
5.733714243582982454e+04 1.241190299656633943e+04 9.634249378063201164e+01
5.733714810208747804e+04 1.234513502190603322e+04 9.616366534676446065e+01
5.733715376834512426e+04 1.243802593784321834e+04 9.652738240891089561e+01
5.733715943460277776e+04 1.236575469367096230e+04 9.641791051269433410e+01
5.733716510086043127e+04 1.235610061613925791e+04 9.641977813047584789e+01
5.733717076711807749e+04 1.225970188933167083e+04 9.618930654749387088e+01
5.733717643337573099e+04 1.224314163860856206e+04 9.624237697401697744e+01
5.733718209963337722e+04 1.214042516471977615e+04 9.601353658587822792e+01
5.733718776589103072e+04 1.216144334622951101e+04 9.622805959212423943e+01
5.733719343214868422e+04 1.229480954130561076e+04 9.668459202642324612e+01
5.733719909840633045e+04 1.221295039879462274e+04 9.626782389581254051e+01
5.733720476466398395e+04 1.216385803514648069e+04 9.605588479083239406e+01
5.733721043092163018e+04 1.236238665552159546e+04 9.671215846936247829e+01
5.733721609717928368e+04 1.224993885462866456e+04 9.633387679089027245e+01
5.733722176343693718e+04 1.214865434380758052e+04 9.597092972713628001e+01
5.733722742969458341e+04 1.203881934734458991e+04 9.562751628348497945e+01
5.733723309595223691e+04 1.216470793198189313e+04 9.605916721777123257e+01
5.733723876220989041e+04 1.216828767908164082e+04 9.607298196988918448e+01
5.733724442846753664e+04 1.243093088764328240e+04 9.687248376401780092e+01
5.733725009472519014e+04 1.234566375037798025e+04 9.660782014359247682e+01
5.733725576098283636e+04 1.229658938800626674e+04 9.645952783540570863e+01
5.733726142724048987e+04 1.236294522700045127e+04 9.669868431713115342e+01
5.733726709349814337e+04 1.223497164014286136e+04 9.630996382703345660e+01
5.733727275975578959e+04 1.225478005072598171e+04 9.637122339984296104e+01
5.733727842601344310e+04 1.220439693588161754e+04 9.613696231831073646e+01
5.733728409227108932e+04 1.235758902916955412e+04 9.662432907001405624e+01
5.733728975852874282e+04 1.215256155081463112e+04 9.604669188554470338e+01
5.733729542478639632e+04 1.227757643869408821e+04 9.637869948199974601e+01
5.733730109104404255e+04 1.232410632254952543e+04 9.651022830130688135e+01
5.733730675730169605e+04 1.228681288317254075e+04 9.643686957515740232e+01
5.733731242355934228e+04 1.222365585313899282e+04 9.625018710877868955e+01
5.733731808981699578e+04 1.217766104774751329e+04 9.610802010799520190e+01
5.733732375607464928e+04 1.230817933681088107e+04 9.648952829832209943e+01
5.733732942233229551e+04 1.234826288890871729e+04 9.672565655478997826e+01
5.733733508858994901e+04 1.233573603914324667e+04 9.666403515649103895e+01
5.733734075484760251e+04 1.233089561069423507e+04 9.659228405895217406e+01
5.733734642110524874e+04 1.218654217741845605e+04 9.612692436485548342e+01
5.733735208736290224e+04 1.217370267773016531e+04 9.610268032661340953e+01
5.733735775362054846e+04 1.225602374147387309e+04 9.634407583254991891e+01
5.733736341987820197e+04 1.229331315737890145e+04 9.645715363312520196e+01
5.733736908613585547e+04 1.217215351553831715e+04 9.607670750359967826e+01
5.733737475239350169e+04 1.240614867074940776e+04 9.683903570657655280e+01
5.733738041865115520e+04 1.227844068194885949e+04 9.641935051304672299e+01
5.733738608490880142e+04 1.219347905860627179e+04 9.614126315020018865e+01
5.733739175116645492e+04 1.223435431825552223e+04 9.628586503738812041e+01
5.733739741742410843e+04 1.206345499121312969e+04 9.573145948420354046e+01
5.733740308368175465e+04 1.225363562887618900e+04 9.638596987007677797e+01
5.733740874993940815e+04 1.227869548197819677e+04 9.642685758022281561e+01
5.733741441619705438e+04 1.225307168548877780e+04 9.632894499773017571e+01
5.733742008245470788e+04 1.221202572045512534e+04 9.617585529043893189e+01
5.733742574871236138e+04 1.221462092611881963e+04 9.619864685119819114e+01
5.733743141497000761e+04 1.229051853035242493e+04 9.643855603510633046e+01
5.733743708122766111e+04 1.232356593366711058e+04 9.656817405792509135e+01
5.733744274748531461e+04 1.230108050366672251e+04 9.646844885958344662e+01
5.733744841374296084e+04 1.225027672797994819e+04 9.633715959383513905e+01
5.733745408000061434e+04 1.235835755267745117e+04 9.666345265216048688e+01
5.733745974625826057e+04 1.216088808326488288e+04 9.608831146873177431e+01
5.733746541251591407e+04 1.229843074489037463e+04 9.648081200400832813e+01
5.733747107877356757e+04 1.237265471513816919e+04 9.671447910342014609e+01
5.733747674503121380e+04 1.223039202243271575e+04 9.630954823758689543e+01
5.733748241128886730e+04 1.230324744718363218e+04 9.653369815246361441e+01
5.733748807754651352e+04 1.226431547542474254e+04 9.636701906743302004e+01
5.733749374380416702e+04 1.222847068389568449e+04 9.626820927161435293e+01
