5.742937759640000149e+04 3.452123373203757183e+03 4.991356984601293334e+01
5.742937759826790716e+04 3.557252933251709692e+03 5.056536742586944655e+01
5.742937760013581283e+04 3.666872479701846714e+03 5.130509275983073536e+01
5.742937760200371849e+04 3.871168842984230650e+03 5.254419795937988624e+01
5.742937760387162416e+04 4.155913448841146419e+03 5.421921485170044974e+01
5.742937760573952983e+04 4.452402267353029856e+03 5.596635023442911461e+01
5.742937760760743549e+04 4.881805964063695683e+03 5.841705905501181917e+01
5.742937760947534844e+04 5.465436467863127291e+03 6.160626904336076848e+01
5.742937761134325410e+04 6.098356199198244212e+03 6.489627045344639100e+01
5.742937761321115977e+04 7.468462677636001899e+03 7.142322113531385241e+01
5.742937761507906544e+04 9.238830729515208077e+03 7.913457174339656319e+01
5.742937761694697110e+04 1.231836087502789087e+04 9.104596217331372543e+01
5.742937761881487677e+04 1.727783542473348643e+04 1.076930522141758075e+02
5.742937762068278244e+04 2.475692685536597855e+04 1.291380247627925257e+02
5.742937762255068810e+04 3.514266299975231232e+04 1.544424166228909030e+02
5.742937762441859377e+04 4.717705155083425052e+04 1.797614074460140614e+02
5.742937762628649944e+04 5.859719331942961435e+04 2.013041311952763976e+02
5.742937762815440510e+04 6.896632695138761483e+04 2.192839484954334921e+02
5.742937763002231077e+04 7.577666121464903699e+04 2.300682341567182334e+02
5.742937763189021643e+04 7.856678097000224807e+04 2.333399874118856303e+02
5.742937763375812938e+04 8.358785170503091649e+04 2.388056982828296952e+02
5.742937763562603504e+04 9.506377425451207091e+04 2.532049379556195277e+02
5.742937763749394071e+04 1.148438112742220110e+05 2.769156660548761124e+02
5.742937763936184638e+04 1.382596405895825010e+05 3.024107658048391158e+02
5.742937764122975204e+04 1.524852221267154382e+05 3.165563744243756901e+02
5.742937764309765771e+04 1.608518911829112330e+05 3.242384815919838843e+02
5.742937764496556338e+04 1.739257093382487365e+05 3.363552303335102351e+02
5.742937764683346904e+04 1.828040530708663573e+05 3.447980254819834158e+02
5.742937764870137471e+04 1.818208293840939295e+05 3.443734793617944092e+02
5.742937765056928038e+04 1.668960831416731817e+05 3.308089424888423764e+02
5.742937765243718604e+04 1.431739746542325011e+05 3.073899452344059000e+02
5.742937765430509171e+04 1.340690025434809504e+05 2.979276575912311955e+02
5.742937765617299738e+04 1.394406024439719913e+05 3.041170685647539926e+02
5.742937765804090304e+04 1.414831064936424664e+05 3.065272872239933690e+02
5.742937765990881599e+04 1.338062335679125099e+05 2.984683602688129440e+02
5.742937766177672165e+04 1.200802977286602254e+05 2.833123041017582864e+02
5.742937766364462732e+04 1.214293636150706734e+05 2.842909304537741377e+02
5.742937766551253299e+04 1.412861563923204667e+05 3.050889456100251778e+02
5.742937766738043865e+04 1.638356761257858889e+05 3.269939921718826099e+02
5.742937766924834432e+04 1.741222079976096866e+05 3.362868891886899405e+02
5.742937767111624999e+04 1.792107297952946392e+05 3.406672947111360372e+02
5.742937767298415565e+04 1.771572295285209257e+05 3.385225614491944270e+02
5.742937767485206132e+04 1.697435559466783016e+05 3.314716429571705589e+02
5.742937767671996698e+04 1.647514125477202761e+05 3.268249416263834632e+02
5.742937767858787265e+04 1.688341978673662816e+05 3.311679482445647409e+02
5.742937768045577832e+04 1.769131488800299994e+05 3.390425409449371159e+02
5.742937768232368398e+04 1.912501942011365609e+05 3.520740285517501320e+02
5.742937768419159693e+04 2.088571685820811254e+05 3.671643141795232168e+02
5.742937768605950259e+04 2.178790852139744093e+05 3.747585347347667266e+02
5.742937768792740826e+04 2.161113144111881847e+05 3.730437689326910231e+02
5.742937768979531393e+04 2.249382330639943248e+05 3.800882629928433403e+02
5.742937769166321959e+04 2.321028070317127276e+05 3.856286537034068829e+02
5.742937769353112526e+04 2.339686842018753232e+05 3.869013925105847420e+02
5.742937769539903093e+04 2.334129503740016080e+05 3.864193694455566970e+02
5.742937769726693659e+04 2.382388644565065624e+05 3.905532556520686853e+02
5.742937769913484226e+04 2.289986101631270139e+05 3.834910943993667729e+02
5.742937770100274793e+04 2.097272084022123890e+05 3.677992603418537669e+02
5.742937770287065359e+04 1.916539519325942965e+05 3.522944243499993036e+02
5.742937770473855926e+04 1.943382862912076234e+05 3.545730785265768645e+02
5.742937770660646493e+04 1.884452265790882520e+05 3.493835347347186371e+02
5.742937770847437787e+04 1.759916753774007084e+05 3.378168176880714100e+02
5.742937771034228354e+04 1.719906231062959996e+05 3.335154971588830222e+02
5.742937771221018920e+04 1.784536918244767003e+05 3.392482522709312320e+02
5.742937771407809487e+04 1.850904634371694119e+05 3.454680765299124232e+02
5.742937771594600054e+04 1.952622996448360209e+05 3.548487432292990320e+02
5.742937771781390620e+04 2.004251790691624046e+05 3.596272736535423746e+02
5.742937771968181187e+04 1.881612676664264291e+05 3.491106479508876532e+02
5.742937772154971753e+04 1.693771876002023928e+05 3.319187267614469192e+02
5.742937772341762320e+04 1.585142658019816445e+05 3.212038795250610406e+02
5.742937772528552887e+04 1.728998386911572597e+05 3.345158711373044866e+02
5.742937772715343453e+04 2.016483290768066363e+05 3.601190627795788259e+02
5.742937772902134020e+04 2.238581681422545807e+05 3.787104839416163600e+02
5.742937773088924587e+04 2.354992773273253697e+05 3.880943380595359713e+02
5.742937773275715153e+04 2.364683473506797163e+05 3.888783597996548451e+02
5.742937773462506448e+04 2.338114875732882647e+05 3.866996018524662873e+02
5.742937773649297014e+04 2.238312047287974565e+05 3.785832781213513840e+02
5.742937773836087581e+04 2.057571162818932498e+05 3.636087100646410022e+02
5.742937774022878148e+04 1.813365644101473445e+05 3.420097881380307854e+02
5.742937774209668714e+04 1.831278061910248362e+05 3.436858456578881373e+02
5.742937774396459281e+04 1.927401589061490376e+05 3.525136954518573589e+02
5.742937774583249848e+04 1.929197301406734623e+05 3.529540802686525467e+02
5.742937774770040414e+04 1.869917764485717053e+05 3.477885125253055776e+02
5.742937774956830981e+04 1.903560046847283666e+05 3.505790276056628159e+02
5.742937775143621548e+04 2.072914599205479899e+05 3.652131380527058582e+02
5.742937775330412114e+04 2.334119024892891466e+05 3.868704269531929754e+02
5.742937775517202681e+04 2.543059218829327729e+05 4.032832872790035594e+02
5.742937775703993248e+04 2.595155537347814825e+05 4.073433243853851877e+02
5.742937775890784542e+04 2.500083806941912626e+05 3.998062655310144464e+02
5.742937776077575109e+04 2.446505561411036761e+05 3.954169834020070198e+02
5.742937776264365675e+04 2.440922268668809847e+05 3.947191018725281424e+02
5.742937776451156242e+04 2.533908541708335397e+05 4.018232300029149542e+02
5.742937776637946808e+04 2.647523244133780827e+05 4.106243108253015635e+02
5.742937776824737375e+04 2.785725423715658835e+05 4.209855928717005327e+02
5.742937777011527942e+04 2.953594982883770135e+05 4.333055969646507606e+02
5.742937777198318508e+04 3.198724590115157771e+05 4.506606607364125807e+02
5.742937777385109075e+04 3.410436664829009678e+05 4.649479652709398465e+02
5.742937777571899642e+04 3.485403602203614428e+05 4.696790522933645207e+02
5.742937777758690208e+04 3.338479018321319018e+05 4.596308872982159528e+02
5.742937777945480775e+04 3.033073359745036578e+05 4.383746845084681922e+02
5.742937778132271342e+04 2.628770390055900207e+05 4.085919271446762195e+02
5.742937778319062636e+04 2.366547028338461532e+05 3.882881788270054813e+02
5.742937778505853203e+04 2.301260360210868821e+05 3.832694011293800145e+02
5.742937778692643769e+04 2.369898153657853545e+05 3.890640764711894803e+02
5.742937778879434336e+04 2.448069899014895200e+05 3.955663352736767706e+02
5.742937779066224903e+04 2.431487504865993978e+05 3.944931601540322958e+02
5.742937779253015469e+04 2.260874951131654962e+05 3.809773821110533163e+02
5.742937779439806036e+04 2.037278584660346678e+05 3.624842354002180969e+02
5.742937779626596603e+04 1.863012491117338359e+05 3.473526174242240927e+02
5.742937779813387169e+04 1.830703297252818884e+05 3.444318715514123710e+02
5.742937780000177736e+04 1.823976790360811574e+05 3.436223318697607283e+02
5.742937780186968303e+04 1.926755722712971619e+05 3.525270383781044075e+02
5.742937780373758869e+04 2.089198189472789818e+05 3.666543845567359767e+02
5.742937780560549436e+04 2.277580647136881016e+05 3.825531943533065942e+02
5.742937780747340730e+04 2.397642539582976606e+05 3.920772574379585649e+02
5.742937780934131297e+04 2.542952057018527994e+05 4.031643175070323650e+02
5.742937781120921863e+04 2.819891064462737995e+05 4.234434013701698518e+02
5.742937781307712430e+04 3.265318376966071664e+05 4.546590868503114962e+02
5.742937781494502997e+04 3.582834475368002895e+05 4.760070405898645163e+02
5.742937781681293563e+04 3.599302082332822611e+05 4.774231409192393585e+02
5.742937781868084130e+04 3.587073988853091723e+05 4.768145980107868240e+02
5.742937782054874697e+04 3.556735314710348030e+05 4.748197170024603793e+02
5.742937782241665263e+04 3.485626504416543758e+05 4.700176361554547384e+02
5.742937782428455830e+04 3.426906478257882409e+05 4.660168027232939494e+02
5.742937782615246397e+04 3.382706271722303936e+05 4.627971952570874805e+02
5.742937782802036963e+04 3.167792569455630146e+05 4.476152531407652191e+02
5.742937782988827530e+04 2.898712346139666624e+05 4.279744555507612631e+02
5.742937783175618097e+04 2.747966379245898570e+05 4.165949650681720868e+02
5.742937783362409391e+04 2.737247459549570922e+05 4.157533941654553473e+02
5.742937783549199958e+04 3.097110019051108975e+05 4.421741062135153015e+02
5.742937783735990524e+04 3.463777923695464851e+05 4.676995077027255547e+02
5.742937783922781091e+04 3.454028946997553576e+05 4.672967898717396338e+02
5.742937784109571658e+04 3.272637150892243371e+05 4.551280437588338827e+02
5.742937784296362224e+04 3.126574686417317716e+05 4.450699131739688141e+02
5.742937784483152791e+04 3.088041277710000286e+05 4.423228740059174129e+02
5.742937784669943358e+04 2.896413761333703878e+05 4.284944396419268742e+02
5.742937784856733924e+04 2.807946748254458653e+05 4.219676947572299355e+02
5.742937785043524491e+04 2.887129804669598816e+05 4.277314028140995106e+02
5.742937785230315058e+04 3.076148633842284908e+05 4.412096757851981010e+02
5.742937785417105624e+04 3.470127383856393280e+05 4.682318308328173089e+02
5.742937785603896191e+04 3.851449177823652863e+05 4.930508555604066601e+02
5.742937785790687485e+04 4.040441801418194082e+05 5.049139966228086109e+02
5.742937785977478052e+04 4.054170756248232792e+05 5.057920724401928965e+02
5.742937786164268618e+04 3.958580853030850994e+05 4.998971828402304141e+02
5.742937786351059185e+04 3.740683902504838770e+05 4.861294703778867756e+02
5.742937786537849752e+04 3.473337470694596414e+05 4.685951330570684945e+02
5.742937786724640318e+04 3.280280531827441882e+05 4.555723241524842138e+02
5.742937786911430885e+04 3.224714113937242073e+05 4.519161349455943082e+02
5.742937787098221452e+04 3.291496373450751998e+05 4.567143361149560974e+02
5.742937787285012018e+04 3.396751537863542908e+05 4.639262139140462295e+02
5.742937787471802585e+04 3.418277651487131370e+05 4.652202681516735652e+02
5.742937787658593152e+04 3.443340638561011874e+05 4.666549824573606315e+02
5.742937787845383718e+04 3.585463146035921527e+05 4.759921932155521631e+02
5.742937788032174285e+04 3.695526475310517126e+05 4.831692280056154232e+02
5.742937788218965579e+04 3.635970030965196784e+05 4.792261798794847323e+02
5.742937788405756146e+04 3.326119679723259760e+05 4.584498188029242556e+02
5.742937788592546713e+04 2.968182201694134856e+05 4.332170126558013976e+02
5.742937788779337279e+04 2.692087132210439304e+05 4.127111682985421339e+02
5.742937788966127846e+04 2.439752757528162329e+05 3.929792380225370039e+02
5.742937789152918413e+04 2.263962634077620751e+05 3.785660042863875674e+02
5.742937789339708979e+04 2.206806307603415335e+05 3.736880786113129034e+02
5.742937789526499546e+04 2.299975817193220137e+05 3.813577820534414400e+02
5.742937789713290113e+04 2.615341867082065146e+05 4.064599770972095030e+02
5.742937789900080679e+04 3.094340593082803534e+05 4.418914746882647933e+02
5.742937790086871246e+04 3.350362991796337301e+05 4.598106301324742731e+02
5.742937790273661813e+04 3.378437798431582050e+05 4.618628828406621665e+02
5.742937790460452379e+04 3.307450565123904380e+05 4.572202382948857462e+02
5.742937790647242946e+04 3.141123293822065461e+05 4.458041390791226490e+02
5.742937790834034240e+04 3.077383883867811528e+05 4.412875921246117059e+02
5.742937791020824807e+04 3.227660392763493001e+05 4.516889152090881794e+02
5.742937791207615373e+04 3.486968857795627555e+05 4.691878166089442175e+02
5.742937791394405940e+04 3.701208300792448572e+05 4.831192958602210865e+02
5.742937791581196507e+04 3.820404318400876946e+05 4.906230801435331728e+02
5.742937791767987073e+04 3.970301093723504455e+05 5.000354924935252825e+02
5.742937791954777640e+04 4.126043782156584202e+05 5.097007450363216208e+02
5.742937792141568207e+04 4.073669022107082419e+05 5.065586164218453291e+02
5.742937792328358773e+04 3.914834694201466627e+05 4.967694101696847611e+02
5.742937792515149340e+04 3.782786401309745270e+05 4.884988825074631222e+02
5.742937792701939907e+04 3.676309546973731485e+05 4.817365165890826688e+02
5.742937792888730473e+04 3.635661085901911720e+05 4.791877664236561714e+02
5.742937793075521040e+04 3.575927281088284217e+05 4.753786907765891101e+02
5.742937793262312334e+04 3.465286859947953490e+05 4.681509040404451980e+02
5.742937793449102901e+04 3.330588919738921686e+05 4.590709758208732865e+02
5.742937793635893468e+04 3.276389440348524367e+05 4.553212106347922372e+02
5.742937793822684034e+04 3.328492787561528385e+05 4.589430637469558860e+02
5.742937794009474601e+04 3.338762794411770883e+05 4.596812904067937211e+02
5.742937794196265168e+04 3.346064295983897173e+05 4.601589795678892187e+02
5.742937794383055734e+04 3.441691190378799220e+05 4.665057616776103373e+02
5.742937794569846301e+04 3.566436704318683478e+05 4.746041904522090249e+02
5.742937794756636868e+04 3.666714401567449677e+05 4.810598873596052840e+02
5.742937794943427434e+04 3.785164242000129307e+05 4.886648594842668558e+02
5.742937795130218001e+04 3.928267767699030228e+05 4.976215065008773308e+02
5.742937795317008568e+04 3.908865505127144861e+05 4.963651714727414515e+02
5.742937795503799134e+04 3.907701443276742357e+05 4.963395762061880419e+02
5.742937795690590428e+04 3.938423243496902287e+05 4.983130050486368532e+02
5.742937795877380995e+04 3.939116194976788829e+05 4.983580880495549650e+02
5.742937796064171562e+04 3.694865833660708158e+05 4.827508839230676472e+02
5.742937796250962128e+04 3.230100417859265581e+05 4.515770936060225154e+02
5.742937796437752695e+04 2.803801227572640637e+05 4.209348750194096169e+02
5.742937796624543262e+04 2.554992252157304902e+05 4.019356491759118626e+02
5.742937796811333828e+04 2.487084681861681165e+05 3.965903777994711277e+02
5.742937796998124395e+04 2.547376334446032415e+05 4.013712317000489520e+02
5.742937797184914962e+04 2.804981140915714786e+05 4.211152199838793422e+02
5.742937797371705528e+04 3.267097449929817813e+05 4.543450452860080304e+02
5.742937797558496095e+04 3.699419937711996026e+05 4.833054989628191151e+02
5.742937797745286662e+04 3.879296186173628666e+05 4.948872872916131200e+02
5.742937797932077228e+04 3.785487844006897649e+05 4.889613821870936476e+02
5.742937798118868523e+04 3.644019238104574615e+05 4.798712547740913124e+02
5.742937798305659089e+04 3.623848462962248595e+05 4.786438689559876138e+02
5.742937798492449656e+04 3.620990437160734436e+05 4.785111942362884747e+02
5.742937798679240223e+04 3.587444573919194518e+05 4.762792408409301856e+02
5.742937798866030789e+04 3.515782459394559846e+05 4.714138334955977143e+02
5.742937799052821356e+04 3.499954731864506030e+05 4.701279354497263512e+02
5.742937799239611923e+04 3.512369635323591647e+05 4.706818666484771256e+02
5.742937799426402489e+04 3.511873329890180030e+05 4.704015845652427856e+02
5.742937799613193056e+04 3.645043353688821662e+05 4.790459674448662213e+02
5.742937799799983623e+04 3.907816131878396263e+05 4.958673270022540578e+02
5.742937799986774189e+04 4.161280113550762180e+05 5.116321899710584375e+02
5.742937800173564756e+04 4.218140924308579997e+05 5.151323048279242585e+02
5.742937800360355322e+04 4.101455048253267887e+05 5.079817904393036656e+02
5.742937800547145889e+04 3.965246646559463115e+05 4.994780964884608920e+02
5.742937800733937183e+04 3.688957379314745194e+05 4.817807715348199054e+02
5.742937800920727750e+04 3.472219577263375977e+05 4.673939499717869808e+02
5.742937801107518317e+04 3.538998605366773554e+05 4.717495402427950921e+02
5.742937801294308883e+04 3.844509206456104293e+05 4.915412623365053832e+02
5.742937801481099450e+04 4.053028409970637877e+05 5.046361337090463053e+02
5.742937801667890017e+04 4.039495167299330933e+05 5.038195090135444048e+02
5.742937801854680583e+04 3.906295438336468651e+05 4.955258461592658819e+02
5.742937802041471150e+04 3.770588059170032502e+05 4.869937206690129869e+02
5.742937802228261717e+04 3.704604722811018582e+05 4.829170210242164671e+02
5.742937802415052283e+04 3.737821271516908309e+05 4.852293177587249602e+02
5.742937802601842850e+04 3.842637200561389909e+05 4.920049514072624106e+02
5.742937802788633417e+04 3.940415478272056207e+05 4.981417775018252883e+02
5.742937802975423983e+04 4.153254107283478370e+05 5.113527097425485408e+02
5.742937803162215278e+04 4.307062088119635591e+05 5.207870729643220784e+02
5.742937803349005844e+04 4.427829391153640463e+05 5.280809020233534739e+02
5.742937803535796411e+04 4.514384683961879346e+05 5.331401597744348919e+02
5.742937803722586978e+04 4.585507836328461999e+05 5.371039394053258320e+02
5.742937803909377544e+04 4.462623350388245890e+05 5.297138660961361438e+02
5.742937804096168111e+04 4.314796797357961768e+05 5.208200853958865082e+02
5.742937804282958678e+04 4.409794617010583170e+05 5.265922103765191196e+02
5.742937804469749244e+04 4.568739504806958139e+05 5.362776126971730264e+02
5.742937804656539811e+04 4.467854194862917648e+05 5.307306236626953933e+02
5.742937804843330377e+04 4.248573204779561493e+05 5.177634463522381338e+02
5.742937805030120944e+04 3.968583058534798329e+05 5.003589122592010199e+02
5.742937805216911511e+04 3.708504778070683824e+05 4.836056980710228572e+02
5.742937805403702077e+04 3.530986708408650593e+05 4.718031794550284985e+02
5.742937805590493372e+04 3.335398257526570815e+05 4.585164088073845505e+02
5.742937805777283938e+04 3.151925180690420093e+05 4.457178645676395945e+02
5.742937805964074505e+04 3.089939264093385427e+05 4.412299679352126418e+02
5.742937806150865072e+04 3.258084194608326070e+05 4.529822983918029990e+02
5.742937806337655638e+04 3.529045585834370577e+05 4.714638984747326731e+02
5.742937806524446205e+04 3.606199493171504582e+05 4.767487896637171616e+02
5.742937806711236772e+04 3.513941005106585799e+05 4.708625596818131385e+02
5.742937806898027338e+04 3.486948142697498552e+05 4.691867534181647557e+02
5.742937807084817905e+04 3.511822411212453153e+05 4.708234498007140587e+02
5.742937807271608472e+04 3.614545845835352084e+05 4.775387121832311550e+02
5.742937807458399038e+04 3.715311960005165311e+05 4.840634365638209147e+02
5.742937807645189605e+04 3.747742033663951443e+05 4.862285724207076782e+02
5.742937807831980172e+04 3.756016149170491262e+05 4.869400416533010798e+02
5.742937808018770738e+04 3.638509986968826270e+05 4.793831408588876570e+02
5.742937808205562033e+04 3.363787147777559585e+05 4.609783647243150995e+02
5.742937808392352599e+04 3.126218202173390309e+05 4.443220483868027486e+02
5.742937808579143166e+04 3.015387969055483118e+05 4.361921026676502606e+02
5.742937808765933733e+04 2.963924679182589171e+05 4.322719185912255284e+02
5.742937808952724299e+04 2.948836829746053554e+05 4.309998486980432517e+02
5.742937809139514866e+04 3.081972447390786838e+05 4.404262068524464553e+02
5.742937809326305432e+04 3.432063165828601923e+05 4.645623155796249648e+02
5.742937809513095999e+04 3.712543973997135181e+05 4.830633356698703551e+02
5.742937809699886566e+04 3.718933448401786154e+05 4.834977102319309097e+02
5.742937809886677132e+04 3.459681172283140477e+05 4.664230399638653353e+02
5.742937810073467699e+04 3.199117130093913875e+05 4.485594281921669904e+02
5.742937810260258266e+04 3.316112951232478372e+05 4.565174498042777600e+02
5.742937810447048832e+04 3.713491879641039413e+05 4.828554264572384227e+02
5.742937810633840127e+04 3.860030669723010506e+05 4.921987730291076559e+02
5.742937810820630693e+04 3.882557252878657891e+05 4.936114769654539032e+02
5.742937811007421260e+04 3.941183748169242172e+05 4.973087085836322103e+02
5.742937811194211827e+04 3.951385489363623201e+05 4.979319770426899936e+02
5.742937811381002393e+04 3.811611870461430517e+05 4.890681196035552603e+02
5.742937811567792960e+04 3.672905993979253690e+05 4.800942131581452941e+02
5.742937811754583527e+04 3.554252911514195730e+05 4.722739750446032190e+02
5.742937811941374093e+04 3.484906210217409534e+05 4.676299626852309075e+02
5.742937812128164660e+04 3.645468243132458883e+05 4.782183383498729086e+02
5.742937812314955227e+04 3.847386671671478543e+05 4.912463079507268162e+02
5.742937812501745793e+04 3.980576145495309029e+05 4.996896804260136946e+02
5.742937812688536360e+04 4.082925240294844843e+05 5.060789634932439753e+02
5.742937812875326927e+04 4.018880944289309555e+05 5.021213585967872746e+02
5.742937813062118221e+04 3.834358301551947370e+05 4.904922574880429806e+02
5.742937813248908788e+04 3.736659169592414401e+05 4.842108537038586746e+02
5.742937813435699354e+04 3.736469017452322296e+05 4.841808140849272490e+02
5.742937813622489921e+04 3.791395854035342345e+05 4.876927524938792544e+02
5.742937813809280487e+04 3.920332508876492502e+05 4.958764081602650435e+02
5.742937813996071054e+04 3.990016199795812136e+05 5.002493092240155192e+02
5.742937814182861621e+04 4.019151204295124626e+05 5.020894248806883411e+02
5.742937814369652187e+04 3.955259023897058214e+05 4.981558832473775169e+02
5.742937814556442754e+04 3.963996946594201145e+05 4.988026025757802131e+02
5.742937814743233321e+04 4.035198234379732166e+05 5.033260266245723074e+02
5.742937814930023887e+04 3.990564582140322891e+05 5.005904187244469199e+02
5.742937815116814454e+04 3.983028606910114177e+05 5.001074253183037968e+02
5.742937815303605021e+04 3.789567865641378448e+05 4.878079989514505428e+02
5.742937815490396315e+04 3.690069720194996335e+05 4.812905657081393542e+02
5.742937815677186882e+04 3.856167386774750776e+05 4.919102969014682003e+02
5.742937815863977448e+04 4.065380061393610085e+05 5.050227403707024791e+02
5.742937816050768015e+04 4.153251645857890835e+05 5.104272588032133626e+02
5.742937816237558582e+04 3.974616306300124852e+05 4.993755661940250548e+02
5.742937816424349148e+04 3.681570975343338214e+05 4.806627997650533075e+02
5.742937816611139715e+04 3.489765183746524272e+05 4.679965054816633483e+02
5.742937816797930282e+04 3.641679738159612170e+05 4.780090582122780916e+02
5.742937816984720848e+04 3.729341547736999928e+05 4.836883597657663927e+02
5.742937817171511415e+04 3.750243383383362088e+05 4.850286054222817143e+02
5.742937817358301982e+04 3.901587276804295252e+05 4.946715786868769555e+02
5.742937817545092548e+04 3.955138337663349230e+05 4.980186333747952290e+02
5.742937817731883115e+04 3.853676521146433661e+05 4.915839242171109049e+02
5.742937817918673682e+04 3.826788731895980309e+05 4.898512395369247088e+02
5.742937818105464976e+04 3.866415532111891662e+05 4.923642985253092093e+02
5.742937818292255542e+04 3.937836419101470965e+05 4.968936097900689219e+02
5.742937818479046109e+04 4.133495606007221504e+05 5.091019627712530564e+02
5.742937818665836676e+04 4.174758542599108769e+05 5.116518396248282556e+02
5.742937818852627242e+04 3.928359457223781501e+05 4.963695187346277748e+02
5.742937819039417809e+04 3.783989378421391011e+05 4.871693266920263454e+02
5.742937819226208376e+04 3.724811962042740197e+05 4.833459133899900166e+02
5.742937819412998942e+04 3.772938332144595915e+05 4.864346859245378596e+02
5.742937819599789509e+04 3.895462670066449791e+05 4.942477620756223473e+02
5.742937819786580076e+04 3.954947055200252216e+05 4.980110344945096585e+02
5.742937819973370642e+04 3.980446632978362613e+05 4.996339981996335950e+02
5.742937820160161209e+04 3.957802725614052033e+05 4.982235603494299312e+02
5.742937820346951776e+04 4.034710674407794722e+05 5.030347566175594807e+02
5.742937820533743070e+04 4.048700432257904904e+05 5.038960560379579192e+02
5.742937820720533637e+04 4.077352174009521841e+05 5.056615264373252217e+02
5.742937820907324203e+04 4.046817037332779728e+05 5.037598227416534655e+02
5.742937821094114770e+04 3.977693905107125174e+05 4.994196708686085913e+02
5.742937821280905337e+04 4.046245911425112863e+05 5.036576388985295125e+02
5.742937821467695903e+04 4.130102462364916573e+05 5.088072348178124571e+02
5.742937821654486470e+04 4.066221613406820688e+05 5.048553106516959019e+02
5.742937821841277037e+04 4.014299573765267851e+05 5.016238700396531840e+02
5.742937822028067603e+04 3.960354651562432409e+05 4.982358659657798512e+02
5.742937822214858170e+04 4.063407448629157734e+05 5.046521560903003092e+02
5.742937822401648737e+04 4.148006608386159642e+05 5.098712234270601584e+02
5.742937822588439303e+04 4.191046999319270835e+05 5.125073033869595065e+02
5.742937822775229870e+04 4.159832914115378517e+05 5.105930150888125354e+02
5.742937822962021164e+04 4.083816604363044607e+05 5.059144968666070099e+02
5.742937823148811731e+04 3.926907673996796366e+05 4.961293081616506129e+02
5.742937823335602297e+04 3.977461981322148349e+05 4.993261862113417919e+02
5.742937823522392864e+04 4.184420590104172006e+05 5.121514367730798085e+02
5.742937823709183431e+04 4.280920073268482811e+05 5.180460732694486978e+02
5.742937823895973997e+04 4.378618532004405279e+05 5.239318380731983780e+02
5.742937824082764564e+04 4.435364228781661950e+05 5.273056966300646309e+02
5.742937824269555131e+04 4.467431322880747612e+05 5.291806520062770005e+02
5.742937824456345697e+04 4.366884299158236245e+05 5.231908479282558346e+02
5.742937824643136264e+04 4.292145214246558025e+05 5.186864831522258328e+02
5.742937824829926831e+04 4.138790360904185800e+05 5.093191005423244064e+02
5.742937825016717397e+04 3.724442682386541273e+05 4.831539428069119140e+02
5.742937825203507964e+04 3.102654945097162272e+05 4.410338333750077595e+02
5.742937825390298531e+04 2.628521574145132327e+05 4.059932066194400591e+02
5.742937825577089825e+04 2.047817658224140469e+05 3.584639830011954018e+02
5.742937825763880392e+04 1.207094491330619639e+05 2.754966986077405409e+02
5.742937825950670958e+04 5.671505210498331871e+04 1.893700497303214263e+02
5.742937826137461525e+04 2.703087270499076476e+04 1.314381529313936596e+02
5.742937826324252092e+04 1.628811604507817719e+04 1.026707948335266849e+02
5.742937826511042658e+04 1.146577179445051661e+04 8.667445959675238498e+01
5.742937826697833225e+04 8.975960226495388270e+03 7.710778198410130813e+01
5.742937826884623792e+04 7.553264309330635115e+03 7.103665778649539675e+01
5.742937827071414358e+04 6.729543823050292303e+03 6.725811861890197463e+01
5.742937827258204925e+04 6.201820371236003666e+03 6.473214140297791630e+01
5.742937827444995492e+04 5.957635428939967824e+03 6.350354880064124075e+01
5.742937827631786058e+04 5.702263495729123861e+03 6.222661372580384409e+01
5.742937827818576625e+04 5.445999898215141002e+03 6.087872223139650174e+01
5.742937828005367919e+04 5.272022109811702649e+03 5.996257983633324073e+01
5.742937828192158486e+04 5.119690477503065267e+03 5.915545196616241697e+01
5.742937828378949052e+04 4.845087921478388125e+03 5.767308988205308395e+01
5.742937828565739619e+04 4.690259611582980142e+03 5.680520362754295149e+01
5.742937828752530186e+04 4.593516903719031689e+03 5.626104302561165582e+01
5.742937828939320752e+04 4.600477462574043784e+03 5.631263572829629993e+01
5.742937829126111319e+04 4.612814251055420755e+03 5.638350440769924887e+01
