5.737343767310000112e+04 3.683471776742273960e+03 6.290828806053040978e+01
5.737343768379088579e+04 3.700133125598815241e+03 6.307863892067359046e+01
5.737343769448177045e+04 3.741377900432525166e+03 6.318326236809595997e+01
5.737343770517264784e+04 3.883146966940056700e+03 6.384396631216284845e+01
5.737343771586353250e+04 4.068571978672734076e+03 6.458314303222255148e+01
5.737343772655441717e+04 4.414789426938232282e+03 6.635087389380919376e+01
5.737343773724530183e+04 4.951124135049569304e+03 6.891693607938701405e+01
5.737343774793618650e+04 5.472351725837283993e+03 7.131319580319130580e+01
5.737343775862706389e+04 5.978094681305019549e+03 7.345828020558650451e+01
5.737343776931794855e+04 6.491706693331818315e+03 7.554464513865941910e+01
5.737343778000883322e+04 6.666706771525996373e+03 7.633416765202770193e+01
5.737343779069971788e+04 6.901636666763994981e+03 7.731435469495963275e+01
5.737343780139060254e+04 7.029569997198796045e+03 7.788089771044511167e+01
5.737343781208147993e+04 7.211516603824567937e+03 7.855986320001356660e+01
5.737343782277236460e+04 7.623424428820422690e+03 8.015794238890602230e+01
5.737343783346324926e+04 7.990608272568430039e+03 8.157529890789977856e+01
5.737343784415413393e+04 8.322436168543332315e+03 8.282860663681141489e+01
5.737343785484501859e+04 8.508116418231787975e+03 8.359055573130640937e+01
5.737343786553589598e+04 8.570846496026799286e+03 8.378686480498762990e+01
5.737343787622678065e+04 8.406050693916587988e+03 8.324704258610508134e+01
5.737343788691766531e+04 7.988100752482324424e+03 8.167284181061097570e+01
5.737343789760854997e+04 7.542742584947796786e+03 7.989326418053714463e+01
5.737343790829943464e+04 7.196710857878360912e+03 7.846811540570817556e+01
5.737343791899031203e+04 7.198044201208438608e+03 7.842947089959420737e+01
5.737343792968119669e+04 7.252398965706852323e+03 7.872950511128847495e+01
5.737343794037208136e+04 7.470841471189641197e+03 7.959169385988657552e+01
5.737343795106296602e+04 7.746025777037025364e+03 8.061140198850617367e+01
5.737343796175385069e+04 7.909643172069835600e+03 8.122994334305045072e+01
5.737343797244472808e+04 8.244675927430844240e+03 8.255472900795321323e+01
5.737343798313561274e+04 8.531264361254236064e+03 8.370307225935218298e+01
5.737343799382649740e+04 8.714823130898850650e+03 8.441714003268255340e+01
5.737343800451738207e+04 8.786246074644443070e+03 8.466938471637395480e+01
5.737343801520826673e+04 8.386665707986981943e+03 8.311266404080757297e+01
5.737343802589914412e+04 8.063163641422908768e+03 8.187009101963188584e+01
5.737343803659002879e+04 7.874682941967822444e+03 8.124855473958501761e+01
5.737343804728091345e+04 7.578693362352193617e+03 8.007300468753633993e+01
5.737343805797179812e+04 7.585031805738752155e+03 8.010862591602142402e+01
5.737343806866268278e+04 7.362278883433572446e+03 7.920467399416801868e+01
5.737343807935356017e+04 7.043527820913019241e+03 7.792632542148083985e+01
5.737343809004444483e+04 7.017339126444849171e+03 7.788950139035112841e+01
5.737343810073532950e+04 7.181191903071398883e+03 7.855447185390310949e+01
5.737343811142621416e+04 7.523864406328332734e+03 7.974733228480218372e+01
5.737343812211709883e+04 7.728408569947356227e+03 8.064823792856790874e+01
5.737343813280797622e+04 7.804501766241615769e+03 8.096458939288386603e+01
5.737343814349886088e+04 7.691657939964939942e+03 8.042961383402597164e+01
5.737343815418974555e+04 7.791558680440898570e+03 8.084833204044623756e+01
5.737343816488063021e+04 7.863999786869134368e+03 8.112559266489229515e+01
5.737343817557151488e+04 7.981730291290245987e+03 8.158697387926535782e+01
5.737343818626239226e+04 7.865161928373993760e+03 8.115265965131625592e+01
5.737343819695327693e+04 7.796562020005778322e+03 8.082575181459169755e+01
5.737343820764416159e+04 7.711888211952044003e+03 8.048634485529477445e+01
5.737343821833504626e+04 7.554031090638483874e+03 7.993875007468821536e+01
5.737343822902593092e+04 7.483168817180719998e+03 7.971424978990509658e+01
5.737343823971680831e+04 7.461231427002094279e+03 7.956286687505914301e+01
5.737343825040769298e+04 7.671304069109912234e+03 8.036846839486840111e+01
5.737343826109857764e+04 7.902425414015469869e+03 8.124525116527985347e+01
5.737343827178946231e+04 8.054493697062091996e+03 8.177413821143683492e+01
5.737343828248034697e+04 7.792226587894996555e+03 8.080405781448426694e+01
5.737343829317122436e+04 7.525239205074795791e+03 7.977542101819410902e+01
5.737343830386210902e+04 7.429694550189022266e+03 7.951816343801633025e+01
5.737343831455299369e+04 7.607709244382005636e+03 8.012650876811824219e+01
5.737343832524387835e+04 7.594347542416946453e+03 8.014080027242019355e+01
5.737343833593476302e+04 7.586111584046143435e+03 8.007063995469340512e+01
5.737343834662564041e+04 7.447812153340528312e+03 7.952774331686602238e+01
5.737343835731652507e+04 7.317669063638484658e+03 7.893909334025656221e+01
5.737343836800740974e+04 6.808562457174561132e+03 7.690261680749580364e+01
