5.736835163689999899e+04 3.160213735911605181e+05 4.600177806286136502e+02
5.736835163755823305e+04 3.163101995361968875e+05 4.602139444976901927e+02
5.736835163821645983e+04 3.165756037614443921e+05 4.603941271898488594e+02
5.736835163887469389e+04 3.174602119814451435e+05 4.609941783671494591e+02
5.736835163953292795e+04 3.162533272888932843e+05 4.601753248008396895e+02
5.736835164019115473e+04 3.169767418704595766e+05 4.606663257380956225e+02
5.736835164084938879e+04 3.187641775072441669e+05 4.618772682672612291e+02
5.736835164150762284e+04 3.259418542779901763e+05 4.667083231781321615e+02
5.736835164216584963e+04 3.178959096245080582e+05 4.612894357291498864e+02
5.736835164282408368e+04 3.163715277662749286e+05 4.602555864450987997e+02
5.736835164348231774e+04 3.160810916260009981e+05 4.600583465890501884e+02
5.736835164414054452e+04 3.167295614573044004e+05 4.604986166220429027e+02
5.736835164479877858e+04 3.165587170435377629e+05 4.603826649127995552e+02
5.736835164545701264e+04 3.165370255164542468e+05 4.603679408340505574e+02
5.736835164611523942e+04 3.165914497419340769e+05 4.604048827811329829e+02
5.736835164677347348e+04 3.167617958097970695e+05 4.605204907288308505e+02
5.736835164743170753e+04 3.157641912804160966e+05 4.598430379491028361e+02
5.736835164808993432e+04 3.171705943575784331e+05 4.607978097533521122e+02
5.736835164874816837e+04 3.159862496603981126e+05 4.599939195660621181e+02
5.736835164940640243e+04 3.169460632320703007e+05 4.606455139475950205e+02
5.736835165006462921e+04 3.161104017829586519e+05 4.600782554243888285e+02
5.736835165072286327e+04 3.164029442776140058e+05 4.602769168375802451e+02
5.736835165138109733e+04 3.159769167433324619e+05 4.599875791416359334e+02
5.736835165203932411e+04 3.159163113322543795e+05 4.599464040327513885e+02
5.736835165269755817e+04 3.170856112409898196e+05 4.607401730103623549e+02
5.736835165335579222e+04 3.163486399333121371e+05 4.602400460176407364e+02
5.736835165401401900e+04 3.162059008897799649e+05 4.601431169278885136e+02
5.736835165467225306e+04 3.166278624814351788e+05 4.604295972794287763e+02
5.736835165533048712e+04 3.162918418706380762e+05 4.602014788863121453e+02
5.736835165598871390e+04 3.167025796224686201e+05 4.604803060544966229e+02
5.736835165664694796e+04 3.161859918311974034e+05 4.601295957602579279e+02
5.736835165730518202e+04 3.154065448162229732e+05 4.595999244017990009e+02
5.736835165796340880e+04 3.154260980305306730e+05 4.596132192061947990e+02
5.736835165862164285e+04 3.163330217760257656e+05 4.602294412681745257e+02
5.736835165927987691e+04 3.162107350683845580e+05 4.601463999834621745e+02
5.736835165993810369e+04 3.164460577187893214e+05 4.603061873082343141e+02
5.736835166059633775e+04 3.165784523549127625e+05 4.603960607149245448e+02
5.736835166125457181e+04 3.165291061633717036e+05 4.603625651072285905e+02
5.736835166191279859e+04 3.160196450262984727e+05 4.600166063757226311e+02
5.736835166257103265e+04 3.159842371072650421e+05 4.599925523223616892e+02
5.736835166322926671e+04 3.161300532002695254e+05 4.600916031076512240e+02
5.736835166388749349e+04 3.153802573652585270e+05 4.595820501861300613e+02
5.736835166454572754e+04 3.160159459225492319e+05 4.600140934814859293e+02
5.736835166520396160e+04 3.156825501564278966e+05 4.597875529500199718e+02
5.736835166586218838e+04 3.152809369357901160e+05 4.595145107446214752e+02
5.736835166652042244e+04 3.163032530315917684e+05 4.602092275745292227e+02
5.736835166717865650e+04 3.162700961188460351e+05 4.601867121878670446e+02
5.736835166783688328e+04 3.157862363909810665e+05 4.598580191149906682e+02
5.736835166849511734e+04 3.159147450061051059e+05 4.599453398272621598e+02
5.736835166915335139e+04 3.167418582886760123e+05 4.605069613267779118e+02
5.736835166981157818e+04 3.164126789775567595e+05 4.602835260586380741e+02
5.736835167046981223e+04 3.166633400116413832e+05 4.604536757452109441e+02
5.736835167112804629e+04 3.161125561985461973e+05 4.600797187706619411e+02
5.736835167178627307e+04 3.153711752010521013e+05 4.595758745850978357e+02
5.736835167244450713e+04 3.164948068131631007e+05 4.603392816806175460e+02
5.736835167310274119e+04 3.165507478401330882e+05 4.603772555199519729e+02
5.736835167376096797e+04 3.164615966881865170e+05 4.603167365305291128e+02
5.736835167441920203e+04 3.165410307526335819e+05 4.603706595998446005e+02
5.736835167507743608e+04 3.162728047379354248e+05 4.601885515320971649e+02
5.736835167573566287e+04 3.165292467481599888e+05 4.603626605379719194e+02
5.736835167639389692e+04 3.161997049165340140e+05 4.601389089968743065e+02
5.736835167705213098e+04 3.166860999756000820e+05 4.604691221838333490e+02
5.736835167771035776e+04 3.154957256768904626e+05 4.596605579643053829e+02
5.736835167836859182e+04 3.165825191042105434e+05 4.603988210672694095e+02
5.736835167902682588e+04 3.175054180393147981e+05 4.610248217553711356e+02
5.736835167968505266e+04 3.164588827242302941e+05 4.603148940699658738e+02
5.736835168034328672e+04 3.158857180417116033e+05 4.599256176558006359e+02
5.736835168100152077e+04 3.166610983993854024e+05 4.604521544087027678e+02
5.736835168165974756e+04 3.160063437608365202e+05 4.600075704274037207e+02
5.736835168231798161e+04 3.161590858837029664e+05 4.601113220486041655e+02
5.736835168297621567e+04 3.154344690721705556e+05 4.596189108055788211e+02
5.736835168363444245e+04 3.162137420356615912e+05 4.601484421056845235e+02
5.736835168429267651e+04 3.155233715007329592e+05 4.596793525795541768e+02
5.736835168495091057e+04 3.157119834924952593e+05 4.598075572267267148e+02
5.736835168560913735e+04 3.149071636134427972e+05 4.592602500308531717e+02
5.736835168626737141e+04 3.156201496721226722e+05 4.597451397731972520e+02
5.736835168692560546e+04 3.156886412796612130e+05 4.597916928346882059e+02
5.736835168758383224e+04 3.148270733755845577e+05 4.592057500290478060e+02
5.736835168824206630e+04 3.151245789142266149e+05 4.594081647308759102e+02
5.736835168890030036e+04 3.167084073652357329e+05 4.604842609723727946e+02
5.736835168955852714e+04 3.153946125788359204e+05 4.595918111343721648e+02
5.736835169021676120e+04 3.148061710503706126e+05 4.591915252990647218e+02
5.736835169087499526e+04 3.143111965731201344e+05 4.588545497847875367e+02
5.736835169153322204e+04 3.136743978170269402e+05 4.584206568596596298e+02
5.736835169219145610e+04 3.139250150948902010e+05 4.585914679039573798e+02
5.736835169284969015e+04 3.147474207418374717e+05 4.591515413930878253e+02
5.736835169350791693e+04 3.148695447051102528e+05 4.592346518292080191e+02
5.736835169416615099e+04 3.152553337099837372e+05 4.594970985422430658e+02
5.736835169482438505e+04 3.147929434040194610e+05 4.591825232165442117e+02
5.736835169548261183e+04 3.144453944204986910e+05 4.589459352830261878e+02
5.736835169614084589e+04 3.140185603101406014e+05 4.586552084015157789e+02
5.736835169679907267e+04 3.151180519963384140e+05 4.594037249497565085e+02
5.736835169745730673e+04 3.147118027217229246e+05 4.591272990152913849e+02
5.736835169811554078e+04 3.157563121681244229e+05 4.598376834330541669e+02
5.736835169877376757e+04 3.152314540002824506e+05 4.594808578713334555e+02
5.736835169943200162e+04 3.152902748937763972e+05 4.595208611245089401e+02
5.736835170009023568e+04 3.151032832630685880e+05 4.593936787107739974e+02
5.736835170074846246e+04 3.154168042548715603e+05 4.596069001432579739e+02
5.736835170140669652e+04 3.144150445881186752e+05 4.589252693713586950e+02
5.736835170206493058e+04 3.150037594633523258e+05 4.593259732092179206e+02
5.736835170272315736e+04 3.147872055881387787e+05 4.591786182876841167e+02
5.736835170338139142e+04 3.141035138944743667e+05 4.587130869988848190e+02
5.736835170403962547e+04 3.137426673752941424e+05 4.584671930569937786e+02
5.736835170469785226e+04 3.138629643521047547e+05 4.585491824440050550e+02
5.736835170535608631e+04 3.137438782512755133e+05 4.584680184124594007e+02
5.736835170601432037e+04 3.145003891630198341e+05 4.589833801205522832e+02
5.736835170667254715e+04 3.152220782803545590e+05 4.594744812557293585e+02
5.736835170733078121e+04 3.144120665406013140e+05 4.589232414989197650e+02
5.736835170798901527e+04 3.155309196872001630e+05 4.596844839718870617e+02
5.736835170864724205e+04 3.136429067580906558e+05 4.583991892704508473e+02
5.736835170930547611e+04 3.142888180340419640e+05 4.588393087686322360e+02
5.736835170996371016e+04 3.138804339038769249e+05 4.585610877406881514e+02
5.736835171062193695e+04 3.138588144385637133e+05 4.585463542806793384e+02
5.736835171128017100e+04 3.135427164827325032e+05 4.583308824437949625e+02
5.736835171193840506e+04 3.143862163106273510e+05 4.589056386602174484e+02
5.736835171259663184e+04 3.140526801526364288e+05 4.586784550154909539e+02
5.736835171325486590e+04 3.142341758427120512e+05 4.588020923030920812e+02
5.736835171391309996e+04 3.139887336437240010e+05 4.586348858594682838e+02
5.736835171457132674e+04 3.135022297367451829e+05 4.583032768652933555e+02
5.736835171522956080e+04 3.133810202526713256e+05 4.582206211618150178e+02
5.736835171588779485e+04 3.137283012777835829e+05 4.584574007458214737e+02
5.736835171654602163e+04 3.143041099029759644e+05 4.588497234273547747e+02
5.736835171720425569e+04 3.138530283861008938e+05 4.585424110606488739e+02
5.736835171786248975e+04 3.149482646265699295e+05 4.592882160382586676e+02
5.736835171852071653e+04 3.145180240015155287e+05 4.589953866880877626e+02
5.736835171917895059e+04 3.135626372589933453e+05 4.583444646626277859e+02
5.736835171983718465e+04 3.139866791301816702e+05 4.586334859736732597e+02
5.736835172049541143e+04 3.147448229140933836e+05 4.591497732998550987e+02
5.736835172115364549e+04 3.139465114908246323e+05 4.586061160535971339e+02
5.736835172181187954e+04 3.142429736853078939e+05 4.588080846642934034e+02
5.736835172247010632e+04 3.139928323080001283e+05 4.586376785573772281e+02
5.736835172312834038e+04 3.290331433727573021e+05 4.687736283196541649e+02
5.736835172378657444e+04 3.179883998170166742e+05 4.613520888493249572e+02
5.736835172444480122e+04 3.145822493113798555e+05 4.590391114269157811e+02
5.736835172510303528e+04 3.129577477470659069e+05 4.579318643007015908e+02
5.736835172576126934e+04 3.133072156579967123e+05 4.581702847045494877e+02
5.736835172641949612e+04 3.139502091634995304e+05 4.586086356875404704e+02
5.736835172707773017e+04 3.138417514686930226e+05 4.585347256947210894e+02
5.736835172773596423e+04 3.135873864526577527e+05 4.583613383924424056e+02
5.736835172839419101e+04 3.144353067382249283e+05 4.589390664471598029e+02
5.736835172905242507e+04 3.139069034533338854e+05 4.585791258423497538e+02
5.736835172971065913e+04 3.136199609555810457e+05 4.583835463858166577e+02
5.736835173036888591e+04 3.132310165454747621e+05 4.581183093273196505e+02
5.736835173102711997e+04 3.140015963860828197e+05 4.586436500610269604e+02
5.736835173168535403e+04 3.131997133257734822e+05 4.580969557076410297e+02
5.736835173234358081e+04 3.138229740452555125e+05 4.585219283505257977e+02
5.736835173300181486e+04 3.136761743534208508e+05 4.584218679021410026e+02
5.736835173366004892e+04 3.137624202336819726e+05 4.584806567850504280e+02
5.736835173431827570e+04 3.129460129626925918e+05 4.579238562268653254e+02
5.736835173497650976e+04 3.131491201304270653e+05 4.580624412473881080e+02
5.736835173563474382e+04 3.128139031702608336e+05 4.578336919465550068e+02
5.736835173629297060e+04 3.130265396369132213e+05 4.579788065763204941e+02
5.736835173695120466e+04 3.125428097300314112e+05 4.576486163873650526e+02
5.736835173760943871e+04 3.130762354002322536e+05 4.580127150256258801e+02
5.736835173826766550e+04 3.129243852615025826e+05 4.579090966430336493e+02
5.736835173892589955e+04 3.128212843938031001e+05 4.578387300634656185e+02
5.736835173958413361e+04 3.126952802750955452e+05 4.577527172742229595e+02
5.736835174024236039e+04 3.129079900390661787e+05 4.578979075890349009e+02
5.736835174090059445e+04 3.130716776829109294e+05 4.580096053051937020e+02
5.736835174155882851e+04 3.134216784968121792e+05 4.582483486718829226e+02
5.736835174221705529e+04 3.129863442894431064e+05 4.579513786210299600e+02
5.736835174287528935e+04 3.134085844857039629e+05 4.582394191943387796e+02
5.736835174353352340e+04 3.137639024375134613e+05 4.584816670527251290e+02
5.736835174419175019e+04 3.140990556057539652e+05 4.587100497630243012e+02
5.736835174484998424e+04 3.131506326538320282e+05 4.580634731220608842e+02
5.736835174550821830e+04 3.133993415133188828e+05 4.582331158327868934e+02
5.736835174616644508e+04 3.136786235033230623e+05 4.584235374515328090e+02
5.736835174682467914e+04 3.128005681448087562e+05 4.578245898709520816e+02
5.736835174748291320e+04 3.137628403274245793e+05 4.584809431204751036e+02
5.736835174814113998e+04 3.141980925779487588e+05 4.587775145549506419e+02
5.736835174879937404e+04 3.141548854524859926e+05 4.587480827292945946e+02
5.736835174945760809e+04 3.136907582999066217e+05 4.584318094738209197e+02
5.736835175011583488e+04 3.135387916830963804e+05 4.583282064219212089e+02
5.736835175077406893e+04 3.139450537325463374e+05 4.586051227176179736e+02
5.736835175143230299e+04 3.132210479252614314e+05 4.581115093001794207e+02
5.736835175209052977e+04 3.129624722688119509e+05 4.579350883782628898e+02
5.736835175274876383e+04 3.130279726310714614e+05 4.579797843730874547e+02
5.736835175340699789e+04 3.136377379878986394e+05 4.583956656017120963e+02
5.736835175406522467e+04 3.132032894448444713e+05 4.580993952222899566e+02
5.736835175472345873e+04 3.135386579267032212e+05 4.583281152233512330e+02
5.736835175538169278e+04 3.131794365837650839e+05 4.580831233137204208e+02
5.736835175603991956e+04 3.129493892462295480e+05 4.579261602910380589e+02
5.736835175669815362e+04 3.129966292761901859e+05 4.579583969069885825e+02
5.736835175735638768e+04 3.134682048128123861e+05 4.582800759448393819e+02
5.736835175801461446e+04 3.134494435717852321e+05 4.582672825244736714e+02
5.736835175867284852e+04 3.132374855582481250e+05 4.581227220668115478e+02
5.736835175933108258e+04 3.128381798146984074e+05 4.578502619680221528e+02
5.736835175998930936e+04 3.130137797829885385e+05 4.579700998584600029e+02
5.736835176064754341e+04 3.134379060651562759e+05 4.582594148413348876e+02
5.736835176130577747e+04 3.132129052382626105e+05 4.581059547461854891e+02
5.736835176196400425e+04 3.128803170556447003e+05 4.578790213143401502e+02
5.736835176262223831e+04 3.132041446899793809e+05 4.580999786413846664e+02
5.736835176328047237e+04 3.125555127904482652e+05 4.576572904412538492e+02
5.736835176393869915e+04 3.122114607804812258e+05 4.574223026786087303e+02
5.736835176459693321e+04 3.121713764773957082e+05 4.573949172196520294e+02
5.736835176525516727e+04 3.130361765836778213e+05 4.579853822610484144e+02
5.736835176591339405e+04 3.124323553029687027e+05 4.575731876589311469e+02
5.736835176657162810e+04 3.129388942243336933e+05 4.579189981756692305e+02
5.736835176722986216e+04 3.120899126801395323e+05 4.573392563787709832e+02
5.736835176788808894e+04 3.127131318298854167e+05 4.577649040650433676e+02
5.736835176854632300e+04 3.129902211800243822e+05 4.579540241525509714e+02
5.736835176920455706e+04 3.117692887813386624e+05 4.571201215089275252e+02
5.736835176986278384e+04 3.117670943101670709e+05 4.571186213050769993e+02
5.736835177052101790e+04 3.142181013513213256e+05 4.587911434896883520e+02
5.736835177117925195e+04 3.112499840920158895e+05 4.567649724502853132e+02
5.736835177183747874e+04 3.118638816797076724e+05 4.571847832658227162e+02
5.736835177249571279e+04 3.122730969722937443e+05 4.574644091158169772e+02
5.736835177315394685e+04 3.121155391965883318e+05 4.573567666470757445e+02
5.736835177381217363e+04 3.140884908281418029e+05 4.587028523647837801e+02
5.736835177447040769e+04 3.121704701237181434e+05 4.573942979829589035e+02
5.736835177512864175e+04 3.118333772435169667e+05 4.571639320606975616e+02
5.736835177578686853e+04 3.119418347838700283e+05 4.572380635291847284e+02
5.736835177644510259e+04 3.116470202706606942e+05 4.570365277186965614e+02
5.736835177710333664e+04 3.120512911237549270e+05 4.573128655005747873e+02
5.736835177776156343e+04 3.157662694720091531e+05 4.598444502437815800e+02
5.736835177841979748e+04 3.123469343431448215e+05 4.575148456219376953e+02
5.736835177907803154e+04 3.121216539868689142e+05 4.573609447053750046e+02
5.736835177973625832e+04 3.119028733115051873e+05 4.572114344804717803e+02
5.736835178039449238e+04 3.119590253875119961e+05 4.572498123205683669e+02
5.736835178105272644e+04 3.124342796220891178e+05 4.575745018724335296e+02
5.736835178171095322e+04 3.124003767068032175e+05 4.575513473280917083e+02
5.736835178236918728e+04 3.124537147914726520e+05 4.575877749073617906e+02
5.736835178302742133e+04 3.126607021434901399e+05 4.577291107627756332e+02
5.736835178368564812e+04 3.118759163759127259e+05 4.571930092804847732e+02
5.736835178434388217e+04 3.124110478061804315e+05 4.575586354543675043e+02
5.736835178500211623e+04 3.130603191865221015e+05 4.580018553363908609e+02
5.736835178566034301e+04 3.155867730578450719e+05 4.597224523135161576e+02
5.736835178631857707e+04 3.114875733346494962e+05 4.569274924253912218e+02
5.736835178697681113e+04 3.123234197217320907e+05 4.574987839613156098e+02
5.736835178763503791e+04 3.121181669421941042e+05 4.573585621138750525e+02
5.736835178829327197e+04 3.116456193851892604e+05 4.570355698583462072e+02
5.736835178895150602e+04 3.117334694712691708e+05 4.570956337786910240e+02
5.736835178960973280e+04 3.131815106940947007e+05 4.580845382501020140e+02
5.736835179026796686e+04 3.126920814146685880e+05 4.577505334613689456e+02
5.736835179092620092e+04 3.125761585267242044e+05 4.576713876562556607e+02
5.736835179158442770e+04 3.126441145624447963e+05 4.577177859790112961e+02
5.736835179224266176e+04 3.130701040312220575e+05 4.580085316012287535e+02
5.736835179290089582e+04 3.116599132965258323e+05 4.570453432760568262e+02
5.736835179355912260e+04 3.119624591191262589e+05 4.572521590429660137e+02
5.736835179421735666e+04 3.121268769383026520e+05 4.573645133659138082e+02
5.736835179487559071e+04 3.120501968871240388e+05 4.573121177647192894e+02
5.736835179553381749e+04 3.124679976837991271e+05 4.575975290059753320e+02
5.736835179619205155e+04 3.117360556454157922e+05 4.570974018503986827e+02
5.736835179685028561e+04 3.128207299594650394e+05 4.578383516315180941e+02
5.736835179750851239e+04 3.126806163056853111e+05 4.577427063220705463e+02
5.736835179816674645e+04 3.125534022602633340e+05 4.576558493154704479e+02
5.736835179882498051e+04 3.121804543713725870e+05 4.574011193494259828e+02
5.736835179948320729e+04 3.118070982439270592e+05 4.571459683760257917e+02
5.736835180014144134e+04 3.128700386948991800e+05 4.578720063339884518e+02
5.736835180079967540e+04 3.123698687173511134e+05 4.575305104015954498e+02
5.736835180145790218e+04 3.126852249870444066e+05 4.577458526485004882e+02
5.736835180211613624e+04 3.117016601216561394e+05 4.570738863422795362e+02
5.736835180277437030e+04 3.120995975053670700e+05 4.573458739737949941e+02
5.736835180343259708e+04 3.119327359239124926e+05 4.572318448582133783e+02
5.736835180409083114e+04 3.121475144595314632e+05 4.573786139919608900e+02
5.736835180474906520e+04 3.126354669105576468e+05 4.577118818854264077e+02
5.736835180540729198e+04 3.123673659806570504e+05 4.575288009928016209e+02
5.736835180606552603e+04 3.127789198094774620e+05 4.578098130019969290e+02
5.736835180672376009e+04 3.113336621618726058e+05 4.568222179920437611e+02
5.736835180738198687e+04 3.119972837269325391e+05 4.572759586172586523e+02
5.736835180804022093e+04 3.120270621442495612e+05 4.572963085791923845e+02
5.736835180869845499e+04 3.117126229202039540e+05 4.570813815122285746e+02
5.736835180935668177e+04 3.114546942488239729e+05 4.569050053408421377e+02
5.736835181001491583e+04 3.112611224708900554e+05 4.567725928121194556e+02
5.736835181067314988e+04 3.113074366294610663e+05 4.568042774464936429e+02
5.736835181133137667e+04 3.113785262058577500e+05 4.568529072673841256e+02
5.736835181198961072e+04 3.120654995399138425e+05 4.573225745712168191e+02
5.736835181264783751e+04 3.113327997930145357e+05 4.568216280679299075e+02
5.736835181330607156e+04 3.111441546696802834e+05 4.566925625281740508e+02
5.736835181396430562e+04 3.115806196061964729e+05 4.569911238239455997e+02
5.736835181462253240e+04 3.110281102119691786e+05 4.566131501418686867e+02
5.736835181528076646e+04 3.111382537200427614e+05 4.566885246806916712e+02
5.736835181593900052e+04 3.112978960860368097e+05 4.567977507100631556e+02
5.736835181659722730e+04 3.118349699774359469e+05 4.571650207921614992e+02
5.736835181725546136e+04 3.108983154622478178e+05 4.565243116898648736e+02
5.736835181791369541e+04 3.118045031837613205e+05 4.571441944177469168e+02
5.736835181857192219e+04 3.111509530950068729e+05 4.566972144477994107e+02
5.736835181923015625e+04 3.112646857315702946e+05 4.567750306028465843e+02
5.736835181988839031e+04 3.107542416410464793e+05 4.564256796299415555e+02
5.736835182054661709e+04 3.105938952880377183e+05 4.563158824268815010e+02
5.736835182120485115e+04 3.108853106821689289e+05 4.565154095716327447e+02
5.736835182186308521e+04 3.111465618330699508e+05 4.566942096695213422e+02
5.736835182252131199e+04 3.108077574034787249e+05 4.564623186826862025e+02
5.736835182317954605e+04 3.115277319471772062e+05 4.569549567156327043e+02
5.736835182383778010e+04 3.117076950356448069e+05 4.570780123756534294e+02
5.736835182449600688e+04 3.115761815607745666e+05 4.569880889864462574e+02
5.736835182515424094e+04 3.118984253280607518e+05 4.572083943127444172e+02
5.736835182581247500e+04 3.127094694599716458e+05 4.577624038870845311e+02
5.736835182647070178e+04 3.156787465709504904e+05 4.597849677912970492e+02
5.736835182712893584e+04 3.196728998279367224e+05 4.624916889982569614e+02
5.736835182778716990e+04 3.230022983021892142e+05 4.647358781489419925e+02
5.736835182844539668e+04 3.232772456598999561e+05 4.649207228522271862e+02
5.736835182910363073e+04 3.241351949235694483e+05 4.654970427695872104e+02
5.736835182976186479e+04 3.241031202061589574e+05 4.654755096982539726e+02
5.736835183042009157e+04 3.255835291830652277e+05 4.664683330510397354e+02
5.736835183107832563e+04 3.240189219772188226e+05 4.654189792388808087e+02
5.736835183173655969e+04 3.236380860432615736e+05 4.651632012283844233e+02
5.736835183239478647e+04 3.238748646548112156e+05 4.653222436218335361e+02
5.736835183305302053e+04 3.219433730431525619e+05 4.640232840623090169e+02
5.736835183371125459e+04 3.228612910005545709e+05 4.646410516466949048e+02
5.736835183436948137e+04 3.252368660008875886e+05 4.662360359845158087e+02
5.736835183502771542e+04 3.229519581193504855e+05 4.647020269211164418e+02
5.736835183568594948e+04 3.234403734485758469e+05 4.650303575094425241e+02
5.736835183634417626e+04 3.230953260697472724e+05 4.647984281315848420e+02
5.736835183700241032e+04 3.237586479872326017e+05 4.652441885634041796e+02
5.736835183766064438e+04 3.254077285147068324e+05 4.663505444638096833e+02
5.736835183831887116e+04 3.251470523386129644e+05 4.661758334701972899e+02
5.736835183897710522e+04 3.253042436318930704e+05 4.662811944202051677e+02
5.736835183963533927e+04 3.238664836792497081e+05 4.653166151122599672e+02
5.736835184029356606e+04 3.208617133075785241e+05 4.632942594261627391e+02
5.736835184095180011e+04 3.179343929282473400e+05 4.613155054625354410e+02
5.736835184161003417e+04 3.161813972692984389e+05 4.601264753231566829e+02
5.736835184226826095e+04 3.132606787812878611e+05 4.581385426247227315e+02
5.736835184292649501e+04 3.119623441654167837e+05 4.572520804801061445e+02
5.736835184358472907e+04 3.115644604428689927e+05 4.569800737196241585e+02
5.736835184424295585e+04 3.121367425317652524e+05 4.573712541058448551e+02
5.736835184490118991e+04 3.110580022212652839e+05 4.566336073793635819e+02
5.736835184555942396e+04 3.119000546890868573e+05 4.572095079727446887e+02
5.736835184621765075e+04 3.113481863328323234e+05 4.568321534853038202e+02
5.736835184687588480e+04 3.104726608831501217e+05 4.562328495976246927e+02
5.736835184753411886e+04 3.109514798089615651e+05 4.565607022955446723e+02
5.736835184819234564e+04 3.101863462489802623e+05 4.560366941438074946e+02
5.736835184885057970e+04 3.105418381537901005e+05 4.562802306106618744e+02
5.736835184950881376e+04 3.110285092649614671e+05 4.566134232483763640e+02
5.736835185016704054e+04 3.109044700556176249e+05 4.565285246123850129e+02
5.736835185082527460e+04 3.100362941680887016e+05 4.559338590794233141e+02
5.736835185148350865e+04 3.113040057770518470e+05 4.568019303928754198e+02
5.736835185214173543e+04 3.108069426621882012e+05 4.564617608999329832e+02
5.736835185279996949e+04 3.104528291898092721e+05 4.562192655331762694e+02
5.736835185345820355e+04 3.108367948549211142e+05 4.564821976641867991e+02
5.736835185411643033e+04 3.108906314509130898e+05 4.565190518004923774e+02
5.736835185477466439e+04 3.106756344435160863e+05 4.563718566335982132e+02
5.736835185543289845e+04 3.111917927481530933e+05 4.567251585665011930e+02
5.736835185609112523e+04 3.100442410755160963e+05 4.559393059083604953e+02
5.736835185674935929e+04 3.099018637488331296e+05 4.558417102931901468e+02
5.736835185740759334e+04 3.105441942463824525e+05 4.562818442629391029e+02
5.736835185806582012e+04 3.100929682164700935e+05 4.559727021821523181e+02
5.736835185872405418e+04 3.104955673349954304e+05 4.562485392682064571e+02
5.736835185938228824e+04 3.103685526026936132e+05 4.561615343019219040e+02
5.736835186004051502e+04 3.102927472067566123e+05 4.561095997720535706e+02
5.736835186069874908e+04 3.093512091824203380e+05 4.554640553754079519e+02
5.736835186135698314e+04 3.104563971180770313e+05 4.562217094777473676e+02
5.736835186201520992e+04 3.111661697086817003e+05 4.567076264613128274e+02
5.736835186267344397e+04 3.109789724603238865e+05 4.565795196761484362e+02
5.736835186333167803e+04 3.106980627179992734e+05 4.563872141052480629e+02
5.736835186398990481e+04 3.107190811253680149e+05 4.564016057195186704e+02
5.736835186464813887e+04 3.092829723901270190e+05 4.554172347900652085e+02
5.736835186530637293e+04 3.086891591262557777e+05 4.550095872109837956e+02
5.736835186596459971e+04 3.094070123926046654e+05 4.555023410975819615e+02
5.736835186662283377e+04 3.095618244924675091e+05 4.556085384491736932e+02
5.736835186728106783e+04 3.100993887739192578e+05 4.559771024774155421e+02
5.736835186793929461e+04 3.090627508103701985e+05 4.552660971964432974e+02
5.736835186859752866e+04 3.096758281814477523e+05 4.556867263958923218e+02
5.736835186925576272e+04 3.092002031120916363e+05 4.553604362975084996e+02
5.736835186991398950e+04 3.085832572883890243e+05 4.549368481506451189e+02
5.736835187057222356e+04 3.099399152087700786e+05 4.558677955344962811e+02
5.736835187123045762e+04 3.104107708925509360e+05 4.561904556299313072e+02
5.736835187188868440e+04 3.097426652249418548e+05 4.557325594749497668e+02
5.736835187254691846e+04 3.090505881121848943e+05 4.552577485009074962e+02
5.736835187320515251e+04 3.094193526439526468e+05 4.555108071192937018e+02
5.736835187386337930e+04 3.098230738856861135e+05 4.557876930968560032e+02
5.736835187452161335e+04 3.091211665897466009e+05 4.553061927083703040e+02
5.736835187517984741e+04 3.089216758548684302e+05 4.551692513881981768e+02
5.736835187583807419e+04 3.082820390357269207e+05 4.547298916910227717e+02
5.736835187649630825e+04 3.090974996310970164e+05 4.552899485706175824e+02
5.736835187715454231e+04 3.089642297371854074e+05 4.551984661504703240e+02
5.736835187781276909e+04 3.090792325371486950e+05 4.552774103068566660e+02
5.736835187847100315e+04 3.100191132701784372e+05 4.559220830293938889e+02
5.736835187912923720e+04 3.095204633273897925e+05 4.555801681149198430e+02
5.736835187978746399e+04 3.090843422962042387e+05 4.552809176048647259e+02
5.736835188044569804e+04 3.088006581627731794e+05 4.550861581631913850e+02
5.736835188110393210e+04 3.100763643266486470e+05 4.559613225967257222e+02
5.736835188176215888e+04 3.109051049216562533e+05 4.565289591866381897e+02
5.736835188242039294e+04 3.100234285914654611e+05 4.559250408451655971e+02
5.736835188307862700e+04 3.092681996774654253e+05 4.554070978788274147e+02
5.736835188373685378e+04 3.104647052711931756e+05 4.562274003109586715e+02
5.736835188439508784e+04 3.117508806183360866e+05 4.571075370046527837e+02
5.736835188505332189e+04 3.102166788777518668e+05 4.560574791609001863e+02
5.736835188571154868e+04 3.115477226371454890e+05 4.569686276411280232e+02
5.736835188636978273e+04 3.120360430048601120e+05 4.573024457380886929e+02
5.736835188702801679e+04 3.113860062651893240e+05 4.568580238058026453e+02
5.736835188768624357e+04 3.112760204451926402e+05 4.567827851159075294e+02
5.736835188834447763e+04 3.119099531926113414e+05 4.572162734914211910e+02
5.736835188900271169e+04 3.115109533563627629e+05 4.569434821153779467e+02
5.736835188966093847e+04 3.117006570807290263e+05 4.570732005657908417e+02
5.736835189031917253e+04 3.112914402726675617e+05 4.567933342009460489e+02
5.736835189097740658e+04 3.111111523636303027e+05 4.566699795555526862e+02
5.736835189163563336e+04 3.112638346881153411e+05 4.567744483660092669e+02
5.736835189229386742e+04 3.108269372065910138e+05 4.564754492348075701e+02
5.736835189295210148e+04 3.107387613266851986e+05 4.564150806329456032e+02
5.736835189361032826e+04 3.116000233315452351e+05 4.570043923007914941e+02
5.736835189426856232e+04 3.114805548799295793e+05 4.569226923670523774e+02
5.736835189492679638e+04 3.120337192907145945e+05 4.573008578132087791e+02
5.736835189558502316e+04 3.118385445344556356e+05 4.571674642120048588e+02
5.736835189624325722e+04 3.109526833618546952e+05 4.565615260851041057e+02
5.736835189690149127e+04 3.108245401287856512e+05 4.564738082086320787e+02
5.736835189755971805e+04 3.104756574138160795e+05 4.562349020884253150e+02
5.736835189821795211e+04 3.114329155795559636e+05 4.568901095856884922e+02
5.736835189887618617e+04 3.102133439584611915e+05 4.560551939996279316e+02
5.736835189953441295e+04 3.108723910423216876e+05 4.565065655622611871e+02
5.736835190019264701e+04 3.092767691058361670e+05 4.554129781760150877e+02
5.736835190085088107e+04 3.102466904360379558e+05 4.560780432365975230e+02
5.736835190150910785e+04 3.093604429867841536e+05 4.554703907684231581e+02
5.736835190216734190e+04 3.095687096561022336e+05 4.556132609297757199e+02
5.736835190282557596e+04 3.100154986685704207e+05 4.559196054874768151e+02
5.736835190348380274e+04 3.101318016597494716e+05 4.559993158299071183e+02
5.736835190414203680e+04 3.096449731933822623e+05 4.556655662279781041e+02
5.736835190480027086e+04 3.091100141454032855e+05 4.552985381492862302e+02
5.736835190545849764e+04 3.096753498846697621e+05 4.556863983902949258e+02
5.736835190611673170e+04 3.099759833338456228e+05 4.558925197715504396e+02
5.736835190677496576e+04 3.090488220169309061e+05 4.552565362085225615e+02
5.736835190743319254e+04 3.092282443265892798e+05 4.553796797224468378e+02
5.736835190809142659e+04 3.096503777053886442e+05 4.556692726812593150e+02
5.736835190874966065e+04 3.095808589103395934e+05 4.556215938901077038e+02
5.736835190940788743e+04 3.093938079691522871e+05 4.554932820368706530e+02
5.736835191006612149e+04 3.096011495148562244e+05 4.556355105199605759e+02
5.736835191072435555e+04 3.094570851364217815e+05 4.555366924960750339e+02
5.736835191138258233e+04 3.089639611374848755e+05 4.551982817530488319e+02
5.736835191204081639e+04 3.144437585110106738e+05 4.589448213776702801e+02
5.736835191269905044e+04 3.095412892817155225e+05 4.555944532158750917e+02
5.736835191335727723e+04 3.093528719720676891e+05 4.554651962362681843e+02
5.736835191401551128e+04 3.094441951338414219e+05 4.555278498167273256e+02
5.736835191467374534e+04 3.088249812623352627e+05 4.551028601195113765e+02
5.736835191533197212e+04 3.090542928236851003e+05 4.552602914979552793e+02
5.736835191599020618e+04 3.092397451005524490e+05 4.553875719514590514e+02
5.736835191664844024e+04 3.103855250974042574e+05 4.561731614046113918e+02
5.736835191730666702e+04 3.091012437009495916e+05 4.552925184022832923e+02
5.736835191796490108e+04 3.086006152874301188e+05 4.549487713519444583e+02
5.736835191862313513e+04 3.086619464313625358e+05 4.549908971832310840e+02
5.736835191928136192e+04 3.089230414740615524e+05 4.551701889637418503e+02
5.736835191993959597e+04 3.085558493831343949e+05 4.549180210372622923e+02
5.736835192059783003e+04 3.080714700171812437e+05 4.545851611752613053e+02
5.736835192125605681e+04 3.084030158272410044e+05 4.548130219024358780e+02
5.736835192191429087e+04 3.085387452602674603e+05 4.549062714314533764e+02
5.736835192257252493e+04 3.087667772668738035e+05 4.550628921278861299e+02
5.736835192323075171e+04 3.091257262600665563e+05 4.553093222332940400e+02
5.736835192388898577e+04 3.084643096608000924e+05 4.548551346725681128e+02
5.736835192454721982e+04 3.081322571820536978e+05 4.546269467803064117e+02
5.736835192520544661e+04 3.079173317767639528e+05 4.544791880388775667e+02
5.736835192586368066e+04 3.077893854604723165e+05 4.543912036041137981e+02
5.736835192652190744e+04 3.077621992439941387e+05 4.543725063507873756e+02
5.736835192718014150e+04 3.075224416384219076e+05 4.542075803242540246e+02
5.736835192783837556e+04 3.077263380722428556e+05 4.543478417414918908e+02
5.736835192849660234e+04 3.094151259407368489e+05 4.555079074099159016e+02
5.736835192915483640e+04 3.080631678207738441e+05 4.545794538779592244e+02
5.736835192981307046e+04 3.069680828988507274e+05 4.538260149129638421e+02
5.736835193047129724e+04 3.076260351199691067e+05 4.542788482308863536e+02
5.736835193112953129e+04 3.077968776846454712e+05 4.543963562275818049e+02
5.736835193178776535e+04 3.076187660572432214e+05 4.542738477898292899e+02
5.736835193244599213e+04 3.090867112879310735e+05 4.552825436527925262e+02
5.736835193310422619e+04 3.076173282309306669e+05 4.542728586921429041e+02
5.736835193376246025e+04 3.078949395217280253e+05 4.544637908580616568e+02
5.736835193442068703e+04 3.070942151286144508e+05 4.539128599801772452e+02
5.736835193507892109e+04 3.075088680836743442e+05 4.541982414676398321e+02
5.736835193573715515e+04 3.073641090725332033e+05 4.540986326453023594e+02
5.736835193639538193e+04 3.082724382186265429e+05 4.547232937585687296e+02
5.736835193705361598e+04 3.071263295825301902e+05 4.539349688987194327e+02
5.736835193771185004e+04 3.077813054958799621e+05 4.543856467087455826e+02
5.736835193837007682e+04 3.080537481010613265e+05 4.545729782588966259e+02
5.736835193902831088e+04 3.075309259303327417e+05 4.542134175764273323e+02
5.736835193968654494e+04 3.078410916676952620e+05 4.544267622976331040e+02
5.736835194034477172e+04 3.076662771519059315e+05 4.543065300212414854e+02
5.736835194100300578e+04 3.072273754036293831e+05 4.540045259986604833e+02
5.736835194166123983e+04 3.075298620776594034e+05 4.542126856424609969e+02
5.736835194231946662e+04 3.076183289353804430e+05 4.542735470887698170e+02
5.736835194297770067e+04 3.079187843467102502e+05 4.544801868252277472e+02
5.736835194363593473e+04 3.071760926965835970e+05 4.539692257580514934e+02
5.736835194429416151e+04 3.073691892073506606e+05 4.541021286611571668e+02
5.736835194495239557e+04 3.072359494616909651e+05 4.540104276484812544e+02
5.736835194561062963e+04 3.073176874856065260e+05 4.540666852770681317e+02
5.736835194626885641e+04 3.085117424573310418e+05 4.548877213509196054e+02
5.736835194692709047e+04 3.083133604960695957e+05 4.547514159516641712e+02
5.736835194758532452e+04 3.086791020737870713e+05 4.550026799878401675e+02
5.736835194824355131e+04 3.085157115575525095e+05 4.548904480459776778e+02
5.736835194890178536e+04 3.084802669062135974e+05 4.548660976775291260e+02
5.736835194956001942e+04 3.081001851702435524e+05 4.546049006900411769e+02
5.736835195021824620e+04 3.104400827686187113e+05 4.562105344360065260e+02
5.736835195087648026e+04 3.080173605103383306e+05 4.545479626166654157e+02
5.736835195153471432e+04 3.074376189678926021e+05 4.541492176090727071e+02
5.736835195219294110e+04 3.075446219379593967e+05 4.542228403671754791e+02
5.736835195285117516e+04 3.074392371427491889e+05 4.541503310735535024e+02
5.736835195350940921e+04 3.067794068745352561e+05 4.536960759104981662e+02
5.736835195416763599e+04 3.072511194652266568e+05 4.540208691963031811e+02
5.736835195482587005e+04 3.072186332670294214e+05 4.539985085789306822e+02
5.736835195548410411e+04 3.069798426376878633e+05 4.538341124778468156e+02
5.736835195614233089e+04 3.078019867391253938e+05 4.543998698414793580e+02
5.736835195680056495e+04 3.073854160730040167e+05 4.541132953852238074e+02
5.736835195745879901e+04 3.075769972428013571e+05 4.542451136520357409e+02
5.736835195811702579e+04 3.071960379435934010e+05 4.539829553130225577e+02
5.736835195877525985e+04 3.071442342626767349e+05 4.539472947536673360e+02
5.736835195943349390e+04 3.072362035283005680e+05 4.540106025250818220e+02
5.736835196009172068e+04 3.068052685963948607e+05 4.537138887809659877e+02
5.736835196074995474e+04 3.070242762539483374e+05 4.538647074390315197e+02
5.736835196140818880e+04 3.064161644866608549e+05 4.534458102178947456e+02
5.736835196206641558e+04 3.066401025513116620e+05 4.536001147426770217e+02
5.736835196272464964e+04 3.071958849953088211e+05 4.539828500307781383e+02
5.736835196338288370e+04 3.068559671075756196e+05 4.537488065463475664e+02
5.736835196404111048e+04 3.075493365737796412e+05 4.542260839698797668e+02
5.736835196469934453e+04 3.069909164409291116e+05 4.538417375865519716e+02
5.736835196535757859e+04 3.062085055495382985e+05 4.533026758893680039e+02
5.736835196601580537e+04 3.069462428732627304e+05 4.538109758432349849e+02
5.736835196667403943e+04 3.072500531652784557e+05 4.540201352674779969e+02
5.736835196733227349e+04 3.064023220125442604e+05 4.534362703377842081e+02
5.736835196799050027e+04 3.064261951663218206e+05 4.534527229810745439e+02
5.736835196864873433e+04 3.066702064412665204e+05 4.536208538259584770e+02
5.736835196930696839e+04 3.068529226236646646e+05 4.537467097839833627e+02
5.736835196996519517e+04 3.063801850240649073e+05 4.534210136727680833e+02
5.736835197062342922e+04 3.067652186060484964e+05 4.536863031090759364e+02
5.736835197128166328e+04 3.071128917261302704e+05 4.539257178535177673e+02
5.736835197193989006e+04 3.067425752203033771e+05 4.536707060332302603e+02
5.736835197259812412e+04 3.075742728431059513e+05 4.542432393849590540e+02
5.736835197325635818e+04 3.070334613095562090e+05 4.538710315920951643e+02
5.736835197391458496e+04 3.065023910011154949e+05 4.535052308140416244e+02
5.736835197457281902e+04 3.061167854274447309e+05 4.532394410156213667e+02
5.736835197523105307e+04 3.066749860032236902e+05 4.536241464604973999e+02
5.736835197588927986e+04 3.075071967476229183e+05 4.541970915442593650e+02
5.736835197654751391e+04 3.077370517931310460e+05 4.543552105684569824e+02
5.736835197720574797e+04 3.072379159760648618e+05 4.540117812183297588e+02
5.736835197786397475e+04 3.070277530389440944e+05 4.538671013075744440e+02
5.736835197852220881e+04 3.080312081663656281e+05 4.545574827279587566e+02
5.736835197918044287e+04 3.088068082157143508e+05 4.550903812813685931e+02
5.736835197983866965e+04 3.094012525694041396e+05 4.554983895206190141e+02
5.736835198049690371e+04 3.109780038096409990e+05 4.565788566951229654e+02
5.736835198115513776e+04 3.107179396364926361e+05 4.564008241368631502e+02
5.736835198181336455e+04 3.098456223281867569e+05 4.558031526384133372e+02
5.736835198247159860e+04 3.089885597742410609e+05 4.552151687486925766e+02
5.736835198312983266e+04 3.091417860871592420e+05 4.553203447074098449e+02
5.736835198378805944e+04 3.092391523494324065e+05 4.553871651884747962e+02
5.736835198444629350e+04 3.096473301054288168e+05 4.556671826189516423e+02
5.736835198510452756e+04 3.092323891301605618e+05 4.553825240458293138e+02
5.736835198576275434e+04 3.089271325692723622e+05 4.551729977226189021e+02
5.736835198642098840e+04 3.088340650592049933e+05 4.551090975381651447e+02
5.736835198707922245e+04 3.088945034536711173e+05 4.551505955818847724e+02
5.736835198773744924e+04 3.097447172428969061e+05 4.557339665603284402e+02
5.736835198839568329e+04 3.096573328001896734e+05 4.556740424910316847e+02
5.736835198905391735e+04 3.082303669397178455e+05 4.546943801470649760e+02
5.736835198971214413e+04 3.088476288151388289e+05 4.551184109761565537e+02
5.736835199037037819e+04 3.080715729627728579e+05 4.545852319441680152e+02
5.736835199102861225e+04 3.081711499227499007e+05 4.546536799606032559e+02
5.736835199168683903e+04 3.072432854443962569e+05 4.540154770519917520e+02
5.736835199234507309e+04 3.071577972144132364e+05 4.539566314737656398e+02
5.736835199300330714e+04 3.058364640848692507e+05 4.530461235382588256e+02
5.736835199366153392e+04 3.071106299035737175e+05 4.539241607248214905e+02
5.736835199431976798e+04 3.054601805533661973e+05 4.527864980825442558e+02
5.736835199497800204e+04 3.078927893534644390e+05 4.544623123493468029e+02
5.736835199563622882e+04 3.057380696408357471e+05 4.529782484021968116e+02
5.736835199629446288e+04 3.049228568218780565e+05 4.524155009652893682e+02
5.736835199695269694e+04 3.045581498987540836e+05 4.521635143249853854e+02
5.736835199761092372e+04 3.048179682133759488e+05 4.523430447496235729e+02
5.736835199826915778e+04 3.040744453983868589e+05 4.518290919960685414e+02
5.736835199892739183e+04 3.050425897871234338e+05 4.524981973632073391e+02
5.736835199958561861e+04 3.048880145014478476e+05 4.523914334549284035e+02
5.736835200024385267e+04 3.055915827195444144e+05 4.528771789345487377e+02
5.736835200090208673e+04 3.052015482841529301e+05 4.526079624549214486e+02
5.736835200156031351e+04 3.050716182233080035e+05 4.525182442615628702e+02
5.736835200221854757e+04 3.049657831575761084e+05 4.524451507901096647e+02
5.736835200287678163e+04 3.052946622621737770e+05 4.526722477840436341e+02
5.736835200353500841e+04 3.050534714182795142e+05 4.525057122693863789e+02
5.736835200419324246e+04 3.047215019207259174e+05 4.522763963556507747e+02
5.736835200485147652e+04 3.047287484347290592e+05 4.522814033007610419e+02
5.736835200550970330e+04 3.055732239876984386e+05 4.528645106345953195e+02
5.736835200616793736e+04 3.068187579036955140e+05 4.537231795817904754e+02
5.736835200682617142e+04 3.090693701082438929e+05 4.552706407376302877e+02
5.736835200748439820e+04 3.127224894599755062e+05 4.577712921454169646e+02
5.736835200814263226e+04 3.124886446005129837e+05 4.576116288681053561e+02
5.736835200880086632e+04 3.131436630240743980e+05 4.580587182775222459e+02
5.736835200945909310e+04 3.137385208698635688e+05 4.584643667109415901e+02
5.736835201011732715e+04 3.140561796755742980e+05 4.586808392523432190e+02
5.736835201077556121e+04 3.145420920710738283e+05 4.590117727732276194e+02
5.736835201143378799e+04 3.144413427570646745e+05 4.589431764643259157e+02
5.736835201209202205e+04 3.158747963672911865e+05 4.599181967802067561e+02
5.736835201275025611e+04 3.133311786289511947e+05 4.581866286166527402e+02
5.736835201340848289e+04 3.126408404304072610e+05 4.577155506086771766e+02
5.736835201406671695e+04 3.128263932747637737e+05 4.578422171411536965e+02
5.736835201472495100e+04 3.125747548671154073e+05 4.576704292304093542e+02
5.736835201538317779e+04 3.132539001686570118e+05 4.581339188549682149e+02
5.736835201604141184e+04 3.129010075036351336e+05 4.578931422174522368e+02
5.736835201669964590e+04 3.128630449780173367e+05 4.578672330613546251e+02
5.736835201735787268e+04 3.139150676843422698e+05 4.585846893461597915e+02
5.736835201801610674e+04 3.147823266345825396e+05 4.591752978401756877e+02
5.736835201867434080e+04 3.149705987099432386e+05 4.593034119116845204e+02
5.736835201933256758e+04 3.136800382361147203e+05 4.584245018512554566e+02
5.736835201999080164e+04 3.122864745566479396e+05 4.574735474296901430e+02
5.736835202064903569e+04 3.110199063155241893e+05 4.566075354691407142e+02
5.736835202130726248e+04 3.100171088648783043e+05 4.559207091595521320e+02
5.736835202196549653e+04 3.083147055871752673e+05 4.547523402820314686e+02
5.736835202262373059e+04 3.062072667303991038e+05 4.533018218654094653e+02
5.736835202328195737e+04 3.053746710134669556e+05 4.527274780521023558e+02
5.736835202394019143e+04 3.048983325849886169e+05 4.523985608571471744e+02
5.736835202459842549e+04 3.044532488085395889e+05 4.520910090958868182e+02
5.736835202525665227e+04 3.049199947864778806e+05 4.524135240480203493e+02
5.736835202591488633e+04 3.047555481966127409e+05 4.522999199899143719e+02
5.736835202657312038e+04 3.054851391688045696e+05 4.528037234613943269e+02
5.736835202723134717e+04 3.048598946158340550e+05 4.523720085669495461e+02
5.736835202788958122e+04 3.044292275886466959e+05 4.520744045429957509e+02
5.736835202854781528e+04 3.049492579226038069e+05 4.524337368075322843e+02
5.736835202920604206e+04 3.049716142459624098e+05 4.524491782551124288e+02
5.736835202986427612e+04 3.048402522216733778e+05 4.523584393360488889e+02
5.736835203052251018e+04 3.036474642873197445e+05 4.515336811131311947e+02
5.736835203118073696e+04 3.042618487025530776e+05 4.519586877570732781e+02
5.736835203183897102e+04 3.050075428169954102e+05 4.524739929107772696e+02
5.736835203249720507e+04 3.056197964375515585e+05 4.528966469002278927e+02
5.736835203315543185e+04 3.075733469833219424e+05 4.542426024324184937e+02
5.736835203381366591e+04 3.078992543754925136e+05 4.544667578433903827e+02
5.736835203447189997e+04 3.083825848670139094e+05 4.547989836640839485e+02
5.736835203513012675e+04 3.090303332777980249e+05 4.552438448772522861e+02
5.736835203578836081e+04 3.098367563148153131e+05 4.557970740326878740e+02
5.736835203644659487e+04 3.084385147964406060e+05 4.548374124319319662e+02
5.736835203710482165e+04 3.093673378561764257e+05 4.554751213404638293e+02
5.736835203776305570e+04 3.075793511962855700e+05 4.542467330621965971e+02
5.736835203842128976e+04 3.068438216470945044e+05 4.537404418050412573e+02
5.736835203907951654e+04 3.071778488337085582e+05 4.539704346332125056e+02
5.736835203973775060e+04 3.074444949053640594e+05 4.541539489158412266e+02
5.736835204039598466e+04 3.087700308456280618e+05 4.550651264143600656e+02
5.736835204105421144e+04 3.078771750796045526e+05 4.544515754453414047e+02
5.736835204171244550e+04 3.082629272846890381e+05 4.547167575017778631e+02
5.736835204237067956e+04 3.074931240276186145e+05 4.541874090254611929e+02
5.736835204302890634e+04 3.073875962150307023e+05 4.541147956567746178e+02
5.736835204368714039e+04 3.084591787651596824e+05 4.548516095697857509e+02
5.736835204434536718e+04 3.081042176016502199e+05 4.546076726156646828e+02
5.736835204500360123e+04 3.078137960887884255e+05 4.544079912980104723e+02
5.736835204566183529e+04 3.071396992229755269e+05 4.539441727948048992e+02
5.736835204632006207e+04 3.063315223052904475e+05 4.533874738463850917e+02
5.736835204697829613e+04 3.057179770925614866e+05 4.529643867710252039e+02
5.736835204763653019e+04 3.040820113348641898e+05 4.518343248186110372e+02
5.736835204829475697e+04 3.037938916984536918e+05 4.516350100595984145e+02
5.736835204895299103e+04 3.046370451633452321e+05 4.522180372642059183e+02
5.736835204961122508e+04 3.043389003653163090e+05 4.520119608244041842e+02
5.736835205026945187e+04 3.065210287722393405e+05 4.535180734906268185e+02
5.736835205092768592e+04 3.106409190566525212e+05 4.563480847011497872e+02
5.736835205158591998e+04 3.103520294890344958e+05 4.561502147655381236e+02
5.736835205224414676e+04 3.114326724816761562e+05 4.568899433135375716e+02
5.736835205290238082e+04 3.121592418146764394e+05 4.573866265362081549e+02
5.736835205356061488e+04 3.124924130415742984e+05 4.576142023047186171e+02
5.736835205421884166e+04 3.139787765699196607e+05 4.586281013590420912e+02
5.736835205487707572e+04 3.159922396990321577e+05 4.599979889215767912e+02
5.736835205553530977e+04 3.222027886914477567e+05 4.641979566221234563e+02
5.736835205619353655e+04 3.304090570061365142e+05 4.696899622398112797e+02
5.736835205685177061e+04 3.382684447319081519e+05 4.748902799146794678e+02
5.736835205751000467e+04 3.404688069226921070e+05 4.763360203959832688e+02
5.736835205816823145e+04 3.434629703775924281e+05 4.782963061596809666e+02
5.736835205882646551e+04 3.470492287659796420e+05 4.806337149833927924e+02
5.736835205948469957e+04 3.468544904924859293e+05 4.805070827342753432e+02
5.736835206014292635e+04 3.432626204562134808e+05 4.781653874812912477e+02
5.736835206080116041e+04 3.416255566064505256e+05 4.770943018723149294e+02
5.736835206145939446e+04 3.422581444208807661e+05 4.775084714044876932e+02
5.736835206211762124e+04 3.435631519331416348e+05 4.783617563708594389e+02
5.736835206277585530e+04 3.406360554581867764e+05 4.764457310768632965e+02
5.736835206343408936e+04 3.391430835525642615e+05 4.754654847834411271e+02
5.736835206409231614e+04 3.398900008204551996e+05 4.759561434762497925e+02
5.736835206475055020e+04 3.386040733965041582e+05 4.751110879287233502e+02
5.736835206540878426e+04 3.375249391182594700e+05 4.744007661765652415e+02
5.736835206606701104e+04 3.378967280396379647e+05 4.746456099288960218e+02
5.736835206672524509e+04 3.408135684317861451e+05 4.765621473321882604e+02
5.736835206738347915e+04 3.441942512678694329e+05 4.787738579354749504e+02
5.736835206804170593e+04 3.413497682601507986e+05 4.769136244254238477e+02
5.736835206869993999e+04 3.357780733675004449e+05 4.732486617568904990e+02
5.736835206935817405e+04 3.301055271979959798e+05 4.694879705580830773e+02
5.736835207001640083e+04 3.255071009636006784e+05 4.664171288688381765e+02
5.736835207067463489e+04 3.208990602976786322e+05 4.633194499328180882e+02
5.736835207133286895e+04 3.123807086325315177e+05 4.575379141615831031e+02
5.736835207199109573e+04 3.077597756646532798e+05 4.543708395027219353e+02
5.736835207264932978e+04 3.054200856683801394e+05 4.527588249197773393e+02
5.736835207330756384e+04 3.046021700148248347e+05 4.521939365573862801e+02
5.736835207396579062e+04 3.037719594111913466e+05 4.516198341879977534e+02
5.736835207462402468e+04 3.037006152275580680e+05 4.515704646201119772e+02
5.736835207528225874e+04 3.034357407399617368e+05 4.513871264917466419e+02
5.736835207594048552e+04 3.032061293892384856e+05 4.512281361664784640e+02
5.736835207659871958e+04 3.035636529222683166e+05 4.514756727404231924e+02
5.736835207725695363e+04 3.030926826024440816e+05 4.511495612615926234e+02
5.736835207791518042e+04 3.029358432946752873e+05 4.510409095183850923e+02
5.736835207857341447e+04 3.029673023858775850e+05 4.510627051654498132e+02
5.736835207923164853e+04 3.030465226325890399e+05 4.511175862736545241e+02
5.736835207988987531e+04 3.027739798322992283e+05 4.509287497988867131e+02
5.736835208054810937e+04 3.027844897028920823e+05 4.509360332290019642e+02
5.736835208120634343e+04 3.038243529160210746e+05 4.516560866107232641e+02
5.736835208186457021e+04 3.026033061019693851e+05 4.508104549738513356e+02
5.736835208252280427e+04 3.026568742130069295e+05 4.508475866444549638e+02
5.736835208318103832e+04 3.029923094082572497e+05 4.510800299061805845e+02
5.736835208383926511e+04 3.023253602837165818e+05 4.506177428567619927e+02
5.736835208449749916e+04 3.025338745926792617e+05 4.507623227604815384e+02
5.736835208515573322e+04 3.019757184928274946e+05 4.503752036447135083e+02
5.736835208581396000e+04 3.027350468405470601e+05 4.509017678778182585e+02
5.736835208647219406e+04 3.027771002021424356e+05 4.509309122541267811e+02
5.736835208713042812e+04 3.024223527953845914e+05 4.506850014113131806e+02
5.736835208778865490e+04 3.011654875115174800e+05 4.498126606651911743e+02
5.736835208844688896e+04 3.019065459267149563e+05 4.503272046014951115e+02
5.736835208910512301e+04 3.022259240360295516e+05 4.505487792931176614e+02
5.736835208976334980e+04 3.018557900373747689e+05 4.502919816889472600e+02
5.736835209042158385e+04 3.017889682486417005e+05 4.502456053704478336e+02
5.736835209107981791e+04 3.024072429556704010e+05 4.506745242936347609e+02
5.736835209173804469e+04 3.021144672941182507e+05 4.504714664202649601e+02
5.736835209239627875e+04 3.029732471301332698e+05 4.510668237149938022e+02
5.736835209305451281e+04 3.039380668207734125e+05 4.517347581966472490e+02
5.736835209371273959e+04 3.054679749305621372e+05 4.527918775017959092e+02
5.736835209437097365e+04 3.070516449961151229e+05 4.538835512800303604e+02
5.736835209502920770e+04 3.080555047822295455e+05 4.545741859024701057e+02
5.736835209568743448e+04 3.087073081194964470e+05 4.550220517455008462e+02
5.736835209634566854e+04 3.088262563551265048e+05 4.551037356712797077e+02
5.736835209700390260e+04 3.099267884098705836e+05 4.558587969494162735e+02
5.736835209766212938e+04 3.088594400545927929e+05 4.551265209083299510e+02
5.736835209832036344e+04 3.076415228541704128e+05 4.542895021721902822e+02
5.736835209897859750e+04 3.073745362939360784e+05 4.541058083571603561e+02
5.736835209963682428e+04 3.092256938147722976e+05 4.553779294544616505e+02
5.736835210029505834e+04 3.076706733253868297e+05 4.543095539699410210e+02
5.736835210095329239e+04 3.081390135927405208e+05 4.546315909563069795e+02
5.736835210161151917e+04 3.084974213416923303e+05 4.548778828856792416e+02
5.736835210226975323e+04 3.080662442774456576e+05 4.545815687788095261e+02
5.736835210292798729e+04 3.076786060986770317e+05 4.543150105506895216e+02
5.736835210358621407e+04 3.083248057639952749e+05 4.547592809415735928e+02
5.736835210424444813e+04 3.087067132120048627e+05 4.550216431748088439e+02
5.736835210490268219e+04 3.107165605224653846e+05 4.563998798493935283e+02
5.736835210556090897e+04 3.099201157090179040e+05 4.558542226612979107e+02
5.736835210621914302e+04 3.081264675917209242e+05 4.546229671330140718e+02
5.736835210687737708e+04 3.153527047889470123e+05 4.595633149992412996e+02
5.736835210753560386e+04 3.073680431824225234e+05 4.541013399991394408e+02
5.736835210819383792e+04 3.054468424940402037e+05 4.527772924504663479e+02
5.736835210885207198e+04 3.039815469999199850e+05 4.517648358105685702e+02
5.736835210951029876e+04 3.031248963019821094e+05 4.511718743325416767e+02
5.736835211016853282e+04 3.016458163726257626e+05 4.501462376082811261e+02
5.736835211082676688e+04 3.040766934230050538e+05 4.518306468018500368e+02
5.736835211148499366e+04 3.024686271790508763e+05 4.507170864155327195e+02
5.736835211214322771e+04 3.013943307542107650e+05 4.499716176842509867e+02
5.736835211280146177e+04 3.012741017661970109e+05 4.498881123166883071e+02
5.736835211345968855e+04 3.009081610137957032e+05 4.496338517434183473e+02
5.736835211411792261e+04 3.010210157765015028e+05 4.497122800861829433e+02
5.736835211477615667e+04 3.011080132009145455e+05 4.497727295541288868e+02
5.736835211543438345e+04 3.012780360522419796e+05 4.498908451309620204e+02
5.736835211609261751e+04 3.020820401562493644e+05 4.504489705811922704e+02
5.736835211675085156e+04 3.016226221410090802e+05 4.501301354476621555e+02
5.736835211740907835e+04 3.016188130420109956e+05 4.501274909970028375e+02
5.736835211806731240e+04 3.015875095701693208e+05 4.501057581073094980e+02
5.736835211872554646e+04 3.020186867069253931e+05 4.504050168368780191e+02
5.736835211938377324e+04 3.020549574525755015e+05 4.504301815019278479e+02
5.736835212004200730e+04 3.023524664750434458e+05 4.506365404035742017e+02
5.736835212070024136e+04 3.032664143808530062e+05 4.512698848671747101e+02
5.736835212135846814e+04 3.060257052739724750e+05 4.531766386258594252e+02
5.736835212201670220e+04 3.106628635528771556e+05 4.563631117000455220e+02
5.736835212267493625e+04 3.203656043630203349e+05 4.629595044136017350e+02
5.736835212333316304e+04 3.385971970962980995e+05 4.751065650832308620e+02
5.736835212399139709e+04 3.733778087909247261e+05 4.974576670374353853e+02
5.736835212464963115e+04 4.004176999411567231e+05 5.141634588953428420e+02
5.736835212530785793e+04 4.089081692510175053e+05 5.192981858064650851e+02
5.736835212596609199e+04 4.179562229408326093e+05 5.247148171512029649e+02
5.736835212662432605e+04 4.258921217200410319e+05 5.294200374702733143e+02
5.736835212728255283e+04 4.264296830850029946e+05 5.297372480089792361e+02
5.736835212794078689e+04 4.180157509887923952e+05 5.247502685735332761e+02
5.736835212859902094e+04 4.118887995605641045e+05 5.210887637680864373e+02
5.736835212925724773e+04 4.105791354685592814e+05 5.203027576977173112e+02
5.736835212991548178e+04 4.102198125629440183e+05 5.200868993272566740e+02
5.736835213057371584e+04 4.006535414995898027e+05 5.143067794976492451e+02
5.736835213123194262e+04 3.992419185575682786e+05 5.134483412169914800e+02
5.736835213189017668e+04 4.054429509841523250e+05 5.172087048427309810e+02
5.736835213254841074e+04 4.056794986710281810e+05 5.173516083568240447e+02
5.736835213320663752e+04 4.054751447386596119e+05 5.172281560990877551e+02
5.736835213386487158e+04 4.137199620171515853e+05 5.221857679607130649e+02
5.736835213452310563e+04 4.318451726787356893e+05 5.329223516838168280e+02
5.736835213518133241e+04 4.451993451523724943e+05 5.406963942178945217e+02
5.736835213583956647e+04 4.257685472309414181e+05 5.293470903096931579e+02
5.736835213649780053e+04 4.050143334076246829e+05 5.169496671628345439e+02
5.736835213715602731e+04 3.854837748675851617e+05 5.050053062020642756e+02
5.736835213781426137e+04 3.687178137728251168e+05 4.945216209712328350e+02
5.736835213847249543e+04 3.516575991427564877e+05 4.836207186052131988e+02
5.736835213913072221e+04 3.272595867982325144e+05 4.675898221185907460e+02
5.736835213978895626e+04 3.110540573526554508e+05 4.566309076764401880e+02
5.736835214044719032e+04 3.044576769671135698e+05 4.520940699726617709e+02
5.736835214110541710e+04 3.031901825072687934e+05 4.512170919491447876e+02
5.736835214176365116e+04 3.059198801448126324e+05 4.531036582179710308e+02
5.736835214242188522e+04 3.008631112323161215e+05 4.496025406069204564e+02
5.736835214308011200e+04 3.009154544375629630e+05 4.496389207169202109e+02
5.736835214373834606e+04 2.995052417093591066e+05 4.486577493684349633e+02
5.736835214439658012e+04 2.997934509213730926e+05 4.488584485401362940e+02
5.736835214505480690e+04 3.011943678367694374e+05 4.498327243520427601e+02
5.736835214571304095e+04 3.024037242478381959e+05 4.506720843971799013e+02
5.736835214637127501e+04 3.000854907459540991e+05 4.490617237265065569e+02
5.736835214702950179e+04 2.996343706444816780e+05 4.487476815013098417e+02
5.736835214768773585e+04 2.996938948223143816e+05 4.487891311784928803e+02
5.736835214834596991e+04 2.990140542775490903e+05 4.483154959662538772e+02
5.736835214900419669e+04 2.998408417405188666e+05 4.488914413171900719e+02
5.736835214966243075e+04 3.010854289313297486e+05 4.497570378349637963e+02
5.736835215032066480e+04 3.003743828925946145e+05 4.492627174692682956e+02
5.736835215097889159e+04 3.000794556060628965e+05 4.490575238806152356e+02
5.736835215163712564e+04 3.002858249062220566e+05 4.492011137189986698e+02
5.736835215229535970e+04 2.998983289628784405e+05 4.489314598040540432e+02
5.736835215295358648e+04 3.001234880505991168e+05 4.490881650985966758e+02
5.736835215361182054e+04 3.006606033442580374e+05 4.494617637688007790e+02
5.736835215427005460e+04 3.011332506225213292e+05 4.497902640554548839e+02
5.736835215492828138e+04 2.991578100354411872e+05 4.484156902608903010e+02
5.736835215558651544e+04 2.997477633392252028e+05 4.488266392350344063e+02
5.736835215624474949e+04 2.997669456179362023e+05 4.488399948881673822e+02
5.736835215690297628e+04 2.993910693512407597e+05 4.485782187584741223e+02
5.736835215756121033e+04 2.993002157097592135e+05 4.485149215116476853e+02
5.736835215821943711e+04 3.003486898330941331e+05 4.492448454302885352e+02
5.736835215887767117e+04 2.997595677448306233e+05 4.488348580942874264e+02
5.736835215953590523e+04 3.006180793170717079e+05 4.494321968586249341e+02
5.736835216019413201e+04 3.005526384323497768e+05 4.493866920817956156e+02
5.736835216085236607e+04 3.001546173908859491e+05 4.491098260663016504e+02
5.736835216151060013e+04 3.005587376560853445e+05 4.493909334143862679e+02
5.736835216216882691e+04 3.007636001939300913e+05 4.495333693077815269e+02
5.736835216282706097e+04 3.009510448665839504e+05 4.496636554599614897e+02
5.736835216348529502e+04 2.999181378074852983e+05 4.489452484765578788e+02
5.736835216414352180e+04 2.998684032194861211e+05 4.489106280900228398e+02
5.736835216480175586e+04 2.999534059733453323e+05 4.489697971282041635e+02
5.736835216545998992e+04 2.998072627430260181e+05 4.488680643734762725e+02
5.736835216611821670e+04 3.005972489403307554e+05 4.494177128103727910e+02
5.736835216677645076e+04 3.003462781002958654e+05 4.492431677974467448e+02
5.736835216743468482e+04 2.999361852146720630e+05 4.489578106672942681e+02
5.736835216809291160e+04 3.005236500731991255e+05 4.493665333508375852e+02
5.736835216875114565e+04 3.006040228772183182e+05 4.494224230034160428e+02
5.736835216940937971e+04 3.007072723801431130e+05 4.494942104605902955e+02
5.736835217006760649e+04 3.003669248539702967e+05 4.492575297462819890e+02
5.736835217072584055e+04 3.003272929008913925e+05 4.492299612259372452e+02
5.736835217138407461e+04 2.994767019895373960e+05 4.486378703848582177e+02
5.736835217204230139e+04 2.993109109588106512e+05 4.485223732984304661e+02
5.736835217270053545e+04 2.994694548873088788e+05 4.486328223665406654e+02
5.736835217335876951e+04 2.993243594848945504e+05 4.485317432223265541e+02
5.736835217401699629e+04 2.989493207971334923e+05 4.482703709796225553e+02
5.736835217467523034e+04 2.998079446571691660e+05 4.488685391188947165e+02
5.736835217533346440e+04 2.995504961446995731e+05 4.486892689717876692e+02
5.736835217599169118e+04 2.991821919031827128e+05 4.484326816139621883e+02
5.736835217664992524e+04 2.992380448228965979e+05 4.484716022384364464e+02
5.736835217730815930e+04 2.994463867095808964e+05 4.486167536923783246e+02
5.736835217796638608e+04 2.992752585504614399e+05 4.484975324280373457e+02
5.736835217862462014e+04 2.992332234040878247e+05 4.484682426076063848e+02
5.736835217928285419e+04 2.993314909592961194e+05 4.485367118191776967e+02
5.736835217994108098e+04 2.991961870826538652e+05 4.484424343510086146e+02
5.736835218059931503e+04 2.999537059023419279e+05 4.489700058901080979e+02
5.736835218125754909e+04 2.995915389980574255e+05 4.487178533040399202e+02
5.736835218191577587e+04 2.994224154757858487e+05 4.486000553637573489e+02
5.736835218257400993e+04 3.035380197002845816e+05 4.514579297262125692e+02
5.736835218323224399e+04 3.035634416467187693e+05 4.514755265008273000e+02
5.736835218389047077e+04 3.005382474741095211e+05 4.493766846102704449e+02
5.736835218454870483e+04 3.003976334532504552e+05 4.492788898983364447e+02
5.736835218520693888e+04 3.009812762603518786e+05 4.496846646959621694e+02
5.736835218586516567e+04 3.020112984303765697e+05 4.503998906738159462e+02
5.736835218652339972e+04 3.006052065823244629e+05 4.494232460765161363e+02
5.736835218718163378e+04 3.020586128069795086e+05 4.504327175110198027e+02
5.736835218783986056e+04 3.020251589628751972e+05 4.504095073949893617e+02
5.736835218849809462e+04 3.011519359998324653e+05 4.498032458752329603e+02
5.736835218915632868e+04 3.008662494777628453e+05 4.496047218653311575e+02
5.736835218981455546e+04 3.011527358585689217e+05 4.498038015753152763e+02
5.736835219047278952e+04 3.006475200356439454e+05 4.494526671656064991e+02
5.736835219113102357e+04 3.010188571565166349e+05 4.497107800829583084e+02
5.736835219178925036e+04 3.026586198295566719e+05 4.508487965975654106e+02
5.736835219244748441e+04 3.066379933031219407e+05 4.535986616100748279e+02
5.736835219310571847e+04 3.029451897227227455e+05 4.510473850680232886e+02
5.736835219376394525e+04 3.024038160888259881e+05 4.506721480805267674e+02
5.736835219442217931e+04 3.031578486717205378e+05 4.511946979074835440e+02
5.736835219508041337e+04 3.007518600235340418e+05 4.495252078746071334e+02
5.736835219573864015e+04 3.003438266170072602e+05 4.492414625072239573e+02
5.736835219639687421e+04 2.996548022162516718e+05 4.487619094633113832e+02
5.736835219705510826e+04 2.998681434732108610e+05 4.489104472729018198e+02
5.736835219771333504e+04 2.992964536658066208e+05 4.485123003231116741e+02
5.736835219837156910e+04 3.009532734536664793e+05 4.496652042448264979e+02
5.736835219902980316e+04 2.994985770923655364e+05 4.486531072919571557e+02
5.736835219968802994e+04 3.000151920409734594e+05 4.490128005142040593e+02
5.736835220034626400e+04 3.003943036878671264e+05 4.492765738439040319e+02
5.736835220100449806e+04 3.004980395110590616e+05 4.493487228138207570e+02
5.736835220166272484e+04 3.019806392706262413e+05 4.503786179917308345e+02
5.736835220232095890e+04 3.055539582653504331e+05 4.528512160918241420e+02
5.736835220297919295e+04 3.128692480058630463e+05 4.578714666843353598e+02
5.736835220363741973e+04 3.203221389672281221e+05 4.629301641225354160e+02
5.736835220429565379e+04 3.269731278897322481e+05 4.673983364658914184e+02
5.736835220495388785e+04 3.361901776168758515e+05 4.735207081116383279e+02
5.736835220561211463e+04 3.518918510645626229e+05 4.837720609081839598e+02
5.736835220627034869e+04 3.672143793763606809e+05 4.935706505762122447e+02
5.736835220692858275e+04 3.797734029222378158e+05 5.014592474233560324e+02
5.736835220758680953e+04 3.849639872089419514e+05 5.046835563059179890e+02
5.736835220824504358e+04 3.922061736440584064e+05 5.091481695219344488e+02
5.736835220890327764e+04 3.942156813945039175e+05 5.103800553230552737e+02
5.736835220956150442e+04 3.918033157692213426e+05 5.089008472735757778e+02
5.736835221021973848e+04 3.873508695678401273e+05 5.061593558158340329e+02
5.736835221087797254e+04 3.847934357073283172e+05 5.045779397844104892e+02
5.736835221153619932e+04 3.848499866715300595e+05 5.046129622489955864e+02
5.736835221219443338e+04 3.837551344412561157e+05 5.039344789015582364e+02
5.736835221285266744e+04 3.794265987667932059e+05 5.012430789838855389e+02
5.736835221351089422e+04 3.796010112966404995e+05 5.013518046844952778e+02
5.736835221416912827e+04 3.885269138681519544e+05 5.068849190571711461e+02
5.736835221482736233e+04 3.884804833561988780e+05 5.068562933392701666e+02
5.736835221548558911e+04 3.847249417777332128e+05 5.045355176903636334e+02
5.736835221614382317e+04 3.855657665321417153e+05 5.050560405366800296e+02
5.736835221680205723e+04 3.891432855646805838e+05 5.072647765003256950e+02
5.736835221746028401e+04 3.889063582599787042e+05 5.071187966467883825e+02
5.736835221811851807e+04 3.766500592635371722e+05 4.995090460038844071e+02
5.736835221877675212e+04 3.716956141258834396e+05 4.963997973696979216e+02
5.736835221943497891e+04 3.538112083190154517e+05 4.850103145288609880e+02
5.736835222009321296e+04 3.420384573996375548e+05 4.773646780761783930e+02
5.736835222075144702e+04 3.297863031037697801e+05 4.692754409084882923e+02
5.736835222140967380e+04 3.123278693993459456e+05 4.575018233565755281e+02
5.736835222206790786e+04 3.044947216013660072e+05 4.521196755294484433e+02
5.736835222272614192e+04 3.006466322429312277e+05 4.494520498916786551e+02
5.736835222338436870e+04 2.977913088151565753e+05 4.474623649084611543e+02
5.736835222404260276e+04 2.975612055704940576e+05 4.473016359030657441e+02
5.736835222470083681e+04 2.973430792810401181e+05 4.471492195572413948e+02
5.736835222535906360e+04 2.972290526506195311e+05 4.470695224533173473e+02
5.736835222601729765e+04 2.974938673441911815e+05 4.472545886741906429e+02
5.736835222667553171e+04 2.975519880757495412e+05 4.472951962041884713e+02
5.736835222733375849e+04 2.968926952329484047e+05 4.468343479642010720e+02
5.736835222799199255e+04 2.982000463687443989e+05 4.477477291739905922e+02
5.736835222865022661e+04 3.004772917401505401e+05 4.493342935249813195e+02
5.736835222930845339e+04 3.019963813664335757e+05 4.503895406800883734e+02
5.736835222996668745e+04 3.040917627339591272e+05 4.518410690815128419e+02
5.736835223062492150e+04 3.040311382725982112e+05 4.517991383572725113e+02
5.736835223128314829e+04 3.044967345007988042e+05 4.521210668206019818e+02
5.736835223194138234e+04 3.058792393894989509e+05 4.530756279236799173e+02
5.736835223259961640e+04 3.060998532588774106e+05 4.532277664561146366e+02
5.736835223325784318e+04 3.060291216448994237e+05 4.531789944691414007e+02
5.736835223391607724e+04 3.061133864042510977e+05 4.532370974475246044e+02
5.736835223457431130e+04 3.058874620106624207e+05 4.530812992793501053e+02
5.736835223523253808e+04 3.055867688372157281e+05 4.528738571868107101e+02
5.736835223589077214e+04 3.051057672612032038e+05 4.525418262859820970e+02
5.736835223654900619e+04 3.052722441180302994e+05 4.526567712668937133e+02
5.736835223720723297e+04 3.068568087730124826e+05 4.537493862068936892e+02
5.736835223786546703e+04 3.057985310373519314e+05 4.530199575055661398e+02
5.736835223852370109e+04 3.055009739576102002e+05 4.528146516219482578e+02
5.736835223918192787e+04 3.061132171461828984e+05 4.532369807466777161e+02
5.736835223984016193e+04 3.065101874064010335e+05 4.535106031053746278e+02
5.736835224049839599e+04 3.070984633148747380e+05 4.539157846691351779e+02
5.736835224115662277e+04 3.066165644090614514e+05 4.535838982544060514e+02
5.736835224181485682e+04 3.056445857567095663e+05 4.529137512793616906e+02
5.736835224247309088e+04 3.036029002256711829e+05 4.515028379102887470e+02
5.736835224313131766e+04 3.034125784339093952e+05 4.513710907016458123e+02
5.736835224378955172e+04 3.026819183550954331e+05 4.508649453793615294e+02
5.736835224444778578e+04 3.012631218126176391e+05 4.498804853879372558e+02
5.736835224510601256e+04 3.000702920958037139e+05 4.490511469308115693e+02
5.736835224576424662e+04 2.991701635384971742e+05 4.484242993098843613e+02
5.736835224642248068e+04 2.994371465686180163e+05 4.486103170964598803e+02
5.736835224708070746e+04 2.977015363241644227e+05 4.473996649558454237e+02
5.736835224773894151e+04 2.990618492534491234e+05 4.483488103958854936e+02
5.736835224839717557e+04 2.973691176005903399e+05 4.471674166353905662e+02
5.736835224905540235e+04 2.981304257947826991e+05 4.476991357169892467e+02
5.736835224971363641e+04 2.958104338713221368e+05 4.460768108404384975e+02
5.736835225037187047e+04 2.964378828037977219e+05 4.465161550855395376e+02
5.736835225103009725e+04 2.960781519560524612e+05 4.462643218682541715e+02
5.736835225168833131e+04 2.961005822600270621e+05 4.462800285835306227e+02
5.736835225234656536e+04 2.966961722299262183e+05 4.466968856436138822e+02
5.736835225300479215e+04 2.952823459208087297e+05 4.457067042355380977e+02
5.736835225366302620e+04 2.958775707229027757e+05 4.461238412165552631e+02
5.736835225432126026e+04 2.959742392962750164e+05 4.461915503011816213e+02
5.736835225497948704e+04 2.964817914365598117e+05 4.465468840422580570e+02
5.736835225563772110e+04 2.966683865184881142e+05 4.466774469055439454e+02
5.736835225629595516e+04 2.961530584546451573e+05 4.463167726336903343e+02
5.736835225695418194e+04 2.957278817221233039e+05 4.460189750182463513e+02
5.736835225761241600e+04 2.960265238009634777e+05 4.462281673937696951e+02
5.736835225827065005e+04 2.955372772007083986e+05 4.458854093267044050e+02
5.736835225892887684e+04 2.960352176994850161e+05 4.462342558143403153e+02
5.736835225958711089e+04 2.958209651488707750e+05 4.460841884869314526e+02
5.736835226024534495e+04 2.949379835231793113e+05 4.454651947144547535e+02
5.736835226090357173e+04 2.954282601576275192e+05 4.458089978886890776e+02
5.736835226156180579e+04 2.954812490585534833e+05 4.458461401218989408e+02
5.736835226222003985e+04 2.950503773015646730e+05 4.455440335292101395e+02
5.736835226287826663e+04 2.957217610605438822e+05 4.460146865999369084e+02
5.736835226353650069e+04 2.951903736864937237e+05 4.456422147351601097e+02
5.736835226419473474e+04 2.963952996694110916e+05 4.464863517436808706e+02
5.736835226485296153e+04 2.965178471905315528e+05 4.465721156701146128e+02
5.736835226551119558e+04 2.955304563850931008e+05 4.458806289139316164e+02
5.736835226616942964e+04 2.963244560693292879e+05 4.464367648876275325e+02
5.736835226682765642e+04 2.958029295051096706e+05 4.460715536107335311e+02
5.736835226748589048e+04 2.951914231218623463e+05 4.456429506355552803e+02
5.736835226814412454e+04 2.958979080519373529e+05 4.461380868435924754e+02
5.736835226880235132e+04 2.953601829200044740e+05 4.457612750396817205e+02
5.736835226946058538e+04 2.947993818998726783e+05 4.453679531437128389e+02
5.736835227011881943e+04 2.953948283134083613e+05 4.457855624578707534e+02
5.736835227077704621e+04 2.960374961450695409e+05 4.462358514179115332e+02
5.736835227143528027e+04 2.954910720218227943e+05 4.458530251255891699e+02
5.736835227209351433e+04 2.958487311271635117e+05 4.461036392526709733e+02
5.736835227275174111e+04 2.962981437001135200e+05 4.464183461872629550e+02
5.736835227340997517e+04 2.952756203591466765e+05 4.457019886925193646e+02
5.736835227406820923e+04 2.958695197537901113e+05 4.461182016530135002e+02
5.736835227472643601e+04 2.962683222574821557e+05 4.463974702111631814e+02
5.736835227538467007e+04 2.948522990748760058e+05 4.454050818320301914e+02
5.736835227604289685e+04 2.962822342764840578e+05 4.464072091967182132e+02
5.736835227670113090e+04 2.955573875041038264e+05 4.458995034646987392e+02
5.736835227735936496e+04 2.956781088571010623e+05 4.459841006534741723e+02
5.736835227801759174e+04 2.954479425651946221e+05 4.458227945083636428e+02
5.736835227867582580e+04 2.948598771930274088e+05 4.454103986725524464e+02
5.736835227933405986e+04 2.955296152170184650e+05 4.458800393722918329e+02
5.736835227999228664e+04 2.946105170298858429e+05 4.452354131733892473e+02
5.736835228065052070e+04 2.952609205048136064e+05 4.456916819007378763e+02
5.736835228130875475e+04 2.941931267049372545e+05 4.449423605261537205e+02
5.736835228196698154e+04 2.952046199536147760e+05 4.456522046069212593e+02
5.736835228262521559e+04 2.950873533823015168e+05 4.455699674169461559e+02
5.736835228328344965e+04 2.953726477809575154e+05 4.457700134184649414e+02
5.736835228394167643e+04 2.957779198552230373e+05 4.460540325000037569e+02
5.736835228459991049e+04 2.954061342600717908e+05 4.457934879656104386e+02
5.736835228525814455e+04 2.964564758816312533e+05 4.465291674975102296e+02
5.736835228591637133e+04 2.963953459212757298e+05 4.464863841157950901e+02
5.736835228657460539e+04 2.976512384225854184e+05 4.473645314663600630e+02
5.736835228723283944e+04 2.965039617439165595e+05 4.465623988760672773e+02
5.736835228789106623e+04 2.962200783297445159e+05 4.463636958312025627e+02
5.736835228854930028e+04 2.959676830767728388e+05 4.461869584859949782e+02
5.736835228920753434e+04 2.963523056574066868e+05 4.464562588158880203e+02
5.736835228986576112e+04 2.978271718964639585e+05 4.474874103651296764e+02
5.736835229052399518e+04 2.971017053298700484e+05 4.469804982671713560e+02
5.736835229118222924e+04 2.957319749333779328e+05 4.460218428881720456e+02
5.736835229184045602e+04 2.955564269168870524e+05 4.458988302553107133e+02
5.736835229249869008e+04 2.978937638578553451e+05 4.475339120236136523e+02
5.736835229315692413e+04 2.960508115036356030e+05 4.462451760969212273e+02
5.736835229381515092e+04 2.969130745308094192e+05 4.468486002906979024e+02
5.736835229447338497e+04 2.958622403391323751e+05 4.461131024885480088e+02
5.736835229513161903e+04 2.974089772442209651e+05 4.471952714169036085e+02
5.736835229578984581e+04 2.982604513779319823e+05 4.477898861198268605e+02
5.736835229644807987e+04 2.989165214907366317e+05 4.482475052152665285e+02
5.736835229710631393e+04 3.022032593671832001e+05 4.505330588364071218e+02
5.736835229776454071e+04 3.108792655867267749e+05 4.565112714837435419e+02
5.736835229842277477e+04 3.185814415750317276e+05 4.617536150203860075e+02
5.736835229908100882e+04 3.249564774930725107e+05 4.660480645096279204e+02
5.736835229973923560e+04 3.289156377789588878e+05 4.686952886597530892e+02
5.736835230039746966e+04 3.294419889686347451e+05 4.690460991260845276e+02
5.736835230105570372e+04 3.312856592968094046e+05 4.702728325775430562e+02
5.736835230171393050e+04 3.298723126643918222e+05 4.693327129182930548e+02
5.736835230237216456e+04 3.259589095622766181e+05 4.667197429683287737e+02
5.736835230303039862e+04 3.244159072739430121e+05 4.656854539774828936e+02
5.736835230368862540e+04 3.240244854103663820e+05 4.654227147244523621e+02
5.736835230434685946e+04 3.218114857808477827e+05 4.639344550828595857e+02
5.736835230500509351e+04 3.222337683538882993e+05 4.642188117915733301e+02
5.736835230566332029e+04 3.258584846948554041e+05 4.666524969763738682e+02
5.736835230632155435e+04 3.274696822003265843e+05 4.677302121685150382e+02
5.736835230697978841e+04 3.225588476308926474e+05 4.644375951291065689e+02
5.736835230763801519e+04 3.106164257411611034e+05 4.563313117552045242e+02
5.736835230829624925e+04 3.010057577838107245e+05 4.497016773538672396e+02
5.736835230895448331e+04 2.935222851128050825e+05 4.444709531516127754e+02
5.736835230961271009e+04 2.809312896168876905e+05 4.355284789890952766e+02
5.736835231027094414e+04 2.646091278717044624e+05 4.236551721858418205e+02
5.736835231092917820e+04 2.491268527277297399e+05 4.120767925457960814e+02
5.736835231158740498e+04 2.316416909222422983e+05 3.985963582703703310e+02
5.736835231224563904e+04 2.134686435334353300e+05 3.840844987869167539e+02
5.736835231290387310e+04 1.943731568344386178e+05 3.682203457462992446e+02
5.736835231356209988e+04 1.769466524590463086e+05 3.531213074665757858e+02
5.736835231422033394e+04 1.638543128305893624e+05 3.413384618221602409e+02
5.736835231487856800e+04 1.522133031697372207e+05 3.305091745792933011e+02
5.736835231553679478e+04 1.401402559406633372e+05 3.188897300994727289e+02
5.736835231619502883e+04 1.294517279253101879e+05 3.082374570900150275e+02
5.736835231685326289e+04 1.182156444681388239e+05 2.966273382420891380e+02
5.736835231751148967e+04 1.063622286725050799e+05 2.838650963403491119e+02
5.736835231816972373e+04 9.405293341268211952e+04 2.699742272568370822e+02
5.736835231882795779e+04 8.376660164251396782e+04 2.577927966925593637e+02
5.736835231948618457e+04 6.743439831208248506e+04 2.371697681936961146e+02
5.736835232014441863e+04 5.529166762062530324e+04 2.205907800949323700e+02
5.736835232080265268e+04 4.398386653182206646e+04 2.039434151483905850e+02
5.736835232146087947e+04 3.121640556109239333e+04 1.833391760526995142e+02
5.736835232211911352e+04 1.986190386916075659e+04 1.628394605684551948e+02
5.736835232277734758e+04 8.150525558857914803e+03 1.385535220565907935e+02
5.736835232343557436e+04 7.676085236802548195e+01 1.189578729329421662e+02
5.736835232409380842e+04 5.724760046022718818e-01 1.187575589068033821e+02
5.736835232475204248e+04 1.198754753809318577e-02 1.187560840219026943e+02
5.736835232541026926e+04 -1.033330497558126700e-03 1.187560497581847017e+02
5.736835232606850332e+04 -3.888480975402467277e-05 1.187560523750136809e+02
5.736835232672673737e+04 -6.770170828979188351e-07 1.187560524755553928e+02
5.736835232738496416e+04 6.561301526963936782e-08 1.187560524775095701e+02
5.736835232804319821e+04 2.285917826403134925e-09 1.187560524773429336e+02
5.736835232870143227e+04 3.100982715022052454e-11 1.187560524773370076e+02
5.736835232935965905e+04 -3.151353745922731886e-12 1.187560524773369082e+02
5.736835233001789311e+04 -9.077636352628707381e-14 1.187560524773369224e+02
5.736835233067612717e+04 -9.085553944142506193e-16 1.187560524773369224e+02
5.736835233133435395e+04 9.757410759295740394e-18 1.187560524773369224e+02
5.736835233199258801e+04 1.122203462939588071e-17 1.187560524773369224e+02
