5.737343901870000263e+04 2.550561762511164125e+04 1.344208634890604230e+02
5.737343902939106192e+04 3.714347874690751632e+04 1.592689081260932937e+02
5.737343904008212849e+04 5.405088308746217808e+04 1.896586486487792911e+02
5.737343905077318777e+04 7.398976781235476665e+04 2.201410110409519518e+02
5.737343906146424706e+04 9.601993358936485311e+04 2.495559910110164026e+02
5.737343907215530635e+04 1.206736893523157923e+05 2.788000777802878360e+02
5.737343908284637291e+04 1.438658633209457330e+05 3.037316941278767217e+02
5.737343909353743220e+04 1.608243005169019161e+05 3.208015411350860404e+02
5.737343910422849149e+04 1.693015011085611186e+05 3.289666573830193101e+02
5.737343911491955078e+04 1.705788862074772478e+05 3.301956483059320249e+02
5.737343912561061734e+04 1.700967098790430755e+05 3.297835869145239371e+02
5.737343913630167663e+04 1.697340053699307609e+05 3.294954981399566236e+02
5.737343914699273591e+04 1.711779973762928857e+05 3.308875570033492295e+02
5.737343915768380248e+04 1.726040579790587944e+05 3.322527067061215007e+02
5.737343916837486177e+04 1.742212413203939504e+05 3.337932370998459533e+02
5.737343917906592105e+04 1.744382693089019449e+05 3.340152146028217999e+02
5.737343918975698034e+04 1.744927079973913496e+05 3.340983714867750791e+02
5.737343920044804690e+04 1.744602475390042528e+05 3.340428850236388030e+02
5.737343921113910619e+04 1.807422988775742415e+05 3.398778107641107340e+02
5.737343922183016548e+04 1.980310455979672261e+05 3.553854532561668407e+02
5.737343923252123204e+04 2.180467307859460707e+05 3.726023143968147338e+02
5.737343924321229133e+04 2.305511399972803483e+05 3.829332640018913594e+02
5.737343925390335062e+04 2.287449728936052124e+05 3.814597663962836123e+02
5.737343926459440991e+04 2.145105792921674147e+05 3.696000658999885218e+02
5.737343927528547647e+04 1.950900208931757079e+05 3.527687258116466182e+02
5.737343928597653576e+04 1.767652970148268796e+05 3.361449058240507952e+02
5.737343929666759504e+04 1.666907385970890464e+05 3.266261661043917570e+02
5.737343930735865433e+04 1.751613819045650598e+05 3.345977626678637762e+02
5.737343931804972090e+04 1.901578995696105703e+05 3.483633254118061586e+02
5.737343932874078018e+04 1.994427248381293030e+05 3.565979281230580114e+02
5.737343933943183947e+04 2.005190668652599852e+05 3.575344711546063081e+02
5.737343935012290603e+04 2.004199649388211255e+05 3.574286679099608932e+02
5.737343936081396532e+04 2.009456042087470414e+05 3.578701832955196096e+02
5.737343937150502461e+04 2.016972945654161449e+05 3.585242137302375340e+02
5.737343938219608390e+04 2.032051994298142090e+05 3.598541502031663981e+02
5.737343939288715046e+04 2.058663992496179708e+05 3.621164444254156933e+02
5.737343940357820975e+04 2.053825583294176031e+05 3.617449638823943587e+02
5.737343941426926904e+04 2.001404687426675227e+05 3.572001160411626870e+02
5.737343942496033560e+04 1.931152690891936363e+05 3.509624511685461812e+02
5.737343943565139489e+04 1.856935926148809667e+05 3.442893668744943625e+02
5.737343944634245418e+04 1.815288365818909369e+05 3.405020518805864640e+02
5.737343945703351346e+04 1.815532871100343473e+05 3.405183647732599752e+02
5.737343946772458003e+04 1.826413826512850064e+05 3.414947494437636806e+02
5.737343947841563931e+04 1.816127838804476778e+05 3.405425597896935983e+02
5.737343948910669860e+04 1.814080248502731556e+05 3.403781328835297586e+02
5.737343949979775789e+04 1.827671167737582582e+05 3.416378237267965119e+02
5.737343951048882445e+04 1.845964832695746154e+05 3.433096134120748957e+02
5.737343952117988374e+04 1.842277857708563679e+05 3.429876917902607829e+02
5.737343953187094303e+04 1.835284176187163976e+05 3.423380751420485808e+02
5.737343954256200959e+04 1.849060015932117531e+05 3.435863701831164576e+02
5.737343955325306888e+04 1.853388617350965214e+05 3.439841071331961189e+02
5.737343956394412817e+04 1.834722155496164050e+05 3.423190741960991659e+02
5.737343957463518745e+04 1.770416801644785446e+05 3.363923115087397946e+02
5.737343958532625402e+04 1.704063453245128621e+05 3.301546246429413145e+02
5.737343959601731331e+04 1.678090161715085851e+05 3.277045064521421409e+02
5.737343960670837259e+04 1.710930093486061087e+05 3.308070222201554884e+02
5.737343961739943916e+04 1.770922615050732857e+05 3.364082108506588042e+02
5.737343962809049845e+04 1.832713793655438058e+05 3.420833277197471034e+02
5.737343963878155773e+04 1.885891737401939172e+05 3.469572233492817759e+02
5.737343964947261702e+04 1.933262219680581766e+05 3.513169421271596775e+02
5.737343966016368358e+04 1.924264778961315169e+05 3.503783251589837278e+02
5.737343967085474287e+04 1.787804236036876682e+05 3.378880422159873547e+02
5.737343968154580216e+04 1.530709474154187483e+05 3.131218867337701113e+02
5.737343969223686145e+04 1.187441481359642785e+05 2.766293471091410652e+02
5.737343970292792801e+04 8.888336145740219217e+04 2.404760024268389316e+02
5.737343971361898730e+04 6.342689035842396697e+04 2.046633218812935411e+02
