2.457483001938899979e+06 1.385480396472921711e+02 2.274472418129332709e+02
2.457483001963724848e+06 7.369359920363713172e+02 2.283086161773318281e+02
2.457483001988549251e+06 2.188725813446166285e+03 2.302194510632267281e+02
2.457483002013374120e+06 5.656196623344199907e+03 2.341474656636380587e+02
2.457483002038198989e+06 5.550515505907016632e+03 2.340222121835260225e+02
2.457483002063023858e+06 6.538741512365959352e+03 2.354169724014100780e+02
2.457483002087848261e+06 7.624260534390763496e+03 2.369777751958713168e+02
2.457483002112673130e+06 7.226602632694237400e+03 2.364577403022277053e+02
2.457483002137497999e+06 7.137588636393513298e+03 2.369159421544826785e+02
2.457483002162322402e+06 7.791459068150754320e+03 2.375619938303872800e+02
2.457483002187147271e+06 6.482651437000648002e+03 2.354541816978118618e+02
2.457483002211972140e+06 8.042853423635933723e+03 2.372247006703584020e+02
2.457483002236797009e+06 7.432466938143930747e+03 2.369822836780690523e+02
2.457483002261621412e+06 5.545065063373891462e+03 2.346440846946075283e+02
2.457483002286446281e+06 6.307538298662220768e+03 2.356440440442447652e+02
2.457483002311271150e+06 7.686680480905684817e+03 2.372927507357375987e+02
2.457483002336095553e+06 6.331102837205631658e+03 2.356881916612963721e+02
2.457483002360920422e+06 7.074136483028021757e+03 2.365329123665193549e+02
2.457483002385745291e+06 7.063057668931352964e+03 2.368522152400801133e+02
2.457483002410570160e+06 5.762555080917503801e+03 2.356802621265857454e+02
2.457483002435394563e+06 6.581220522432187863e+03 2.362999344827732955e+02
2.457483002460219432e+06 7.117725221266562585e+03 2.372041630306399043e+02
2.457483002485044301e+06 4.616869536506528675e+03 2.344397798649848994e+02
2.457483002509868704e+06 6.919418259501144348e+03 2.368803902091910629e+02
2.457483002534693573e+06 7.533963357140986773e+03 2.374634750222980131e+02
2.457483002559518442e+06 5.704564515546160692e+03 2.352580520638356063e+02
2.457483002584343310e+06 2.431306233244838950e+03 2.311823288564114307e+02
2.457483002609167714e+06 2.164847010683952249e+02 2.284024527519314347e+02
2.457483002633992583e+06 -9.997898624763911357e+01 2.278733035150474393e+02
