2.457483001938899979e+06 1.442105753787879366e+05 6.006289450308452160e+02
2.457483001988549251e+06 1.444080672348485095e+05 5.993554300486671309e+02
2.457483002038198989e+06 1.448636465435606078e+05 5.982964005452074616e+02
2.457483002087848261e+06 1.435675653882575571e+05 5.977036324606580138e+02
2.457483002137497999e+06 1.448447027462120750e+05 5.983642321011174090e+02
2.457483002187147271e+06 1.460520741950758384e+05 5.989832127575870118e+02
2.457483002236797009e+06 1.407085940814394271e+05 5.964878932266841502e+02
2.457483002286446281e+06 1.364089532196968794e+05 5.916526255941279260e+02
2.457483002336095553e+06 1.377177736742423731e+05 5.896342644743406254e+02
2.457483002385745291e+06 1.374297284090907779e+05 5.884724508871319131e+02
2.457483002435394563e+06 1.336316654356062063e+05 5.858193271623792953e+02
2.457483002485044301e+06 1.304861835700756637e+05 5.848212944733179484e+02
2.457483002534693573e+06 1.330396837594697136e+05 5.856708000535003293e+02
2.457483002584343310e+06 1.297408283617426059e+05 5.850369254171941975e+02
2.457483002633992583e+06 1.242758531249997322e+05 5.838945468975596214e+02
