# jd flux flux_err mag mag_err
2.457463924639882054e+06 8.418288597799899435e+03 1.080712684850925456e+02 -9.813059525638452740e+00 1.393837924203147546e-02
2.457463924655249808e+06 8.299656328748062151e+03 1.078629150858224222e+02 -9.797650273826203460e+00 1.411035310216828161e-02
2.457463924670617096e+06 8.342430299744544755e+03 1.080565417266622319e+02 -9.803231467126549248e+00 1.406320525301826829e-02
2.457463924685984850e+06 8.329895614684870452e+03 1.078035258062917308e+02 -9.801598897799561172e+00 1.405138857953758084e-02
2.457463924701352604e+06 8.294733642037272148e+03 1.078930933169507682e+02 -9.797006111630089720e+00 1.412267737498733994e-02
2.457463924716719892e+06 8.292882218428087072e+03 1.079429699903025437e+02 -9.796763743146506442e+00 1.413236039658669063e-02
2.457463924732087646e+06 8.307973485268059449e+03 1.079509024460459443e+02 -9.798737754557706126e+00 1.410772591289609704e-02
2.457463924747455399e+06 8.281297225039454133e+03 1.078752977382758189e+02 -9.795245930594123962e+00 1.414325830646629908e-02
2.457463924762822688e+06 8.153790347564515287e+03 1.076698717567658292e+02 -9.778398851409917825e+00 1.433707289225417091e-02
2.457463924778190441e+06 8.582955682581279689e+03 1.089019944147010364e+02 -9.834092175213019260e+00 1.377605288767582738e-02
2.457463924793558195e+06 8.488881526570119604e+03 1.085819922154762907e+02 -9.822126181193588934e+00 1.388779097211228011e-02
2.457463924808925483e+06 8.551704769190291699e+03 1.086084001203257543e+02 -9.830131748238958522e+00 1.378912012625614116e-02
2.457463924824293237e+06 8.420335313573046733e+03 1.083422965882250111e+02 -9.813323465665666490e+00 1.396993833583857342e-02
2.457463924839660525e+06 8.625115545040447614e+03 1.088407027580787485e+02 -9.839412304359614225e+00 1.370099959768159188e-02
2.457463924855028279e+06 8.443401429060972077e+03 1.084644261911942635e+02 -9.816293594135810707e+00 1.394747923360601348e-02
2.457463924870396033e+06 8.547181082032975610e+03 1.087438348085963753e+02 -9.829557262733526812e+00 1.381362230095663918e-02
2.457463924885763321e+06 8.595868534005308902e+03 1.088781924184851988e+02 -9.835724411827289515e+00 1.375235186168717594e-02
2.457463924901131075e+06 8.680084406672292971e+03 1.091082039265166514e+02 -9.846309870882986814e+00 1.364769462842028991e-02
2.457463924916498829e+06 8.906033858205048091e+03 1.099675246091155572e+02 -9.874210854655782299e+00 1.340620775420728154e-02
2.457463924931866117e+06 8.562639193689072272e+03 1.089360805998853579e+02 -9.831519111049667359e+00 1.381306130914551969e-02
2.457463924947233871e+06 8.705525911141023244e+03 1.093932813004970797e+02 -9.849487531225967984e+00 1.364336427822248655e-02
2.457463924962601624e+06 8.810268678867158087e+03 1.095445218177761149e+02 -9.862472882258883189e+00 1.349980045486256011e-02
2.457463924977968913e+06 8.841029938109211798e+03 1.095671212064875846e+02 -9.866257153025490112e+00 1.345560494778434354e-02
2.457463924993336666e+06 8.766482130680236878e+03 1.095275416612295771e+02 -9.857063379728245422e+00 1.356512581792440088e-02
2.457463925008704420e+06 8.814260061579245303e+03 1.094769623090447794e+02 -9.862964650164336433e+00 1.348536533152002066e-02
2.457463925024071708e+06 8.773682408634933381e+03 1.094670411198321744e+02 -9.857954774205342829e+00 1.354650643707748167e-02
2.457463925039439462e+06 8.814414578256557434e+03 1.097657809411847722e+02 -9.862983683285570180e+00 1.352070497036395556e-02
2.457463925054807216e+06 8.719985412137948515e+03 1.092344452016325391e+02 -9.851289395980129981e+00 1.360096386951894533e-02
2.457463925070174504e+06 8.609487159739113849e+03 1.088960394362434130e+02 -9.837443206645534843e+00 1.373284885195062179e-02
2.457463925085542258e+06 8.672305720743814163e+03 1.092092072949632211e+02 -9.845336448611853086e+00 1.367258126576555849e-02
2.457463925100909546e+06 8.715193295338081953e+03 1.093412663820153625e+02 -9.850692559558162031e+00 1.362175026285565409e-02
2.457463925116277300e+06 8.833063367959426614e+03 1.096513970884261653e+02 -9.865278365137999828e+00 1.347809960320604794e-02
2.457463925131645054e+06 8.791844183979719674e+03 1.094835298486540154e+02 -9.860199956432850854e+00 1.352055896469147450e-02
2.457463925147012342e+06 8.612202385979697283e+03 1.090146011285973202e+02 -9.837785567881359938e+00 1.374346627316269491e-02
2.457463925162380096e+06 8.809829267279592386e+03 1.094577693080988894e+02 -9.862418729884591784e+00 1.348978224696890070e-02
2.457463925177747849e+06 8.827811406180740960e+03 1.096822285257981804e+02 -9.864632616239360274e+00 1.348991016235603566e-02
2.457463925193115138e+06 8.775558940760707628e+03 1.095363843366823886e+02 -9.858186968729942379e+00 1.355218906653486363e-02
2.457463925208482891e+06 8.892537701716206357e+03 1.097179931428508155e+02 -9.872564287853034415e+00 1.339608758160546094e-02
2.457463925223850645e+06 8.740043222734100709e+03 1.092351600384312320e+02 -9.853783950964867699e+00 1.356983937466444377e-02
2.457463925239217933e+06 8.621664069422924513e+03 1.091043742909772476e+02 -9.838977742989715836e+00 1.373968904249066487e-02
2.457463925254585687e+06 8.546828639458512043e+03 1.089623675059794010e+02 -9.829512491533616725e+00 1.384195306663330016e-02
2.457463925269953441e+06 8.483796620583154436e+03 1.086305750090578357e+02 -9.821475621907051590e+00 1.390233238550068334e-02
2.457463925285320729e+06 8.616197298508825043e+03 1.088332369998093299e+02 -9.838289087804845678e+00 1.371424012779086550e-02
2.457463925300688483e+06 8.659422753776463651e+03 1.090461906913997012e+02 -9.843722356138865592e+00 1.367248307973492442e-02
2.457463925316056237e+06 8.597038316556792779e+03 1.089503903786117291e+02 -9.835872155926741911e+00 1.375959865409219669e-02
2.457463925331423525e+06 8.530377123601590938e+03 1.088502576766103971e+02 -9.827420578821135067e+00 1.385437912736795299e-02
2.457463925346791279e+06 8.625899469878404489e+03 1.091373533937343012e+02 -9.839510980939309093e+00 1.373709379381202536e-02
2.457463925362159032e+06 8.677603653217785904e+03 1.091465191469496716e+02 -9.845999524960225457e+00 1.365639022412204646e-02
2.457463925377526321e+06 8.710794585248690055e+03 1.091777018069855814e+02 -9.850144431218760488e+00 1.360824168218315033e-02
2.457463925392894074e+06 8.766024451705776301e+03 1.092956467430279304e+02 -9.857006694321569285e+00 1.353711207954523370e-02
2.457463925408261828e+06 8.807050136554349592e+03 1.095876059573561889e+02 -9.862076171727496288e+00 1.351004541217370666e-02
2.457463925423629116e+06 8.814847556300504948e+03 1.095813197563200703e+02 -9.863037015062554147e+00 1.349732044171166739e-02
2.457463925438996870e+06 8.662757590101697133e+03 1.092465576579749325e+02 -9.844140404272312850e+00 1.369233252551133907e-02
2.457463925454364158e+06 8.671760826127707332e+03 1.091436408629739674e+02 -9.845268227954250051e+00 1.366523120350877224e-02
2.457463925469731912e+06 8.512730678167892620e+03 1.086799144345198869e+02 -9.825172234004902805e+00 1.386137242668308497e-02
2.457463925485099666e+06 8.418965240519148210e+03 1.083450156940214129e+02 -9.813146791115997303e+00 1.397256242055383048e-02
2.457463925500466954e+06 8.497710834521734796e+03 1.085382046699759258e+02 -9.823254871394137666e+00 1.386776658245892496e-02
2.457463925515834708e+06 8.442705524652439635e+03 1.084463430852903514e+02 -9.816204104164688360e+00 1.394630337367716230e-02
2.457463925531202462e+06 8.443508036196391913e+03 1.084330272804431559e+02 -9.816307302650900013e+00 1.394326558757005320e-02
2.457463925546569750e+06 8.261645052198782651e+03 1.079611547638780138e+02 -9.792666330758152071e+00 1.418818448780199970e-02
2.457463925561937504e+06 8.158436783911827661e+03 1.075130909712788565e+02 -9.779017381824084865e+00 1.430804288651798574e-02
