5.736836582030000136e+04 3.738532221858142293e+04 1.705937516809088095e+02
5.736836582969329902e+04 3.687340193065712083e+04 1.696861792047115216e+02
5.736836583908660396e+04 3.653240528798705782e+04 1.691095253144273727e+02
5.736836584847990162e+04 3.789875486750773416e+04 1.715856620020884122e+02
5.736836585787319927e+04 3.882796582110880263e+04 1.732747132561306671e+02
5.736836586726649693e+04 3.874698362893261947e+04 1.730913153420380866e+02
5.736836587665980187e+04 3.733913410671212478e+04 1.705774285850962428e+02
5.736836588605309953e+04 3.466112024409267178e+04 1.656860424116279660e+02
5.736836589544639719e+04 3.351540780285866640e+04 1.635964020384598996e+02
5.736836590483969485e+04 3.373051485072079231e+04 1.641241019357803452e+02
5.736836591423299978e+04 3.346231023427576292e+04 1.635876271607286299e+02
5.736836592362629744e+04 3.187468406977370614e+04 1.606815279935811702e+02
5.736836593301959510e+04 3.110973121213141349e+04 1.592802711503404112e+02
5.736836594241289276e+04 3.246221399196812490e+04 1.619751247713051896e+02
5.736836595180619770e+04 3.447908737719120836e+04 1.659110560499051701e+02
5.736836596119949536e+04 3.590707959658837353e+04 1.688018062895541505e+02
5.736836597059279302e+04 3.686641366945055779e+04 1.706746401518204266e+02
5.736836597998609068e+04 3.704499060876474687e+04 1.709247472356559854e+02
5.736836598937939561e+04 3.453998717838367156e+04 1.665662084114430854e+02
5.736836599877269327e+04 3.228115274808742470e+04 1.620928873876601699e+02
5.736836600816599093e+04 3.007138849009844853e+04 1.578429385221863583e+02
5.736836601755928859e+04 2.881321307540942871e+04 1.554811368824281601e+02
5.736836602695259353e+04 3.008250180401576290e+04 1.581506513112715311e+02
5.736836603634589119e+04 3.185158196165878326e+04 1.617187754311223955e+02
5.736836604573918885e+04 3.261425261921527272e+04 1.632174414717956950e+02
5.736836605513248651e+04 3.347596211536019109e+04 1.649166145844385198e+02
5.736836606452579144e+04 3.353254311228812730e+04 1.650477206345601076e+02
5.736836607391908910e+04 3.312358003570087749e+04 1.643613264038155819e+02
5.736836608331238676e+04 3.313572205143146857e+04 1.644118373235815227e+02
5.736836609270568442e+04 3.294867597372549062e+04 1.641685013241222180e+02
5.736836610209898936e+04 3.256522376559052282e+04 1.634510689937244479e+02
5.736836611149228702e+04 3.274038884885216248e+04 1.637363876475112932e+02
5.736836612088558468e+04 3.299095346419166890e+04 1.644531788725353181e+02
5.736836613027888234e+04 3.208364722809843079e+04 1.629998029619896158e+02
5.736836613967218727e+04 2.991720301401116376e+04 1.588490998227230193e+02
5.736836614906548493e+04 2.792471391423668683e+04 1.551762265754865666e+02
5.736836615845878259e+04 2.752878167327421033e+04 1.548635869184025466e+02
5.736836616785208753e+04 2.840111524309521337e+04 1.569719665296449875e+02
5.736836617724538519e+04 2.917951888984809557e+04 1.586723436228510593e+02
5.736836618663868285e+04 2.963309266850025597e+04 1.596733289752108647e+02
5.736836619603198051e+04 2.983596568171853141e+04 1.599414027499118447e+02
5.736836620542528544e+04 2.932701128413459082e+04 1.587396089130608914e+02
5.736836621481858310e+04 2.668543765792737759e+04 1.531785411062992921e+02
5.736836622421188076e+04 2.427718443694261077e+04 1.479719492271910326e+02
5.736836623360517842e+04 2.250148835687065002e+04 1.443395458938494755e+02
5.736836624299848336e+04 2.252970950928650200e+04 1.447644432175296458e+02
5.736836625239178102e+04 2.367192375717018513e+04 1.474516889558113348e+02
5.736836626178507868e+04 2.466015663422339276e+04 1.499576739319988690e+02
5.736836627117837634e+04 2.567692270973378618e+04 1.529217437958679398e+02
5.736836628057168127e+04 2.471352483537101216e+04 1.516372078424273298e+02
5.736836628996497893e+04 2.302317795858515456e+04 1.487742861130026881e+02
5.736836629935827659e+04 2.154642210918004275e+04 1.465302625592895254e+02
5.736836630875157425e+04 2.074792000191130865e+04 1.452426243223659981e+02
5.736836631814487919e+04 2.008409723691643012e+04 1.440133839574121737e+02
5.736836632753817685e+04 1.937995612439149409e+04 1.423356924052488921e+02
5.736836633693147451e+04 1.869030101461166123e+04 1.406435225488014567e+02
5.736836634632477217e+04 1.813386125589074800e+04 1.391377361261820340e+02
5.736836635571807710e+04 1.766676705522209886e+04 1.375395649419835991e+02
5.736836636511137476e+04 1.658184138748121040e+04 1.341399184697475846e+02
5.736836637450467242e+04 1.518057664181489417e+04 1.296226828642774080e+02
5.736836638389797008e+04 1.437396877828006836e+04 1.259846476798252723e+02
5.736836639329127502e+04 1.348342872845770762e+04 1.226401178115352621e+02
5.736836640268457268e+04 1.263163530046458618e+04 1.193247296719614923e+02
5.736836641207787034e+04 1.182746582809536267e+04 1.164491497166907124e+02
5.736836642147116800e+04 1.147498960531142802e+04 1.148473486151809908e+02
5.736836643086447293e+04 1.114431949495755907e+04 1.134005053023038556e+02
5.736836644025777059e+04 1.082963193191268147e+04 1.121146168193026256e+02
5.736836644965106825e+04 1.084085647303966653e+04 1.119681986998982950e+02
5.736836645904436591e+04 1.064521714273577345e+04 1.114158444190277493e+02
5.736836646843767085e+04 1.049829774820450075e+04 1.107556798453001790e+02
5.736836647783096851e+04 1.050840442144891676e+04 1.106164591507895096e+02
5.736836648722426617e+04 1.063874203651965763e+04 1.108950908969172957e+02
5.736836649661756383e+04 1.060099378875682669e+04 1.109217285948499523e+02
5.736836650601086876e+04 1.032406496792281541e+04 1.101341422677361663e+02
5.736836651540416642e+04 1.042736874391929086e+04 1.103341578410091017e+02
