5.742957213000000047e+04 6.458470230785630520e+03 6.894438142213964227e+01
5.742957213239161501e+04 6.376868879323245892e+03 6.860033003744251801e+01
5.742957213478323683e+04 6.286626749036849105e+03 6.823475968914129908e+01
5.742957213717485138e+04 6.316359399036612558e+03 6.834899487921833838e+01
5.742957213956647320e+04 6.335912359242236562e+03 6.841281088408130984e+01
5.742957214195808774e+04 6.328837935310378271e+03 6.837211561955732009e+01
5.742957214434970228e+04 6.348913999884264740e+03 6.844668564650490339e+01
5.742957214674132410e+04 6.270798728447005487e+03 6.811429227829837885e+01
5.742957214913293865e+04 6.325627643793615789e+03 6.835815770863726470e+01
5.742957215152455319e+04 6.263386127697635857e+03 6.810931832816029896e+01
5.742957215391617501e+04 6.290551264092772726e+03 6.823135985002355142e+01
5.742957215630778956e+04 6.252492201256871340e+03 6.805868410796439605e+01
5.742957215869941137e+04 6.274391074607891824e+03 6.813105443040601017e+01
5.742957216109102592e+04 6.491540580829694591e+03 6.913226564524205742e+01
5.742957216348264046e+04 6.358037948096964101e+03 6.851781731581965573e+01
5.742957216587426228e+04 6.378995668357222712e+03 6.862186321322965910e+01
5.742957216826587683e+04 6.259582802721919506e+03 6.806915324472196005e+01
5.742957217065749865e+04 6.368257346646398219e+03 6.856233391895628415e+01
5.742957217304911319e+04 6.417614008320198991e+03 6.877686068262454455e+01
5.742957217544072773e+04 6.357958746128578241e+03 6.850647573302813953e+01
5.742957217783234955e+04 6.397231376577220544e+03 6.871460628295480433e+01
5.742957218022396410e+04 6.340067939446767923e+03 6.841454450074944305e+01
5.742957218261557864e+04 6.273408839037719190e+03 6.810585638635926387e+01
5.742957218500720046e+04 6.395355611183214023e+03 6.870368113236078500e+01
5.742957218739881500e+04 6.386207737815931978e+03 6.867902492685442439e+01
5.742957218979043682e+04 6.280281020854587950e+03 6.821420932135424664e+01
5.742957219218205137e+04 6.468130991531934342e+03 6.903926761165952541e+01
5.742957219457366591e+04 6.509631503332359898e+03 6.918404617162019576e+01
5.742957219696528773e+04 6.432826115210611533e+03 6.884733743158632535e+01
5.742957219935690227e+04 6.444315514459955011e+03 6.889460448090875389e+01
5.742957220174852409e+04 6.557233570995611444e+03 6.943497710141934931e+01
5.742957220414013864e+04 6.465891692900234375e+03 6.901233219044404166e+01
5.742957220653175318e+04 6.249872375770688450e+03 6.800152444436029953e+01
5.742957220892337500e+04 6.279954040247654120e+03 6.815823300081842717e+01
5.742957221131498954e+04 6.316469715893580542e+03 6.832354062660242278e+01
5.742957221370660409e+04 6.363700430216131281e+03 6.852889061390040126e+01
5.742957221609822591e+04 6.410744883529450817e+03 6.874372553228178617e+01
5.742957221848984045e+04 6.541838802955939173e+03 6.933099028485510473e+01
5.742957222088146227e+04 6.445369885746709770e+03 6.891258439828534677e+01
5.742957222327307682e+04 6.449206108630563904e+03 6.890222295681928699e+01
5.742957222566469136e+04 6.400047487309931967e+03 6.869753312004635859e+01
5.742957222805631318e+04 6.401015500553345191e+03 6.869691063346478188e+01
5.742957223044792772e+04 6.246362387561714058e+03 6.800211648011342902e+01
5.742957223283954954e+04 6.307253673665439237e+03 6.828082351414032303e+01
5.742957223523116409e+04 6.291494991514032336e+03 6.820629681329812399e+01
5.742957223762277863e+04 6.319446941045584936e+03 6.832404292644169175e+01
5.742957224001440045e+04 6.439257433568406668e+03 6.885842759381058897e+01
5.742957224240601499e+04 6.424875209396475839e+03 6.878903656549569234e+01
5.742957224479762954e+04 6.381330066628131135e+03 6.858833093240457401e+01
5.742957224718925136e+04 6.302355415202893710e+03 6.825686001845005535e+01
5.742957224958086590e+04 6.257384215934201166e+03 6.807397891839129045e+01
5.742957225197248772e+04 6.381530105197051853e+03 6.865409662233403765e+01
5.742957225436410226e+04 6.275442666220393221e+03 6.814112608790821923e+01
5.742957225675571681e+04 6.282804338403427209e+03 6.814205216876763416e+01
5.742957225914733863e+04 6.270131447024595218e+03 6.810616754863259814e+01
5.742957226153895317e+04 6.356347186537808739e+03 6.849572363523238039e+01
5.742957226393057499e+04 6.411782721421367569e+03 6.873965260002455580e+01
5.742957226632218953e+04 6.487853944823539678e+03 6.911935663257580131e+01
5.742957226871380408e+04 6.361316702999001791e+03 6.851719663280574935e+01
5.742957227110542590e+04 6.417560089623363638e+03 6.876014989464100324e+01
5.742957227349704044e+04 6.325090327871608679e+03 6.832749313707674332e+01
5.742957227588865499e+04 6.289144819152228592e+03 6.818952681556302764e+01
5.742957227828027681e+04 6.379582866787751300e+03 6.862240380669041429e+01
5.742957228067189135e+04 6.335615428119665921e+03 6.842593498673859642e+01
5.742957228306351317e+04 6.337603310325175698e+03 6.841691987529752339e+01
5.742957228545512771e+04 6.319447372313110463e+03 6.835080451256260403e+01
5.742957228784674226e+04 6.409002954605201921e+03 6.876535768216535871e+01
5.742957229023836408e+04 6.386456121492620696e+03 6.865139359198990121e+01
5.742957229262997862e+04 6.353817960926277010e+03 6.850411597560216137e+01
5.742957229502160044e+04 6.460096126395728788e+03 6.899275634378271604e+01
5.742957229741321498e+04 6.380708665389509406e+03 6.862630487914164235e+01
5.742957229980482953e+04 6.315620035544025086e+03 6.833526588699486126e+01
5.742957230219645135e+04 6.430454557654034033e+03 6.887126633609004500e+01
5.742957230458806589e+04 6.427854958582266590e+03 6.883589375618143436e+01
5.742957230697968043e+04 6.388584792310779449e+03 6.865035118466455799e+01
5.742957230937130225e+04 6.344111285565716571e+03 6.845277227014739196e+01
5.742957231176291680e+04 6.364265644501363568e+03 6.853512921991968199e+01
5.742957231415453862e+04 6.351877235588360236e+03 6.848352796077865889e+01
5.742957231654615316e+04 6.381195882476235056e+03 6.862860667545167814e+01
5.742957231893776770e+04 6.401533237709538298e+03 6.866314115742878244e+01
5.742957232132938952e+04 6.326426516926931072e+03 6.834656022011341747e+01
5.742957232372100407e+04 6.344556137546325772e+03 6.844554942303663836e+01
5.742957232611262589e+04 6.378490157196477412e+03 6.861682307463561870e+01
5.742957232850424043e+04 6.350002380418729445e+03 6.849453510106468457e+01
5.742957233089585498e+04 6.391195698058969356e+03 6.867300877570625062e+01
5.742957233328747679e+04 6.295972858915928555e+03 6.823575377625805061e+01
5.742957233567909134e+04 6.373459792287467280e+03 6.861120733082321976e+01
5.742957233807070588e+04 6.381174625888977971e+03 6.863563473480436983e+01
5.742957234046232770e+04 6.388744434261237075e+03 6.863597788731232185e+01
5.742957234285394225e+04 6.341823675473106050e+03 6.842333623268514486e+01
5.742957234524556407e+04 6.380729778095746042e+03 6.859169305770117830e+01
5.742957234763717861e+04 6.353961440003982716e+03 6.846911114717059377e+01
5.742957235002879315e+04 6.298592784433778434e+03 6.824512845581291742e+01
5.742957235242041497e+04 6.320731208555397643e+03 6.835183417691216334e+01
5.742957235481202952e+04 6.440435072858444073e+03 6.889609433804457694e+01
5.742957235720365134e+04 6.446857304741854023e+03 6.894884964255095383e+01
5.742957235959526588e+04 6.508616978410269439e+03 6.922137852516610224e+01
5.742957236198688042e+04 6.297851579949479856e+03 6.826236373697631166e+01
5.742957236437850224e+04 6.181852208398180665e+03 6.769177088446694768e+01
5.742957236677011679e+04 6.255316199276305269e+03 6.804951281415110032e+01
5.742957236916173133e+04 6.343048755621729470e+03 6.842773333111169620e+01
5.742957237155335315e+04 6.461687037028515078e+03 6.898410123240925884e+01
5.742957237394496769e+04 6.432009531856654576e+03 6.889186851695136227e+01
5.742957237633658951e+04 6.357198892896741199e+03 6.853182353924435688e+01
5.742957237872820406e+04 6.464554481118574586e+03 6.897883541314132572e+01
5.742957238111981860e+04 6.272893374861151642e+03 6.809767217293087072e+01
5.742957238351144042e+04 6.393517103046435295e+03 6.866432973913015303e+01
5.742957238590305496e+04 6.434483453870479934e+03 6.886422967241303184e+01
5.742957238829467678e+04 6.371996058420653753e+03 6.859477925920593577e+01
5.742957239068629133e+04 6.284078460385661856e+03 6.819159597192009414e+01
5.742957239307790587e+04 6.468634453119817408e+03 6.902390085152572397e+01
5.742957239546952769e+04 6.376224669915905906e+03 6.859145290541276552e+01
5.742957239786114224e+04 6.313421224323211391e+03 6.832807552227967562e+01
5.742957240025275678e+04 6.321317464292670593e+03 6.834675816767997958e+01
5.742957240264437860e+04 6.375259854478274065e+03 6.856220791576797069e+01
5.742957240503599314e+04 6.353459288302854475e+03 6.853012511581967203e+01
5.742957240742761496e+04 6.339141206010925089e+03 6.846964288228750206e+01
5.742957240981922951e+04 6.342707761366975319e+03 6.845437964887676685e+01
5.742957241221084405e+04 6.395724633920215638e+03 6.872027030891304378e+01
5.742957241460246587e+04 6.449612477941920588e+03 6.891172291347622547e+01
5.742957241699408041e+04 6.316094520682932853e+03 6.833047503379034993e+01
5.742957241938570223e+04 6.309617031986422262e+03 6.831431444029200861e+01
5.742957242177731678e+04 6.354077296346365074e+03 6.848383991998650799e+01
5.742957242416893132e+04 6.303761213986903385e+03 6.825779504214185067e+01
5.742957242656055314e+04 6.395288654917831991e+03 6.864485116265214515e+01
5.742957242895216768e+04 6.418059796275727422e+03 6.878976330120271143e+01
5.742957243134378223e+04 6.392312465154673191e+03 6.866846063369999342e+01
5.742957243373540405e+04 6.479769376198376449e+03 6.904755592470827708e+01
5.742957243612701859e+04 6.354031493671576754e+03 6.849392932488029828e+01
5.742957243851864041e+04 6.405944595682758518e+03 6.872365981695887172e+01
5.742957244091025495e+04 6.409578475535266080e+03 6.874574367544418863e+01
5.742957244330186950e+04 6.430536289771829615e+03 6.885355340351874531e+01
5.742957244569349132e+04 6.473278603153500626e+03 6.905409127617296861e+01
5.742957244808510586e+04 6.507127088714401907e+03 6.918717966528305396e+01
5.742957245047672768e+04 6.327613622762078194e+03 6.837796167366491318e+01
5.742957245286834222e+04 6.328900858383495688e+03 6.841876726594483671e+01
5.742957245525995677e+04 6.394358426428820167e+03 6.871084909516102357e+01
5.742957245765157859e+04 6.315326320567681250e+03 6.831662473916975387e+01
5.742957246004319313e+04 6.467790859956549866e+03 6.899876840705482550e+01
5.742957246243480768e+04 6.469196560335165486e+03 6.900656755190739489e+01
5.742957246482642950e+04 6.387385203828534941e+03 6.867276322458346272e+01
5.742957246721804404e+04 6.473351696399757202e+03 6.905648802187420188e+01
5.742957246960966586e+04 6.354544995213108450e+03 6.841457080992977069e+01
5.742957247200128040e+04 6.531297764454278877e+03 6.871857300417968872e+01
5.742957247439289495e+04 4.967010735638777987e+03 6.158967938471467107e+01
5.742957247678451677e+04 3.546622276644528483e+03 5.442470522657762189e+01
5.742957247917613131e+04 7.037821972549595557e+03 7.099401886168784870e+01
5.742957248156775313e+04 6.763158547927402651e+03 6.992439523015704594e+01
5.742957248395936767e+04 6.176215621051697781e+03 6.794616003077395305e+01
5.742957248635098222e+04 6.401304801419774776e+03 6.874087112581116799e+01
5.742957248874260404e+04 6.341466771922415319e+03 6.846990291456322097e+01
5.742957249113421858e+04 6.361312355957938053e+03 6.855518483695425402e+01
5.742957249352584040e+04 6.398070575382348579e+03 6.871023847361151127e+01
5.742957249591745494e+04 6.374080818463321521e+03 6.854952745983096918e+01
5.742957249830906949e+04 6.392085564357651492e+03 6.868449551981703394e+01
5.742957250070069131e+04 6.380081272231960611e+03 6.863710495684505020e+01
5.742957250309230585e+04 6.380526911915783785e+03 6.862592814978353317e+01
5.742957250548392039e+04 6.346627388578473983e+03 6.847630396319981116e+01
5.742957250787554221e+04 6.347481538350698429e+03 6.847274766608222762e+01
5.742957251026715676e+04 6.387660811810775158e+03 6.865229071892828472e+01
5.742957251265877858e+04 6.389425602655080183e+03 6.867567771628341688e+01
5.742957251505039312e+04 6.317960431218210033e+03 6.829582776552948076e+01
5.742957251744200767e+04 6.440304180599859137e+03 6.888576840127085177e+01
5.742957251983362949e+04 6.454640295489711207e+03 6.897346892509544602e+01
5.742957252222524403e+04 6.383818817047255834e+03 6.859503151682500288e+01
5.742957252461686585e+04 6.390225219165251474e+03 6.868082066475660952e+01
5.742957252700848039e+04 6.379316281844685363e+03 6.863131286791409025e+01
5.742957252940009494e+04 6.343056098329145243e+03 6.847539779209252231e+01
5.742957253179171676e+04 6.357139611210874136e+03 6.851669125694110107e+01
5.742957253418333130e+04 6.326361824501218507e+03 6.836756009675988821e+01
5.742957253657494584e+04 6.356405191727784768e+03 6.848122214426381049e+01
5.742957253896656766e+04 6.455688777285865399e+03 6.895712913960454671e+01
5.742957254135818221e+04 6.376401045124301163e+03 6.857681830464856887e+01
5.742957254374980403e+04 6.263272020859437362e+03 6.805743641788309617e+01
5.742957254614141857e+04 6.313644719640362382e+03 6.831554355776349041e+01
5.742957254853303311e+04 6.397881200975042702e+03 6.869893540150482636e+01
5.742957255092465493e+04 6.427074279565980760e+03 6.881866225655959113e+01
5.742957255331626948e+04 6.449343462777938839e+03 6.891686941543885325e+01
5.742957255570789130e+04 6.334337041911721826e+03 6.843060966264636136e+01
5.742957255809950584e+04 6.345938258072792451e+03 6.846299529993369504e+01
5.742957256049112038e+04 6.354528596515109712e+03 6.848734653487507273e+01
5.742957256288274220e+04 6.429238394368670015e+03 6.882465426305512324e+01
5.742957256527435675e+04 6.317632311942489650e+03 6.835691040164300603e+01
5.742957256766597129e+04 6.346382334953017562e+03 6.848456855855110348e+01
5.742957257005759311e+04 6.363703885634504331e+03 6.855366942308990019e+01
5.742957257244920766e+04 6.370359244074747039e+03 6.857349417874034714e+01
5.742957257484082947e+04 6.386305940829417523e+03 6.867091001914450032e+01
5.742957257723244402e+04 6.406177647872160378e+03 6.874684647578752106e+01
5.742957257962405856e+04 6.302119667639464751e+03 6.826664348401062909e+01
5.742957258201568038e+04 6.339667587438561895e+03 6.841244649698560920e+01
5.742957258440729493e+04 6.357441566540086569e+03 6.850299856660879527e+01
5.742957258679891675e+04 6.341798336844566620e+03 6.846154083267477120e+01
5.742957258919053129e+04 6.244144658227633954e+03 6.799891446821605712e+01
5.742957259158214583e+04 6.377804596386784397e+03 6.859930215738745574e+01
5.742957259397376765e+04 6.397383791861105237e+03 6.866874051926215827e+01
5.742957259636538220e+04 6.418154990962297234e+03 6.880677566318075833e+01
5.742957259875699674e+04 6.476564576730611407e+03 6.907117083721379913e+01
5.742957260114861856e+04 6.312903923649466378e+03 6.836238116152662769e+01
5.742957260354023310e+04 6.294278115643864112e+03 6.824116272522591942e+01
5.742957260593185492e+04 6.390552670824200504e+03 6.869416177614708374e+01
5.742957260832346947e+04 6.346804810289586385e+03 6.849232892283379215e+01
5.742957261071508401e+04 6.343566619128853745e+03 6.846197017704112397e+01
5.742957261310670583e+04 6.480526754992992210e+03 6.905835646082472579e+01
5.742957261549832037e+04 6.480542096059650248e+03 6.903720365988931462e+01
5.742957261788994219e+04 6.355517013578069054e+03 6.864686892298256282e+01
5.742957262028155674e+04 6.403755242929586529e+03 6.870717002651063865e+01
5.742957262267317128e+04 6.348444666372021857e+03 6.848153610348653331e+01
5.742957262506479310e+04 6.373061308119684327e+03 6.858994708713974831e+01
5.742957262745640764e+04 6.342959940037719207e+03 6.843885472290500616e+01
5.742957262984802219e+04 6.466843997097556894e+03 6.899676283404158994e+01
5.742957263223964401e+04 6.411216555148180305e+03 6.879313310546066873e+01
5.742957263463125855e+04 6.339891899714888496e+03 6.844637160866911074e+01
5.742957263702288037e+04 6.262870577182881789e+03 6.806573242793598411e+01
5.742957263941449492e+04 6.277000045949577725e+03 6.814861737924906038e+01
5.742957264180610946e+04 6.328588253423999049e+03 6.840698460098199973e+01
5.742957264419773128e+04 6.378415094021534060e+03 6.860650536022461665e+01
5.742957264658934582e+04 6.252190073992317593e+03 6.804813183754544070e+01
5.742957264898096764e+04 6.439907982101935886e+03 6.888588826622813599e+01
5.742957265137258219e+04 6.391190679334652486e+03 6.865231341737829496e+01
5.742957265376419673e+04 6.347466000379579782e+03 6.848521991839139389e+01
5.742957265615581855e+04 6.343938081889485147e+03 6.845332700618129707e+01
5.742957265854743309e+04 6.428169198548705936e+03 6.884455930096619625e+01
5.742957266093904764e+04 6.405789590616346686e+03 6.877047537305270453e+01
5.742957266333066946e+04 6.308761888984526195e+03 6.832230832356475503e+01
5.742957266572228400e+04 6.360149844001580277e+03 6.853176525419861775e+01
5.742957266811390582e+04 6.398890921215846902e+03 6.871216947066143632e+01
5.742957267050552036e+04 6.277665371283276727e+03 6.814491588901849184e+01
5.742957267289713491e+04 6.323460678178229500e+03 6.833453907584238607e+01
5.742957267528875673e+04 6.455251542500997857e+03 6.893538709367108197e+01
5.742957267768037127e+04 6.346091932967574394e+03 6.849024961500930431e+01
5.742957268007199309e+04 6.319987399585057574e+03 6.834868072235559566e+01
5.742957268246360763e+04 6.300029328482418350e+03 6.824208702419188910e+01
5.742957268485522218e+04 6.357093866161367259e+03 6.848365623869412389e+01
5.742957268724684400e+04 6.319108201042103246e+03 6.832779844652462486e+01
5.742957268963845854e+04 6.342187744729357291e+03 6.846855385315876674e+01
5.742957269203007309e+04 6.397154589386043881e+03 6.870835150753914888e+01
5.742957269442169491e+04 6.308716711605399723e+03 6.830180113955451304e+01
5.742957269681330945e+04 6.425543654263321514e+03 6.883944315534014891e+01
5.742957269920493127e+04 6.334314358832195467e+03 6.844849792502763819e+01
5.742957270159654581e+04 6.398182703423661223e+03 6.871425110606574549e+01
5.742957270398816036e+04 6.326462212475827073e+03 6.835975501440580615e+01
5.742957270637978218e+04 6.297945402671701231e+03 6.825906522962880274e+01
5.742957270877139672e+04 6.409999883194355789e+03 6.879052047162879546e+01
5.742957271116301854e+04 6.478406667072066739e+03 6.907209202331864617e+01
5.742957271355463308e+04 6.429819899220410662e+03 6.884664208334190505e+01
5.742957271594624763e+04 6.321352511270207287e+03 6.834710764999235266e+01
5.742957271833786945e+04 6.303437627356466692e+03 6.827326787880512882e+01
5.742957272072948399e+04 6.530306021458496616e+03 6.929752011289929214e+01
5.742957272312109853e+04 6.363852682307697251e+03 6.856700655929658694e+01
5.742957272551272035e+04 6.394994476425043104e+03 6.871409511643946644e+01
5.742957272790433490e+04 6.337147534910913237e+03 6.843899354167254501e+01
5.742957273029595672e+04 6.337229552787001921e+03 6.840827246882048485e+01
5.742957273268757126e+04 6.355392053297170605e+03 6.851876903576157929e+01
5.742957273507918580e+04 6.357939279746713510e+03 6.853802943178583007e+01
5.742957273747080762e+04 6.411872786418360192e+03 6.873097224665163196e+01
5.742957273986242217e+04 6.329454342195236677e+03 6.836965772700411037e+01
5.742957274225404399e+04 6.421110279769232875e+03 6.884537725004634012e+01
5.742957274464565853e+04 6.418576212921608203e+03 6.880925226479250512e+01
5.742957274703727307e+04 6.352667414751839715e+03 6.851135785802166822e+01
5.742957274942889489e+04 6.378886883280792972e+03 6.861996805719942927e+01
5.742957275182050944e+04 6.351854912217804667e+03 6.851653563558457449e+01
5.742957275421212398e+04 6.346949118486169027e+03 6.848363189795588823e+01
5.742957275660374580e+04 6.262220294101341096e+03 6.809403109510959951e+01
5.742957275899536035e+04 6.320818627420440862e+03 6.834198837037985186e+01
5.742957276138698217e+04 6.300436247335527696e+03 6.828452148814884026e+01
5.742957276377859671e+04 6.327711600911782625e+03 6.839949769559476067e+01
5.742957276617021125e+04 6.321592067701620181e+03 6.835740935054509748e+01
5.742957276856183307e+04 6.362246008341119705e+03 6.853884384442017108e+01
5.742957277095344762e+04 6.339528179290552544e+03 6.845715723508072870e+01
5.742957277334506944e+04 6.367118408238760821e+03 6.857084346384931450e+01
5.742957277573668398e+04 6.383606366999825696e+03 6.864191833109698848e+01
5.742957277812829852e+04 6.468311405256143189e+03 6.900295934457236058e+01
5.742957278051992034e+04 6.431345061107554102e+03 6.885225057456577247e+01
5.742957278291153489e+04 6.407945063095898149e+03 6.872760714990650399e+01
5.742957278530314943e+04 6.382573946346840785e+03 6.876109138195229775e+01
5.742957278769477125e+04 6.310764317550925625e+03 6.836516157940837957e+01
5.742957279008638579e+04 7.129306869040661695e+03 7.127985654473783939e+01
5.742957279247800761e+04 5.043873574000215740e+03 6.201219606076247715e+01
5.742957279486962216e+04 3.782667184129814814e+03 5.569254155616373225e+01
5.742957279726123670e+04 6.050383607524853687e+03 6.648415289969074138e+01
5.742957279965285852e+04 6.253565922378660616e+03 6.769050172336959292e+01
5.742957280204447306e+04 6.411923186843702752e+03 6.878354314494289667e+01
5.742957280443609488e+04 6.374968484534835625e+03 6.860118100116753226e+01
5.742957280682770943e+04 6.303075826393532225e+03 6.828875682426800608e+01
5.742957280921932397e+04 6.376677254099877246e+03 6.860388699618597741e+01
5.742957281161094579e+04 6.335370322577686238e+03 6.841860680921269022e+01
5.742957281400256034e+04 6.336973059891670346e+03 6.844173610724817536e+01
5.742957281639417488e+04 6.286397049076750591e+03 6.818609511163892023e+01
5.742957281878579670e+04 6.455566983419058488e+03 6.894616452028240872e+01
5.742957282117741124e+04 6.327390801986928636e+03 6.835961179987911862e+01
5.742957282356903306e+04 6.308619748358764809e+03 6.829129437373042322e+01
5.742957282596064761e+04 6.398828455107895934e+03 6.869817031741081337e+01
