5.737343767310000112e+04 4.129652878027605766e+03 7.055604881944040585e+01
5.737343768430818454e+04 4.115606544926775314e+03 7.057727385765213057e+01
5.737343769551636797e+04 4.145080483439277486e+03 7.080955095536226906e+01
5.737343770672455139e+04 4.359486842383752446e+03 7.166151183615407660e+01
5.737343771793273481e+04 4.442318794350898315e+03 7.201344420804549884e+01
5.737343772914091824e+04 4.431745020328727151e+03 7.213342238987816302e+01
5.737343774034910166e+04 4.534672970232104490e+03 7.251088335411739649e+01
5.737343775155729236e+04 4.475894713807589142e+03 7.223374046148097705e+01
5.737343776276547578e+04 4.514197204537776997e+03 7.222958857394058896e+01
5.737343777397365920e+04 4.536025640904153079e+03 7.233548883288612785e+01
5.737343778518184263e+04 4.572015240245893438e+03 7.249871294763306651e+01
5.737343779639002605e+04 4.668363816483717528e+03 7.302427659389174153e+01
5.737343780759820947e+04 4.708681489444490580e+03 7.313889324391759317e+01
5.737343781880639290e+04 4.758483904566173806e+03 7.337070683289992701e+01
5.737343783001457632e+04 4.678947431798762409e+03 7.312940175218510319e+01
5.737343784122275974e+04 4.693180459775523559e+03 7.307138755396404406e+01
5.737343785243094317e+04 4.702076079845169261e+03 7.307085787035292412e+01
5.737343786363912659e+04 4.669933884765852781e+03 7.306513127185773726e+01
5.737343787484731001e+04 4.570291893520255144e+03 7.262129393004867950e+01
5.737343788605550071e+04 4.516660983247798868e+03 7.242399681463776062e+01
5.737343789726368414e+04 4.593789532541810331e+03 7.263809828815678316e+01
5.737343790847186756e+04 4.763139160271771289e+03 7.336125142106426722e+01
5.737343791968005098e+04 4.675268532924323154e+03 7.304159291039960067e+01
5.737343793088823440e+04 4.710929220140540565e+03 7.324723772540168909e+01
5.737343794209641783e+04 4.730375169989592905e+03 7.325325570176389078e+01
5.737343795330460125e+04 4.721833413415504765e+03 7.316123908009350885e+01
5.737343796451278467e+04 4.717625081827419308e+03 7.310457289941462022e+01
5.737343797572096810e+04 4.691519451757412753e+03 7.306766758459801281e+01
5.737343798692915152e+04 4.640282054619014161e+03 7.286692162722418686e+01
5.737343799813733494e+04 4.624502696369205296e+03 7.290874750519672887e+01
5.737343800934551837e+04 4.687344684474319365e+03 7.308456923995385068e+01
5.737343802055370179e+04 4.676265108724568563e+03 7.294868831038385792e+01
5.737343803176189249e+04 4.645018347542070842e+03 7.281275586242135489e+01
5.737343804297007591e+04 4.527134504665844361e+03 7.242669670130440807e+01
5.737343805417825934e+04 4.540616782384277030e+03 7.250690145427142852e+01
5.737343806538644276e+04 4.558823293079241921e+03 7.253817201471069609e+01
5.737343807659462618e+04 4.629788172442355062e+03 7.285949869569749637e+01
5.737343808780280960e+04 4.526637188898169370e+03 7.239641538330224080e+01
5.737343809901099303e+04 4.635716117732380553e+03 7.281447769516705648e+01
5.737343811021917645e+04 4.663158325852483358e+03 7.288286867068396191e+01
5.737343812142735987e+04 4.730458857319702474e+03 7.303643220000238045e+01
5.737343813263554330e+04 4.756433176141089461e+03 7.330449637118172745e+01
5.737343814384372672e+04 4.706658003539543643e+03 7.308625207156485715e+01
5.737343815505191014e+04 4.623148650514653127e+03 7.271743878456663879e+01
5.737343816626010084e+04 4.617345137528722262e+03 7.276644450683780008e+01
5.737343817746828427e+04 4.649495540752215675e+03 7.284037560894950047e+01
5.737343818867646769e+04 4.599677788978136050e+03 7.270967004566894332e+01
5.737343819988465111e+04 4.683732205151515700e+03 7.252962573780664002e+01
5.737343821109283454e+04 4.755077608285626411e+03 7.216348347757138981e+01
5.737343822230101796e+04 4.803162253749193042e+03 7.224012968295278370e+01
5.737343823350920138e+04 4.837505390306630034e+03 7.228062402306341028e+01
5.737343824471738480e+04 4.725232449195223126e+03 7.287596646415283885e+01
5.737343825592556823e+04 4.616202660475540142e+03 7.272981267333798883e+01
5.737343826713375165e+04 4.614209050531234425e+03 7.273121145579260372e+01
5.737343827834193507e+04 4.669675823748601033e+03 7.292371998437822356e+01
5.737343828955011850e+04 4.643552977805657065e+03 7.283884102388650206e+01
5.737343830075830920e+04 4.552638924695464084e+03 7.240403160809339056e+01
5.737343831196649262e+04 4.592780965091959843e+03 7.250893191758167688e+01
5.737343832317467604e+04 4.511491886188419812e+03 7.223488688692074788e+01
5.737343833438285947e+04 4.426942099083804351e+03 7.191782786867895538e+01
5.737343834559104289e+04 4.398759392481712894e+03 7.172817204081584919e+01
5.737343835679922631e+04 4.288973525893401529e+03 7.131654658880522391e+01
5.737343836800740974e+04 4.239662422192332087e+03 7.103787739174200055e+01
