5.736835664920000272e+04 4.174553919637596472e-06 1.040096149527008720e+02
5.736835665001274901e+04 9.829652206642926103e+03 1.302364489271410832e+02
5.736835665082548803e+04 4.590978888814597303e+04 1.987752953842384045e+02
5.736835665163823433e+04 8.297983385164324136e+04 2.503605323474069735e+02
5.736835665245098062e+04 1.204801820575167367e+05 2.934588792078848201e+02
5.736835665326371964e+04 1.579525359181987296e+05 3.309657609917892955e+02
5.736835665407646593e+04 1.962395980298243812e+05 3.653323812210467167e+02
5.736835665488920495e+04 2.340050647299650591e+05 3.963220476534559111e+02
5.736835665570195124e+04 2.701522935214199824e+05 4.240513289858559460e+02
5.736835665651469753e+04 2.777850209476273158e+05 4.324889927628355508e+02
5.736835665732743655e+04 2.744468991966499598e+05 4.338464554152498636e+02
5.736835665814018284e+04 2.721833004590676283e+05 4.359250700340473941e+02
5.736835665895292914e+04 2.695219988229299779e+05 4.377742818646901810e+02
5.736835665976566816e+04 2.669303520154524595e+05 4.396657387042966434e+02
5.736835666057841445e+04 2.637619743003037875e+05 4.409936168138665948e+02
5.736835666139116074e+04 2.610503709087467578e+05 4.432594569893863650e+02
5.736835666220389976e+04 2.582194830277266155e+05 4.450511740251987476e+02
5.736835666301664605e+04 2.548678164744401583e+05 4.466470399997592153e+02
5.736835666382938507e+04 2.528216489754641079e+05 4.484970727845192755e+02
5.736835666464213136e+04 2.495193725365147111e+05 4.497937399795728197e+02
5.736835666545487766e+04 2.478674806874812930e+05 4.521842443945427021e+02
5.736835666626761667e+04 2.446095524780088454e+05 4.536312545430859586e+02
5.736835666708036297e+04 2.414806715249521658e+05 4.549386869756793317e+02
5.736835666789310926e+04 2.378265312976908754e+05 4.557329969531106144e+02
5.736835666870584828e+04 2.369633336614732107e+05 4.585681509817474080e+02
5.736835666951859457e+04 2.337608840437802719e+05 4.600582994563014267e+02
5.736835667033134087e+04 2.313931816328023851e+05 4.620181164511759562e+02
5.736835667114407988e+04 2.282488789135073021e+05 4.634779452863846814e+02
5.736835667195682618e+04 2.257586837924125721e+05 4.651196006340809959e+02
5.736835667276957247e+04 2.230274559474643611e+05 4.667576983098233541e+02
5.736835667358231149e+04 2.205063438202507677e+05 4.685518004417914426e+02
5.736835667439505778e+04 2.177113921586367942e+05 4.700696456354286283e+02
5.736835667520779680e+04 2.144607471382276271e+05 4.714818020863039010e+02
5.736835667602054309e+04 2.123677220277138404e+05 4.737636450903749505e+02
5.736835667683328938e+04 2.091703137241883669e+05 4.750455275045922576e+02
5.736835667764602840e+04 2.070246568247508258e+05 4.769773560682882589e+02
5.736835667845877470e+04 2.032469572092387825e+05 4.778761852892124580e+02
5.736835667927152099e+04 2.028228266051341488e+05 4.809927290279848080e+02
5.736835668008426001e+04 2.041422226494124625e+05 4.852514373548378330e+02
5.736835668089700630e+04 2.042419577193692094e+05 4.887025489709262729e+02
5.736835668170975259e+04 1.993993040260140260e+05 4.888260067574792629e+02
5.736835668252249161e+04 1.990329868292703759e+05 4.922079032325622165e+02
5.736835668333523790e+04 1.979637744512688951e+05 4.945613975671873277e+02
5.736835668414797692e+04 1.921733652710963215e+05 4.943797168245903890e+02
5.736835668496072321e+04 1.861956792937118444e+05 4.940206205405710307e+02
5.736835668577346951e+04 1.828215537580408854e+05 4.951134911880732261e+02
5.736835668658620853e+04 1.806450158240708406e+05 4.971363752970855785e+02
5.736835668739895482e+04 1.779522504574822378e+05 4.990188654573110512e+02
5.736835668821170111e+04 1.730590403970328916e+05 4.993431471500734347e+02
5.736835668902444013e+04 1.723643514829456108e+05 5.020996472905270025e+02
5.736835668983718642e+04 1.745647676860769861e+05 5.067238473514025259e+02
5.736835669064993272e+04 1.710484225236417260e+05 5.076518104380866134e+02
5.736835669146267173e+04 1.691836572866141796e+05 5.099180386566046081e+02
5.736835669227541803e+04 1.678401167423721927e+05 5.122920465558592014e+02
5.736835669308815704e+04 1.643093970074703102e+05 5.130598174093097441e+02
5.736835669390090334e+04 1.630567387988433766e+05 5.156548948257294569e+02
5.736835669471364963e+04 1.577116580821261741e+05 5.156290837420572188e+02
5.736835669552638865e+04 1.554953911382939841e+05 5.172276268100370089e+02
5.736835669633913494e+04 1.540319125591599441e+05 5.194945192847262661e+02
5.736835669715188124e+04 1.501763023484764853e+05 5.200495026880023488e+02
5.736835669796462025e+04 1.408481842478599574e+05 5.174580278104657509e+02
5.736835669877736655e+04 1.319601239852361323e+05 5.149065138217042659e+02
5.736835669959011284e+04 1.283273885500314063e+05 5.159671148622816190e+02
5.736835670040285186e+04 1.268561811781223223e+05 5.181290741035264773e+02
5.736835670121559815e+04 1.233204059428172477e+05 5.193402753679910120e+02
5.736835670202834444e+04 1.200906927331633342e+05 5.205850993291580835e+02
5.736835670284108346e+04 1.169438850299211044e+05 5.217760558653365024e+02
5.736835670365382975e+04 1.170015356409349188e+05 5.249406208512338026e+02
5.736835670446656877e+04 1.151675698444962327e+05 5.270718400488963198e+02
5.736835670527931507e+04 1.115990178149680723e+05 5.281621138798834636e+02
5.736835670609206136e+04 1.087684816608866095e+05 5.294322867194694027e+02
5.736835670690480038e+04 1.070078528510396136e+05 5.313545648727393882e+02
5.736835670771754667e+04 1.035769069487006636e+05 5.323918716754373008e+02
5.736835670853029296e+04 1.013339257920891396e+05 5.341756752979600833e+02
5.736835670934303198e+04 9.927139669476501876e+04 5.359711952064407114e+02
5.736835671015577827e+04 1.003357244957952062e+05 5.372088026778679932e+02
5.736835671096852457e+04 1.020420593172038789e+05 5.383607262653276848e+02
5.736835671178126358e+04 1.045294868111503893e+05 5.398204546700604851e+02
5.736835671259400988e+04 1.063392167705625761e+05 5.401949290230959377e+02
5.736835671340674890e+04 1.088861857838669675e+05 5.417998690855832820e+02
5.736835671421949519e+04 1.105574413305850467e+05 5.425568608801935397e+02
5.736835671503224148e+04 1.122108860821179114e+05 5.436171952501659916e+02
5.736835671584498050e+04 1.149171038006829913e+05 5.447735875619301851e+02
5.736835671665772679e+04 1.168503580894356128e+05 5.457686559279126186e+02
5.736835671747047309e+04 1.167472227658503107e+05 5.461511621285823139e+02
5.736835671828321210e+04 1.198362431741977343e+05 5.472100042334304817e+02
5.736835671909595840e+04 1.210875986847293098e+05 5.476282097776050932e+02
5.736835671990870469e+04 1.250703874911076273e+05 5.498394121204264593e+02
5.736835672072144371e+04 1.246706564102246193e+05 5.494476954608338701e+02
5.736835672153419000e+04 1.254480890218100394e+05 5.498726606411310058e+02
5.736835672234692902e+04 1.276454377638054430e+05 5.509550223315711719e+02
5.736835672315967531e+04 1.297073881025176961e+05 5.519807074064106018e+02
5.736835672397242161e+04 1.321852297812524484e+05 5.531588075289163271e+02
5.736835672478516062e+04 1.332335204041707329e+05 5.536611383587990076e+02
5.736835672559790692e+04 1.354009584414349520e+05 5.546669668922842220e+02
5.736835672641065321e+04 1.384616121213284787e+05 5.562175442155511291e+02
5.736835672722339223e+04 1.388878080130669405e+05 5.562775058504860226e+02
5.736835672803613852e+04 1.408654799678304116e+05 5.573702106836793746e+02
5.736835672884888481e+04 1.417242966489953105e+05 5.578202511437787052e+02
5.736835672966162383e+04 1.444604398310463293e+05 5.590058151119873173e+02
5.736835673047437012e+04 1.459434292249926366e+05 5.598132216756542903e+02
5.736835673128710914e+04 1.476885474989804206e+05 5.606126009409073276e+02
5.736835673209985544e+04 1.492814951884625480e+05 5.617958295499262249e+02
5.736835673291260173e+04 1.513842569764731452e+05 5.627919719843312123e+02
5.736835673372534075e+04 1.523743333540583262e+05 5.632777187133900725e+02
5.736835673453808704e+04 1.543946955527082318e+05 5.645660113399917464e+02
5.736835673535083333e+04 1.562658585105462116e+05 5.657472984475883777e+02
5.736835673616357235e+04 1.571296684324249509e+05 5.662918773493677236e+02
5.736835673697631864e+04 1.577100900689262780e+05 5.668735274850592987e+02
5.736835673778906494e+04 1.608257201297335560e+05 5.679766045331193709e+02
5.736835673860180395e+04 1.623297670732306433e+05 5.690326106294322699e+02
5.736835673941455025e+04 1.646258870396909188e+05 5.701678777980614541e+02
5.736835674022729654e+04 1.662101992087762337e+05 5.708413640285614292e+02
5.736835674104003556e+04 1.677453155411325279e+05 5.713827587549435520e+02
5.736835674185278185e+04 1.695218532051948132e+05 5.729728471894236463e+02
5.736835674266552087e+04 1.715650549931835849e+05 5.736868083789789807e+02
5.736835674347826716e+04 1.739469914411424543e+05 5.746432522706795680e+02
5.736835674429101346e+04 1.755716697278256179e+05 5.750574570686426341e+02
5.736835674510375247e+04 1.780354822886568145e+05 5.763341213834615928e+02
5.736835674591649877e+04 1.786633665178343072e+05 5.770210498695926162e+02
5.736835674672924506e+04 1.808176120079548564e+05 5.779239311759121165e+02
5.736835674754198408e+04 1.829258662710488425e+05 5.787770224374306736e+02
5.736835674835473037e+04 1.860199846840944374e+05 5.801435480249643888e+02
5.736835674916747666e+04 1.864577035184425185e+05 5.801685923660638764e+02
5.736835674998021568e+04 1.871412507899458869e+05 5.805664277394247392e+02
5.736835675079296198e+04 1.917642364852359169e+05 5.821933065250682375e+02
5.736835675160570099e+04 1.924896348103539203e+05 5.825982048234336617e+02
5.736835675241844729e+04 1.948380035361200571e+05 5.835967534388537388e+02
5.736835675323119358e+04 1.967130864184210659e+05 5.841016671485928100e+02
5.736835675404393260e+04 1.983756968200604315e+05 5.848451245221657473e+02
5.736835675485667889e+04 2.015524067592939246e+05 5.863773674864359009e+02
5.736835675566942518e+04 2.025788206421143259e+05 5.867569407049661550e+02
5.736835675648216420e+04 2.047943687382997596e+05 5.877438738809131564e+02
5.736835675729491049e+04 2.057771688889197540e+05 5.881615739799053699e+02
5.736835675810765679e+04 2.074151660002258723e+05 5.888073122257779914e+02
5.736835675892039581e+04 2.085161768385557225e+05 5.900914142962491269e+02
5.736835675973314210e+04 2.149818511649461580e+05 5.926405643024643268e+02
5.736835676054588112e+04 2.135327985315329861e+05 5.918323873758184845e+02
5.736835676135862741e+04 2.159498060593134724e+05 5.928713484513490357e+02
5.736835676217137370e+04 2.180893179123798618e+05 5.938797330841332496e+02
5.736835676298411272e+04 2.200668693013011944e+05 5.947839017552679479e+02
5.736835676379685901e+04 2.223113395253350027e+05 5.957987561033660313e+02
5.736835676460960531e+04 2.240086248978458461e+05 5.968492152183258668e+02
5.736835676542234432e+04 2.258732926103675272e+05 5.976958527082737191e+02
5.736835676623509062e+04 2.278269834288301063e+05 5.984935796319407473e+02
5.736835676704783691e+04 2.291800553091592155e+05 5.991400619518356052e+02
5.736835676786057593e+04 2.312656362219840521e+05 6.003125730804199520e+02
5.736835676867332222e+04 2.321735776771788369e+05 6.006986716760050058e+02
5.736835676948606852e+04 2.348516436750633293e+05 6.020598326594483751e+02
5.736835677029880753e+04 2.363558567520969664e+05 6.026234446095531894e+02
5.736835677111155383e+04 2.382949205028520664e+05 6.033234858019318381e+02
5.736835677192429284e+04 2.384048664493898395e+05 6.034659107339050479e+02
5.736835677273703914e+04 2.413774768074682797e+05 6.048581324670253707e+02
5.736835677354978543e+04 2.451429115451262332e+05 6.065037325358561020e+02
5.736835677436252445e+04 2.467852046497979900e+05 6.071857217828376179e+02
5.736835677517527074e+04 2.468261808830045047e+05 6.069962906336666038e+02
5.736835677598801703e+04 2.487414330893091974e+05 6.077603563949271575e+02
5.736835677680075605e+04 2.515990421354018035e+05 6.090699652510544411e+02
5.736835677761350235e+04 2.527847251860026736e+05 6.096096943287162730e+02
5.736835677842624864e+04 2.541756636706941063e+05 6.105231432489265444e+02
5.736835677923898766e+04 2.555949232116205385e+05 6.110358339517142667e+02
5.736835678005173395e+04 2.571987791621728684e+05 6.119216555938734246e+02
5.736835678086447297e+04 2.608165033121241722e+05 6.132147369751900214e+02
5.736835678167721926e+04 2.613726622218288830e+05 6.138514005071222073e+02
5.736835678248996555e+04 2.629853328938640188e+05 6.146604660772424040e+02
5.736835678330270457e+04 2.662084318658899283e+05 6.165022805308233274e+02
5.736835678411545086e+04 2.669688458186520147e+05 6.164006028255755609e+02
5.736835678492819716e+04 2.678510301513285376e+05 6.168156764535490311e+02
5.736835678574093617e+04 2.704009698223074665e+05 6.181321090837876682e+02
5.736835678655368247e+04 2.706281587270184536e+05 6.179886598458983826e+02
5.736835678736642876e+04 2.740659353656655294e+05 6.197664231292422983e+02
5.736835678817916778e+04 2.763204318327354267e+05 6.207543132138913506e+02
5.736835678899191407e+04 2.777314898160443408e+05 6.213281572809042927e+02
5.736835678980465309e+04 2.809914279168633511e+05 6.228885208890006879e+02
5.736835679061739938e+04 2.805221107768065413e+05 6.225517282606676872e+02
5.736835679143014568e+04 2.846076642530750250e+05 6.238957043584988469e+02
5.736835679224288469e+04 2.872815793979074806e+05 6.248542675654231289e+02
5.736835679305563099e+04 2.879087686106373440e+05 6.252024080596071371e+02
5.736835679386837728e+04 2.895602713770935079e+05 6.258867230798995251e+02
5.736835679468111630e+04 2.920812179475072189e+05 6.270059218642230690e+02
5.736835679549386259e+04 2.937092515710703447e+05 6.277777174277837275e+02
5.736835679630660889e+04 2.967750548276544432e+05 6.288267578988971991e+02
5.736835679711934790e+04 2.968637412699823035e+05 6.288423968365906376e+02
5.736835679793209420e+04 3.009453934336641687e+05 6.307897242301394272e+02
5.736835679874484049e+04 3.016370526560954168e+05 6.311288158966563060e+02
5.736835679955757951e+04 3.098647865750687779e+05 6.349985532937811286e+02
5.736835680037032580e+04 3.056769011083319783e+05 6.327278618620794077e+02
5.736835680118306482e+04 3.057629574112845585e+05 6.327206474263068685e+02
5.736835680199581111e+04 3.094594332991638221e+05 6.343532045770976993e+02
5.736835680280855740e+04 3.104591850980888121e+05 6.348390217793494230e+02
5.736835680362129642e+04 3.114883740626433282e+05 6.353299315058656020e+02
5.736835680443404272e+04 3.199047792019908084e+05 6.393091050183986681e+02
5.736835680524678901e+04 3.198421799992254237e+05 6.395279575546758224e+02
5.736835680605952803e+04 3.179978592140295659e+05 6.383609448199716780e+02
5.736835680687227432e+04 3.196889106568408315e+05 6.388940588703090953e+02
5.736835680768502061e+04 3.211547599988188595e+05 6.395467183011188581e+02
5.736835680849775963e+04 3.221978703124729218e+05 6.398656968763897339e+02
5.736835680931050592e+04 3.246858166117197834e+05 6.410324573594657522e+02
5.736835681012324494e+04 3.280883133182363235e+05 6.427249869666193263e+02
5.736835681093599123e+04 3.292549447959594545e+05 6.431477435940279292e+02
5.736835681174873753e+04 3.319291461931607919e+05 6.442982129310191795e+02
5.736835681256147654e+04 3.341273515339869773e+05 6.449956818313978602e+02
5.736835681337422284e+04 3.364351600382687757e+05 6.462432263493251412e+02
5.736835681418696913e+04 3.378294904478831450e+05 6.467751487562778721e+02
5.736835681499970815e+04 3.392605115364359226e+05 6.474349665884477645e+02
5.736835681581245444e+04 3.423214624629582977e+05 6.487234812270436350e+02
5.736835681662520074e+04 3.441292824325111578e+05 6.495439300661832931e+02
5.736835681743793975e+04 3.452176257700215792e+05 6.499218472151417245e+02
5.736835681825068605e+04 3.462351845065216767e+05 6.503156283091236673e+02
5.736835681906342506e+04 3.487130511242936482e+05 6.514329606941109887e+02
5.736835681987617136e+04 3.498624437324930332e+05 6.519559916138048266e+02
5.736835682068891765e+04 3.506514261060461868e+05 6.523336614950238754e+02
5.736835682150165667e+04 3.527240595917179598e+05 6.533489957198348748e+02
5.736835682231440296e+04 3.539603408933309256e+05 6.539134314814840536e+02
5.736835682312714926e+04 3.546612108929915703e+05 6.545757382718027202e+02
5.736835682393988827e+04 3.562170739472462446e+05 6.553511401236260099e+02
5.736835682475263457e+04 3.582331848171061138e+05 6.562564576154068163e+02
5.736835682556538086e+04 3.595657711727789720e+05 6.567350843549145338e+02
5.736835682637811988e+04 3.608802221567795496e+05 6.574052383592043043e+02
5.736835682719086617e+04 3.638746501388280303e+05 6.587680073717922369e+02
5.736835682800360519e+04 3.657524369308411842e+05 6.592483540757906439e+02
5.736835682881635148e+04 3.678214478380884393e+05 6.601017572039012293e+02
5.736835682962909777e+04 3.684478010418289341e+05 6.605809709568906101e+02
5.736835683044183679e+04 3.699906544212342124e+05 6.615873071288444862e+02
5.736835683125458308e+04 3.732060881149269408e+05 6.625342401407435773e+02
5.736835683206732938e+04 3.755364654396531987e+05 6.634008259433384183e+02
5.736835683288006840e+04 3.768677308944815304e+05 6.636852128131279187e+02
5.736835683369281469e+04 3.788077462373569142e+05 6.644511241568853848e+02
5.736835683450556098e+04 3.806249152586495620e+05 6.654700855170292471e+02
5.736835683531830000e+04 3.837077040998608572e+05 6.666269396951919362e+02
5.736835683613104629e+04 3.841356736445417628e+05 6.668575136601141367e+02
5.736835683694379259e+04 3.856450809726418229e+05 6.674353765487727514e+02
5.736835683775653160e+04 3.873260635527544655e+05 6.680205688980526020e+02
5.736835683856927790e+04 3.913408734476196696e+05 6.693227062765413393e+02
5.736835683938201691e+04 3.943521668252786621e+05 6.704327760469067243e+02
5.736835684019476321e+04 3.963930504724016646e+05 6.711655544384664154e+02
5.736835684100750950e+04 3.984544793020766228e+05 6.719383790585834504e+02
5.736835684182024852e+04 4.014950433263721061e+05 6.731141455122846082e+02
5.736835684263299481e+04 4.018540563880514819e+05 6.730138199963256511e+02
5.736835684344574111e+04 4.118798612390591297e+05 6.776597407519550416e+02
5.736835684425848012e+04 4.138698653075507027e+05 6.785558306934702841e+02
5.736835684507122642e+04 4.124549810571637936e+05 6.779050673802704523e+02
5.736835684588397271e+04 4.164320728723591310e+05 6.793700855335883944e+02
5.736835684669671173e+04 4.166115813664754387e+05 6.796464770578697880e+02
5.736835684750945802e+04 4.176619235782648902e+05 6.799097830167028178e+02
5.736835684832219704e+04 4.189439800287858816e+05 6.804593898263877918e+02
5.736835684913494333e+04 4.210981676967711537e+05 6.812758916855726739e+02
5.736835684994768962e+04 4.217410604945607483e+05 6.814388308111309698e+02
5.736835685076042864e+04 4.249048788707518252e+05 6.828238797076760420e+02
5.736835685157317494e+04 4.237782721527887043e+05 6.822520896609214560e+02
5.736835685238592123e+04 4.248235779214090435e+05 6.822826969092128593e+02
5.736835685319866025e+04 4.284174389270953252e+05 6.838537133458598873e+02
5.736835685401140654e+04 4.297116765146733378e+05 6.843397683697064622e+02
5.736835685482415283e+04 4.697199390144350473e+05 7.022473938014436499e+02
5.736835685563689185e+04 5.220888990123511176e+05 7.251462369481135966e+02
5.736835685644963814e+04 5.227231472357792081e+05 7.252503146244461050e+02
5.736835685726237716e+04 5.267307244154098444e+05 7.270902591762276188e+02
5.736835685807512345e+04 5.517180553316825535e+05 7.376547387473804065e+02
5.736835685888786975e+04 5.367743398449295200e+05 7.311719591556079649e+02
5.736835685970060877e+04 5.510422977069359040e+05 7.370042899775451133e+02
5.736835686051335506e+04 5.415608988748230040e+05 7.332141311629299025e+02
5.736835686132610135e+04 5.344083871567334281e+05 7.297993875345554216e+02
5.736835686213884037e+04 5.409907270263514947e+05 7.324883328316760753e+02
5.736835686295158666e+04 5.428184551627836190e+05 7.331540599126086590e+02
5.736835686376433296e+04 5.143891544049789081e+05 7.209298271683710482e+02
5.736835686457707197e+04 4.792295717601228389e+05 7.053315155914699517e+02
5.736835686538981827e+04 4.743440763120743213e+05 7.031210834761050137e+02
5.736835686620256456e+04 4.809231656275878777e+05 7.058378406766645412e+02
5.736835686701530358e+04 4.786653880918654613e+05 7.047092231110469811e+02
5.736835686782804987e+04 4.837786544324581046e+05 7.067917779151241575e+02
5.736835686864078889e+04 4.816118926163957221e+05 7.062121901856910426e+02
5.736835686945353518e+04 4.844576436317194020e+05 7.068615892594224306e+02
5.736835687026628148e+04 4.880381105048096506e+05 7.085018872081319614e+02
5.736835687107902049e+04 4.857440405835763668e+05 7.072402972573661373e+02
5.736835687189176679e+04 4.779781056386638083e+05 7.038346406148363030e+02
5.736835687270451308e+04 4.737311986956738401e+05 7.018629543501183434e+02
5.736835687351725210e+04 4.751082685037835035e+05 7.023270169618151613e+02
5.736835687432999839e+04 4.763010393542170059e+05 7.026000912691382609e+02
5.736835687514274468e+04 4.798514747637591790e+05 7.042774124936097451e+02
5.736835687595548370e+04 4.813611682394645177e+05 7.047465843892246085e+02
5.736835687676822999e+04 4.818506372535972623e+05 7.048756856819713903e+02
5.736835687758096901e+04 4.844574182193371234e+05 7.059961989703904237e+02
5.736835687839371531e+04 4.857950432894707774e+05 7.063075059662985495e+02
5.736835687920646160e+04 4.861398415567861521e+05 7.064425362460500537e+02
5.736835688001920062e+04 4.899889290368547663e+05 7.079375996944751250e+02
5.736835688083194691e+04 4.908786014868531493e+05 7.083347459967603754e+02
5.736835688164469320e+04 4.931131849507307634e+05 7.092320392053983369e+02
5.736835688245743222e+04 4.946956249698328320e+05 7.099284787255603533e+02
5.736835688327017851e+04 4.962165159600964980e+05 7.105861928269748660e+02
5.736835688408292481e+04 4.959086587557865423e+05 7.105177157146406444e+02
5.736835688489566382e+04 4.975979166002175771e+05 7.114053149901302504e+02
5.736835688570841012e+04 4.867611675306468969e+05 7.135249647946827736e+02
5.736835688652114914e+04 4.338845442398827290e+05 7.182532692120735192e+02
5.736835688733389543e+04 4.169543913166904822e+05 7.198135468053956174e+02
5.736835688814664172e+04 4.422368137092105462e+05 7.197689236801909374e+02
5.736835688895938074e+04 4.160695701636035228e+05 7.235213158328718919e+02
5.736835688977212703e+04 4.177393427600719733e+05 7.247790151278107942e+02
5.736835689058487333e+04 4.296064995061361114e+05 7.247461839693090724e+02
5.736835689139761234e+04 4.283236897759793792e+05 7.273529965089661573e+02
5.736835689221035864e+04 4.483936833317359560e+05 7.283354758314504807e+02
5.736835689302310493e+04 4.469516790602767724e+05 7.309126253451479442e+02
5.736835689383584395e+04 4.415255515422753524e+05 7.322690980078212988e+02
5.736835689464859024e+04 4.810628651640400058e+05 7.310004871074894481e+02
5.736835689546132926e+04 5.193910055740905227e+05 7.281606806322000693e+02
5.736835689627407555e+04 5.358479660943129566e+05 7.274817694892406053e+02
5.736835689708682185e+04 5.401490852157617919e+05 7.282822543391743011e+02
5.736835689789956086e+04 5.418887629863158800e+05 7.288450846983557767e+02
5.736835689871230716e+04 5.463774089971678331e+05 7.304732031529200640e+02
5.736835689952505345e+04 5.474276725949430838e+05 7.306858707637316002e+02
5.736835690033779247e+04 5.474501891803111648e+05 7.306387337551099108e+02
5.736835690115053876e+04 5.457270671463615727e+05 7.298621312930276872e+02
5.736835690196328505e+04 5.461044783774354728e+05 7.297904047842465616e+02
5.736835690277602407e+04 5.480597340116942069e+05 7.305563774215655712e+02
5.736835690358877036e+04 5.487641889146418544e+05 7.306736344067538766e+02
5.736835690440151666e+04 5.486080041600472759e+05 7.305121249163854600e+02
5.736835690521425568e+04 5.504531610448050778e+05 7.313123057261533404e+02
5.736835690602700197e+04 5.413397385101951659e+05 7.271601970904695236e+02
5.736835690683974099e+04 5.426178195938454010e+05 7.277474658051042979e+02
5.736835690765248728e+04 5.428574317612437299e+05 7.275453911929319020e+02
5.736835690846523357e+04 5.426898357735777972e+05 7.274469249356748151e+02
5.736835690927797259e+04 5.444358413057145663e+05 7.281925907718476765e+02
5.736835691009071888e+04 5.457606327513280557e+05 7.285880130286772101e+02
5.736835691090346518e+04 5.538951324184129480e+05 7.319480266930389689e+02
5.736835691171620419e+04 5.535368213437740924e+05 7.316447740927281984e+02
5.736835691252895049e+04 5.522988023667567177e+05 7.310515961110521630e+02
5.736835691334169678e+04 5.557985467873770976e+05 7.324318223387907665e+02
5.736835691415443580e+04 5.575919807880520821e+05 7.330749241118901409e+02
5.736835691496718209e+04 5.607012782029028749e+05 7.342751541778029605e+02
5.736835691577992111e+04 5.666077815114069963e+05 7.366148250748341297e+02
5.736835691659266740e+04 5.678036631398419850e+05 7.370451967106132543e+02
5.736835691740541370e+04 5.691529164285326842e+05 7.376107557589870112e+02
5.736835691821815271e+04 5.722183244790721219e+05 7.388893040282031279e+02
5.736835691903089901e+04 5.827992200164088281e+05 7.432971237314361588e+02
5.736835691984364530e+04 6.209527000286513939e+05 7.589991709178898418e+02
5.736835692065638432e+04 1.023641232035020133e+06 9.096511202218929384e+02
5.736835692146913061e+04 1.797949656064375537e+06 1.145141755779393634e+03
5.736835692228187690e+04 2.018105775668327697e+06 1.203616878083117399e+03
5.736835692309461592e+04 2.234042296829314902e+06 1.258379661848327032e+03
5.736835692390736222e+04 2.300971249378801789e+06 1.274858528020102767e+03
5.736835692472010123e+04 2.154197446935141925e+06 1.238280377684937321e+03
5.736835692553284753e+04 2.351624072090535425e+06 1.287051723650483154e+03
5.736835692634559382e+04 2.072067722569792531e+06 1.217219871777951539e+03
5.736835692715833284e+04 1.637246221632169560e+06 1.099925486286277646e+03
5.736835692797107913e+04 1.636033536835117731e+06 1.099419662664920907e+03
5.736835692878382542e+04 1.458521384011927061e+06 1.047766251345567298e+03
5.736835692959656444e+04 1.057619102120102150e+06 9.203455510531930486e+02
5.736835693040931073e+04 6.889663658201667713e+05 7.852562982442949533e+02
5.736835693122205703e+04 6.138037572464926634e+05 7.546005647228230373e+02
5.736835693203479605e+04 6.061202389059478883e+05 7.515044604968986732e+02
5.736835693284754234e+04 6.052985674818713451e+05 7.510590460354084144e+02
5.736835693366028863e+04 6.056574350484502502e+05 7.509228950209941331e+02
5.736835693447302765e+04 6.081241054249875015e+05 7.519034532734993945e+02
5.736835693528577394e+04 6.121034543806011789e+05 7.534297907441466577e+02
5.736835693609851296e+04 6.116906859697513282e+05 7.533064485017356446e+02
5.736835693691125925e+04 6.156933752681938931e+05 7.549077023446712928e+02
5.736835693772400555e+04 6.159872629254341591e+05 7.549104668737362545e+02
5.736835693853674456e+04 6.192290897365026176e+05 7.560370343024865178e+02
5.736835693934949086e+04 6.164973690921971574e+05 7.549357941945110042e+02
5.736835694016223715e+04 6.177406324688376626e+05 7.553830203295394767e+02
5.736835694097497617e+04 6.199047440627000760e+05 7.561899652920702692e+02
5.736835694178772246e+04 6.208190568289407529e+05 7.564994238046125474e+02
5.736835694260046876e+04 6.214636420900565572e+05 7.566062782840418777e+02
5.736835694341320777e+04 6.224219258703119121e+05 7.569756713999896647e+02
5.736835694422595407e+04 6.252808529101778986e+05 7.580912651872239394e+02
5.736835694503869308e+04 6.264048053754443536e+05 7.585392156041449425e+02
5.736835694585143938e+04 6.291996792406695895e+05 7.595642281029086007e+02
5.736835694666418567e+04 6.457209282302907668e+05 7.662313014515855230e+02
5.736835694747692469e+04 6.972263697764397366e+05 7.871297319684190370e+02
5.736835694828967098e+04 7.232533593671869021e+05 7.971399205620949715e+02
5.736835694910241727e+04 7.085227067874063505e+05 7.912505393168609089e+02
5.736835694991515629e+04 7.336785507246926427e+05 8.010224122765341690e+02
5.736835695072790259e+04 7.358280522158303065e+05 8.017272742184136405e+02
5.736835695154064888e+04 7.342864047465538606e+05 8.010126093555896887e+02
5.736835695235338790e+04 7.399978312425001059e+05 8.031163792144587887e+02
5.736835695316613419e+04 7.254573727901717648e+05 7.973361758141804785e+02
5.736835695397887321e+04 7.323370916952317348e+05 8.000313516417232904e+02
5.736835695479161950e+04 7.378319905739972601e+05 8.019940075223373697e+02
5.736835695560436579e+04 7.112854062564488268e+05 7.912798799867572370e+02
5.736835695641710481e+04 6.717379149890079862e+05 7.752802714591317681e+02
5.736835695722985110e+04 6.578850766235272167e+05 7.696314396567049698e+02
5.736835695804259740e+04 6.573633922361191362e+05 7.693537811672983935e+02
5.736835695885533642e+04 6.605132260862807743e+05 7.705952913245263289e+02
5.736835695966808271e+04 6.609426576710898662e+05 7.706815690407042894e+02
5.736835696048082900e+04 6.634550908031071303e+05 7.715320833464845691e+02
5.736835696129356802e+04 6.638897316964503843e+05 7.716928637016014818e+02
5.736835696210631431e+04 6.663485199703708058e+05 7.725068633412964800e+02
5.736835696291905333e+04 6.687577123965519713e+05 7.734035213279987602e+02
5.736835696373179962e+04 6.713708157717892900e+05 7.743734391930119045e+02
5.736835696454454592e+04 6.709953678317794111e+05 7.741880600973621540e+02
5.736835696535728493e+04 6.719547619562750915e+05 7.745579532364118904e+02
5.736835696617003123e+04 6.729283970028150361e+05 7.748208361229512775e+02
5.736835696698277752e+04 6.771631423907077406e+05 7.763426174706416987e+02
5.736835696779551654e+04 6.785425179919893853e+05 7.770343868164445666e+02
5.736835696860826283e+04 6.797806331675887341e+05 7.775949795918758127e+02
5.736835696942100913e+04 6.827426963635985740e+05 7.786276532146531508e+02
5.736835697023374814e+04 6.849618638138992246e+05 7.794834802111315639e+02
5.736835697104649444e+04 6.843831661899953615e+05 7.794021917689559587e+02
5.736835697185924073e+04 6.883790938749006018e+05 7.808333484318969795e+02
5.736835697267197975e+04 6.906967503688784782e+05 7.817243809931650276e+02
5.736835697348472604e+04 6.926481854603393003e+05 7.824747150351693108e+02
5.736835697429746506e+04 6.980946106352121569e+05 7.843819853164109190e+02
5.736835697511021135e+04 6.986119836568452884e+05 7.845638290884577373e+02
5.736835697592295764e+04 7.009581304321635980e+05 7.854121807459453066e+02
5.736835697673569666e+04 7.026454021941204555e+05 7.858360903379207230e+02
5.736835697754844296e+04 7.043818536405269988e+05 7.861780690179020894e+02
5.736835697836118925e+04 7.078577335023417836e+05 7.874628725735072976e+02
5.736835697917392827e+04 7.097629484211802483e+05 7.879883742131673898e+02
5.736835697998667456e+04 7.087117670329008251e+05 7.872017212571922755e+02
5.736835698079942085e+04 7.106908928819962312e+05 7.879547155620089143e+02
5.736835698161215987e+04 7.136296843767544487e+05 7.891345419096873002e+02
5.736835698242490616e+04 7.121233988106964389e+05 7.885811611467045168e+02
5.736835698323764518e+04 7.131235577904923121e+05 7.887986593286245807e+02
5.736835698405039147e+04 7.147624841503673233e+05 7.893831657068132017e+02
5.736835698486313777e+04 7.185264530308737885e+05 7.909142615145165109e+02
5.736835698567587679e+04 7.187259671474172501e+05 7.907612874975204704e+02
5.736835698648862308e+04 7.200206239617487881e+05 7.911014885591276879e+02
5.736835698730136937e+04 7.228486599690567236e+05 7.921745180054695084e+02
5.736835698811410839e+04 7.231958098295308882e+05 7.922116610664164682e+02
5.736835698892685468e+04 7.258648407627700362e+05 7.931624179093131488e+02
5.736835698973960098e+04 7.261299825904923491e+05 7.932636685754728205e+02
5.736835699055233999e+04 7.289022713655666448e+05 7.942024343036641767e+02
5.736835699136508629e+04 7.307328018712082412e+05 7.947699194298864995e+02
5.736835699217782530e+04 7.330365983196278103e+05 7.957061079464730255e+02
5.736835699299057160e+04 7.350229321258927230e+05 7.963460949598295429e+02
5.736835699380331789e+04 7.378603401350369677e+05 7.974086320368683118e+02
5.736835699461605691e+04 7.359369137550684391e+05 7.967981241060057300e+02
5.736835699542880320e+04 7.382502724795974791e+05 7.975590433243218058e+02
5.736835699624154950e+04 7.407854334322286304e+05 7.984584590465933616e+02
5.736835699705428851e+04 7.412323129446061794e+05 7.983761481817065260e+02
5.736835699786703481e+04 7.433249616894702194e+05 7.990868153422320574e+02
5.736835699867978110e+04 7.467049661491665756e+05 8.003250189307038909e+02
5.736835699949252012e+04 7.493376331447240664e+05 8.012093181839733234e+02
5.736835700030526641e+04 7.518133668491747230e+05 8.020872601669431106e+02
5.736835700111801270e+04 7.527579829642026452e+05 8.023894561041496445e+02
5.736835700193075172e+04 7.535553591108561959e+05 8.025649418310490546e+02
5.736835700274349801e+04 7.577155285256188363e+05 8.040755728738502057e+02
5.736835700355623703e+04 7.592516438881125068e+05 8.045444647508105618e+02
5.736835700436898333e+04 7.598036988321520621e+05 8.045188976197309785e+02
5.736835700518172962e+04 7.618747640992123634e+05 8.053496889027528596e+02
5.736835700599446864e+04 7.638344647870281478e+05 8.061225059213834356e+02
5.736835700680721493e+04 7.660465961246014340e+05 8.068201777950239375e+02
5.736835700761996122e+04 7.659553499449890805e+05 8.066794632199346324e+02
5.736835700843270024e+04 7.682616555521198316e+05 8.073467015692897348e+02
5.736835700924544653e+04 7.714368605790621368e+05 8.086205357141491277e+02
5.736835701005819283e+04 7.729896060103643686e+05 8.090384580840321860e+02
5.736835701087093184e+04 7.750930168312551687e+05 8.097649838684799306e+02
5.736835701168367814e+04 7.777914770541737089e+05 8.107420174162856483e+02
5.736835701249641716e+04 7.783744001196416793e+05 8.108358270404070254e+02
5.736835701330916345e+04 7.800858206868448760e+05 8.114884095450040604e+02
5.736835701412190974e+04 7.826762461200671969e+05 8.123741660285877515e+02
5.736835701493464876e+04 7.819016082399394363e+05 8.120446308048572064e+02
5.736835701574739505e+04 7.849746463058722438e+05 8.139102353659013716e+02
5.736835701656014135e+04 7.851271650802535005e+05 8.143655705273304193e+02
5.736835701737288036e+04 7.868608815854769200e+05 8.144782801779085730e+02
5.736835701818562666e+04 7.929275012732958421e+05 8.171496771219564152e+02
5.736835701899837295e+04 7.906640554699430941e+05 8.161703003428941656e+02
5.736835701981111197e+04 7.930875754401973682e+05 8.169669892119175074e+02
5.736835702062385826e+04 7.961570030995199922e+05 8.181627528160578322e+02
5.736835702143659728e+04 7.970709962624602485e+05 8.180745463366170043e+02
5.736835702224934357e+04 7.973275095021511661e+05 8.182031522916872746e+02
5.736835702306208987e+04 7.994071527643271256e+05 8.190236497518976648e+02
5.736835702387482888e+04 8.034095622547303792e+05 8.200169787424175638e+02
5.736835702468757518e+04 8.046888178239837289e+05 8.198395803634070944e+02
5.736835702550032147e+04 8.063982253694331739e+05 8.202261145473315764e+02
5.736835702631306049e+04 8.092838242053798167e+05 8.210942845336805931e+02
5.736835702712580678e+04 8.110771642367431195e+05 8.218611461496037691e+02
5.736835702793855307e+04 8.138322741054524668e+05 8.228006294634978985e+02
5.736835702875129209e+04 8.161900226383099798e+05 8.235402015695963200e+02
5.736835702956403838e+04 8.163423669100943953e+05 8.240153059110399454e+02
5.736835703037678468e+04 8.180432152765487554e+05 8.251899285734991736e+02
5.736835703118952370e+04 8.179703784504886717e+05 8.255263491589005298e+02
5.736835703200226999e+04 8.198702450781464577e+05 8.259340324533510511e+02
5.736835703281500901e+04 8.217994429034856148e+05 8.269276714412829961e+02
5.736835703362775530e+04 8.238933128997718450e+05 8.274492648511458128e+02
5.736835703444050159e+04 8.242163353463346139e+05 8.276820663230286073e+02
5.736835703525324061e+04 8.260960138078052551e+05 8.289099932088607829e+02
5.736835703606598690e+04 8.200854056265152758e+05 8.291202657876406192e+02
5.736835703687873320e+04 8.193023789627082879e+05 8.297807620136695732e+02
5.736835703769147221e+04 8.208729835336321266e+05 8.293511318672181005e+02
5.736835703850421851e+04 8.212834756897783373e+05 8.302007299535416678e+02
5.736835703931696480e+04 8.263079558568377979e+05 8.312052241902049445e+02
5.736835704012970382e+04 8.278714904038715176e+05 8.314811458227344474e+02
5.736835704094245011e+04 8.291009523370573297e+05 8.319262225190115032e+02
5.736835704175518913e+04 8.332198293317204807e+05 8.326408294179908580e+02
5.736835704256793542e+04 8.359187156746606342e+05 8.338800007272644734e+02
5.736835704338068172e+04 8.378246983157211216e+05 8.346260176448489574e+02
5.736835704419342073e+04 8.441099196371363942e+05 8.351583930432342413e+02
5.736835704500616703e+04 8.487773088317465736e+05 8.347659790104391959e+02
5.736835704581891332e+04 8.531272331240355270e+05 8.356849370556013810e+02
5.736835704663165234e+04 8.531812457065078197e+05 8.354902304976334335e+02
5.736835704744439863e+04 8.571042067209683591e+05 8.369430671622588989e+02
5.736835704825714492e+04 8.588336428852775134e+05 8.373653887078820617e+02
5.736835704906988394e+04 8.600501998516157037e+05 8.378851901555628956e+02
5.736835704988263024e+04 8.610537493064660812e+05 8.381619197695861203e+02
5.736835705069536925e+04 8.634455227304829750e+05 8.389431575366581910e+02
5.736835705150811555e+04 8.643931841740498785e+05 8.391384276226389147e+02
5.736835705232086184e+04 8.671498968017528532e+05 8.400294192687555324e+02
5.736835705313360086e+04 8.686605599363211077e+05 8.405875896620335652e+02
5.736835705394634715e+04 8.744460547150789062e+05 8.425987371034168518e+02
5.736835705475909344e+04 8.729580346285977867e+05 8.420311293151138443e+02
5.736835705557183246e+04 8.769297941437903792e+05 8.433375297828250723e+02
5.736835705638457875e+04 8.769269632968932856e+05 8.436165736106092936e+02
5.736835705719732505e+04 8.804506220031981356e+05 8.444483765440314755e+02
5.736835705801006407e+04 8.821218015131355496e+05 8.450639571044590639e+02
5.736835705882281036e+04 8.854961875054402044e+05 8.461459197519159261e+02
5.736835705963554938e+04 8.847246311054383405e+05 8.463407022055506559e+02
5.736835706044829567e+04 8.872985156034989050e+05 8.473269936075101896e+02
5.736835706126104196e+04 8.894149588792918948e+05 8.474877644053916583e+02
5.736835706207378098e+04 8.895458820550588425e+05 8.474133379868728753e+02
5.736835706288652727e+04 8.914939894168074243e+05 8.480193921517429771e+02
5.736835706369927357e+04 8.923278213160503656e+05 8.482912680539295707e+02
5.736835706451201258e+04 8.937723881744868122e+05 8.486353944740452562e+02
5.736835706532475888e+04 8.962047583416356938e+05 8.496273101215741690e+02
5.736835706613750517e+04 8.979097388383891666e+05 8.501103881076379594e+02
5.736835706695024419e+04 9.004350591885811882e+05 8.509583545194085445e+02
5.736835706776299048e+04 9.047680531661019195e+05 8.522360352767011591e+02
5.736835706857573678e+04 9.207771388874587137e+05 8.581028877657146268e+02
5.736835706938847579e+04 9.082077156724047381e+05 8.534576876673106653e+02
5.736835707020122209e+04 9.085895443346860120e+05 8.534834157631617018e+02
5.736835707101396110e+04 9.115650758933724137e+05 8.545243173781813084e+02
5.736835707182670740e+04 9.133652887028236873e+05 8.551292115319265577e+02
5.736835707263945369e+04 9.124494854095176561e+05 8.546824065720128374e+02
5.736835707345219271e+04 9.175385853446992114e+05 8.564638755489676214e+02
5.736835707426493900e+04 9.173958600808056071e+05 8.563739192728475018e+02
5.736835707507768529e+04 9.198166553005748428e+05 8.570909444279968739e+02
5.736835707589042431e+04 9.201718690334747080e+05 8.572871994622857983e+02
5.736835707670317061e+04 9.211211190920441877e+05 8.575326638617706294e+02
5.736835707751591690e+04 9.242950884743506322e+05 8.585434717785940393e+02
5.736835707832865592e+04 9.258850699649620801e+05 8.590779342431051191e+02
5.736835707914140221e+04 9.276083484377540881e+05 8.597431493484281191e+02
5.736835707995414123e+04 9.388069015996971866e+05 8.636641245662516440e+02
5.736835708076688752e+04 9.318552416910912143e+05 8.609404189143000394e+02
5.736835708157963381e+04 9.336678514473693212e+05 8.615553049363782065e+02
5.736835708239237283e+04 9.366673943587664980e+05 8.625772666144164305e+02
5.736835708320511912e+04 9.378474193779429188e+05 8.630246147387463225e+02
5.736835708401786542e+04 9.385700408834760310e+05 8.630120858813580753e+02
5.736835708483060444e+04 9.403334515099938726e+05 8.635525363643719174e+02
5.736835708564335073e+04 9.418574221040084958e+05 8.639470737076482010e+02
5.736835708645609702e+04 9.448740201200610027e+05 8.649284764394777767e+02
5.736835708726883604e+04 9.447618886252699886e+05 8.647817158995611635e+02
5.736835708808158233e+04 9.458063501550864894e+05 8.651268989635809703e+02
5.736835708889432135e+04 9.474132402862042654e+05 8.656292406915281390e+02
5.736835708970706764e+04 9.503432475748599973e+05 8.664323179552986858e+02
5.736835709051981394e+04 9.512868494467383716e+05 8.667006389979794676e+02
5.736835709133255295e+04 9.525704254408207489e+05 8.670695278649144484e+02
5.736835709214529925e+04 9.543824994092825800e+05 8.676445486315330982e+02
5.736835709295804554e+04 9.569389653163229814e+05 8.687295258959405828e+02
5.736835709377078456e+04 9.595714341129747918e+05 8.693236593064304998e+02
5.736835709458353085e+04 9.611742671111167874e+05 8.698613572407449510e+02
5.736835709539627715e+04 9.654399455380283762e+05 8.713742049593138290e+02
5.736835709620901616e+04 9.754926813703003572e+05 8.748398216949252628e+02
5.736835709702176246e+04 9.694317637670162367e+05 8.725304160284313184e+02
5.736835709783450875e+04 9.710413420611639740e+05 8.729681613713477191e+02
5.736835709864724777e+04 9.776826112237193156e+05 8.754423117200469733e+02
5.736835709945999406e+04 9.779896422254038043e+05 8.754338030981907650e+02
5.736835710027273308e+04 9.791287897898014635e+05 8.757046784772055616e+02
5.736835710108547937e+04 9.803452314626250882e+05 8.760810179609815123e+02
5.736835710189822566e+04 9.857129383947147289e+05 8.778118567450327419e+02
5.736835710271096468e+04 9.881854621163309785e+05 8.786379468628102813e+02
5.736835710352371098e+04 9.874285258526190883e+05 8.782704117966163722e+02
5.736835710433645727e+04 9.865264306744175265e+05 8.779469508600768677e+02
5.736835710514919629e+04 9.874716342780828709e+05 8.781462925179818058e+02
5.736835710596194258e+04 9.910147643026591977e+05 8.793280581491803787e+02
5.736835710677468887e+04 9.917615313572844025e+05 8.795346754190327374e+02
5.736835710758742789e+04 9.944885325998303015e+05 8.805251055064255752e+02
5.736835710840017418e+04 9.940517252722167177e+05 8.801013975020192674e+02
5.736835710921291320e+04 9.971973483132719994e+05 8.811442168479563861e+02
5.736835711002565949e+04 1.000211502145684557e+06 8.820997675053653211e+02
5.736835711083840579e+04 1.002191252322492655e+06 8.826565495349732373e+02
5.736835711165114481e+04 1.002149325527298963e+06 8.826608413018400370e+02
5.736835711246389110e+04 1.005931940429806244e+06 8.837977555571088715e+02
5.736835711327663739e+04 1.008602037070080522e+06 8.846172326089484841e+02
5.736835711408937641e+04 1.012713341083220672e+06 8.860633521446461600e+02
5.736835711490212270e+04 1.013839702558558085e+06 8.863792087373711865e+02
5.736835711571486900e+04 1.016820237531564548e+06 8.873944027089179372e+02
5.736835711652760801e+04 1.016811825434059137e+06 8.873880810381119773e+02
5.736835711734035431e+04 1.019276329336512950e+06 8.881099622737485788e+02
5.736835711815309332e+04 1.022429396833143197e+06 8.891537547974062363e+02
5.736835711896583962e+04 1.025951138641738100e+06 8.902762489187557549e+02
5.736835711977858591e+04 1.024569694474216783e+06 8.897327286023364650e+02
5.736835712059132493e+04 1.026062824104449595e+06 8.902277248483829908e+02
5.736835712140407122e+04 1.024069655213021673e+06 8.896920688194646800e+02
5.736835712221681752e+04 1.028598632913823007e+06 8.908686099059677872e+02
5.736835712302955653e+04 1.030200401002665400e+06 8.913789090238969948e+02
5.736835712384230283e+04 1.031844627167991945e+06 8.917512355547261222e+02
5.736835712465504912e+04 1.033397608577160281e+06 8.923158852567312351e+02
5.736835712546778814e+04 1.036297699671599432e+06 8.931944131405350618e+02
5.736835712628053443e+04 1.037028896217565634e+06 8.934673184611883698e+02
5.736835712709327345e+04 1.040301760750775924e+06 8.945273583419917713e+02
5.736835712790601974e+04 1.041603525365673704e+06 8.948340687164501333e+02
5.736835712871876603e+04 1.042985785229656845e+06 8.958552973076259605e+02
5.736835712953150505e+04 1.046744134521437227e+06 8.973655345459521868e+02
5.736835713034425135e+04 1.047967048291830579e+06 8.975753402810111083e+02
5.736835713115699764e+04 1.050174310443876311e+06 8.984993078170630270e+02
5.736835713196973666e+04 1.051692179474416189e+06 8.989084052724844014e+02
5.736835713278248295e+04 1.053873815208524466e+06 8.993359554422329438e+02
5.736835713359522924e+04 1.056083431886311853e+06 8.998168519705731114e+02
5.736835713440796826e+04 1.056443048626030330e+06 8.995471006815292867e+02
5.736835713522071455e+04 1.057699623483013129e+06 8.998469270948222629e+02
5.736835713603346085e+04 1.058741171441083541e+06 9.000948225383449426e+02
5.736835713684619986e+04 1.060875119909739355e+06 9.007133823578602687e+02
5.736835713765894616e+04 1.062070403209922835e+06 9.010468658249258169e+02
5.736835713847168518e+04 1.064292516433381476e+06 9.016763417565680356e+02
5.736835713928443147e+04 1.065561946458131773e+06 9.020606283208808236e+02
5.736835714009717776e+04 1.067894759513167897e+06 9.027985034184105189e+02
5.736835714090991678e+04 1.068051549059719313e+06 9.026366430128225602e+02
5.736835714172266307e+04 1.072485207216533599e+06 9.041228121208157518e+02
5.736835714253540937e+04 1.075802340387810254e+06 9.052146802685786042e+02
5.736835714334814838e+04 1.077408043790729018e+06 9.057163413384254227e+02
5.736835714416089468e+04 1.077262319746561348e+06 9.055476584024985414e+02
5.736835714497364097e+04 1.079845449971067254e+06 9.062972777501699966e+02
5.736835714578637999e+04 1.082384332593311323e+06 9.070596027834313873e+02
5.736835714659912628e+04 1.083684331160894362e+06 9.075138672715821713e+02
5.736835714741186530e+04 1.088009169772826834e+06 9.088826492893086879e+02
5.736835714822461159e+04 1.088259239170526154e+06 9.090971940047634234e+02
5.736835714903735789e+04 1.091268621913596755e+06 9.098236549429730076e+02
5.736835714985009690e+04 1.093205968004159397e+06 9.103905875460390007e+02
5.736835715066284320e+04 1.095702636254824232e+06 9.111682708497247631e+02
5.736835715147558949e+04 1.096065438458780991e+06 9.112506836537612571e+02
5.736835715228832851e+04 1.097402554075659486e+06 9.116728570374863239e+02
5.736835715310107480e+04 1.098628841724278871e+06 9.119920349632130865e+02
5.736835715391382109e+04 1.101041192108585499e+06 9.126341479550999338e+02
5.736835715472656011e+04 1.102496594788208837e+06 9.130288857807247496e+02
5.736835715553930640e+04 1.103595629964232445e+06 9.133515938970580237e+02
5.736835715635204542e+04 1.104049544685070636e+06 9.134614449528853584e+02
5.736835715716479172e+04 1.107527021034700796e+06 9.145360727956606297e+02
5.736835715797753801e+04 1.107709095289460849e+06 9.148623796245611857e+02
5.736835715879027703e+04 1.111387302805292187e+06 9.156852907538305999e+02
5.736835715960302332e+04 1.113614357743904460e+06 9.162538295698933553e+02
5.736835716041576961e+04 1.114123353050227277e+06 9.164033044420924625e+02
5.736835716122850863e+04 1.118276460849925876e+06 9.176751044091040512e+02
5.736835716204125492e+04 1.120336031224977924e+06 9.183622119762533202e+02
5.736835716285400122e+04 1.122264947965262458e+06 9.189080895698914446e+02
5.736835716366674023e+04 1.124790184994795593e+06 9.197351534938895838e+02
5.736835716447948653e+04 1.125942837027795147e+06 9.200453611073631919e+02
5.736835716529223282e+04 1.130014369603674393e+06 9.213182670224722415e+02
5.736835716610497184e+04 1.134408593463148223e+06 9.226812863657738717e+02
5.736835716691771813e+04 1.135702463609163184e+06 9.230488376935289807e+02
5.736835716773045715e+04 1.138422006015550345e+06 9.239559558954862268e+02
5.736835716854320344e+04 1.143705537997095846e+06 9.257150297351302015e+02
5.736835716935594974e+04 1.146110928910997231e+06 9.265910041765605456e+02
5.736835717016868875e+04 1.151511528714950196e+06 9.285685645747180388e+02
5.736835717098143505e+04 1.155942517078620614e+06 9.299607870183926934e+02
5.736835717179418134e+04 1.158404792103231419e+06 9.308832280997477255e+02
5.736835717260692036e+04 1.161382004018433625e+06 9.318071138942937068e+02
5.736835717341966665e+04 1.162916396476220340e+06 9.321139138326151397e+02
5.736835717423241294e+04 1.164317288674845826e+06 9.325757616869268531e+02
5.736835717504515196e+04 1.163693906195343239e+06 9.322199800939895340e+02
5.736835717585789826e+04 1.164755986717384774e+06 9.324681232145522927e+02
5.736835717667063727e+04 1.165027277843909571e+06 9.325680662971524271e+02
5.736835717748338357e+04 1.165999317668234929e+06 9.326088836758727894e+02
5.736835717829612986e+04 1.166190476607718971e+06 9.324519551928851797e+02
5.736835717910886888e+04 1.169385864551791688e+06 9.334474737734224163e+02
5.736835717992161517e+04 1.162898960171523504e+06 9.310155929752636439e+02
5.736835718073436146e+04 1.163042259206254734e+06 9.310255963829019947e+02
5.736835718154710048e+04 1.163014227665422950e+06 9.309333348791493563e+02
5.736835718235984677e+04 1.164697836283376208e+06 9.312916803352862871e+02
5.736835718317259307e+04 1.165605493384245783e+06 9.316023095495836515e+02
5.736835718398533209e+04 1.166471307348106056e+06 9.318105521990878515e+02
5.736835718479807838e+04 1.167730003477376886e+06 9.321422276298554834e+02
5.736835718561081740e+04 1.170681280678179348e+06 9.331025930874111509e+02
5.736835718642356369e+04 1.173833757633524481e+06 9.340963756605223125e+02
5.736835718723630998e+04 1.176306197998421732e+06 9.349434178892304317e+02
5.736835718804904900e+04 1.177029336818854092e+06 9.351651893060736711e+02
5.736835718886179529e+04 1.181705398218659917e+06 9.365528624359309333e+02
5.736835718967454159e+04 1.181182641324798577e+06 9.364199107303029450e+02
5.736835719048728060e+04 1.183278074097118573e+06 9.369109850412489777e+02
5.736835719130002690e+04 1.185661477778582135e+06 9.375326195681329864e+02
5.736835719211277319e+04 1.186725811495333910e+06 9.378734581872115541e+02
5.736835719292551221e+04 1.189683831769568380e+06 9.386882944998062612e+02
5.736835719373825850e+04 1.192727798481361708e+06 9.396379371939268594e+02
5.736835719455099752e+04 1.192644846086989623e+06 9.395932969884406702e+02
5.736835719536374381e+04 1.195070272726156749e+06 9.403490155708394695e+02
5.736835719617649011e+04 1.195532272069466766e+06 9.405732787845964822e+02
5.736835719698922912e+04 1.199129321852850495e+06 9.414924836434655617e+02
5.736835719780197542e+04 1.203749327173420927e+06 9.429692033768526471e+02
5.736835719861472171e+04 1.228166124236708041e+06 9.509674735156723955e+02
5.736835719942746073e+04 1.274393373766392004e+06 9.659325769069781700e+02
5.736835720024020702e+04 1.267223835972637404e+06 9.635765582173721668e+02
5.736835720105295331e+04 1.279333589034669567e+06 9.673788584065669056e+02
5.736835720186569233e+04 1.286064673498457763e+06 9.694751082104272655e+02
5.736835720267843863e+04 1.279967187001948012e+06 9.674229738303455406e+02
5.736835720349118492e+04 1.291450400080573978e+06 9.711105257262922805e+02
5.736835720430392394e+04 1.290734065261198673e+06 9.709069228028212137e+02
5.736835720511667023e+04 1.280983521909553790e+06 9.676671421826163169e+02
5.736835720592940925e+04 1.289275640336014796e+06 9.702258306241844821e+02
5.736835720674215554e+04 1.278286073765233625e+06 9.665189172910262414e+02
5.736835720755490183e+04 1.257645423978353618e+06 9.596911256854788235e+02
5.736835720836764085e+04 1.233683918535638601e+06 9.518673875684768291e+02
5.736835720918038714e+04 1.232305244631282985e+06 9.514906437204462009e+02
5.736835720999313344e+04 1.231045255690714112e+06 9.509576359834521782e+02
5.736835721080587246e+04 1.232669745662951842e+06 9.516536344851527929e+02
5.736835721161861875e+04 1.235195557248464786e+06 9.522637797990136050e+02
5.736835721243136504e+04 1.236978402577046072e+06 9.528717876144851289e+02
5.736835721324410406e+04 1.240192133220380871e+06 9.542286309017354142e+02
5.736835721405685035e+04 1.239072215199049097e+06 9.548336363903075608e+02
5.736835721486958937e+04 1.222702468517126283e+06 9.645401800063237943e+02
5.736835721568233566e+04 1.091088320251324447e+06 9.981036281169102722e+02
5.736835721649508196e+04 1.030669944254357484e+06 9.974116197579794516e+02
5.736835721730782097e+04 1.074589590246815933e+06 9.926093463981678724e+02
5.736835721812056727e+04 1.002814179562452831e+06 1.004865757364545857e+03
5.736835721893331356e+04 1.039772702269553440e+06 9.987717800713820679e+02
5.736835721974605258e+04 1.020214637920640642e+06 1.004720029951294464e+03
5.736835722055879887e+04 1.023521972130603855e+06 1.006465909906691081e+03
5.736835722137154517e+04 1.064358605331057217e+06 9.958850801697877841e+02
5.736835722218428418e+04 1.036146490158163011e+06 1.005595830433312130e+03
5.736835722299703048e+04 1.065578991761143086e+06 9.978314927941281667e+02
5.736835722380976949e+04 1.113202769114535768e+06 9.870003072977722240e+02
5.736835722462251579e+04 1.222227370936763240e+06 9.668740440231081266e+02
5.736835722543526208e+04 1.259099153542637127e+06 9.620870914959845095e+02
5.736835722624800110e+04 1.263692075206287438e+06 9.614510265028791309e+02
5.736835722706074739e+04 1.264210254435852636e+06 9.608839330079871388e+02
5.736835722787349368e+04 1.269444001767301233e+06 9.619623266516642843e+02
5.736835722868623270e+04 1.273661297617555596e+06 9.631315460140465348e+02
5.736835722949897900e+04 1.274267098750541452e+06 9.634065114956315483e+02
5.736835723031172529e+04 1.291477542332896730e+06 9.687076486638087545e+02
5.736835723112446431e+04 1.316896956777228974e+06 9.767133608965691565e+02
5.736835723193721060e+04 1.325372287271230249e+06 9.794091809799389239e+02
5.736835723274995689e+04 1.321656413171351887e+06 9.781285736636248203e+02
5.736835723356269591e+04 1.306765905130770057e+06 9.733054649247134194e+02
5.736835723437544220e+04 1.310170617101485375e+06 9.745173859082950685e+02
5.736835723518818122e+04 1.376967367817288265e+06 9.958030271694875637e+02
5.736835723600092751e+04 1.375166059718585573e+06 9.950476880792191423e+02
5.736835723681367381e+04 1.311068909014538396e+06 9.746050023391527475e+02
5.736835723762641283e+04 1.292345417036426952e+06 9.685208724267018852e+02
5.736835723843915912e+04 1.293445165235853987e+06 9.688345616544914947e+02
5.736835723925190541e+04 1.295417720417827135e+06 9.693139714493357815e+02
5.736835724006464443e+04 1.296096438332921360e+06 9.694776632006800128e+02
5.736835724087739072e+04 1.298619368372745812e+06 9.702204416251034900e+02
5.736835724169013702e+04 1.301512495018007467e+06 9.710832280562603955e+02
5.736835724250287603e+04 1.302844533331847750e+06 9.713482403476241416e+02
5.736835724331562233e+04 1.305391534947674954e+06 9.721143211376049749e+02
5.736835724412836134e+04 1.307631054303144803e+06 9.725912337412241868e+02
5.736835724494110764e+04 1.308779257297327276e+06 9.729558692350004776e+02
5.736835724575385393e+04 1.315554686704098247e+06 9.750122454999004731e+02
5.736835724656659295e+04 1.314847582526298240e+06 9.746434190206184667e+02
5.736835724737933924e+04 1.318635003005068982e+06 9.757076805182748558e+02
5.736835724819208554e+04 1.322646768595925067e+06 9.770080507026171972e+02
5.736835724900482455e+04 1.327983282196657034e+06 9.785994277581985443e+02
5.736835724981757085e+04 1.326582390200655209e+06 9.780606644106933345e+02
5.736835725063031714e+04 1.329380236662165727e+06 9.789542393153878947e+02
5.736835725144305616e+04 1.332216493622537702e+06 9.796579064229269989e+02
5.736835725225580245e+04 1.331601995147572597e+06 9.795016221856019456e+02
5.736835725306854147e+04 1.331134618058773456e+06 9.792726098360757305e+02
5.736835725388128776e+04 1.334102805016944185e+06 9.801049602920230654e+02
5.736835725469403405e+04 1.332967299902120838e+06 9.796133136203933418e+02
5.736835725550677307e+04 1.336031703814831097e+06 9.806225628966648173e+02
5.736835725631951937e+04 1.337192059983565938e+06 9.809645820372303433e+02
5.736835725713226566e+04 1.336776850953025045e+06 9.807220168594659526e+02
5.736835725794500468e+04 1.338216700250499416e+06 9.810715788852145351e+02
5.736835725875775097e+04 1.338651647001482546e+06 9.810730931170660369e+02
5.736835725957049726e+04 1.342469715976350708e+06 9.822731962488568342e+02
5.736835726038323628e+04 1.344087277731239563e+06 9.827201649890963608e+02
5.736835726119598257e+04 1.344940930646674242e+06 9.826372859085829532e+02
5.736835726200872887e+04 1.349532420886497479e+06 9.841497718623630817e+02
5.736835726282146788e+04 1.359914022894481430e+06 9.876346595246416200e+02
5.736835726363421418e+04 1.372211054535335861e+06 9.914363948366724344e+02
5.736835726444695320e+04 1.367084335580924526e+06 9.896326902291888246e+02
5.736835726525969949e+04 1.375434671108967159e+06 9.922664665503718879e+02
5.736835726607244578e+04 1.374977549690029118e+06 9.919872807101121452e+02
5.736835726688518480e+04 1.380005013533192221e+06 9.936250354573097638e+02
5.736835726769793109e+04 1.382295127791697858e+06 9.942416221904053373e+02
5.736835726851067739e+04 1.378842501427275594e+06 9.929242303139242267e+02
5.736835726932341640e+04 1.379878513041605474e+06 9.931931271568894317e+02
5.736835727013616270e+04 1.383029896647907328e+06 9.940443131217222117e+02
5.736835727094890899e+04 1.381078146653159754e+06 9.933997405409089652e+02
5.736835727176164801e+04 1.373243736638613511e+06 9.908319928745585230e+02
5.736835727257439430e+04 1.368442828686636174e+06 9.892032776924429527e+02
5.736835727338713332e+04 1.369301405155362794e+06 9.894753369889667738e+02
5.736835727419987961e+04 1.372630625281530898e+06 9.904619635906094572e+02
5.736835727501262591e+04 1.374787970977696124e+06 9.909960438382606753e+02
5.736835727582536492e+04 1.375550065786639927e+06 9.911432318815144527e+02
5.736835727663811122e+04 1.378182344806700945e+06 9.919067720132472914e+02
5.736835727745085751e+04 1.390905473387410631e+06 9.959185778010087233e+02
5.736835727826359653e+04 1.401557186191009590e+06 9.990793175642721735e+02
5.736835727907634282e+04 1.396499106077124598e+06 9.974832731472847627e+02
5.736835727988908911e+04 1.389932387820239179e+06 9.953574985470469301e+02
5.736835728070182813e+04 1.350211900171001442e+06 9.827653737687789999e+02
5.736835728151457442e+04 1.319875908099340042e+06 9.729691208270445486e+02
5.736835728232731344e+04 1.281147639258966781e+06 9.604167514860548636e+02
5.736835728314005974e+04 1.226886679473294877e+06 9.425243882317702173e+02
5.736835728395280603e+04 1.190888317813032307e+06 9.303651786857027446e+02
5.736835728476554505e+04 1.155153727893688018e+06 9.181877624345598861e+02
5.736835728557829134e+04 1.118788119442450814e+06 9.055680166547389263e+02
5.736835728639103763e+04 1.094503589408190455e+06 8.972364075028175421e+02
5.736835728720377665e+04 1.058242196364554344e+06 8.843031660745324416e+02
5.736835728801652294e+04 1.020796482783522108e+06 8.709165098809443180e+02
5.736835728882926924e+04 9.831738124421016546e+05 8.572078825855605828e+02
5.736835728964200825e+04 9.466766265075354604e+05 8.437411633984012269e+02
5.736835729045475455e+04 9.125303678570284974e+05 8.308053471566133794e+02
5.736835729126749357e+04 8.778955862966523273e+05 8.176939563571426106e+02
5.736835729208023986e+04 8.411722686099973507e+05 8.033258075581610456e+02
5.736835729289298615e+04 8.028033193212853512e+05 7.882637416723063097e+02
5.736835729370572517e+04 7.665064429185265908e+05 7.736179929587135575e+02
5.736835729451847146e+04 7.316635225335996365e+05 7.593563072025766587e+02
5.736835729533121776e+04 6.948330884098651586e+05 7.438899495026207660e+02
5.736835729614395677e+04 6.666854269587199669e+05 7.319616930681227132e+02
5.736835729695670307e+04 6.245926834214511327e+05 7.136907183220732804e+02
5.736835729776944936e+04 5.883081335496313404e+05 6.974053381606361199e+02
5.736835729858218838e+04 5.514129455408004578e+05 6.805857942151963016e+02
5.736835729939493467e+04 5.192359832322692964e+05 6.656156944681575851e+02
5.736835730020768096e+04 4.807863235613312572e+05 6.470092353534097356e+02
5.736835730102041998e+04 4.434469224150805967e+05 6.287251768576153381e+02
5.736835730183316628e+04 4.084071541193031007e+05 6.109363506000889856e+02
5.736835730264590529e+04 3.717901696723593632e+05 5.917685586988532123e+02
5.736835730345865159e+04 3.359638647369751707e+05 5.724131882061682290e+02
5.736835730427139788e+04 2.998101925893618609e+05 5.522392889779174538e+02
5.736835730508413690e+04 2.635086628008614061e+05 5.314620908718673036e+02
5.736835730589688319e+04 2.270115241971497308e+05 5.095966461754460397e+02
5.736835730670962948e+04 1.902493338916277571e+05 4.864378254385318314e+02
5.736835730752236850e+04 1.550305205756544310e+05 4.632230758222119107e+02
5.736835730833511479e+04 1.183744718045609770e+05 4.375151247525591884e+02
5.736835730914786109e+04 8.197837637818831718e+04 4.106435019565172979e+02
5.736835730996060011e+04 4.569030602873215685e+04 3.820315618643314792e+02
5.736835731077334640e+04 1.050508968315026141e+04 3.518488120591390498e+02
5.736835731158608542e+04 -2.380292634115071269e+04 3.195653517360391334e+02
5.736835731239883171e+04 -6.037617100175470114e+04 2.810710168262501156e+02
5.736835731321157800e+04 -9.609368480114318663e+04 2.376207735405452581e+02
5.736835731402431702e+04 -1.311701264611240767e+05 1.848904306190596287e+02
5.736835731483706331e+04 -1.376999178320991632e+05 1.656191280369347965e+02
5.736835731564980961e+04 -1.331640205077649443e+05 1.639577563042927864e+02
5.736835731646254862e+04 -1.287675269898784027e+05 1.623323083844427686e+02
5.736835731727529492e+04 -1.242204644695469469e+05 1.606338903140350283e+02
5.736835731808804121e+04 -1.194752631699318881e+05 1.588421000835675159e+02
5.736835731890078023e+04 -1.147248273498651106e+05 1.570278552928432418e+02
5.736835731971352652e+04 -1.103288427481198014e+05 1.553301029598314642e+02
5.736835732052626554e+04 -1.057924760341305519e+05 1.535584564185183183e+02
5.736835732133901183e+04 -1.013084863098454662e+05 1.517869449273711666e+02
5.736835732215175813e+04 -9.658497654392723052e+04 1.498981635462703252e+02
5.736835732296449714e+04 -9.182588688282189833e+04 1.479707743561002928e+02
5.736835732377724344e+04 -8.728479963761732506e+04 1.461079712328166522e+02
5.736835732458998973e+04 -8.243645562954060733e+04 1.440925492611608547e+02
5.736835732540272875e+04 -7.762631457744576619e+04 1.420647557757024231e+02
5.736835732621547504e+04 -7.316762131019702065e+04 1.401589225355433825e+02
5.736835732702822133e+04 -6.851214428942841187e+04 1.381409187458382632e+02
5.736835732784096035e+04 -6.406793646071568946e+04 1.361865984785455623e+02
5.736835732865370665e+04 -5.972214725080484641e+04 1.342480481717453813e+02
5.736835732946645294e+04 -5.498308623649652873e+04 1.321016472583784207e+02
5.736835733027919196e+04 -5.044670570652026072e+04 1.300138538534316979e+02
5.736835733109193825e+04 -4.618169308969003032e+04 1.280199025660134566e+02
5.736835733190467727e+04 -4.335338896245187789e+04 1.266803260626032994e+02
5.736835733271742356e+04 -4.020327138542946341e+04 1.251714537533764684e+02
5.736835733353016985e+04 -3.470776602167747478e+04 1.224946794074949139e+02
5.736835733434290887e+04 -3.144745620884824530e+04 1.208786223661821992e+02
5.736835733515565516e+04 -2.626021725625473482e+04 1.182619232516114351e+02
5.736835733596840146e+04 -2.178947025646028851e+04 1.159592908330174055e+02
5.736835733678114048e+04 -1.758690113838418256e+04 1.137522888403256047e+02
5.736835733759388677e+04 -1.220365242144141848e+04 1.108610791259545465e+02
5.736835733840663306e+04 -7.832549496336359880e+03 1.084567840010235216e+02
5.736835733921937208e+04 -9.965166081609869480e+02 1.045859171539932646e+02
5.736835734003211837e+04 -5.589449775850292845e-02 1.040096473544290205e+02
5.736835734084485739e+04 -2.990155779191448136e-05 1.040096149574987692e+02
5.736835734165760368e+04 1.153846830968350403e-09 nan
5.736835734247034998e+04 4.633578220928427515e-12 nan
5.736835734328308899e+04 2.427131434089024803e-15 nan
5.736835734409583529e+04 8.444584077933793004e-22 nan
