2.457481056223299820e+06 -8.124600497159190127e+01 1.379635190368403244e+02
2.457481056236170232e+06 -2.983705610795477696e+02 1.376970051112028841e+02
2.457481056249040645e+06 -5.535768821022793418e+01 1.380404832330847285e+02
2.457481056261911057e+06 2.751452414772757038e+02 1.389263571710613974e+02
2.457481056274781469e+06 6.127128906250000000e+02 1.395628068332888176e+02
2.457481056287651882e+06 6.576207386363639671e+02 1.394899069515429346e+02
2.457481056300521828e+06 4.208893821022757038e+02 1.392186951725910262e+02
2.457481056313392241e+06 4.125019531250036380e+02 1.393144768822392905e+02
2.457481056326262653e+06 6.991583806818198354e+02 1.390828271025283414e+02
2.457481056339133065e+06 7.538991477272757038e+02 1.394124640683880045e+02
2.457481056352003478e+06 7.540045276988639671e+02 1.393706855822112232e+02
2.457481056364873890e+06 7.750245028409080987e+02 1.394017895600945849e+02
2.457481056377744302e+06 8.971168323863639671e+02 1.390173699749235539e+02
2.457481056390614714e+06 7.615456321022720658e+02 1.385690915506164060e+02
2.457481056403485127e+06 6.054789595170477696e+02 1.389209529957382756e+02
2.457481056416355539e+06 6.714362571022720658e+02 1.386506129449775244e+02
2.457481056429225951e+06 9.091051136363603291e+02 1.392596008010456785e+02
2.457481056442095898e+06 1.004045720880683803e+03 1.392391997943510376e+02
2.457481056454966310e+06 8.285313387784080987e+02 1.388670198539846297e+02
2.457481056467836723e+06 6.104790482954558684e+02 1.390561059284283658e+02
2.457481056480707135e+06 7.068615056818198354e+02 1.389169630018052999e+02
2.457481056493577547e+06 8.052061434659044608e+02 1.391253993137041221e+02
2.457481056506447960e+06 7.478557350852279342e+02 1.389804138615326963e+02
2.457481056519318372e+06 8.464401633522720658e+02 1.395601886541967644e+02
2.457481056532188784e+06 7.049748757102315722e+02 1.390039476931185618e+02
2.457481056545059197e+06 7.756379616477279342e+02 1.387704363014067042e+02
2.457481056557929609e+06 8.756292613636323949e+02 1.393764085759445948e+02
2.457481056570800021e+06 7.303224431818161975e+02 1.398289210893545658e+02
2.457481056583669968e+06 9.048795276988639671e+02 1.397139459930019711e+02
2.457481056596540380e+06 9.189199218750036380e+02 1.395356011212020064e+02
2.457481056609410793e+06 1.022633345170452230e+03 1.394786117926626332e+02
2.457481056622281205e+06 8.516700994318198354e+02 1.392512304366559306e+02
2.457481056635151617e+06 7.448569779829558684e+02 1.391293319745990118e+02
2.457481056648022030e+06 7.593871626420441316e+02 1.392691672330736878e+02
2.457481056660892442e+06 8.692002840909117367e+02 1.397956216311117146e+02
2.457481056673762854e+06 6.660860262784080987e+02 1.392134797121431404e+02
2.457481056686633267e+06 7.768704723011360329e+02 1.392749259973650169e+02
2.457481056699503679e+06 7.694926313920441316e+02 1.390337093778191218e+02
2.457481056712373625e+06 8.498693181818198354e+02 1.395890089907423999e+02
2.457481056725244038e+06 6.819177024147757038e+02 1.392482334339840406e+02
2.457481056738114450e+06 7.586930930397720658e+02 1.394383712084601541e+02
2.457481056750984862e+06 6.021047585227279342e+02 1.388485071336472174e+02
2.457481056763855275e+06 8.217926136363603291e+02 1.392699855769736530e+02
2.457481056776725687e+06 8.473574218750000000e+02 1.391200314699661931e+02
2.457481056789596099e+06 1.056762517755680165e+03 1.397844207371792606e+02
2.457481056802466512e+06 7.463517400568161975e+02 1.391433635921857785e+02
2.457481056815336924e+06 8.579296874999963620e+02 1.392511456068920950e+02
2.457481056828207336e+06 1.084018998579544132e+03 1.394436334374336752e+02
2.457481056841077749e+06 8.929528586647793418e+02 1.393850336280796398e+02
2.457481056853947695e+06 9.192116477272720658e+02 1.391741856975709197e+02
2.457481056866818108e+06 5.662327769886323949e+02 1.388782174513983421e+02
2.457481056879688520e+06 5.877776988636360329e+02 1.391784944821780812e+02
2.457481056892558932e+06 3.726434659090882633e+02 1.381627343174501732e+02
2.457481056905429345e+06 1.063465909090919013e+02 1.376716565861015056e+02
2.457481056918299757e+06 3.212650923295586836e+01 1.377861257761390448e+02
