2.457481056223299820e+06 5.936580996198194953e+03 1.028694793720035818e+02
2.457481056236170232e+06 1.143430966744652324e+04 1.179793227298352178e+02
2.457481056249040645e+06 1.536774228672292520e+04 1.277199417550663156e+02
2.457481056261911057e+06 1.593927838402406269e+04 1.291693013440615516e+02
2.457481056274781469e+06 1.471442541778074519e+04 1.264960501315836723e+02
2.457481056287651882e+06 1.355069731889204922e+04 1.237422586162297904e+02
2.457481056300521828e+06 1.390637063836898778e+04 1.242698630321184936e+02
2.457481056313392241e+06 1.408151684909759024e+04 1.248383733261345441e+02
2.457481056326262653e+06 1.480607121908421686e+04 1.268022281961459043e+02
2.457481056339133065e+06 1.530773625501336210e+04 1.277772304411598157e+02
2.457481056352003478e+06 1.582399416360295436e+04 1.288363791710020507e+02
2.457481056364873890e+06 1.713786045496322549e+04 1.318964001803643100e+02
2.457481056377744302e+06 1.699900516585897276e+04 1.315115987722079183e+02
2.457481056390614714e+06 1.442811328751670226e+04 1.258830992920128011e+02
2.457481056403485127e+06 1.370187404119317580e+04 1.240161538392548124e+02
2.457481056416355539e+06 1.407132865558154481e+04 1.246535277896266507e+02
2.457481056429225951e+06 1.538105458723261472e+04 1.279021704511213642e+02
2.457481056442095898e+06 1.499589002026236267e+04 1.274297457393597170e+02
2.457481056454966310e+06 1.383474126838234588e+04 1.241976025331571662e+02
2.457481056467836723e+06 1.463903102230948207e+04 1.263196502710377587e+02
2.457481056480707135e+06 1.643816443641380829e+04 1.303822542876678199e+02
2.457481056493577547e+06 1.643571866644384500e+04 1.305541597396932332e+02
2.457481056506447960e+06 1.552175360127004751e+04 1.283987293353796701e+02
2.457481056519318372e+06 1.601253417446523599e+04 1.291601524347702252e+02
2.457481056532188784e+06 1.664961244986630118e+04 1.308213045789661066e+02
2.457481056545059197e+06 1.630168051679482414e+04 1.302927146111825891e+02
2.457481056557929609e+06 1.540837923003003380e+04 1.281685589425774197e+02
2.457481056570800021e+06 1.465915924131019528e+04 1.263605400672931012e+02
2.457481056583669968e+06 1.549581302013698587e+04 1.284478303991142809e+02
2.457481056596540380e+06 1.630807499582222954e+04 1.303775017186362390e+02
2.457481056609410793e+06 1.696769201203203193e+04 1.316180678194226630e+02
2.457481056622281205e+06 1.730346545788773801e+04 1.325328567965688649e+02
2.457481056635151617e+06 1.659973939045792213e+04 1.308098549751285304e+02
2.457481056648022030e+06 1.549133248663096856e+04 1.281332670835966496e+02
2.457481056660892442e+06 1.619734040148733766e+04 1.297903592930142338e+02
2.457481056673762854e+06 1.603229795287428351e+04 1.295064706561504408e+02
2.457481056686633267e+06 1.463445912433158446e+04 1.260861822484354775e+02
2.457481056699503679e+06 1.403989281312662933e+04 1.248219028060387075e+02
2.457481056712373625e+06 1.331705901675303903e+04 1.231223925163821633e+02
2.457481056725244038e+06 1.479123968499327020e+04 1.265175339327919772e+02
2.457481056738114450e+06 1.589093978943854017e+04 1.292049078975771295e+02
2.457481056750984862e+06 1.694518544869656762e+04 1.318929253454474804e+02
2.457481056763855275e+06 1.637209321315168563e+04 1.301110677040201153e+02
2.457481056776725687e+06 1.549746560619990123e+04 1.279525961930390707e+02
2.457481056789596099e+06 1.551838986881679739e+04 1.282157248373063112e+02
2.457481056802466512e+06 1.464968844000672289e+04 1.260654552920719595e+02
2.457481056815336924e+06 1.536308122493310839e+04 1.279891297645222465e+02
2.457481056828207336e+06 1.587753991895056970e+04 1.291566439099694890e+02
2.457481056841077749e+06 1.581738341828203920e+04 1.289976454754460917e+02
2.457481056853947695e+06 1.456138650150404465e+04 1.256220434744015222e+02
2.457481056866818108e+06 1.441195111965243996e+04 1.252953776914518045e+02
2.457481056879688520e+06 1.545732533631354454e+04 1.279005428968099949e+02
2.457481056892558932e+06 1.578357944518703516e+04 1.286256729069413325e+02
2.457481056905429345e+06 1.421869735544790092e+04 1.246565618535467337e+02
2.457481056918299757e+06 1.059439897017048497e+04 1.156338401837059564e+02
