2.457483003203699831e+06 6.325945168887868931e+03 1.870856573156051752e+02
2.457483003224757500e+06 7.020784323299631069e+03 1.876918142756233863e+02
2.457483003245814703e+06 7.977147547104781552e+03 1.892546791977574117e+02
2.457483003266872372e+06 8.967753475413606793e+03 1.911790690024916444e+02
2.457483003287929576e+06 9.992672937729781552e+03 1.925118755389616751e+02
2.457483003308987245e+06 1.050197371897977428e+04 1.933606523148511940e+02
2.457483003330044448e+06 1.099529446231618203e+04 1.945476859646741730e+02
2.457483003351102117e+06 1.181842779181984952e+04 1.960670170402564736e+02
2.457483003372159321e+06 1.248057226562499636e+04 1.970510943118505622e+02
2.457483003393216990e+06 1.342334892003677669e+04 1.983527133521053258e+02
2.457483003414274193e+06 1.364578397863052305e+04 1.988707032273459276e+02
2.457483003435331862e+06 1.459997796989887138e+04 2.000768651648202479e+02
2.457483003456389066e+06 1.435596728515625728e+04 2.000322949988564289e+02
2.457483003477446735e+06 1.481660526769302669e+04 2.007149841832630557e+02
2.457483003498503938e+06 1.500816696346504614e+04 2.007886633880779925e+02
2.457483003519561607e+06 1.547631321806066990e+04 2.014784114601887097e+02
2.457483003540618811e+06 1.574032915900737135e+04 2.019069773227558073e+02
2.457483003561676480e+06 1.542506037454041143e+04 2.016689266323557490e+02
2.457483003582733683e+06 1.566844097541361407e+04 2.017126604809981529e+02
2.457483003603791352e+06 1.579157643037685193e+04 2.021347150424542178e+02
2.457483003624848556e+06 1.568184622012865293e+04 2.018928043966598693e+02
2.457483003645906225e+06 1.523133019301475724e+04 2.010435497410988432e+02
2.457483003666963428e+06 1.488943979779409710e+04 2.006078700227834020e+02
2.457483003688021097e+06 1.423509599034924031e+04 1.994870939478279581e+02
2.457483003709078301e+06 1.386463482306989317e+04 1.991087279360845628e+02
2.457483003730135970e+06 1.352497363281247817e+04 1.984045458430305473e+02
2.457483003751193173e+06 1.390885225183821603e+04 1.990025078715970324e+02
2.457483003772250842e+06 1.222595415900739681e+04 1.963876959054143470e+02
2.457483003793308046e+06 1.138959420955880705e+04 1.954505413270959480e+02
2.457483003814365715e+06 1.103749655330880341e+04 1.946867230914098741e+02
2.457483003835422918e+06 9.887046357996361621e+03 1.932861586736916024e+02
2.457483003856480587e+06 8.975661994485271862e+03 1.916299793320908691e+02
2.457483003877537791e+06 8.169740952435655345e+03 1.904947178023682852e+02
2.457483003898595460e+06 7.215176958869509690e+03 1.891974749781646779e+02
