5.737344265460000315e+04 1.560593652926339200e+04 1.126228095694676057e+02
5.737344266545937717e+04 2.072538109123380127e+04 1.261672174955826904e+02
5.737344267631875118e+04 2.774026520571471337e+04 1.425973133632724341e+02
5.737344268717812520e+04 3.772820769418979035e+04 1.630788103471028023e+02
5.737344269803750649e+04 5.033107694071046717e+04 1.857025077242522002e+02
5.737344270889688050e+04 6.449834783584108663e+04 2.081852525694434917e+02
5.737344271975625452e+04 7.725687526909120788e+04 2.265700954864182961e+02
5.737344273061562853e+04 8.722992267419597192e+04 2.399662930044688380e+02
5.737344274147500255e+04 9.472283176299458137e+04 2.495665871081350247e+02
5.737344275233437656e+04 9.781228786898436374e+04 2.534219398466492521e+02
5.737344276319375058e+04 9.899044770521218015e+04 2.549228589247535695e+02
5.737344277405313187e+04 9.883107198244662140e+04 2.547339428531237218e+02
5.737344278491250589e+04 9.881802609226928325e+04 2.547457985504798046e+02
5.737344279577187990e+04 9.951251126027303690e+04 2.556131343616267770e+02
5.737344280663125392e+04 1.015186819064125302e+05 2.580627664793892677e+02
5.737344281749062793e+04 1.038447368476407137e+05 2.608811870432663227e+02
5.737344282835000195e+04 1.054553534906791174e+05 2.628258932283152376e+02
5.737344283920937596e+04 1.065493487524551456e+05 2.640968795928068857e+02
5.737344285006875725e+04 1.071183281140274339e+05 2.647896881874901851e+02
5.737344286092813127e+04 1.056364208299225866e+05 2.630479288143204144e+02
5.737344287178750528e+04 1.005615344068495469e+05 2.569534481300438529e+02
5.737344288264687930e+04 9.290065314932337787e+04 2.474505420206722022e+02
5.737344289350625331e+04 8.525653238175828301e+04 2.375571037468979796e+02
5.737344290436562733e+04 8.134859470652426535e+04 2.323607719413448081e+02
5.737344291522500134e+04 8.233334965498447127e+04 2.337301648462404273e+02
5.737344292608438263e+04 8.651828521504667879e+04 2.392843865053100672e+02
5.737344293694375665e+04 9.318419133414550743e+04 2.478291323290787602e+02
5.737344294780313066e+04 1.018410454818792787e+05 2.585429748544700033e+02
5.737344295866250468e+04 1.103405776399882307e+05 2.686081847520578663e+02
5.737344296952187869e+04 1.166772530085723411e+05 2.758945181612481861e+02
5.737344298038125271e+04 1.229081875540702022e+05 2.828503915544109191e+02
5.737344299124062672e+04 1.269742929578564217e+05 2.872918666121438491e+02
5.737344300210000074e+04 1.268438846098328504e+05 2.871405475489857508e+02
5.737344301295938203e+04 1.237063670005418389e+05 2.837620662443588913e+02
5.737344302381875605e+04 1.196171412789637980e+05 2.791767277381055692e+02
5.737344303467813006e+04 1.152265611123522976e+05 2.742338010860580653e+02
5.737344304553750408e+04 1.104508813310212281e+05 2.687459654463792731e+02
5.737344305639687809e+04 1.065084277269306767e+05 2.641317448333955440e+02
5.737344306725625211e+04 1.052988670166545198e+05 2.626859439603709347e+02
5.737344307811562612e+04 1.074459833934060880e+05 2.652596006692964465e+02
5.737344308897500741e+04 1.102895893232867820e+05 2.685639057580792723e+02
5.737344309983438143e+04 1.100344096644180681e+05 2.682495184141909021e+02
5.737344311069375544e+04 1.068209346100871771e+05 2.645025826036730905e+02
5.737344312155312946e+04 1.039134783043797215e+05 2.609716318057932654e+02
5.737344313241250347e+04 1.042137291754783073e+05 2.613161807534256695e+02
5.737344314327187749e+04 1.065498043335222756e+05 2.641401253951186163e+02
5.737344315413125150e+04 1.079194702676290763e+05 2.657815956773918629e+02
5.737344316499063279e+04 1.061759075130113051e+05 2.637326401781045320e+02
5.737344317585000681e+04 1.000737424329873757e+05 2.563463971391403788e+02
5.737344318670938083e+04 9.281327277096611215e+04 2.473855160232383241e+02
5.737344319756875484e+04 8.999390989897379768e+04 2.437601139016679213e+02
5.737344320842812886e+04 9.286906463540796540e+04 2.474381463348429122e+02
5.737344321928750287e+04 9.962814260150108021e+04 2.558259860004850736e+02
5.737344323014687689e+04 1.093440819536596828e+05 2.674042525161664798e+02
5.737344324100625818e+04 1.200931528167562501e+05 2.797415648366359733e+02
5.737344325186563219e+04 1.263029008525931567e+05 2.865596412975266389e+02
5.737344326272500621e+04 1.225183332099186664e+05 2.824490460074033535e+02
5.737344327358438022e+04 1.126139513781760616e+05 2.712488931205027143e+02
5.737344328444375424e+04 1.010852321352564904e+05 2.575972406310141309e+02
5.737344329530312825e+04 9.239899943706372869e+04 2.468348250439600520e+02
5.737344330616250227e+04 8.675171294018221670e+04 2.395193879005708197e+02
5.737344331702188356e+04 8.043712558051690576e+04 2.310944594001959445e+02
5.737344332788125757e+04 7.083444890164739627e+04 2.176437483531685189e+02
5.737344333874063159e+04 5.754345947915517172e+04 1.975852115433717131e+02
5.737344334960000560e+04 4.378333331003285275e+04 1.744752658839857986e+02
