5.737344265460000315e+04 6.070111333709099199e+03 8.039233617013358923e+01
5.737344266545937717e+04 6.717617526389385603e+03 8.281036164687604639e+01
5.737344267631875118e+04 7.983630141647180608e+03 8.745054593676792365e+01
5.737344268717812520e+04 9.651456164287472347e+03 9.321652386543810564e+01
5.737344269803750649e+04 1.187839082908205637e+04 1.005866483196675318e+02
5.737344270889688050e+04 1.472425103810018845e+04 1.091540413590014253e+02
5.737344271975625452e+04 1.788721761345256891e+04 1.179448303044170956e+02
5.737344273061562853e+04 2.103458825735940627e+04 1.260451772896621918e+02
5.737344274147500255e+04 2.352433812202910121e+04 1.320930266633944541e+02
5.737344275233437656e+04 2.477679683465158450e+04 1.350745487740968542e+02
5.737344276319375058e+04 2.545042035403568661e+04 1.367561550258119212e+02
5.737344277405313187e+04 2.637135701683918160e+04 1.388860796036380805e+02
5.737344278491250589e+04 2.712618554654997206e+04 1.406330664035723998e+02
5.737344279577187990e+04 2.739131267787842808e+04 1.412164514656705023e+02
5.737344280663125392e+04 2.863253286125573140e+04 1.439363108327482337e+02
5.737344281749062793e+04 2.978252433161696536e+04 1.464961795112733682e+02
5.737344282835000195e+04 3.084029336312141459e+04 1.486041744146561143e+02
5.737344283920937596e+04 3.170160020688144868e+04 1.504630422126386691e+02
5.737344285006875725e+04 3.195668846399795439e+04 1.510073020320303954e+02
5.737344286092813127e+04 3.169621411554506631e+04 1.504111482353470137e+02
5.737344287178750528e+04 3.158109143054698507e+04 1.502025167371950545e+02
5.737344288264687930e+04 3.061081733219441958e+04 1.481590209568009868e+02
5.737344289350625331e+04 2.880588431744096306e+04 1.442615932181054745e+02
5.737344290436562733e+04 2.617869838863153927e+04 1.384171441367142847e+02
5.737344291522500134e+04 2.438602343650052717e+04 1.342994587156485693e+02
5.737344292608438263e+04 2.350616289508479531e+04 1.321842538051214433e+02
5.737344293694375665e+04 2.425555688256541907e+04 1.340438513912702092e+02
5.737344294780313066e+04 2.640392602712444204e+04 1.390172667699502540e+02
5.737344295866250468e+04 2.868794128707877462e+04 1.439530678140541227e+02
5.737344296952187869e+04 3.123201339083616767e+04 1.494382665302958060e+02
5.737344298038125271e+04 3.364661601309690741e+04 1.544078819832342333e+02
5.737344299124062672e+04 3.502084996932527429e+04 1.571893234768900527e+02
5.737344300210000074e+04 3.608948351916936372e+04 1.592966885543261810e+02
5.737344301295938203e+04 3.626042538421075733e+04 1.596529329673528537e+02
5.737344302381875605e+04 3.528055855356410757e+04 1.577330294883032025e+02
5.737344303467813006e+04 3.372943660917197121e+04 1.545996528481983319e+02
5.737344304553750408e+04 3.221977254900602202e+04 1.515381719029819578e+02
5.737344305639687809e+04 3.136399848979522358e+04 1.497473354198968991e+02
5.737344306725625211e+04 3.088946389054910105e+04 1.487780504885878941e+02
5.737344307811562612e+04 3.064475500487851605e+04 1.483296217182150372e+02
5.737344308897500741e+04 3.112919934376791571e+04 1.493006559689096946e+02
5.737344309983438143e+04 3.166199885432206793e+04 1.503472666115374636e+02
5.737344311069375544e+04 3.188596257173414051e+04 1.507813867743084302e+02
5.737344312155312946e+04 3.113590895033708512e+04 1.492529970622115343e+02
5.737344313241250347e+04 3.023318627911233125e+04 1.473657957734346553e+02
5.737344314327187749e+04 3.025062002107629087e+04 1.473297467722224212e+02
5.737344315413125150e+04 3.072958562427646393e+04 1.484152916327974197e+02
5.737344316499063279e+04 3.063895751680824105e+04 1.482074542887003474e+02
5.737344317585000681e+04 3.002813546567342200e+04 1.468926410849279307e+02
5.737344318670938083e+04 2.948083597674255725e+04 1.456900593805162032e+02
5.737344319756875484e+04 2.887607423167463276e+04 1.444474583893302508e+02
5.737344320842812886e+04 2.828613619033866780e+04 1.432222553455663387e+02
5.737344321928750287e+04 2.821309124147281182e+04 1.430512866437453852e+02
5.737344323014687689e+04 2.865913775662121770e+04 1.441012772098357004e+02
5.737344324100625818e+04 3.017793777555699489e+04 1.473164450839211099e+02
5.737344325186563219e+04 3.273927012626303986e+04 1.527566669297276576e+02
5.737344326272500621e+04 3.481022867470240453e+04 1.569820575292777391e+02
5.737344327358438022e+04 3.477339952152413025e+04 1.569179167738727472e+02
5.737344328444375424e+04 3.274854899144990486e+04 1.529296593732640588e+02
5.737344329530312825e+04 2.974544479021311417e+04 1.466103423144945168e+02
5.737344330616250227e+04 2.638395064191343408e+04 1.391870937259098469e+02
5.737344331702188356e+04 2.436545302154216188e+04 1.345343287204813407e+02
5.737344332788125757e+04 2.291842709797730276e+04 1.309281686012977559e+02
5.737344333874063159e+04 2.062567006099657374e+04 1.251399255705351834e+02
5.737344334960000560e+04 1.759354564034694704e+04 1.172930735303565086e+02
