5.742938222890000179e+04 1.944615977401976852e+04 1.282514575379045709e+02
5.742938223078359442e+04 1.969300119336519128e+04 1.295602566973801402e+02
5.742938223266718705e+04 2.047575577909261119e+04 1.311730500890744224e+02
5.742938223455078696e+04 2.148003180596606398e+04 1.329257068689088328e+02
5.742938223643437959e+04 2.269822443000603016e+04 1.355865771227768164e+02
5.742938223831797222e+04 2.392760585573366188e+04 1.390977572823891251e+02
5.742938224020156485e+04 2.449851681579211072e+04 1.410014824817907879e+02
5.742938224208516476e+04 2.477541302520286263e+04 1.416744810039203628e+02
5.742938224396875739e+04 2.451380111546912303e+04 1.409368158188688653e+02
5.742938224585235002e+04 2.384957791722341790e+04 1.387477932720966294e+02
5.742938224773594266e+04 2.398447138844340225e+04 1.378783814355204527e+02
5.742938224961954256e+04 2.444004667142694962e+04 1.382902078718334451e+02
5.742938225150313519e+04 2.529295404813828645e+04 1.403134402090219055e+02
5.742938225338672783e+04 2.479621687001270766e+04 1.394512872049052987e+02
5.742938225527032046e+04 2.354436198311767293e+04 1.362411730694199719e+02
5.742938225715391309e+04 2.270027175425038149e+04 1.337319995844752327e+02
5.742938225903751299e+04 2.248002003295839313e+04 1.324837328802409786e+02
5.742938226092110563e+04 2.373062590501964587e+04 1.346577742725098688e+02
5.742938226280469826e+04 2.537267559671003983e+04 1.384667093029300702e+02
5.742938226468829089e+04 2.734205577549324880e+04 1.433566942140585923e+02
5.742938226657189080e+04 2.881328681675514963e+04 1.471222810227110642e+02
5.742938226845548343e+04 3.002646024191888137e+04 1.500515962734492064e+02
5.742938227033907606e+04 3.177445089136417664e+04 1.536532489662521073e+02
5.742938227222266869e+04 3.273251607292336848e+04 1.554699310994524240e+02
5.742938227410626860e+04 3.316471619706433557e+04 1.564023514266126256e+02
5.742938227598986123e+04 3.485712136968702544e+04 1.599595922742423397e+02
5.742938227787345386e+04 3.678691740460918663e+04 1.639607620656423705e+02
5.742938227975704649e+04 3.654077917937242455e+04 1.635520460227402850e+02
5.742938228164063912e+04 3.433567899903222133e+04 1.590845565220402023e+02
5.742938228352423903e+04 3.177297789969597216e+04 1.536911122462241792e+02
5.742938228540783166e+04 2.897192931520140701e+04 1.480052095120172169e+02
5.742938228729142429e+04 2.642617077184495065e+04 1.431848126198655962e+02
5.742938228917501692e+04 2.532666440288877857e+04 1.415354777453670749e+02
5.742938229105861683e+04 2.405834526730612924e+04 1.390791271198789616e+02
5.742938229294220946e+04 2.304439110595815873e+04 1.366780268297919179e+02
5.742938229482580209e+04 2.164380221886046638e+04 1.324290278081613792e+02
5.742938229670939472e+04 1.991100605434296085e+04 1.264732772876174920e+02
5.742938229859299463e+04 1.892569311964019289e+04 1.220731329539533903e+02
5.742938230047658726e+04 1.809493828662403394e+04 1.180466818766786758e+02
5.742938230236017989e+04 1.723667728065143092e+04 1.140898053685765632e+02
5.742938230424377252e+04 1.614099011974646055e+04 1.095551949879516229e+02
5.742938230612736515e+04 1.533731022806332112e+04 1.063376572432630383e+02
5.742938230801096506e+04 1.471678154832510336e+04 1.038393111936655373e+02
5.742938230989455769e+04 1.431491805488037608e+04 1.022001997400037965e+02
5.742938231177815032e+04 1.386699659262966998e+04 1.005320529492378938e+02
5.742938231366174296e+04 1.367245986040697062e+04 9.976553058255694850e+01
5.742938231554534286e+04 1.428661017955693387e+04 1.015574770270799689e+02
5.742938231742893549e+04 1.371658681612046712e+04 9.970807406014009189e+01
5.742938231931252813e+04 1.341553115906384483e+04 9.870380780883607486e+01
5.742938232119612076e+04 1.348085150186079773e+04 9.897783870566341591e+01
5.742938232307972066e+04 1.352709230257207309e+04 9.915904286730487627e+01
5.742938232496331329e+04 1.353243150212048204e+04 9.916439092726508875e+01
5.742938232684690593e+04 1.348594353458032856e+04 9.896675383527694692e+01
5.742938232873049856e+04 1.326787421110037758e+04 9.826351152287516300e+01
5.742938233061409119e+04 1.351187477649315952e+04 9.899593103842694575e+01
5.742938233249769110e+04 1.369103943073940900e+04 9.954597982112959187e+01
5.742938233438128373e+04 1.352709433480484040e+04 9.904306798014913227e+01
5.742938233626487636e+04 1.335995162832098504e+04 9.856131888221175075e+01
5.742938233814846899e+04 1.334984035466944442e+04 9.848728249852101158e+01
5.742938234003206890e+04 1.322731687547112779e+04 9.810071327139053210e+01
5.742938234191566153e+04 1.318723538791641658e+04 9.791478156220198059e+01
5.742938234379925416e+04 1.325838176806525189e+04 9.820882026052714764e+01
5.742938234568284679e+04 1.332951392789088459e+04 9.839442534743207602e+01
5.742938234756644670e+04 1.322431031410382639e+04 9.803791462413487068e+01
5.742938234945003933e+04 1.347290936981247432e+04 9.884550862634586110e+01
5.742938235133363196e+04 1.354404639003460761e+04 9.905216091074092333e+01
5.742938235321722459e+04 1.316706560536263169e+04 9.787039750530760784e+01
5.742938235510081722e+04 1.321218780842244087e+04 9.799652662120269042e+01
5.742938235698441713e+04 1.315651052504961081e+04 9.779277453380312579e+01
5.742938235886800976e+04 1.314329440831443208e+04 9.773636333060666459e+01
5.742938236075160239e+04 1.331914368165239102e+04 9.828536531630093975e+01
5.742938236263519502e+04 1.332820548324877564e+04 9.837782636534080893e+01
5.742938236451879493e+04 1.333919996846666800e+04 9.839968017789234977e+01
5.742938236640238756e+04 1.319081999120582259e+04 9.796558877991901682e+01
5.742938236828598019e+04 1.311708098413903826e+04 9.773960176086218610e+01
5.742938237016957282e+04 1.317526786592450480e+04 9.784288950966353582e+01
5.742938237205317273e+04 1.304908847263469033e+04 9.745571224132785915e+01
5.742938237393676536e+04 1.307732236499094688e+04 9.753896979865182004e+01
5.742938237582035799e+04 1.303707450821147722e+04 9.742302481258703040e+01
5.742938237770395062e+04 1.354320330762966660e+04 9.911051271494493164e+01
5.742938237958754326e+04 1.342700250491136831e+04 9.874303599761786643e+01
5.742938238147114316e+04 1.337573044938709427e+04 9.855998043656066443e+01
5.742938238335473579e+04 1.328108814113863264e+04 9.822558361956596684e+01
5.742938238523832842e+04 1.327585507523861816e+04 9.814774002029311362e+01
5.742938238712192106e+04 1.337177476359743923e+04 9.846718726354971807e+01
5.742938238900552096e+04 1.316739942547428291e+04 9.783580896073814870e+01
5.742938239088911359e+04 1.309428042300524976e+04 9.758552454868514303e+01
5.742938239277270623e+04 1.303762665456103423e+04 9.743709759983195795e+01
5.742938239465629886e+04 1.342561325967606354e+04 9.865992080437300160e+01
5.742938239653989876e+04 1.336563772908635110e+04 9.850553213194181978e+01
5.742938239842349140e+04 1.318136097385267749e+04 9.790412824340572229e+01
5.742938240030708403e+04 1.319748282748025849e+04 9.796366851650969920e+01
5.742938240219067666e+04 1.299511417416756922e+04 9.730089446900086614e+01
5.742938240407426929e+04 1.305357574497181304e+04 9.752326749148376450e+01
5.742938240595786920e+04 1.296079255426833151e+04 9.721434031717392088e+01
5.742938240784146183e+04 1.312245777134627497e+04 9.776267595590691428e+01
5.742938240972505446e+04 1.315973154651886216e+04 9.789759427435963346e+01
5.742938241160864709e+04 1.341213088263627833e+04 9.869233339160447827e+01
5.742938241349224700e+04 1.321802171019165689e+04 9.801208504456459991e+01
5.742938241537583963e+04 1.309183972462343263e+04 9.760593660076996514e+01
5.742938241725943226e+04 1.314828164052056491e+04 9.780745157791736233e+01
5.742938241914302489e+04 1.308659215406178737e+04 9.765572567733127585e+01
5.742938242102661752e+04 1.327641466901771855e+04 9.828146547466205618e+01
5.742938242291021743e+04 1.309816274395771688e+04 9.767904372795395318e+01
5.742938242479381006e+04 1.294867024440965542e+04 9.716955524573906189e+01
5.742938242667740269e+04 1.297106459862791598e+04 9.718887741341293918e+01
5.742938242856099532e+04 1.318910384928017629e+04 9.791018946192222927e+01
5.742938243044459523e+04 1.315853638508264339e+04 9.780741241072283287e+01
5.742938243232818786e+04 1.311497052763398096e+04 9.770088748104353726e+01
5.742938243421178049e+04 1.298367103564506397e+04 9.723566190738472415e+01
5.742938243609537312e+04 1.292491961706186885e+04 9.701978062335554398e+01
5.742938243797897303e+04 1.301705740558955222e+04 9.731182382537315334e+01
5.742938243986256566e+04 1.299102767729679726e+04 9.723338729288087734e+01
5.742938244174615829e+04 1.298872654174498348e+04 9.720785861122081428e+01
5.742938244362975092e+04 1.300497632592585069e+04 9.727234923456691718e+01
5.742938244551334355e+04 1.298161319922314215e+04 9.721657749640887403e+01
5.742938244739694346e+04 1.315686610265861236e+04 9.780324312644282259e+01
5.742938244928053609e+04 1.337046055435185190e+04 9.850505168497954855e+01
5.742938245116412872e+04 1.343631913905495094e+04 9.872442351345387124e+01
5.742938245304772136e+04 1.333779687249061863e+04 9.839955456117500887e+01
5.742938245493132126e+04 1.296897059428864486e+04 9.721580099613844084e+01
5.742938245681491389e+04 1.274270074881007713e+04 9.641856840525223049e+01
5.742938245869850653e+04 1.267536735097404198e+04 9.621184396970777186e+01
5.742938246058209916e+04 1.270657902985813598e+04 9.633931826525900988e+01
5.742938246246569906e+04 1.250909721849191556e+04 9.574330345934572506e+01
5.742938246434929169e+04 1.274685722964255910e+04 9.649014912962903168e+01
5.742938246623288433e+04 1.275303282764310097e+04 9.649137493411436139e+01
5.742938246811647696e+04 1.305900131495412825e+04 9.749470119832291459e+01
5.742938247000006959e+04 1.279566555345089364e+04 9.662910314734985207e+01
5.742938247188366950e+04 1.292274924060802550e+04 9.704392578702413630e+01
5.742938247376726213e+04 1.297462285523778701e+04 9.725398704133522187e+01
5.742938247565085476e+04 1.303519942896434804e+04 9.746934883152631812e+01
5.742938247753444739e+04 1.271304036682499645e+04 9.643278526049526533e+01
5.742938247941804730e+04 1.284697996356811927e+04 9.678286634279233169e+01
5.742938248130163993e+04 1.283141506802381627e+04 9.672887657328288924e+01
5.742938248318523256e+04 1.288666050179456943e+04 9.690144923714967717e+01
5.742938248506882519e+04 1.280910335691611908e+04 9.664444754915810165e+01
5.742938248695242510e+04 1.276828700153357750e+04 9.651160712384023554e+01
5.742938248883601773e+04 1.275960124743129927e+04 9.646122146049047785e+01
5.742938249071961036e+04 1.284414324569752353e+04 9.673259993822506431e+01
5.742938249260320299e+04 1.295597993591520753e+04 9.708065387518936973e+01
5.742938249448679562e+04 1.273553278029617286e+04 9.640382310821192391e+01
5.742938249637039553e+04 1.260755335331649076e+04 9.599012581586490001e+01
5.742938249825398816e+04 1.268529589906978254e+04 9.622581370552973112e+01
5.742938250013758079e+04 1.279256186827869351e+04 9.654070056736210859e+01
5.742938250202117342e+04 1.298533689232582947e+04 9.719727399529975287e+01
5.742938250390477333e+04 1.330464588736068981e+04 9.820366182733145877e+01
5.742938250578836596e+04 1.302253723273786272e+04 9.728412987221274477e+01
5.742938250767195859e+04 1.308160817507456886e+04 9.748123101175939098e+01
5.742938250955555122e+04 1.297598186340152824e+04 9.716985864347974200e+01
5.742938251143915113e+04 1.303701049260399668e+04 9.735457378936442296e+01
5.742938251332274376e+04 1.299561693818702406e+04 9.722040673808733402e+01
5.742938251520633639e+04 1.287188481704761398e+04 9.681165214731895219e+01
5.742938251708992902e+04 1.281188945941511338e+04 9.660400779597800636e+01
5.742938251897352166e+04 1.278991896827880919e+04 9.654468168808332962e+01
5.742938252085712156e+04 1.294004509302393308e+04 9.707751489952497082e+01
5.742938252274071419e+04 1.303323944825486979e+04 9.742259980711908440e+01
5.742938252462430682e+04 1.311411142677114731e+04 9.766984530795477326e+01
5.742938252650789946e+04 1.306160090748380026e+04 9.750976456447126850e+01
5.742938252839149936e+04 1.300250714522885028e+04 9.730529737902453746e+01
5.742938253027509199e+04 1.279920772424818642e+04 9.665172895009537513e+01
5.742938253215868463e+04 1.270620611539143829e+04 9.634992093582863504e+01
5.742938253404227726e+04 1.286855193716107897e+04 9.685307634106649743e+01
5.742938253592587716e+04 1.298002089859998887e+04 9.723168510311620594e+01
5.742938253780946980e+04 1.287860006675019395e+04 9.691187249468003984e+01
5.742938253969306243e+04 1.299848903609504850e+04 9.731469404449715910e+01
5.742938254157665506e+04 1.288658583956521579e+04 9.693677985459237334e+01
5.742938254346024769e+04 1.258067167689510097e+04 9.591323520140139181e+01
5.742938254534384760e+04 1.276171961392725098e+04 9.655513038574780182e+01
5.742938254722744023e+04 1.290854411729053390e+04 9.703002017204337903e+01
5.742938254911103286e+04 1.283228752909223294e+04 9.676833665133743523e+01
5.742938255099462549e+04 1.276204432251180697e+04 9.658672367554376592e+01
5.742938255287822540e+04 1.272132131220154952e+04 9.644710243399703131e+01
5.742938255476181803e+04 1.296333248762466428e+04 9.722830433034667408e+01
5.742938255664541066e+04 1.309704634686340250e+04 9.766215366834001088e+01
5.742938255852900329e+04 1.311646250966164371e+04 9.777314821415058077e+01
5.742938256041260320e+04 1.322520785294121742e+04 9.812408721995238636e+01
5.742938256229619583e+04 1.317625125611604199e+04 9.797621466124549272e+01
5.742938256417978846e+04 1.307821017826878415e+04 9.758761701406720590e+01
5.742938256606338109e+04 1.280355697416231123e+04 9.672211208003170668e+01
5.742938256794697372e+04 1.267329429788654670e+04 9.628519763593196501e+01
5.742938256983057363e+04 1.279512658976071725e+04 9.667875144659768694e+01
5.742938257171416626e+04 1.273149964632308001e+04 9.647164598476683750e+01
5.742938257359775889e+04 1.276740936554144901e+04 9.657413696191636632e+01
5.742938257548135152e+04 1.281535783564334633e+04 9.672701629717677463e+01
5.742938257736495143e+04 1.275571145702932881e+04 9.652439054895366155e+01
5.742938257924854406e+04 1.279327078040765628e+04 9.661743235556282627e+01
5.742938258113213669e+04 1.289678501192545446e+04 9.698034660712106358e+01
5.742938258301572932e+04 1.292154189016319469e+04 9.704611540670346415e+01
5.742938258489932923e+04 1.304697490761109475e+04 9.746222871721263914e+01
5.742938258678292186e+04 1.284267307794854787e+04 9.680581933503341929e+01
5.742938258866651449e+04 1.291453355228044893e+04 9.707953421119303528e+01
5.742938259055010712e+04 1.303406669375281308e+04 9.746502429077486340e+01
5.742938259243369976e+04 1.284885405498490218e+04 9.691284065037301332e+01
5.742938259431729966e+04 1.305082053956785603e+04 9.750240449737324866e+01
5.742938259620089229e+04 1.286544072797848276e+04 9.693202371714374976e+01
5.742938259808448493e+04 1.281606104693992165e+04 9.675946136261489983e+01
5.742938259996807756e+04 1.288782792536482157e+04 9.697768725055107097e+01
5.742938260185167746e+04 1.293342798307408520e+04 9.713178946621819421e+01
5.742938260373527010e+04 1.304701958490654943e+04 9.747181602444884163e+01
5.742938260561886273e+04 1.292867141044572963e+04 9.709868703990832728e+01
5.742938260750245536e+04 1.280070220417781093e+04 9.668361204402668818e+01
5.742938260938605526e+04 1.284644240912049645e+04 9.686550715371124909e+01
5.742938261126964790e+04 1.288370689722498173e+04 9.694689136996210266e+01
5.742938261315324053e+04 1.293439579421233429e+04 9.711218212636251224e+01
5.742938261503683316e+04 1.311416867220214772e+04 9.770181192571536144e+01
5.742938261692042579e+04 1.307375983401768099e+04 9.756860926600434425e+01
5.742938261880402570e+04 1.288077220147338448e+04 9.695874366218252760e+01
5.742938262068761833e+04 1.286636664557183212e+04 9.686679721303988799e+01
5.742938262257121096e+04 1.310057514144676134e+04 9.764151500521161609e+01
5.742938262445480359e+04 1.315591795500561602e+04 9.786432565164864172e+01
5.742938262633840350e+04 1.290617626155022117e+04 9.702898735001649300e+01
5.742938262822199613e+04 1.259223209651559955e+04 9.601605843085913250e+01
5.742938263010558876e+04 1.252819113437162559e+04 9.574623525099494259e+01
5.742938263198918139e+04 1.249450080781114048e+04 9.569321805697428829e+01
5.742938263387278130e+04 1.278254497432692915e+04 9.664915596298880018e+01
5.742938263575637393e+04 1.300925059469556436e+04 9.737964554850427135e+01
5.742938263763996656e+04 1.286164982832014357e+04 9.688335132122843163e+01
5.742938263952355919e+04 1.299635460345931097e+04 9.734521641339819098e+01
5.742938264140715182e+04 1.310795470406045933e+04 9.773123887150649125e+01
5.742938264329075173e+04 1.319998506156562689e+04 9.802374469748374963e+01
5.742938264517434436e+04 1.314826215574168236e+04 9.789917015797813349e+01
5.742938264705793699e+04 1.307601394180359966e+04 9.764196725273323807e+01
5.742938264894152962e+04 1.294043227716912224e+04 9.720911440017727045e+01
5.742938265082512953e+04 1.306366787316375485e+04 9.760922986337357088e+01
5.742938265270872216e+04 1.304589158395434060e+04 9.752911579752769455e+01
5.742938265459231479e+04 1.293688037724978858e+04 9.715550914817671924e+01
5.742938265647590742e+04 1.300843081435048225e+04 9.740930978652491490e+01
5.742938265835950733e+04 1.316276729558770785e+04 9.787011479786029611e+01
5.742938266024309996e+04 1.291574236750321688e+04 9.707777828651146024e+01
5.742938266212669259e+04 1.280695128398212000e+04 9.673297090535977816e+01
5.742938266401028523e+04 1.272891766780017861e+04 9.642875197697448186e+01
5.742938266589387786e+04 1.280515016523410668e+04 9.668389648716839702e+01
5.742938266777747776e+04 1.300685477957631701e+04 9.736385825572421027e+01
5.742938266966107039e+04 1.314164117370290296e+04 9.782679086857561401e+01
5.742938267154466303e+04 1.302842401788087955e+04 9.749641869163127694e+01
5.742938267342825566e+04 1.297009291159454006e+04 9.725906099922811165e+01
5.742938267531185556e+04 1.294354361563255770e+04 9.716478553424221332e+01
5.742938267719544820e+04 1.278148751904964411e+04 9.660004625329783323e+01
5.742938267907904083e+04 1.297429076566190270e+04 9.724913522974087243e+01
5.742938268096263346e+04 1.309034301208081342e+04 9.762279953334950733e+01
5.742938268284623337e+04 1.312356691652656809e+04 9.768962487849984200e+01
5.742938268472982600e+04 1.343861175600679235e+04 9.873444486550010879e+01
5.742938268661341863e+04 1.328646697476403460e+04 9.827398414208757060e+01
5.742938268849701126e+04 1.302163191701335563e+04 9.738378275304651766e+01
5.742938269038060389e+04 1.297224927068434954e+04 9.723374679764779671e+01
5.742938269226420380e+04 1.313024660582861179e+04 9.775931316267654836e+01
5.742938269414779643e+04 1.306281485107524713e+04 9.754016757839674767e+01
5.742938269603138906e+04 1.317759206045966130e+04 9.788478968712560402e+01
5.742938269791498169e+04 1.311957267391163987e+04 9.771752729128137105e+01
5.742938269979858160e+04 1.310526417704377127e+04 9.767497669378222724e+01
5.742938270168217423e+04 1.303264883798329902e+04 9.740230169101259605e+01
5.742938270356576686e+04 1.286160402599001100e+04 9.690545141225400982e+01
5.742938270544935949e+04 1.286815035228204033e+04 9.692201026687634169e+01
5.742938270733295940e+04 1.293494842692890961e+04 9.714237898795028059e+01
5.742938270921655203e+04 1.311529347892380611e+04 9.771030363718313083e+01
5.742938271110014466e+04 1.301537879969080677e+04 9.739523575626591878e+01
5.742938271298373729e+04 1.315564003673749903e+04 9.780427251325615146e+01
5.742938271486732992e+04 1.306096760989773065e+04 9.747811569799671361e+01
5.742938271675092983e+04 1.307278621288059549e+04 9.753890152013124748e+01
5.742938271863452246e+04 1.298256888024767795e+04 9.729513691859678204e+01
5.742938272051811509e+04 1.314740939507340772e+04 9.779461768998289983e+01
5.742938272240170772e+04 1.298196635403554501e+04 9.728813351358326145e+01
5.742938272428530763e+04 1.271936184807553946e+04 9.643903272560493178e+01
5.742938272616890026e+04 1.290694194552385488e+04 9.704890308798663057e+01
5.742938272805249289e+04 1.304335309469357344e+04 9.747661838573611703e+01
5.742938272993608552e+04 1.304470889235562754e+04 9.752712899101474875e+01
5.742938273181968543e+04 1.316159078513479653e+04 9.789783363964875207e+01
5.742938273370327806e+04 1.314081744009594877e+04 9.778720110827235601e+01
5.742938273558687069e+04 1.322247382063497207e+04 9.798718759929839450e+01
5.742938273747046333e+04 1.307072457511742505e+04 9.751980410355896822e+01
5.742938273935405596e+04 1.313020267360015896e+04 9.774880616208912443e+01
5.742938274123765586e+04 1.317569587739269627e+04 9.791401136504224212e+01
5.742938274312124850e+04 1.316615303866117938e+04 9.791751734829050235e+01
5.742938274500484113e+04 1.288992092859575678e+04 9.698819399504816374e+01
5.742938274688843376e+04 1.295610386747173106e+04 9.718809980416999394e+01
5.742938274877203366e+04 1.308093696067451310e+04 9.760998133966879209e+01
5.742938275065562630e+04 1.317731354916028431e+04 9.788527219358522302e+01
5.742938275253921893e+04 1.313159587162865500e+04 9.772646978334930168e+01
5.742938275442281156e+04 1.307598147468475690e+04 9.756215866634263989e+01
5.742938275630640419e+04 1.310609865423911288e+04 9.767130287270501299e+01
5.742938275819000410e+04 1.324754774843767154e+04 9.815429057469042107e+01
5.742938276007359673e+04 1.317122379870454097e+04 9.785886026735906285e+01
5.742938276195718936e+04 1.316636050702296234e+04 9.783952422127497073e+01
5.742938276384078199e+04 1.294228814658256306e+04 9.707348025200418817e+01
5.742938276572438190e+04 1.282268067887662801e+04 9.668914697410474446e+01
5.742938276760797453e+04 1.287081964691196845e+04 9.688591800265227505e+01
5.742938276949156716e+04 1.301183166760118365e+04 9.733826622030906606e+01
5.742938277137515979e+04 1.317249020926105368e+04 9.786603457152665442e+01
5.742938277325875970e+04 1.314668258672130651e+04 9.779028497544602772e+01
5.742938277514235233e+04 1.302586893676413274e+04 9.736631774981356102e+01
5.742938277702594496e+04 1.306696310241461651e+04 9.749944199083678598e+01
5.742938277890953759e+04 1.326113073544935469e+04 9.817818857787786158e+01
5.742938278079313022e+04 1.338920378316453935e+04 9.857257095149701343e+01
5.742938278267673013e+04 1.336438469891450586e+04 9.852255872729905661e+01
5.742938278456032276e+04 1.315448570705273960e+04 9.784057620168566416e+01
5.742938278644391539e+04 1.327402454445174408e+04 9.819182224906441547e+01
5.742938278832750802e+04 1.323830529442813531e+04 9.811605240322309385e+01
5.742938279021110793e+04 1.327865301775937769e+04 9.822348612868107409e+01
5.742938279209470056e+04 1.318444849027439341e+04 9.791146402610043253e+01
5.742938279397829319e+04 1.325541134777667685e+04 9.813054299389169444e+01
5.742938279586188582e+04 1.319302894002524408e+04 9.790209453279486240e+01
5.742938279774548573e+04 1.308541541265183696e+04 9.757362677870926859e+01
5.742938279962907836e+04 1.282221875038178405e+04 9.672504769050524942e+01
5.742938280151267099e+04 1.315373938036649088e+04 9.777787775172096474e+01
5.742938280339626363e+04 1.296951132631545079e+04 9.717826370285469295e+01
5.742938280527985626e+04 1.306369018508392401e+04 9.750941259375078118e+01
5.742938280716345616e+04 1.302823777675823658e+04 9.737077932813042480e+01
5.742938280904704880e+04 1.299396128842385951e+04 9.727992436423053846e+01
5.742938281093064143e+04 1.321199743361911533e+04 9.796505140081552554e+01
5.742938281281423406e+04 1.315297800721297972e+04 9.774238807992843192e+01
5.742938281469783396e+04 1.305188300702455126e+04 9.742813678079797057e+01
5.742938281658142660e+04 1.302135537224975997e+04 9.734148648205623999e+01
5.742938281846501923e+04 1.303564259017442419e+04 9.739358523441022442e+01
5.742938282034861186e+04 1.304117503641232906e+04 9.743446689450610165e+01
5.742938282223221177e+04 1.300665183516833167e+04 9.733099819584428758e+01
5.742938282411580440e+04 1.294908572392919996e+04 9.713673728756755565e+01
5.742938282599939703e+04 1.306361413250746773e+04 9.749112606930897584e+01
5.742938282788298966e+04 1.325953854789678371e+04 9.807311144616525667e+01
5.742938282976658229e+04 1.312326565714164644e+04 9.763728302898582001e+01
5.742938283165018220e+04 1.315211082921770139e+04 9.774613829714468238e+01
5.742938283353377483e+04 1.304433346231133692e+04 9.742260259550745616e+01
5.742938283541736746e+04 1.320508263255645397e+04 9.794490136869487173e+01
5.742938283730096009e+04 1.334533050148454822e+04 9.845569799527628163e+01
5.742938283918456000e+04 1.330069009263809494e+04 9.830057593388303872e+01
5.742938284106815263e+04 1.327958054128386721e+04 9.823938934989061522e+01
5.742938284295174526e+04 1.305834269222299190e+04 9.751018276837433518e+01
5.742938284483533789e+04 1.321058267878506922e+04 9.793367504474828422e+01
5.742938284671893780e+04 1.308305553708450316e+04 9.758392033170086677e+01
5.742938284860253043e+04 1.306371727920571357e+04 9.749101480475728465e+01
5.742938285048612306e+04 1.306866222013175502e+04 9.750820370494642475e+01
5.742938285236971569e+04 1.302113106661755955e+04 9.738893141076340498e+01
5.742938285425330832e+04 1.303528387901392671e+04 9.742269969667863450e+01
5.742938285613690823e+04 1.291214669303632400e+04 9.703936770195919337e+01
5.742938285802050086e+04 1.276946833969374893e+04 9.658168159211859916e+01
5.742938285990409349e+04 1.277955525749030494e+04 9.659531904175499051e+01
5.742938286178768612e+04 1.282003430854838916e+04 9.673626897018802140e+01
5.742938286367128603e+04 1.274500195249397439e+04 9.652157636589497258e+01
5.742938286555487866e+04 1.283385583197332926e+04 9.679910696148442639e+01
5.742938286743847129e+04 1.294029470945734647e+04 9.711576035093743542e+01
5.742938286932206393e+04 1.276816722413408934e+04 9.658310126776765969e+01
5.742938287120566383e+04 1.280998290641117819e+04 9.670095250161097056e+01
5.742938287308925646e+04 1.309893978292876454e+04 9.761580800219604725e+01
5.742938287497284909e+04 1.301750548638711552e+04 9.736190291788086881e+01
5.742938287685644173e+04 1.275401978247136867e+04 9.650335304015278837e+01
5.742938287874003436e+04 1.281546706177340820e+04 9.671818543273586499e+01
5.742938288062363426e+04 1.274424174026684341e+04 9.648090736044156301e+01
5.742938288250722690e+04 1.270744498689177090e+04 9.636748916094052220e+01
5.742938288439081953e+04 1.279666791348191691e+04 9.667483297106687701e+01
5.742938288627441216e+04 1.267637306129829631e+04 9.628596556069922485e+01
5.742938288815801207e+04 1.281570282214899271e+04 9.673029427572667771e+01
5.742938289004160470e+04 1.292567961815725175e+04 9.710881354539374399e+01
5.742938289192519733e+04 1.277183329527704700e+04 9.665582796328340009e+01
5.742938289380878996e+04 1.271844577185134767e+04 9.641064341313743569e+01
5.742938289569238987e+04 1.265436790637701233e+04 9.617689192304479207e+01
5.742938289757598250e+04 1.245939726559949850e+04 9.555809678819181840e+01
5.742938289945957513e+04 1.230554306995037405e+04 9.503103964254411551e+01
5.742938290134316776e+04 1.207382228294254855e+04 9.424395305492444663e+01
5.742938290322676039e+04 1.217963737990769550e+04 9.455670225336550061e+01
5.742938290511036030e+04 1.226720119633281138e+04 9.483480122155827985e+01
5.742938290699395293e+04 1.214002687059674099e+04 9.438318720925893501e+01
5.742938290887754556e+04 1.213220669960096529e+04 9.436371075150742627e+01
5.742938291076113819e+04 1.214108621768263765e+04 9.437986149861468732e+01
5.742938291264473810e+04 1.206791795791150253e+04 9.415960057568463526e+01
5.742938291452833073e+04 1.210250369447302546e+04 9.425405770873098277e+01
5.742938291641192336e+04 1.212034950046593258e+04 9.428628246145332525e+01
5.742938291829551599e+04 1.197637155343250561e+04 9.382553366013587492e+01
5.742938292017911590e+04 1.211819010969408737e+04 9.427739169025120702e+01
5.742938292206270853e+04 1.195362260357986452e+04 9.370455412297484088e+01
5.742938292394630116e+04 1.205639108503446914e+04 9.405258519670574913e+01
