2.457363085627200082e+06 2.696650097656250000e+04 3.354169801615421989e+02
2.457363085690402891e+06 2.857098585792824451e+04 3.369286267940793778e+02
2.457363085753605701e+06 3.106344719328703650e+04 3.389243175012364873e+02
2.457363085816808511e+06 2.642098068576387595e+04 3.347190700927031912e+02
2.457363085880011320e+06 2.709595554832175549e+04 3.349954436280705750e+02
2.457363085943214130e+06 2.942882331452546350e+04 3.367424673193467584e+02
2.457363086006417405e+06 2.627833644386574451e+04 3.341225068551235040e+02
2.457363086069620214e+06 2.605122106481480296e+04 3.338507918394174112e+02
2.457363086132823024e+06 2.753072898582175549e+04 3.370678073120815839e+02
2.457363086196025833e+06 2.775282555700231751e+04 3.370534079992622196e+02
2.457363086259228643e+06 2.655396184172453650e+04 3.360504335570200851e+02
2.457363086322431453e+06 2.754865758825231751e+04 3.369839389489793007e+02
