5.745938577490000171e+04 6.565341891939245215e+03 7.555945865274910034e+01
5.745938577979705587e+04 6.697078306745913324e+03 7.604395899615242627e+01
5.745938578469411004e+04 6.547520386809605952e+03 7.540909104966195287e+01
5.745938578959117149e+04 6.556845256170770881e+03 7.547938279379563653e+01
5.745938579448822566e+04 6.651264756833432330e+03 7.586795010742957857e+01
5.745938579938527982e+04 6.511572116323230148e+03 7.528090004215485465e+01
5.745938580428233399e+04 6.728789216815564032e+03 7.616919106244667148e+01
5.745938580917939544e+04 6.763581645617065078e+03 7.633507177211669159e+01
5.745938581407644961e+04 6.659162414148135213e+03 7.587853734220234969e+01
5.745938581897350377e+04 6.769834857254815688e+03 7.637090942417927408e+01
5.745938582387055794e+04 6.687482809773482586e+03 7.607446441846617802e+01
5.745938582876761939e+04 6.631555582571901141e+03 7.580447846649349231e+01
5.745938583366467356e+04 6.910549411848514865e+03 7.694094488686259581e+01
5.745938583856172772e+04 7.162604772516052435e+03 7.788748968185980459e+01
5.745938584345878189e+04 7.607930539899251016e+03 7.977867224543466307e+01
5.745938584835584334e+04 8.382966194115822873e+03 8.275185207186575553e+01
5.745938585325289750e+04 9.476174253790330113e+03 8.671192904314672489e+01
5.745938585814995167e+04 1.053860797977634320e+04 9.049915952825938348e+01
5.745938586304700584e+04 1.128827591040744664e+04 9.306356955170346623e+01
5.745938586794406729e+04 1.212535518599585339e+04 9.578523426984362743e+01
5.745938587284112145e+04 1.326162204680200557e+04 9.943823621199766194e+01
5.745938587773817562e+04 1.404896197718748226e+04 1.018714099829336277e+02
5.745938588263522979e+04 1.466983682291553123e+04 1.037600439784151689e+02
5.745938588753229124e+04 1.444340498538117026e+04 1.030534601554770120e+02
5.745938589242934540e+04 1.371535141765351000e+04 1.008702397210401784e+02
5.745938589732639957e+04 1.321086875977933050e+04 9.931897758914280416e+01
5.745938590222345374e+04 1.294627991380909225e+04 9.850656634668570177e+01
5.745938590712051518e+04 1.291475676598825521e+04 9.835266087850375527e+01
5.745938591201756935e+04 1.285591096997394197e+04 9.816085427986615741e+01
5.745938591691462352e+04 1.263664867029878587e+04 9.749162652012958574e+01
5.745938592181167769e+04 1.244738760546442245e+04 9.682747308410884557e+01
5.745938592670873913e+04 1.242995338693533995e+04 9.676621388747824426e+01
5.745938593160579330e+04 1.219838785613734035e+04 9.602464692833061122e+01
5.745938593650284747e+04 1.215538764423237444e+04 9.583785045513020862e+01
5.745938594139990164e+04 1.223014215041040006e+04 9.612033093004589546e+01
5.745938594629696308e+04 1.242114611734380560e+04 9.666282543508496872e+01
5.745938595119401725e+04 1.237356011202683658e+04 9.655662569451054367e+01
5.745938595609107142e+04 1.256114652657329498e+04 9.717753128302425125e+01
5.745938596098812559e+04 1.299895773551399907e+04 9.859223598509180420e+01
5.745938596588518703e+04 1.306287604631088107e+04 9.881907936108345325e+01
5.745938597078224120e+04 1.259654875162435383e+04 9.727609305862982580e+01
5.745938597567929537e+04 1.272291547611951682e+04 9.761466527016141015e+01
5.745938598057634954e+04 1.256217513176589091e+04 9.720971318932627980e+01
5.745938598547341098e+04 1.240475159950673878e+04 9.677479114000779248e+01
5.745938599037046515e+04 1.265468308915546004e+04 9.750644625667183618e+01
5.745938599526751932e+04 1.302194005880194163e+04 9.868539771193326260e+01
5.745938600016457349e+04 1.336905967895713911e+04 9.980130418000879899e+01
5.745938600506163493e+04 1.311033452861241676e+04 9.893536590556701071e+01
5.745938600995868910e+04 1.274819876459507032e+04 9.785496954780279566e+01
5.745938601485574327e+04 1.275109552695522507e+04 9.782989625667453026e+01
5.745938601975279744e+04 1.293392682688910645e+04 9.835307458573431916e+01
5.745938602464985888e+04 1.297396176874384764e+04 9.850748553436598343e+01
5.745938602954691305e+04 1.273049036076565972e+04 9.774880525850988988e+01
5.745938603444396722e+04 1.313035365175819970e+04 9.903225473373466059e+01
5.745938603934102139e+04 1.343858741617064697e+04 1.000354593120774354e+02
5.745938604423808283e+04 1.315402607699171131e+04 9.917635513958893512e+01
5.745938604913513700e+04 1.270135009994110260e+04 9.764313608909739628e+01
5.745938605403219117e+04 1.246547818330724840e+04 9.686257256113083258e+01
5.745938605892924534e+04 1.255968877791891282e+04 9.729141426537955795e+01
5.745938606382630678e+04 1.273065877075493154e+04 9.782589511775870506e+01
5.745938606872336095e+04 1.254321000129530148e+04 9.726280650227093361e+01
5.745938607362041512e+04 1.224762187589380119e+04 9.620394389055573470e+01
5.745938607851746929e+04 1.256148735367242625e+04 9.721284375890537888e+01
5.745938608341453073e+04 1.285551977810829521e+04 9.813346870577936443e+01
5.745938608831158490e+04 1.286492801386249812e+04 9.818037840828165486e+01
5.745938609320863907e+04 1.244287042013729661e+04 9.682317560344368701e+01
5.745938609810569324e+04 1.252509424086248691e+04 9.714623076151131897e+01
5.745938610300275468e+04 1.250934733547616452e+04 9.710395121293409204e+01
5.745938610789980885e+04 1.258423613586338797e+04 9.729848519531005024e+01
5.745938611279686302e+04 1.285527027634752994e+04 9.809688324412897487e+01
5.745938611769391719e+04 1.275509819294553017e+04 9.785207071951451496e+01
5.745938612259097863e+04 1.237380085130781117e+04 9.664414217910972127e+01
5.745938612748803280e+04 1.253254592434773258e+04 9.711934071160213477e+01
5.745938613238508697e+04 1.286397100690650586e+04 9.817009399359815802e+01
5.745938613728214114e+04 1.309919962862284592e+04 9.890961781045487555e+01
5.745938614217919530e+04 1.295826806994503568e+04 9.849692028233840801e+01
5.745938614707625675e+04 1.276512015775676809e+04 9.786639388788850624e+01
5.745938615197331092e+04 1.293023334743412488e+04 9.841403630258574253e+01
5.745938615687036508e+04 1.321648693136029397e+04 9.934794541673760193e+01
5.745938616176741925e+04 1.348897265798752414e+04 1.001367045939345530e+02
5.745938616666448070e+04 1.297351469374194858e+04 9.855051150778321301e+01
5.745938617156153487e+04 1.241977544374218451e+04 9.676540358353079796e+01
5.745938617645858903e+04 1.256078666049192543e+04 9.723188400256735520e+01
5.745938618135564320e+04 1.264827327299883655e+04 9.746602689632629790e+01
5.745938618625270465e+04 1.250839192143031869e+04 9.701801598757424472e+01
5.745938619114975882e+04 1.245608818360724763e+04 9.678398886866145290e+01
5.745938619604681298e+04 1.229875775428245652e+04 9.630988232659635173e+01
5.745938620094386715e+04 1.221453451268117533e+04 9.610801945284904946e+01
5.745938620584092860e+04 1.259679574840508940e+04 9.735367746297178826e+01
5.745938621073798276e+04 1.309524129703202198e+04 9.884437686745782514e+01
5.745938621563503693e+04 1.338711299002286614e+04 9.982009062278712008e+01
5.745938622053209110e+04 1.369453951676816723e+04 1.007990322192437418e+02
5.745938622542915255e+04 1.378081824141440848e+04 1.010903153492022142e+02
5.745938623032620671e+04 1.342484764336916123e+04 9.998234807943292424e+01
5.745938623522326088e+04 1.332832724742960272e+04 9.964917196823171253e+01
5.745938624012031505e+04 1.358774326127492895e+04 1.004560449528542989e+02
5.745938624501737650e+04 1.326862167538018730e+04 9.945264534819770574e+01
5.745938624991443066e+04 1.328360501519383070e+04 9.949344388305384257e+01
5.745938625481148483e+04 1.343489214449625069e+04 9.997131001265375971e+01
5.745938625970853900e+04 1.346351197850963217e+04 1.000971393725268115e+02
5.745938626460560045e+04 1.311595206609019078e+04 9.901943504155197218e+01
5.745938626950265461e+04 1.238961528209869721e+04 9.665508763955304516e+01
5.745938627439970878e+04 1.236408332429448092e+04 9.653769707022952673e+01
5.745938627929676295e+04 1.261256469778387509e+04 9.737804942862707946e+01
5.745938628419382439e+04 1.317441025137553515e+04 9.923195726742073930e+01
5.745938628909087856e+04 1.351347999538185286e+04 1.002639554204833843e+02
5.745938629398793273e+04 1.327167424038181343e+04 9.941159120156856943e+01
5.745938629888498690e+04 1.293825106787473487e+04 9.839628281305269297e+01
5.745938630378204834e+04 1.270679364463394450e+04 9.771272038016340389e+01
5.745938630867910251e+04 1.225709709393929552e+04 9.620138348321944477e+01
5.745938631357615668e+04 1.225918831953042900e+04 9.625631158295630030e+01
5.745938631847321085e+04 1.276581336568335973e+04 9.792237401898238147e+01
5.745938632337027229e+04 1.319556583235637481e+04 9.919493978823287250e+01
5.745938632826732646e+04 1.357254988558345030e+04 1.004161777772944788e+02
5.745938633316438063e+04 1.359013820668945300e+04 1.004953289386941009e+02
5.745938633806143480e+04 1.345958531015580047e+04 1.000891341825599881e+02
5.745938634295849624e+04 1.298817941046454143e+04 9.861472178610262063e+01
5.745938634785555041e+04 1.248019306113942184e+04 9.695272654176831395e+01
5.745938635275260458e+04 1.249884233533100269e+04 9.704129304936040512e+01
5.745938635764965875e+04 1.262716050916706990e+04 9.738926621383268412e+01
5.745938636254672019e+04 1.290317480954767234e+04 9.836616660306692950e+01
5.745938636744377436e+04 1.298043436945233407e+04 9.862058086040462968e+01
5.745938637234082853e+04 1.304077251271620480e+04 9.884015071908629579e+01
5.745938637723788270e+04 1.316318897505772111e+04 9.918073034044778069e+01
5.745938638213494414e+04 1.285937221007937842e+04 9.817844579732468446e+01
5.745938638703199831e+04 1.212362014970229029e+04 9.576193224279965932e+01
5.745938639192905248e+04 1.153602596779538180e+04 9.385061714407551392e+01
5.745938639682610665e+04 1.169122674391335750e+04 9.436196928874710466e+01
5.745938640172316809e+04 1.230624458159361893e+04 9.636209710083232949e+01
5.745938640662022226e+04 1.263672830755490213e+04 9.739753231100173991e+01
5.745938641151727643e+04 1.219572435866396700e+04 9.593194854288431372e+01
5.745938641641433060e+04 1.120132089732902750e+04 9.275092487597476065e+01
5.745938642131139204e+04 9.496397682841938149e+03 8.680398886076598330e+01
5.745938642620844621e+04 8.164726373870113093e+03 8.183133229900192873e+01
5.745938643110550038e+04 7.450255317103657035e+03 7.911201428106123501e+01
5.745938643600255455e+04 7.124270591387890818e+03 7.777681250676936031e+01
5.745938644089961599e+04 6.887974661878719417e+03 7.672633530165116156e+01
5.745938644579667016e+04 6.818093814865331296e+03 7.650060760000120297e+01
5.745938645069372433e+04 6.826390256793935805e+03 7.655564679097470560e+01
5.745938645559077850e+04 6.753847078769075779e+03 7.629989460304688009e+01
5.745938646048783994e+04 6.681478159787929144e+03 7.598296036810262422e+01
5.745938646538489411e+04 6.700927700091495353e+03 7.608489191919953498e+01
5.745938647028194828e+04 6.628974258261438990e+03 7.584971977881366456e+01
