5.742358048260000214e+04 0.000000000000000000e+00 0.000000000000000000e+00
5.742358048452748335e+04 0.000000000000000000e+00 0.000000000000000000e+00
5.742358048645497183e+04 0.000000000000000000e+00 0.000000000000000000e+00
5.742358048838245304e+04 0.000000000000000000e+00 0.000000000000000000e+00
5.742358049030994152e+04 0.000000000000000000e+00 0.000000000000000000e+00
5.742358049223742273e+04 0.000000000000000000e+00 0.000000000000000000e+00
5.742358049416490394e+04 0.000000000000000000e+00 0.000000000000000000e+00
5.742358049609239242e+04 0.000000000000000000e+00 0.000000000000000000e+00
5.742358049801987363e+04 0.000000000000000000e+00 0.000000000000000000e+00
5.742358049994736211e+04 0.000000000000000000e+00 0.000000000000000000e+00
5.742358050187484332e+04 0.000000000000000000e+00 0.000000000000000000e+00
5.742358050380232453e+04 0.000000000000000000e+00 0.000000000000000000e+00
5.742358050572981301e+04 0.000000000000000000e+00 0.000000000000000000e+00
5.742358050765729422e+04 0.000000000000000000e+00 0.000000000000000000e+00
5.742358050958478270e+04 0.000000000000000000e+00 0.000000000000000000e+00
5.742358051151226391e+04 0.000000000000000000e+00 0.000000000000000000e+00
5.742358051343974512e+04 0.000000000000000000e+00 0.000000000000000000e+00
5.742358051536723360e+04 0.000000000000000000e+00 0.000000000000000000e+00
5.742358051729471481e+04 0.000000000000000000e+00 0.000000000000000000e+00
5.742358051922220329e+04 0.000000000000000000e+00 0.000000000000000000e+00
5.742358052114968450e+04 0.000000000000000000e+00 0.000000000000000000e+00
5.742358052307716571e+04 0.000000000000000000e+00 0.000000000000000000e+00
5.742358052500465419e+04 0.000000000000000000e+00 0.000000000000000000e+00
5.742358052693213540e+04 0.000000000000000000e+00 0.000000000000000000e+00
5.742358052885962388e+04 0.000000000000000000e+00 0.000000000000000000e+00
5.742358053078710509e+04 0.000000000000000000e+00 0.000000000000000000e+00
5.742358053271458630e+04 0.000000000000000000e+00 0.000000000000000000e+00
5.742358053464207478e+04 0.000000000000000000e+00 0.000000000000000000e+00
5.742358053656955599e+04 0.000000000000000000e+00 0.000000000000000000e+00
5.742358053849703720e+04 0.000000000000000000e+00 0.000000000000000000e+00
5.742358054042452568e+04 0.000000000000000000e+00 0.000000000000000000e+00
5.742358054235200689e+04 0.000000000000000000e+00 0.000000000000000000e+00
5.742358054427949537e+04 0.000000000000000000e+00 0.000000000000000000e+00
5.742358054620697658e+04 0.000000000000000000e+00 0.000000000000000000e+00
5.742358054813445779e+04 0.000000000000000000e+00 0.000000000000000000e+00
5.742358055006194627e+04 0.000000000000000000e+00 0.000000000000000000e+00
5.742358055198942748e+04 0.000000000000000000e+00 0.000000000000000000e+00
5.742358055391691596e+04 0.000000000000000000e+00 0.000000000000000000e+00
5.742358055584439717e+04 0.000000000000000000e+00 0.000000000000000000e+00
5.742358055777187838e+04 0.000000000000000000e+00 0.000000000000000000e+00
5.742358055969936686e+04 0.000000000000000000e+00 0.000000000000000000e+00
5.742358056162684807e+04 0.000000000000000000e+00 0.000000000000000000e+00
5.742358056355433655e+04 0.000000000000000000e+00 0.000000000000000000e+00
5.742358056548181776e+04 0.000000000000000000e+00 0.000000000000000000e+00
5.742358056740929896e+04 0.000000000000000000e+00 0.000000000000000000e+00
5.742358056933678745e+04 0.000000000000000000e+00 0.000000000000000000e+00
5.742358057126426866e+04 0.000000000000000000e+00 0.000000000000000000e+00
5.742358057319175714e+04 0.000000000000000000e+00 0.000000000000000000e+00
5.742358057511923835e+04 0.000000000000000000e+00 0.000000000000000000e+00
5.742358057704671955e+04 0.000000000000000000e+00 0.000000000000000000e+00
5.742358057897420804e+04 0.000000000000000000e+00 0.000000000000000000e+00
5.742358058090168925e+04 0.000000000000000000e+00 0.000000000000000000e+00
5.742358058282917773e+04 0.000000000000000000e+00 0.000000000000000000e+00
5.742358058475665894e+04 0.000000000000000000e+00 0.000000000000000000e+00
5.742358058668414014e+04 0.000000000000000000e+00 0.000000000000000000e+00
5.742358058861162863e+04 0.000000000000000000e+00 0.000000000000000000e+00
5.742358059053910983e+04 0.000000000000000000e+00 0.000000000000000000e+00
5.742358059246659832e+04 0.000000000000000000e+00 0.000000000000000000e+00
5.742358059439407953e+04 0.000000000000000000e+00 0.000000000000000000e+00
5.742358059632156073e+04 0.000000000000000000e+00 0.000000000000000000e+00
5.742358059824904922e+04 0.000000000000000000e+00 0.000000000000000000e+00
5.742358060017653042e+04 0.000000000000000000e+00 0.000000000000000000e+00
5.742358060210401891e+04 0.000000000000000000e+00 0.000000000000000000e+00
5.742358060403150012e+04 0.000000000000000000e+00 0.000000000000000000e+00
5.742358060595898132e+04 0.000000000000000000e+00 0.000000000000000000e+00
5.742358060788646981e+04 0.000000000000000000e+00 0.000000000000000000e+00
5.742358060981395101e+04 0.000000000000000000e+00 0.000000000000000000e+00
5.742358061174143950e+04 0.000000000000000000e+00 0.000000000000000000e+00
5.742358061366892071e+04 0.000000000000000000e+00 0.000000000000000000e+00
5.742358061559640191e+04 0.000000000000000000e+00 0.000000000000000000e+00
5.742358061752389040e+04 0.000000000000000000e+00 0.000000000000000000e+00
5.742358061945137160e+04 0.000000000000000000e+00 0.000000000000000000e+00
5.742358062137886009e+04 0.000000000000000000e+00 0.000000000000000000e+00
5.742358062330634129e+04 0.000000000000000000e+00 0.000000000000000000e+00
5.742358062523382250e+04 0.000000000000000000e+00 0.000000000000000000e+00
5.742358062716131099e+04 0.000000000000000000e+00 0.000000000000000000e+00
5.742358062908879219e+04 0.000000000000000000e+00 0.000000000000000000e+00
5.742358063101628068e+04 0.000000000000000000e+00 0.000000000000000000e+00
5.742358063294376188e+04 0.000000000000000000e+00 0.000000000000000000e+00
5.742358063487124309e+04 0.000000000000000000e+00 0.000000000000000000e+00
5.742358063679873158e+04 0.000000000000000000e+00 0.000000000000000000e+00
5.742358063872621278e+04 0.000000000000000000e+00 0.000000000000000000e+00
5.742358064065369399e+04 0.000000000000000000e+00 0.000000000000000000e+00
5.742358064258118247e+04 0.000000000000000000e+00 0.000000000000000000e+00
5.742358064450866368e+04 0.000000000000000000e+00 0.000000000000000000e+00
5.742358064643615216e+04 0.000000000000000000e+00 0.000000000000000000e+00
5.742358064836363337e+04 0.000000000000000000e+00 0.000000000000000000e+00
5.742358065029111458e+04 0.000000000000000000e+00 0.000000000000000000e+00
5.742358065221860306e+04 0.000000000000000000e+00 0.000000000000000000e+00
5.742358065414608427e+04 0.000000000000000000e+00 0.000000000000000000e+00
5.742358065607357275e+04 0.000000000000000000e+00 0.000000000000000000e+00
5.742358065800105396e+04 0.000000000000000000e+00 0.000000000000000000e+00
5.742358065992853517e+04 0.000000000000000000e+00 0.000000000000000000e+00
5.742358066185602365e+04 0.000000000000000000e+00 0.000000000000000000e+00
5.742358066378350486e+04 0.000000000000000000e+00 0.000000000000000000e+00
5.742358066571099334e+04 0.000000000000000000e+00 0.000000000000000000e+00
5.742358066763847455e+04 0.000000000000000000e+00 0.000000000000000000e+00
5.742358066956595576e+04 0.000000000000000000e+00 0.000000000000000000e+00
5.742358067149344424e+04 0.000000000000000000e+00 0.000000000000000000e+00
5.742358067342092545e+04 0.000000000000000000e+00 0.000000000000000000e+00
5.742358067534841393e+04 0.000000000000000000e+00 0.000000000000000000e+00
5.742358067727589514e+04 0.000000000000000000e+00 0.000000000000000000e+00
5.742358067920337635e+04 0.000000000000000000e+00 0.000000000000000000e+00
5.742358068113086483e+04 0.000000000000000000e+00 0.000000000000000000e+00
5.742358068305834604e+04 0.000000000000000000e+00 0.000000000000000000e+00
5.742358068498583452e+04 0.000000000000000000e+00 0.000000000000000000e+00
5.742358068691331573e+04 0.000000000000000000e+00 0.000000000000000000e+00
5.742358068884079694e+04 0.000000000000000000e+00 0.000000000000000000e+00
5.742358069076828542e+04 0.000000000000000000e+00 0.000000000000000000e+00
5.742358069269576663e+04 0.000000000000000000e+00 0.000000000000000000e+00
5.742358069462325511e+04 0.000000000000000000e+00 0.000000000000000000e+00
5.742358069655073632e+04 0.000000000000000000e+00 0.000000000000000000e+00
5.742358069847821753e+04 0.000000000000000000e+00 0.000000000000000000e+00
5.742358070040570601e+04 0.000000000000000000e+00 0.000000000000000000e+00
5.742358070233318722e+04 0.000000000000000000e+00 0.000000000000000000e+00
5.742358070426067570e+04 0.000000000000000000e+00 0.000000000000000000e+00
5.742358070618815691e+04 0.000000000000000000e+00 0.000000000000000000e+00
5.742358070811563812e+04 0.000000000000000000e+00 0.000000000000000000e+00
5.742358071004312660e+04 0.000000000000000000e+00 0.000000000000000000e+00
5.742358071197060781e+04 0.000000000000000000e+00 0.000000000000000000e+00
5.742358071389809629e+04 0.000000000000000000e+00 0.000000000000000000e+00
5.742358071582557750e+04 0.000000000000000000e+00 0.000000000000000000e+00
5.742358071775305871e+04 0.000000000000000000e+00 0.000000000000000000e+00
5.742358071968054719e+04 0.000000000000000000e+00 0.000000000000000000e+00
5.742358072160802840e+04 0.000000000000000000e+00 0.000000000000000000e+00
5.742358072353551688e+04 0.000000000000000000e+00 0.000000000000000000e+00
5.742358072546299809e+04 0.000000000000000000e+00 0.000000000000000000e+00
5.742358072739047930e+04 0.000000000000000000e+00 0.000000000000000000e+00
5.742358072931796778e+04 0.000000000000000000e+00 0.000000000000000000e+00
5.742358073124544899e+04 0.000000000000000000e+00 0.000000000000000000e+00
5.742358073317293019e+04 0.000000000000000000e+00 0.000000000000000000e+00
5.742358073510041868e+04 0.000000000000000000e+00 0.000000000000000000e+00
5.742358073702789989e+04 0.000000000000000000e+00 0.000000000000000000e+00
5.742358073895538837e+04 0.000000000000000000e+00 0.000000000000000000e+00
5.742358074088286958e+04 0.000000000000000000e+00 0.000000000000000000e+00
5.742358074281035078e+04 0.000000000000000000e+00 0.000000000000000000e+00
5.742358074473783927e+04 0.000000000000000000e+00 0.000000000000000000e+00
5.742358074666532048e+04 0.000000000000000000e+00 0.000000000000000000e+00
5.742358074859280896e+04 0.000000000000000000e+00 0.000000000000000000e+00
5.742358075052029017e+04 0.000000000000000000e+00 0.000000000000000000e+00
5.742358075244777137e+04 0.000000000000000000e+00 0.000000000000000000e+00
5.742358075437525986e+04 0.000000000000000000e+00 0.000000000000000000e+00
5.742358075630274107e+04 0.000000000000000000e+00 0.000000000000000000e+00
5.742358075823022955e+04 0.000000000000000000e+00 0.000000000000000000e+00
5.742358076015771076e+04 0.000000000000000000e+00 0.000000000000000000e+00
5.742358076208519196e+04 0.000000000000000000e+00 0.000000000000000000e+00
5.742358076401268045e+04 0.000000000000000000e+00 0.000000000000000000e+00
5.742358076594016165e+04 0.000000000000000000e+00 0.000000000000000000e+00
5.742358076786765014e+04 0.000000000000000000e+00 0.000000000000000000e+00
5.742358076979513135e+04 0.000000000000000000e+00 0.000000000000000000e+00
5.742358077172261255e+04 0.000000000000000000e+00 0.000000000000000000e+00
5.742358077365010104e+04 0.000000000000000000e+00 0.000000000000000000e+00
5.742358077557758224e+04 0.000000000000000000e+00 0.000000000000000000e+00
5.742358077750507073e+04 0.000000000000000000e+00 0.000000000000000000e+00
5.742358077943255194e+04 0.000000000000000000e+00 0.000000000000000000e+00
5.742358078136003314e+04 0.000000000000000000e+00 0.000000000000000000e+00
5.742358078328752163e+04 0.000000000000000000e+00 0.000000000000000000e+00
5.742358078521500283e+04 0.000000000000000000e+00 0.000000000000000000e+00
5.742358078714249132e+04 0.000000000000000000e+00 0.000000000000000000e+00
5.742358078906997252e+04 0.000000000000000000e+00 0.000000000000000000e+00
5.742358079099745373e+04 0.000000000000000000e+00 0.000000000000000000e+00
5.742358079292494222e+04 0.000000000000000000e+00 0.000000000000000000e+00
5.742358079485242342e+04 0.000000000000000000e+00 0.000000000000000000e+00
5.742358079677991191e+04 0.000000000000000000e+00 0.000000000000000000e+00
5.742358079870739311e+04 0.000000000000000000e+00 0.000000000000000000e+00
5.742358080063487432e+04 0.000000000000000000e+00 0.000000000000000000e+00
5.742358080256236281e+04 0.000000000000000000e+00 0.000000000000000000e+00
5.742358080448984401e+04 0.000000000000000000e+00 0.000000000000000000e+00
5.742358080641733250e+04 0.000000000000000000e+00 0.000000000000000000e+00
5.742358080834481370e+04 0.000000000000000000e+00 0.000000000000000000e+00
5.742358081027229491e+04 0.000000000000000000e+00 0.000000000000000000e+00
5.742358081219978340e+04 0.000000000000000000e+00 0.000000000000000000e+00
5.742358081412726460e+04 0.000000000000000000e+00 0.000000000000000000e+00
5.742358081605475309e+04 0.000000000000000000e+00 0.000000000000000000e+00
5.742358081798223429e+04 0.000000000000000000e+00 0.000000000000000000e+00
5.742358081990971550e+04 0.000000000000000000e+00 0.000000000000000000e+00
5.742358082183720398e+04 0.000000000000000000e+00 0.000000000000000000e+00
5.742358082376468519e+04 0.000000000000000000e+00 0.000000000000000000e+00
5.742358082569217368e+04 0.000000000000000000e+00 0.000000000000000000e+00
5.742358082761965488e+04 0.000000000000000000e+00 0.000000000000000000e+00
5.742358082954713609e+04 0.000000000000000000e+00 0.000000000000000000e+00
5.742358083147462457e+04 0.000000000000000000e+00 0.000000000000000000e+00
5.742358083340210578e+04 0.000000000000000000e+00 0.000000000000000000e+00
5.742358083532958699e+04 0.000000000000000000e+00 0.000000000000000000e+00
5.742358083725707547e+04 0.000000000000000000e+00 0.000000000000000000e+00
5.742358083918455668e+04 0.000000000000000000e+00 0.000000000000000000e+00
5.742358084111204516e+04 0.000000000000000000e+00 0.000000000000000000e+00
5.742358084303952637e+04 0.000000000000000000e+00 0.000000000000000000e+00
5.742358084496700758e+04 0.000000000000000000e+00 0.000000000000000000e+00
5.742358084689449606e+04 0.000000000000000000e+00 0.000000000000000000e+00
5.742358084882197727e+04 0.000000000000000000e+00 0.000000000000000000e+00
5.742358085074946575e+04 0.000000000000000000e+00 0.000000000000000000e+00
5.742358085267694696e+04 0.000000000000000000e+00 0.000000000000000000e+00
5.742358085460442817e+04 0.000000000000000000e+00 0.000000000000000000e+00
5.742358085653191665e+04 0.000000000000000000e+00 0.000000000000000000e+00
5.742358085845939786e+04 0.000000000000000000e+00 0.000000000000000000e+00
5.742358086038688634e+04 0.000000000000000000e+00 0.000000000000000000e+00
5.742358086231436755e+04 0.000000000000000000e+00 0.000000000000000000e+00
5.742358086424184876e+04 0.000000000000000000e+00 0.000000000000000000e+00
5.742358086616933724e+04 0.000000000000000000e+00 0.000000000000000000e+00
5.742358086809681845e+04 0.000000000000000000e+00 0.000000000000000000e+00
5.742358087002430693e+04 0.000000000000000000e+00 0.000000000000000000e+00
5.742358087195178814e+04 0.000000000000000000e+00 0.000000000000000000e+00
5.742358087387926935e+04 0.000000000000000000e+00 0.000000000000000000e+00
5.742358087580675783e+04 0.000000000000000000e+00 0.000000000000000000e+00
5.742358087773423904e+04 0.000000000000000000e+00 0.000000000000000000e+00
5.742358087966172752e+04 0.000000000000000000e+00 0.000000000000000000e+00
5.742358088158920873e+04 0.000000000000000000e+00 0.000000000000000000e+00
5.742358088351668994e+04 0.000000000000000000e+00 0.000000000000000000e+00
5.742358088544417842e+04 0.000000000000000000e+00 0.000000000000000000e+00
5.742358088737165963e+04 0.000000000000000000e+00 0.000000000000000000e+00
5.742358088929914811e+04 0.000000000000000000e+00 0.000000000000000000e+00
5.742358089122662932e+04 0.000000000000000000e+00 0.000000000000000000e+00
5.742358089315411053e+04 0.000000000000000000e+00 0.000000000000000000e+00
5.742358089508159901e+04 0.000000000000000000e+00 0.000000000000000000e+00
5.742358089700908022e+04 0.000000000000000000e+00 0.000000000000000000e+00
5.742358089893656870e+04 0.000000000000000000e+00 0.000000000000000000e+00
5.742358090086404991e+04 0.000000000000000000e+00 0.000000000000000000e+00
5.742358090279153112e+04 0.000000000000000000e+00 0.000000000000000000e+00
5.742358090471901960e+04 0.000000000000000000e+00 0.000000000000000000e+00
5.742358090664650081e+04 0.000000000000000000e+00 0.000000000000000000e+00
5.742358090857398929e+04 0.000000000000000000e+00 0.000000000000000000e+00
5.742358091050147050e+04 0.000000000000000000e+00 0.000000000000000000e+00
5.742358091242895171e+04 0.000000000000000000e+00 0.000000000000000000e+00
5.742358091435644019e+04 0.000000000000000000e+00 0.000000000000000000e+00
5.742358091628392140e+04 0.000000000000000000e+00 0.000000000000000000e+00
5.742358091821140988e+04 0.000000000000000000e+00 0.000000000000000000e+00
5.742358092013889109e+04 0.000000000000000000e+00 0.000000000000000000e+00
5.742358092206637230e+04 0.000000000000000000e+00 0.000000000000000000e+00
5.742358092399386078e+04 0.000000000000000000e+00 0.000000000000000000e+00
5.742358092592134199e+04 0.000000000000000000e+00 0.000000000000000000e+00
5.742358092784883047e+04 0.000000000000000000e+00 0.000000000000000000e+00
5.742358092977631168e+04 0.000000000000000000e+00 0.000000000000000000e+00
5.742358093170379288e+04 0.000000000000000000e+00 0.000000000000000000e+00
5.742358093363128137e+04 0.000000000000000000e+00 0.000000000000000000e+00
5.742358093555876258e+04 0.000000000000000000e+00 0.000000000000000000e+00
5.742358093748624378e+04 0.000000000000000000e+00 0.000000000000000000e+00
5.742358093941373227e+04 0.000000000000000000e+00 0.000000000000000000e+00
5.742358094134121347e+04 0.000000000000000000e+00 0.000000000000000000e+00
5.742358094326870196e+04 0.000000000000000000e+00 0.000000000000000000e+00
5.742358094519618317e+04 0.000000000000000000e+00 0.000000000000000000e+00
5.742358094712366437e+04 0.000000000000000000e+00 0.000000000000000000e+00
5.742358094905115286e+04 0.000000000000000000e+00 0.000000000000000000e+00
5.742358095097863406e+04 0.000000000000000000e+00 0.000000000000000000e+00
5.742358095290612255e+04 0.000000000000000000e+00 0.000000000000000000e+00
5.742358095483360376e+04 0.000000000000000000e+00 0.000000000000000000e+00
5.742358095676108496e+04 0.000000000000000000e+00 0.000000000000000000e+00
5.742358095868857345e+04 0.000000000000000000e+00 0.000000000000000000e+00
5.742358096061605465e+04 0.000000000000000000e+00 0.000000000000000000e+00
5.742358096254354314e+04 0.000000000000000000e+00 0.000000000000000000e+00
5.742358096447102434e+04 0.000000000000000000e+00 0.000000000000000000e+00
5.742358096639850555e+04 0.000000000000000000e+00 0.000000000000000000e+00
5.742358096832599404e+04 0.000000000000000000e+00 0.000000000000000000e+00
5.742358097025347524e+04 0.000000000000000000e+00 0.000000000000000000e+00
5.742358097218096373e+04 0.000000000000000000e+00 0.000000000000000000e+00
5.742358097410844493e+04 0.000000000000000000e+00 0.000000000000000000e+00
5.742358097603592614e+04 0.000000000000000000e+00 0.000000000000000000e+00
5.742358097796341463e+04 0.000000000000000000e+00 0.000000000000000000e+00
5.742358097989089583e+04 0.000000000000000000e+00 0.000000000000000000e+00
5.742358098181838432e+04 0.000000000000000000e+00 0.000000000000000000e+00
5.742358098374586552e+04 0.000000000000000000e+00 0.000000000000000000e+00
5.742358098567334673e+04 0.000000000000000000e+00 0.000000000000000000e+00
5.742358098760083521e+04 0.000000000000000000e+00 0.000000000000000000e+00
5.742358098952831642e+04 0.000000000000000000e+00 0.000000000000000000e+00
5.742358099145580491e+04 0.000000000000000000e+00 0.000000000000000000e+00
5.742358099338328611e+04 0.000000000000000000e+00 0.000000000000000000e+00
5.742358099531076732e+04 0.000000000000000000e+00 0.000000000000000000e+00
5.742358099723825580e+04 0.000000000000000000e+00 0.000000000000000000e+00
5.742358099916573701e+04 0.000000000000000000e+00 0.000000000000000000e+00
5.742358100109322550e+04 0.000000000000000000e+00 0.000000000000000000e+00
5.742358100302070670e+04 0.000000000000000000e+00 0.000000000000000000e+00
5.742358100494818791e+04 0.000000000000000000e+00 0.000000000000000000e+00
5.742358100687567639e+04 0.000000000000000000e+00 0.000000000000000000e+00
5.742358100880315760e+04 0.000000000000000000e+00 0.000000000000000000e+00
5.742358101073064608e+04 0.000000000000000000e+00 0.000000000000000000e+00
5.742358101265812729e+04 0.000000000000000000e+00 0.000000000000000000e+00
5.742358101458560850e+04 0.000000000000000000e+00 0.000000000000000000e+00
5.742358101651309698e+04 0.000000000000000000e+00 0.000000000000000000e+00
5.742358101844057819e+04 0.000000000000000000e+00 0.000000000000000000e+00
5.742358102036806667e+04 0.000000000000000000e+00 0.000000000000000000e+00
5.742358102229554788e+04 0.000000000000000000e+00 0.000000000000000000e+00
5.742358102422302909e+04 0.000000000000000000e+00 0.000000000000000000e+00
5.742358102615051757e+04 0.000000000000000000e+00 0.000000000000000000e+00
5.742358102807799878e+04 0.000000000000000000e+00 0.000000000000000000e+00
5.742358103000547999e+04 0.000000000000000000e+00 0.000000000000000000e+00
5.742358103193296847e+04 0.000000000000000000e+00 0.000000000000000000e+00
5.742358103386044968e+04 0.000000000000000000e+00 0.000000000000000000e+00
5.742358103578793816e+04 0.000000000000000000e+00 0.000000000000000000e+00
5.742358103771541937e+04 0.000000000000000000e+00 0.000000000000000000e+00
5.742358103964290058e+04 0.000000000000000000e+00 0.000000000000000000e+00
5.742358104157038906e+04 0.000000000000000000e+00 0.000000000000000000e+00
5.742358104349787027e+04 0.000000000000000000e+00 0.000000000000000000e+00
5.742358104542535875e+04 0.000000000000000000e+00 0.000000000000000000e+00
5.742358104735283996e+04 0.000000000000000000e+00 0.000000000000000000e+00
5.742358104928032117e+04 0.000000000000000000e+00 0.000000000000000000e+00
5.742358105120780965e+04 0.000000000000000000e+00 0.000000000000000000e+00
5.742358105313529086e+04 0.000000000000000000e+00 0.000000000000000000e+00
5.742358105506277934e+04 0.000000000000000000e+00 0.000000000000000000e+00
5.742358105699026055e+04 0.000000000000000000e+00 0.000000000000000000e+00
5.742358105891774176e+04 0.000000000000000000e+00 0.000000000000000000e+00
5.742358106084523024e+04 0.000000000000000000e+00 0.000000000000000000e+00
5.742358106277271145e+04 0.000000000000000000e+00 0.000000000000000000e+00
5.742358106470019993e+04 0.000000000000000000e+00 0.000000000000000000e+00
5.742358106662768114e+04 0.000000000000000000e+00 0.000000000000000000e+00
5.742358106855516235e+04 0.000000000000000000e+00 0.000000000000000000e+00
5.742358107048265083e+04 0.000000000000000000e+00 0.000000000000000000e+00
5.742358107241013204e+04 0.000000000000000000e+00 0.000000000000000000e+00
5.742358107433762052e+04 0.000000000000000000e+00 0.000000000000000000e+00
5.742358107626510173e+04 0.000000000000000000e+00 0.000000000000000000e+00
5.742358107819258294e+04 0.000000000000000000e+00 0.000000000000000000e+00
5.742358108012007142e+04 0.000000000000000000e+00 0.000000000000000000e+00
5.742358108204755263e+04 0.000000000000000000e+00 0.000000000000000000e+00
5.742358108397504111e+04 0.000000000000000000e+00 0.000000000000000000e+00
5.742358108590252232e+04 0.000000000000000000e+00 0.000000000000000000e+00
5.742358108783000353e+04 0.000000000000000000e+00 0.000000000000000000e+00
5.742358108975749201e+04 0.000000000000000000e+00 0.000000000000000000e+00
5.742358109168497322e+04 0.000000000000000000e+00 0.000000000000000000e+00
5.742358109361246170e+04 0.000000000000000000e+00 0.000000000000000000e+00
5.742358109553994291e+04 0.000000000000000000e+00 0.000000000000000000e+00
5.742358109746742412e+04 0.000000000000000000e+00 0.000000000000000000e+00
5.742358109939491260e+04 0.000000000000000000e+00 0.000000000000000000e+00
5.742358110132239381e+04 0.000000000000000000e+00 0.000000000000000000e+00
5.742358110324988229e+04 0.000000000000000000e+00 0.000000000000000000e+00
5.742358110517736350e+04 0.000000000000000000e+00 0.000000000000000000e+00
5.742358110710484470e+04 0.000000000000000000e+00 0.000000000000000000e+00
5.742358110903233319e+04 0.000000000000000000e+00 0.000000000000000000e+00
5.742358111095981440e+04 0.000000000000000000e+00 0.000000000000000000e+00
5.742358111288730288e+04 0.000000000000000000e+00 0.000000000000000000e+00
5.742358111481478409e+04 0.000000000000000000e+00 0.000000000000000000e+00
5.742358111674226529e+04 0.000000000000000000e+00 0.000000000000000000e+00
5.742358111866975378e+04 0.000000000000000000e+00 0.000000000000000000e+00
5.742358112059723499e+04 0.000000000000000000e+00 0.000000000000000000e+00
5.742358112252472347e+04 0.000000000000000000e+00 0.000000000000000000e+00
5.742358112445220468e+04 0.000000000000000000e+00 0.000000000000000000e+00
5.742358112637968588e+04 0.000000000000000000e+00 0.000000000000000000e+00
5.742358112830717437e+04 0.000000000000000000e+00 0.000000000000000000e+00
5.742358113023465557e+04 0.000000000000000000e+00 0.000000000000000000e+00
5.742358113216213678e+04 0.000000000000000000e+00 0.000000000000000000e+00
5.742358113408962527e+04 0.000000000000000000e+00 0.000000000000000000e+00
5.742358113601710647e+04 0.000000000000000000e+00 0.000000000000000000e+00
5.742358113794459496e+04 0.000000000000000000e+00 0.000000000000000000e+00
5.742358113987207616e+04 0.000000000000000000e+00 0.000000000000000000e+00
5.742358114179955737e+04 0.000000000000000000e+00 0.000000000000000000e+00
5.742358114372704586e+04 0.000000000000000000e+00 0.000000000000000000e+00
5.742358114565452706e+04 0.000000000000000000e+00 0.000000000000000000e+00
5.742358114758201555e+04 0.000000000000000000e+00 0.000000000000000000e+00
5.742358114950949675e+04 0.000000000000000000e+00 0.000000000000000000e+00
5.742358115143697796e+04 0.000000000000000000e+00 0.000000000000000000e+00
5.742358115336446645e+04 0.000000000000000000e+00 0.000000000000000000e+00
5.742358115529194765e+04 0.000000000000000000e+00 0.000000000000000000e+00
5.742358115721943614e+04 0.000000000000000000e+00 0.000000000000000000e+00
5.742358115914691734e+04 0.000000000000000000e+00 0.000000000000000000e+00
5.742358116107439855e+04 0.000000000000000000e+00 0.000000000000000000e+00
5.742358116300188703e+04 0.000000000000000000e+00 0.000000000000000000e+00
5.742358116492936824e+04 0.000000000000000000e+00 0.000000000000000000e+00
5.742358116685685673e+04 0.000000000000000000e+00 0.000000000000000000e+00
5.742358116878433793e+04 0.000000000000000000e+00 0.000000000000000000e+00
5.742358117071181914e+04 0.000000000000000000e+00 0.000000000000000000e+00
5.742358117263930762e+04 0.000000000000000000e+00 0.000000000000000000e+00
5.742358117456678883e+04 0.000000000000000000e+00 0.000000000000000000e+00
5.742358117649427732e+04 0.000000000000000000e+00 0.000000000000000000e+00
5.742358117842175852e+04 0.000000000000000000e+00 0.000000000000000000e+00
