5.742358048260000214e+04 2.021938438370177755e+06 1.137337911080678396e+03
5.742358048453822266e+04 2.018703673749590060e+06 1.136448765274305515e+03
5.742358048647644318e+04 2.012600570525354007e+06 1.134769296631851148e+03
5.742358048841467098e+04 2.003985154611580074e+06 1.132394243023266881e+03
5.742358049035289150e+04 2.000775479576277314e+06 1.131508141700789338e+03
5.742358049229111202e+04 1.992927080520908581e+06 1.129338490146142021e+03
5.742358049422933254e+04 1.990687829839712009e+06 1.128718695534817471e+03
5.742358049616756034e+04 1.985260083043337567e+06 1.127214953725369014e+03
5.742358049810578086e+04 1.979519995193290990e+06 1.125622493110281994e+03
5.742358050004400138e+04 1.970782593222690281e+06 1.123194159869156920e+03
5.742358050198222190e+04 1.966795448714635568e+06 1.122084290704868181e+03
5.742358050392044242e+04 1.958722663675004616e+06 1.119833766590772939e+03
5.742358050585867022e+04 1.953435697697583120e+06 1.118357416509136101e+03
5.742358050779689074e+04 1.958763671842619311e+06 1.119845210241860514e+03
5.742358050973511126e+04 1.944080316921393387e+06 1.115740201873119986e+03
5.742358051167333178e+04 1.933897762577536050e+06 1.112884585934660208e+03
5.742358051361155958e+04 1.925836105019154027e+06 1.110618550915196693e+03
5.742358051554978010e+04 1.921953958201943664e+06 1.109525675176656250e+03
5.742358051748800062e+04 1.914346503111308906e+06 1.107380948203719072e+03
5.742358051942622114e+04 1.906888384173731087e+06 1.105274282750024895e+03
5.742358052136444894e+04 1.898542952832147479e+06 1.102912211157394040e+03
5.742358052330266946e+04 1.897813660912273219e+06 1.102705553658895269e+03
5.742358052524088998e+04 1.891015353374070954e+06 1.100777268959890080e+03
5.742358052717911050e+04 1.884879511490373174e+06 1.099033982496211593e+03
5.742358052911733103e+04 1.881006350867990404e+06 1.097932133281695087e+03
5.742358053105555882e+04 1.872669506439313758e+06 1.095556681109914507e+03
5.742358053299377934e+04 1.870624526958811330e+06 1.094973209420786361e+03
5.742358053493199986e+04 1.864426966207490303e+06 1.093203025004816482e+03
5.742358053687022039e+04 1.856921237464005593e+06 1.091055348465421957e+03
5.742358053880844818e+04 1.852078535494860262e+06 1.089667419300167694e+03
5.742358054074666870e+04 1.846410772743799724e+06 1.088040777252798989e+03
5.742358054268488922e+04 1.838863752326588146e+06 1.085871007626650680e+03
5.742358054462310974e+04 1.834615449343485758e+06 1.084647710475469921e+03
5.742358054656133027e+04 1.828030200325010344e+06 1.082748759040217692e+03
5.742358054849955806e+04 1.823380778982634190e+06 1.081406023131065467e+03
5.742358055043777858e+04 1.815488035634514410e+06 1.079122802220197400e+03
5.742358055237599910e+04 1.805314961073465180e+06 1.076172779190644405e+03
5.742358055431421963e+04 1.794759468856282532e+06 1.073103288614463509e+03
5.742358055625244742e+04 1.785899056300419383e+06 1.070519925170831129e+03
5.742358055819066794e+04 1.781926539901605109e+06 1.069359662339338001e+03
5.742358056012888846e+04 1.773167409132793546e+06 1.066796902277090339e+03
5.742358056206710899e+04 1.770069789404645329e+06 1.065889121052421388e+03
5.742358056400532951e+04 1.760217066196902655e+06 1.062996550499136902e+03
5.742358056594355730e+04 1.754226038867951371e+06 1.061233845244519898e+03
5.742358056788177782e+04 1.747558099273029715e+06 1.059268526883359982e+03
5.742358056981999835e+04 1.744578354531030171e+06 1.058389092716801315e+03
5.742358057175821887e+04 1.737257361956249690e+06 1.056225284313273733e+03
5.742358057369644666e+04 1.734877741459538229e+06 1.055521003302260851e+03
5.742358057563466718e+04 1.726673595109846676e+06 1.053089263521214434e+03
5.742358057757288771e+04 1.720268921267289435e+06 1.051186984219294800e+03
5.742358057951110823e+04 1.717610587431459222e+06 1.050396409525785657e+03
5.742358058144933602e+04 1.711261966728756204e+06 1.048505950963308806e+03
5.742358058338755654e+04 1.702575451764321420e+06 1.045913790593039721e+03
5.742358058532577707e+04 1.696438377189106774e+06 1.044078534279482028e+03
5.742358058726399759e+04 1.691136228053426370e+06 1.042490356086516158e+03
5.742358058920221811e+04 1.686665978994446108e+06 1.041149478639608560e+03
5.742358059114044590e+04 1.681934340063034557e+06 1.039728311887002747e+03
5.742358059307866642e+04 1.675320212611863390e+06 1.037738470368336493e+03
5.742358059501688695e+04 1.668699763029706199e+06 1.035742898548460289e+03
5.742358059695510747e+04 1.664440068206833908e+06 1.034456882924209367e+03
5.742358059889333526e+04 1.658143225658511976e+06 1.032552911979124701e+03
5.742358060083155578e+04 1.654635706839764491e+06 1.031490822438499890e+03
5.742358060276977631e+04 1.644178486863104627e+06 1.028317827468453743e+03
5.742358060470799683e+04 1.640827084065140225e+06 1.027298850160318580e+03
5.742358060664621735e+04 1.635088047229945660e+06 1.025551573310048525e+03
5.742358060858444514e+04 1.632300684568098979e+06 1.024701872670808598e+03
5.742358061052266567e+04 1.623137206916080788e+06 1.021903495601492978e+03
5.742358061246088619e+04 1.615231039577336516e+06 1.019482908015546514e+03
5.742358061439910671e+04 1.611946916439434513e+06 1.018475734995511061e+03
5.742358061633733450e+04 1.606171461488262750e+06 1.016702101615888409e+03
5.742358061827555503e+04 1.599926567146698013e+06 1.014780815972930327e+03
5.742358062021377555e+04 1.593072230511482805e+06 1.012667835012881596e+03
5.742358062215199607e+04 1.586671468100648141e+06 1.010690688372513364e+03
5.742358062409021659e+04 1.580964800743405707e+06 1.008924675317552442e+03
5.742358062602844439e+04 1.575968912314087385e+06 1.007376081806742377e+03
5.742358062796666491e+04 1.569775998495125212e+06 1.005453131209731396e+03
5.742358062990488543e+04 1.563638098506473005e+06 1.003543627136631130e+03
5.742358063184310595e+04 1.558830617086838232e+06 1.002045475853902531e+03
5.742358063378133374e+04 1.552279466738294344e+06 1.000000333355661382e+03
5.742358063571955427e+04 1.547138234071031911e+06 9.983924059679113725e+02
5.742358063765777479e+04 1.540509496860135579e+06 9.963154297397911705e+02
5.742358063959599531e+04 1.535632018172396580e+06 9.947844044604578357e+02
5.742358064153422310e+04 1.529301399853321258e+06 9.927937222345464079e+02
5.742358064347244363e+04 1.523611020387938013e+06 9.910009524427618999e+02
5.742358064541066415e+04 1.517238452147070784e+06 9.889893996357692458e+02
5.742358064734888467e+04 1.511792063969398150e+06 9.872669547700226076e+02
5.742358064928710519e+04 1.507181751987482421e+06 9.858065707795706203e+02
5.742358065122533299e+04 1.503063413363264408e+06 9.845001946937543380e+02
5.742358065316355351e+04 1.495806922554607503e+06 9.821941389545295351e+02
5.742358065510177403e+04 1.490379574537454871e+06 9.804658250474154784e+02
5.742358065703999455e+04 1.483020895774380071e+06 9.781176104431344811e+02
5.742358065897822235e+04 1.478625609045251273e+06 9.767123453982150068e+02
5.742358066091644287e+04 1.475632822431782261e+06 9.757543307717695598e+02
5.742358066285466339e+04 1.466934066184121650e+06 9.729644347894100065e+02
5.742358066479288391e+04 1.461582007705634926e+06 9.712439213791876682e+02
5.742358066673110443e+04 1.454710065325372852e+06 9.690303353499094783e+02
5.742358066866933223e+04 1.447715235936426558e+06 9.667719599058852964e+02
5.742358067060755275e+04 1.442651783542335732e+06 9.651338584434595305e+02
5.742358067254577327e+04 1.437027732454163954e+06 9.633111297934082131e+02
5.742358067448399379e+04 1.431666495980219683e+06 9.615703614336483724e+02
5.742358067642222159e+04 1.427259303761977935e+06 9.601370031673793619e+02
5.742358067836044211e+04 1.418800964499869384e+06 9.573800722870820437e+02
5.742358068029866263e+04 1.413353788255847059e+06 9.556003964314290897e+02
5.742358068223688315e+04 1.408447056710927282e+06 9.539944499022672062e+02
5.742358068417510367e+04 1.403496804241887294e+06 9.523715150355870946e+02
5.742358068611333147e+04 1.397909925188140012e+06 9.505365344070618221e+02
5.742358068805155199e+04 1.391425023886370240e+06 9.484021509512624561e+02
5.742358068998977251e+04 1.385972265110067558e+06 9.466037532641586267e+02
5.742358069192799303e+04 1.380653593713300303e+06 9.448462817150801811e+02
5.742358069386622083e+04 1.374851448322686134e+06 9.429253179343943430e+02
5.742358069580444135e+04 1.369268789989002515e+06 9.410733200676377237e+02
5.742358069774266187e+04 1.367207427481095772e+06 9.403885591475923320e+02
5.742358069968088239e+04 1.360333426105353516e+06 9.381014824185311909e+02
5.742358070161910291e+04 1.364101776891651331e+06 9.393559551933877856e+02
5.742358070355733071e+04 1.358079789288088214e+06 9.373504511681077247e+02
5.742358070549555123e+04 1.351415658666965552e+06 9.351260806259514311e+02
5.742358070743377175e+04 1.346717294961780310e+06 9.335546632903253794e+02
5.742358070937199227e+04 1.340526849323429866e+06 9.314801558955207383e+02
5.742358071131022007e+04 1.336185992179184686e+06 9.300227121484670079e+02
5.742358071324844059e+04 1.329001183588083601e+06 9.276053793195424078e+02
5.742358071518666111e+04 1.330459466910195071e+06 9.280965288260008492e+02
5.742358071712488163e+04 1.316156263066100189e+06 9.232679266693457976e+02
5.742358071906310943e+04 1.311721623050653841e+06 9.217657047247193987e+02
5.742358072100132995e+04 1.304556730035298038e+06 9.193334304114373481e+02
5.742358072293955047e+04 1.300684877845834009e+06 9.180163662231988155e+02
5.742358072487777099e+04 1.293643902749838773e+06 9.156164258130415874e+02
5.742358072681599151e+04 1.289200238570956048e+06 9.140985445272558536e+02
5.742358072875421931e+04 1.283546337890498806e+06 9.121636153572239891e+02
5.742358073069243983e+04 1.277744206886042142e+06 9.101736808454617176e+02
5.742358073263066035e+04 1.271487757826362737e+06 9.080230441136814079e+02
5.742358073456888087e+04 1.266494991774711059e+06 9.063031335371154000e+02
5.742358073650710867e+04 1.259703199980947189e+06 9.039582401793193185e+02
5.742358073844532919e+04 1.255128757087195292e+06 9.023754613128046458e+02
5.742358074038354971e+04 1.246293971185409464e+06 8.993106982522118642e+02
5.742358074232177023e+04 1.241968988556155935e+06 8.978065592585061268e+02
5.742358074425999075e+04 1.237883210933738388e+06 8.963832923663774181e+02
5.742358074619821855e+04 1.230528384668434504e+06 8.938155516759436523e+02
5.742358074813643907e+04 1.234747354701094795e+06 8.952893927039368691e+02
5.742358075007465959e+04 1.223753981797057902e+06 8.914439066049872054e+02
5.742358075201288011e+04 1.216583545936402166e+06 8.889267215076006323e+02
5.742358075395110791e+04 1.206229529803962912e+06 8.852793096686924628e+02
5.742358075588932843e+04 1.203101996059748810e+06 8.841746137145890998e+02
5.742358075782754895e+04 1.199814476112033706e+06 8.830119181358884362e+02
5.742358075976576947e+04 1.191297904034800362e+06 8.799927215731673869e+02
5.742358076170398999e+04 1.183513506073625525e+06 8.772239972185074066e+02
5.742358076364221779e+04 1.179379443107373314e+06 8.757500510660038344e+02
5.742358076558043831e+04 1.176249467257617973e+06 8.746324468232420486e+02
5.742358076751865883e+04 1.167930990583864972e+06 8.716552467087636842e+02
5.742358076945687935e+04 1.159955215129289543e+06 8.687911195769704591e+02
5.742358077139510715e+04 1.155845585846445058e+06 8.673116459232103352e+02
5.742358077333332767e+04 1.149826961390164215e+06 8.651403648361649630e+02
5.742358077527154819e+04 1.143128554840115132e+06 8.627174200020954231e+02
5.742358077720976871e+04 1.137791812809295021e+06 8.607821344601718465e+02
5.742358077914799651e+04 1.131201413913582917e+06 8.583862089386043408e+02
5.742358078108621703e+04 1.127270231650349218e+06 8.569538463543227635e+02
5.742358078302443755e+04 1.120249119224592112e+06 8.543896649160557217e+02
5.742358078496265807e+04 1.115432509051399305e+06 8.526261303508850915e+02
5.742358078690087859e+04 1.107730199220458511e+06 8.497984316958854834e+02
5.742358078883910639e+04 1.105127647003747988e+06 8.488408445505803002e+02
5.742358079077732691e+04 1.098864504457945470e+06 8.465319340026197779e+02
5.742358079271554743e+04 1.085783426316642202e+06 8.416891596354923877e+02
5.742358079465376795e+04 1.075965949227120727e+06 8.380362272998407889e+02
5.742358079659199575e+04 1.067684478671766352e+06 8.349423927253028523e+02
5.742358079853021627e+04 1.064452643381753005e+06 8.337319126155574622e+02
5.742358080046843679e+04 1.057536020666223485e+06 8.311353758061255803e+02
5.742358080240665731e+04 1.051107857046410209e+06 8.287149151873678647e+02
5.742358080434487783e+04 1.047661348043956095e+06 8.274142508607599211e+02
5.742358080628310563e+04 1.040057643497693702e+06 8.245374625728406954e+02
5.742358080822132615e+04 1.034768946326316334e+06 8.225306021382716608e+02
5.742358081015954667e+04 1.029190824264209834e+06 8.204085964719841968e+02
5.742358081209776719e+04 1.022806273606059491e+06 8.179730564045414667e+02
5.742358081403599499e+04 1.015942787246755441e+06 8.153467005079630781e+02
5.742358081597421551e+04 1.009109468205581885e+06 8.127234570433466843e+02
5.742358081791243603e+04 1.004778728222771431e+06 8.110565363396266321e+02
5.742358081985065655e+04 1.000738088973556994e+06 8.094981813497008716e+02
5.742358082178887707e+04 9.958868531611703802e+05 8.076232309844309611e+02
5.742358082372710487e+04 9.914127190403507557e+05 8.058901596372915037e+02
5.742358082566532539e+04 9.835464747590320185e+05 8.028340717261537520e+02
5.742358082760354591e+04 9.788917399730521720e+05 8.010201854405153199e+02
5.742358082954176643e+04 9.720391316382199293e+05 7.983423183534038117e+02
5.742358083147999423e+04 9.655513462176594185e+05 7.957987128577408384e+02
5.742358083341821475e+04 9.604827074967991794e+05 7.938058277598493078e+02
5.742358083535643527e+04 9.549165798739845632e+05 7.916115603130365344e+02
5.742358083729465579e+04 9.493651232934485888e+05 7.894170013740554168e+02
5.742358083923288359e+04 9.445003499959290493e+05 7.874888689673369981e+02
5.742358084117110411e+04 9.376901490326031344e+05 7.847817168776149401e+02
5.742358084310932463e+04 9.322543171208847780e+05 7.826141758239195951e+02
5.742358084504754515e+04 9.287021406085793860e+05 7.811944942716647802e+02
5.742358084698576567e+04 9.207773734476850368e+05 7.780179036531249039e+02
5.742358084892399347e+04 9.161798779227852356e+05 7.761690690189481074e+02
5.742358085086221399e+04 9.101267439876575954e+05 7.737281273110638722e+02
5.742358085280043451e+04 9.060383210541489534e+05 7.720750939247056976e+02
5.742358085473865503e+04 8.979586769383776700e+05 7.687978753134572116e+02
5.742358085667688283e+04 8.926388456086337101e+05 7.666324272461972669e+02
5.742358085861510335e+04 8.872986091660941020e+05 7.644525039064290013e+02
5.742358086055332387e+04 8.814731645028025378e+05 7.620674037211219911e+02
5.742358086249154439e+04 8.759636383206731407e+05 7.598047604157403612e+02
5.742358086442976492e+04 8.714416122632289771e+05 7.579426150207666524e+02
5.742358086636799271e+04 8.631994794294798048e+05 7.545367284920097291e+02
5.742358086830621323e+04 8.589926668449882418e+05 7.527924128058928090e+02
5.742358087024443375e+04 8.585223095215020003e+05 7.525971322367224730e+02
5.742358087218265428e+04 8.579923425460470608e+05 7.523770425068001941e+02
5.742358087412088207e+04 8.525672748753693886e+05 7.501203548745399985e+02
5.742358087605910259e+04 8.460644268998976331e+05 7.474063598956299757e+02
5.742358087799732311e+04 8.414515413282569498e+05 7.454751594319965307e+02
5.742358087993554363e+04 8.340999475673134439e+05 7.423870063717245102e+02
5.742358088187376416e+04 8.298168919719713740e+05 7.405819046415340381e+02
5.742358088381199195e+04 8.219520689073575195e+05 7.372557514642380738e+02
5.742358088575021247e+04 8.185018627363888081e+05 7.357918620168634334e+02
5.742358088768843299e+04 8.114176668419821654e+05 7.327769386220057868e+02
5.742358088962665352e+04 8.072094113050063606e+05 7.309800832208966312e+02
5.742358089156488131e+04 7.991152273048084462e+05 7.275115236650930228e+02
5.742358089350310183e+04 7.949374372713575140e+05 7.257147499497294802e+02
5.742358089544132235e+04 7.898884651923161000e+05 7.235373457847200598e+02
5.742358089737954288e+04 7.811180099190853070e+05 7.197393668540219096e+02
5.742358089931777067e+04 7.768433174859846476e+05 7.178809604863054119e+02
5.742358090125599119e+04 7.716106191074893577e+05 7.155994947889362265e+02
5.742358090319421171e+04 7.652717096428098157e+05 7.128259384497425799e+02
5.742358090513243224e+04 7.589355004124396946e+05 7.100427365713804875e+02
5.742358090707065276e+04 7.532232075333688408e+05 7.075242078603074560e+02
5.742358090900888055e+04 7.462985951335038990e+05 7.044590988541775687e+02
5.742358091094710107e+04 7.413014520715277176e+05 7.022388536279552227e+02
5.742358091288532160e+04 7.360805022576858755e+05 6.999116472177424839e+02
5.742358091482354212e+04 7.302718992395349778e+05 6.973133707485533250e+02
5.742358091676176991e+04 7.236168071348883677e+05 6.943244950736687997e+02
5.742358091869999043e+04 7.194660787331454922e+05 6.924538246036452165e+02
5.742358092063821096e+04 7.148627461804822087e+05 6.903732442402452989e+02
5.742358092257643148e+04 7.081915797344972380e+05 6.873468828285036807e+02
5.742358092451465200e+04 6.990025174803393893e+05 6.831563316146693978e+02
5.742358092645287979e+04 6.959096509410378058e+05 6.817400764500710011e+02
5.742358092839110031e+04 6.910326247492213733e+05 6.795008391961436018e+02
5.742358093032932084e+04 6.826602101686974056e+05 6.756394240683679300e+02
5.742358093226754136e+04 6.762122692288444377e+05 6.726504800176892331e+02
5.742358093420576915e+04 6.733458963263400365e+05 6.713174995514137890e+02
5.742358093614398967e+04 6.666427121277883416e+05 6.681898645444030080e+02
5.742358093808221020e+04 6.615117958796021994e+05 6.657859058471809703e+02
5.742358094002043072e+04 6.542725375612895004e+05 6.623792991751824957e+02
5.742358094195865124e+04 6.505715340521524195e+05 6.606309172167127599e+02
5.742358094389687903e+04 6.417877627151405904e+05 6.564627572809921503e+02
5.742358094583509956e+04 6.367491044475854142e+05 6.540597757695704786e+02
5.742358094777332008e+04 6.296754250923600048e+05 6.506713000299959049e+02
5.742358094971154060e+04 6.243394664286463521e+05 6.481035152796997636e+02
5.742358095164976839e+04 6.199845010825559730e+05 6.460002423967017648e+02
5.742358095358798892e+04 6.140735327794784680e+05 6.431344789289204300e+02
5.742358095552620944e+04 6.070173999700848944e+05 6.396967054638495256e+02
5.742358095746442996e+04 6.007864148648806149e+05 6.366455130530257520e+02
5.742358095940265775e+04 5.976766719591044821e+05 6.351172489977266196e+02
5.742358096134087828e+04 5.894615963145820424e+05 6.310621979619867261e+02
5.742358096327909880e+04 5.859285608515141066e+05 6.293102180421007006e+02
5.742358096521731932e+04 5.795816110162367113e+05 6.261505465023151373e+02
5.742358096715553984e+04 5.726838871012249729e+05 6.226985060510950234e+02
5.742358096909376764e+04 5.663266836223226273e+05 6.194999412945505810e+02
5.742358097103198816e+04 5.605170516320846509e+05 6.165623709488382929e+02
5.742358097297020868e+04 5.546345047044196399e+05 6.135736023007037829e+02
5.742358097490842920e+04 5.504131161016373662e+05 6.114198210424023046e+02
5.742358097684665699e+04 5.434411372296850896e+05 6.078459597369658240e+02
5.742358097878487752e+04 5.369109519345711451e+05 6.044793999460254099e+02
5.742358098072309804e+04 5.300879389544031583e+05 6.009417291605750506e+02
5.742358098266131856e+04 5.253998243278542068e+05 5.984988639963394235e+02
5.742358098459953908e+04 5.191978950797190191e+05 5.952517823785362907e+02
5.742358098653776688e+04 5.156774096497069113e+05 5.934006918019786099e+02
5.742358098847598740e+04 5.081374419645442395e+05 5.894165769876515242e+02
5.742358099041420792e+04 5.027287885510639753e+05 5.865419787572028554e+02
5.742358099235242844e+04 4.952927361883580452e+05 5.825667001449050986e+02
5.742358099429065624e+04 4.909034648267848534e+05 5.802074331794970021e+02
5.742358099622887676e+04 4.842948459269134910e+05 5.766370424316503431e+02
5.742358099816709728e+04 4.785805484617389739e+05 5.735319021541755546e+02
5.742358100010531780e+04 4.729339357319917763e+05 5.704469386651968534e+02
5.742358100204353832e+04 4.677507914606606937e+05 5.676004269403898661e+02
5.742358100398176612e+04 4.618064191799779073e+05 5.643181832862433112e+02
5.742358100591998664e+04 4.573252309778367635e+05 5.618311751417394362e+02
5.742358100785820716e+04 4.495018288665533182e+05 5.574626830933132169e+02
5.742358100979642768e+04 4.447934343734214199e+05 5.548169936865564296e+02
5.742358101173465548e+04 4.373640050305123441e+05 5.506164755472453862e+02
5.742358101367287600e+04 4.325372730598496855e+05 5.478702361530565668e+02
5.742358101561109652e+04 4.235618306769914925e+05 5.427265832563572303e+02
5.742358101754931704e+04 4.113063260535460431e+05 5.356234253498125781e+02
5.742358101948753756e+04 4.044527882945454912e+05 5.316098124415038910e+02
5.742358102142576536e+04 3.982566355859580799e+05 5.279549197054836895e+02
5.742358102336398588e+04 3.922784440243847785e+05 5.244044503198275606e+02
5.742358102530220640e+04 3.873271230830673594e+05 5.214455407105492668e+02
5.742358102724042692e+04 3.810850198324266821e+05 5.176911602444711207e+02
5.742358102917865472e+04 3.743016189596048789e+05 5.135800929258775795e+02
5.742358103111687524e+04 3.662182636721815215e+05 5.086378031518237890e+02
5.742358103305509576e+04 3.628753298811519635e+05 5.065797875712373752e+02
5.742358103499331628e+04 3.576931766973434715e+05 5.033728592562770245e+02
5.742358103693154408e+04 3.522447184854307561e+05 4.999789486102332035e+02
5.742358103886976460e+04 3.457542225173508050e+05 4.959056251680799505e+02
5.742358104080798512e+04 3.394116189915438881e+05 4.918925308130983467e+02
5.742358104274620564e+04 3.329436839545887779e+05 4.877661350192507825e+02
5.742358104468442616e+04 3.273987354708068888e+05 4.842005882578565092e+02
5.742358104662265396e+04 3.224143509334434057e+05 4.809729403338633915e+02
5.742358104856087448e+04 3.156722232132164645e+05 4.765722815148403697e+02
5.742358105049909500e+04 3.099969696057639085e+05 4.728362359248732787e+02
5.742358105243731552e+04 3.031751599118172890e+05 4.683059629610601178e+02
5.742358105437554332e+04 2.982152967955574859e+05 4.649844733937074466e+02
5.742358105631376384e+04 2.923171223329170025e+05 4.610034722841825783e+02
5.742358105825198436e+04 2.859631605006672908e+05 4.566760069380885056e+02
5.742358106019020488e+04 2.805305046551582054e+05 4.529432253709882730e+02
5.742358106212842540e+04 2.744412703263979638e+05 4.487224018856186945e+02
5.742358106406665320e+04 2.693451036113817245e+05 4.451591735066385809e+02
5.742358106600487372e+04 2.631056222094501136e+05 4.407573185789503327e+02
5.742358106794309424e+04 2.567990438861965376e+05 4.362629968595466607e+02
5.742358106988131476e+04 2.523049185313257040e+05 4.330318395708086427e+02
5.742358107181954256e+04 2.464153202768046758e+05 4.287605102770110648e+02
5.742358107375776308e+04 2.402299856446113554e+05 4.242284066724930085e+02
5.742358107569598360e+04 2.338383773814467131e+05 4.194937256543942112e+02
5.742358107763420412e+04 2.283355931028490013e+05 4.153742236697898420e+02
5.742358107957242464e+04 2.217740847375238664e+05 4.104080931962141676e+02
5.742358108151065244e+04 2.164596604537076782e+05 4.063413439259747406e+02
5.742358108344887296e+04 2.111964635971703683e+05 4.022732774473485620e+02
5.742358108538709348e+04 2.048854142376203672e+05 3.973403879528391371e+02
5.742358108732531400e+04 1.992784425367247895e+05 3.929058749693786012e+02
5.742358108926354180e+04 1.939262026230434712e+05 3.886256252994675719e+02
5.742358109120176232e+04 1.873648125961995102e+05 3.833131981456217545e+02
5.742358109313998284e+04 1.822017286651106260e+05 3.790805724588034309e+02
5.742358109507820336e+04 1.761496704065890808e+05 3.740582093793934746e+02
5.742358109701643116e+04 1.709971093916210812e+05 3.697285401071483193e+02
5.742358109895465168e+04 1.643978136751869752e+05 3.641079970928843181e+02
5.742358110089287220e+04 1.579343118285733217e+05 3.585177051316410370e+02
5.742358110283109272e+04 1.526215184324108122e+05 3.538565373428287444e+02
5.742358110476931324e+04 1.468380260037603148e+05 3.487115803244139443e+02
5.742358110670754104e+04 1.411199302447452210e+05 3.435490596741108220e+02
5.742358110864576156e+04 1.346026783678515349e+05 3.375687692602904235e+02
5.742358111058398208e+04 1.292725675182127306e+05 3.325978873938963147e+02
5.742358111252220260e+04 1.232717340113273822e+05 3.269110486922698442e+02
5.742358111446043040e+04 1.179495254844510346e+05 3.217832398180208315e+02
5.742358111639865092e+04 1.122112083349420864e+05 3.161613594501054649e+02
5.742358111833687144e+04 1.061418248347865592e+05 3.101042413798004986e+02
5.742358112027509196e+04 1.002515874873044959e+05 3.041105755799447934e+02
5.742358112221331248e+04 9.451192722143873107e+04 2.981542461770404202e+02
5.742358112415154028e+04 8.892504084465831693e+04 2.922398852448300204e+02
5.742358112608976080e+04 8.335597837692828034e+04 2.862227916948267534e+02
5.742358112802798132e+04 7.746984276082935685e+04 2.797224548110472142e+02
5.742358112996620184e+04 7.137926878947218938e+04 2.728333612178322483e+02
5.742358113190442964e+04 6.534126391030670493e+04 2.658275567805973196e+02
5.742358113384265016e+04 5.981118939545565809e+04 2.592450450291379980e+02
5.742358113578087068e+04 5.406025069437406637e+04 2.522174789422489596e+02
5.742358113771909120e+04 4.802205810282289167e+04 2.446217208554144520e+02
5.742358113965731172e+04 4.201763120157880621e+04 2.368269822063920742e+02
5.742358114159553952e+04 3.617746052240768768e+04 2.289910758665166952e+02
5.742358114353376004e+04 3.056598179685258583e+04 2.212006750058255875e+02
5.742358114547198056e+04 2.480083886562051339e+04 2.129002684146096271e+02
5.742358114741020108e+04 1.888922695819091314e+04 2.040386405778800452e+02
5.742358114934842888e+04 1.306095755963250849e+04 1.949079230682280865e+02
5.742358115128664940e+04 7.254755142097856151e+03 1.853651044932976504e+02
5.742358115322486992e+04 1.464977952501485333e+03 1.753328583589323273e+02
5.742358115516309044e+04 8.295823808370160535e+00 1.727170660064610672e+02
5.742358115710131824e+04 -6.003672123961318469e-03 1.727020447119978996e+02
5.742358115903953876e+04 -8.202303153160520489e-04 1.727020540913050581e+02
5.742358116097775928e+04 5.343672079429141847e-06 1.727020555851602808e+02
5.742358116291597980e+04 5.080556468314281053e-08 1.727020555755829889e+02
5.742358116485420032e+04 -8.510768771166815252e-10 1.727020555754895099e+02
5.742358116679242812e+04 3.070127396009148469e-13 1.727020555754910447e+02
5.742358116873064864e+04 7.139846985546995517e-14 1.727020555754910447e+02
5.742358117066886916e+04 -4.511832222773770219e-16 1.727020555754910447e+02
5.742358117260708968e+04 9.548772881128212921e-20 1.727020555754910447e+02
5.742358117454531748e+04 1.280032565717423676e-22 1.727020555754910447e+02
5.742358117648353800e+04 1.192714395686517011e-27 1.727020555754910447e+02
5.742358117842175852e+04 -1.530229271609369347e-30 1.727020555754910447e+02
