2.457546873589999974e+06 3.627762513020833285e+04 1.589214162265617745e+02
2.457546873595840298e+06 3.598015950520833576e+04 1.583196881641877951e+02
2.457546873601680622e+06 3.606392606119791890e+04 1.584713043443914273e+02
2.457546873607520480e+06 3.600593456380208227e+04 1.583482279302138807e+02
2.457546873613360804e+06 3.589287003255208401e+04 1.581224881219716565e+02
2.457546873619201127e+06 3.632041475911458110e+04 1.589532145324437806e+02
2.457546873625041451e+06 3.593296221354166482e+04 1.581854187008893859e+02
2.457546873630881775e+06 3.606674494791666802e+04 1.584925363260204847e+02
2.457546873636722099e+06 3.630192041992187296e+04 1.589478894713996056e+02
2.457546873642561957e+06 3.604089497070312791e+04 1.583953249402426877e+02
2.457546873648402281e+06 3.600122813151041919e+04 1.583138674772474133e+02
2.457546873654242605e+06 3.633236849609375349e+04 1.589904869682920037e+02
2.457546873660082929e+06 3.609202601562500058e+04 1.584658482659099263e+02
2.457546873665923253e+06 3.610071182291666628e+04 1.585268734234617511e+02
2.457546873671763111e+06 3.614488340169270668e+04 1.585999784279627818e+02
2.457546873677603435e+06 3.629678421549479390e+04 1.589253224876335935e+02
2.457546873683443759e+06 3.707290953124999942e+04 1.603807755877560624e+02
2.457546873689284083e+06 3.709832061197916482e+04 1.603946456743605893e+02
2.457546873695124406e+06 3.746522996744791453e+04 1.611249480528950642e+02
2.457546873700964265e+06 3.760610008463541453e+04 1.613910127476002287e+02
2.457546873706804588e+06 3.786476595377604099e+04 1.618435907342809230e+02
2.457546873712644912e+06 3.737512586914062558e+04 1.609486323286314189e+02
2.457546873718485236e+06 3.733602471354166482e+04 1.608772682919118608e+02
2.457546873724325560e+06 3.769253458333333401e+04 1.615425108732178217e+02
2.457546873730165884e+06 3.758900388020833634e+04 1.613252424358356052e+02
2.457546873736005742e+06 3.753908519531250204e+04 1.612356978108944077e+02
2.457546873741846066e+06 3.797460809570312267e+04 1.620329773249582672e+02
2.457546873747686390e+06 3.773047668294270989e+04 1.612198483929632005e+02
2.457546873753526714e+06 3.783089178385416744e+04 1.612546916488348643e+02
2.457546873759367038e+06 3.779478453776041715e+04 1.612123863097378091e+02
2.457546873765206896e+06 3.790373671874999854e+04 1.613904528008181103e+02
2.457546873771047220e+06 3.755757365234375175e+04 1.607567212612428307e+02
2.457546873776887543e+06 3.305180492187500204e+04 1.525001947764659462e+02
2.457546873782727867e+06 3.261788233072916773e+04 1.517070996469699651e+02
2.457546873788568191e+06 3.188165680338541642e+04 1.502676064981471598e+02
2.457546873794408515e+06 3.261659347005208110e+04 1.517013749945851089e+02
2.457546873800248373e+06 3.373178114257812558e+04 1.537808908038651339e+02
2.457546873806088697e+06 3.805564191731770552e+04 1.616550812344847259e+02
2.457546873811929021e+06 3.751789927408854419e+04 1.606697273953341778e+02
2.457546873817769345e+06 3.786730339518229448e+04 1.613454421669728163e+02
2.457546873823609669e+06 3.765765706054687325e+04 1.609689579077848691e+02
2.457546873829449527e+06 3.749137880533854332e+04 1.608895050375782887e+02
2.457546873835289851e+06 3.725747340820312093e+04 1.607210215281146759e+02
2.457546873841130175e+06 3.742346779622395843e+04 1.610362313466371518e+02
2.457546873846970499e+06 3.756714217447916599e+04 1.613514803621706051e+02
2.457546873852810822e+06 3.768949679687499884e+04 1.615688727949604697e+02
2.457546873858650681e+06 3.743790480468749593e+04 1.610574403031693009e+02
2.457546873864491004e+06 3.729540588541666511e+04 1.607999093493228884e+02
2.457546873870331328e+06 3.751576571614583372e+04 1.612864479743115851e+02
2.457546873876171652e+06 3.755484024088541628e+04 1.613483446003824895e+02
2.457546873882011976e+06 3.742054036458333576e+04 1.610736941196937266e+02
2.457546873887852300e+06 3.722475632161458634e+04 1.606949292001218623e+02
2.457546873893692158e+06 3.724483049479166948e+04 1.607688846180567737e+02
2.457546873899532482e+06 3.733123373697916395e+04 1.609595740250595384e+02
2.457546873905372806e+06 3.724645044270833023e+04 1.607625310756431816e+02
2.457546873911213130e+06 3.683994667968749854e+04 1.600175325902629595e+02
2.457546873917053454e+06 3.782759043945312442e+04 1.618701904354811347e+02
2.457546873922893312e+06 3.724077563476562500e+04 1.607560115849395572e+02
2.457546873928733636e+06 3.753913180664062384e+04 1.613103194071769906e+02
2.457546873934573960e+06 3.774911399414062907e+04 1.617243831665198002e+02
2.457546873940414283e+06 3.738023955078124709e+04 1.610341684265186473e+02
2.457546873946254607e+06 3.773231436848958401e+04 1.616604336610857899e+02
2.457546873952094931e+06 3.787375027343750116e+04 1.619111613045555487e+02
2.457546873957934789e+06 3.748941305989582906e+04 1.612082181323195584e+02
2.457546873963775113e+06 3.724918783854166395e+04 1.607480501482486943e+02
2.457546873969615437e+06 3.745183531901041715e+04 1.611590324786691610e+02
2.457546873975455761e+06 3.760046555664062907e+04 1.614065018815576309e+02
2.457546873981296085e+06 3.750314204101562791e+04 1.612804107201824877e+02
2.457546873987135943e+06 3.757095455403645610e+04 1.613880522141346887e+02
2.457546873992976267e+06 3.759038377929687704e+04 1.614022751526551076e+02
2.457546873998816591e+06 3.706859839843749796e+04 1.604120046159221431e+02
2.457546874004656915e+06 3.720686515625000175e+04 1.607173628467729145e+02
2.457546874010497238e+06 3.724510889648437296e+04 1.607772227111770746e+02
2.457546874016337562e+06 3.730937080403645814e+04 1.608834078112719794e+02
2.457546874022177421e+06 3.788806606770833605e+04 1.619265964518751275e+02
2.457546874028017744e+06 3.763535291666667035e+04 1.615086976075803022e+02
2.457546874033858068e+06 3.752745873697916977e+04 1.612825686697744061e+02
2.457546874039698392e+06 3.788439235677083343e+04 1.619282361157789012e+02
2.457546874045538716e+06 3.789795750651041453e+04 1.620046154626271004e+02
2.457546874051378574e+06 3.777505595703124709e+04 1.617455405613921187e+02
2.457546874057218898e+06 3.765655684244791337e+04 1.615171478281896782e+02
2.457546874063059222e+06 3.763570317057291686e+04 1.614450891166182487e+02
2.457546874068899546e+06 3.762397123697916686e+04 1.614489639720251830e+02
2.457546874074739870e+06 3.773981252604166366e+04 1.616625575508477368e+02
2.457546874080579728e+06 3.789629447265624913e+04 1.619498662795411406e+02
2.457546874086420052e+06 3.789515958984375175e+04 1.619115329716022131e+02
2.457546874092260376e+06 3.779298680338541453e+04 1.617694246927935637e+02
2.457546874098100699e+06 3.775546586588541686e+04 1.616749724241226431e+02
2.457546874103941023e+06 3.785438999348958168e+04 1.618932394191506603e+02
2.457546874109781347e+06 3.750411123697916628e+04 1.612306322733177524e+02
2.457546874115621205e+06 3.769144623697916541e+04 1.615953009303273404e+02
2.457546874121461529e+06 3.757767633463541279e+04 1.613670788330240384e+02
2.457546874127301853e+06 3.766057400716145639e+04 1.615130416541565523e+02
2.457546874133142177e+06 3.778083324544270727e+04 1.617591035394968060e+02
2.457546874138982501e+06 3.756075311848958518e+04 1.613375312818741349e+02
2.457546874144822359e+06 3.759341860026041832e+04 1.613744213579306006e+02
2.457546874150662683e+06 3.771487326171874884e+04 1.616357443644239993e+02
2.457546874156503007e+06 3.767220687500000349e+04 1.615473116195820467e+02
2.457546874162343331e+06 3.780234309244791802e+04 1.617811111819844996e+02
2.457546874168183655e+06 3.784106097656249767e+04 1.618301881510414546e+02
2.457546874174023978e+06 3.792755059570312733e+04 1.620334382429769278e+02
2.457546874179863837e+06 3.775288355794271047e+04 1.616589726824841762e+02
2.457546874185704160e+06 3.781091578776041570e+04 1.617819502147492869e+02
2.457546874191544484e+06 3.792723315755208023e+04 1.620228649530220650e+02
2.457546874197384808e+06 3.776777268880208430e+04 1.617392955680167006e+02
2.457546874203225132e+06 3.779649951171875000e+04 1.617618124023152859e+02
2.457546874209064990e+06 3.772755518880208547e+04 1.616380210441190002e+02
2.457546874214905314e+06 3.765419242838541686e+04 1.615197063407617861e+02
2.457546874220745638e+06 3.768280367187500087e+04 1.615428511477348934e+02
2.457546874226585962e+06 3.772584538411458198e+04 1.616337929166972742e+02
2.457546874232426286e+06 3.778740862630208721e+04 1.617531523517985192e+02
2.457546874238266144e+06 3.760966778645833256e+04 1.614340428610888978e+02
2.457546874244106468e+06 3.764603322265625320e+04 1.615082214127038185e+02
2.457546874249946792e+06 3.780740425781250087e+04 1.618479102527684006e+02
2.457546874255787116e+06 3.771988224283853924e+04 1.616323858011147934e+02
2.457546874261627439e+06 3.763157608398437151e+04 1.614924594770570820e+02
2.457546874267467763e+06 3.738572398437499942e+04 1.610197113327373017e+02
2.457546874273307621e+06 3.779103985026041482e+04 1.618014926246167988e+02
2.457546874279147945e+06 3.752556840494791686e+04 1.613011190320014236e+02
2.457546874284988269e+06 3.788778658854166861e+04 1.619480891462438592e+02
