5.736348352680000244e+04 7.637998876440791719e+03 8.338142626718790495e+01
5.736348353077222419e+04 7.799070773084976281e+03 8.412684379918695754e+01
5.736348353474444593e+04 7.733469295082120880e+03 8.380330980189424395e+01
5.736348353871666768e+04 7.667694237144658473e+03 8.355251450259041235e+01
5.736348354268888943e+04 7.726106172704721757e+03 8.386382788598486115e+01
5.736348354666111118e+04 7.653228202165432776e+03 8.359776204310682601e+01
5.736348355063333292e+04 7.598397482616646812e+03 8.332625776385123118e+01
5.736348355460555467e+04 7.680031550312980471e+03 8.366435219402727341e+01
5.736348355857778370e+04 7.615068073942273259e+03 8.332689469439527841e+01
5.736348356255000544e+04 7.667398953184841957e+03 8.360299282456283265e+01
5.736348356652222719e+04 7.588487219033548172e+03 8.331411130237739826e+01
5.736348357049444894e+04 7.622300066032598806e+03 8.340159441911352189e+01
5.736348357446667069e+04 7.673345681417734340e+03 8.356388486119909942e+01
5.736348357843889244e+04 7.594043863666569450e+03 8.330827092227939090e+01
5.736348358241111418e+04 7.662476612983423365e+03 8.360023209375533781e+01
5.736348358638333593e+04 7.731735513741714385e+03 8.379218276552424527e+01
5.736348359035555768e+04 7.828761521576095220e+03 8.419168970601329249e+01
5.736348359432777943e+04 7.809765579232909658e+03 8.412271978229000524e+01
5.736348359830000118e+04 7.758031452085899218e+03 8.400263899556519220e+01
5.736348360227222292e+04 7.739368672736869485e+03 8.377386496356798773e+01
5.736348360624444467e+04 7.906277819925177027e+03 8.446213657192696189e+01
5.736348361021666642e+04 8.433415827706532582e+03 8.636990019090536919e+01
5.736348361418888817e+04 8.712293986739845423e+03 8.732257215416100848e+01
5.736348361816110992e+04 9.089044380654942870e+03 8.859515848153148454e+01
5.736348362213333894e+04 9.414979544085377711e+03 8.962944203764621420e+01
5.736348362610556069e+04 9.426940948685376497e+03 8.968415940736873893e+01
5.736348363007778244e+04 9.392739274334289803e+03 8.957911708258781402e+01
5.736348363405000418e+04 9.477063148591903882e+03 8.988125619503067298e+01
5.736348363802222593e+04 9.683481959927699791e+03 9.062694049524209561e+01
5.736348364199444768e+04 9.577987048555874935e+03 9.035199246178537180e+01
5.736348364596666943e+04 9.658460350913426737e+03 9.054586918020385156e+01
5.736348364993889118e+04 9.499358539037188166e+03 8.993599588539343870e+01
5.736348365391111292e+04 9.558626718512059597e+03 9.010634086121787334e+01
5.736348365788333467e+04 9.548836475981905096e+03 9.003563530143581772e+01
5.736348366185555642e+04 9.519741572866971183e+03 9.004004918196966401e+01
5.736348366582777817e+04 9.609679489251153427e+03 9.039410307021485380e+01
5.736348366979999992e+04 9.392655060169843637e+03 8.965397331172194129e+01
5.736348367377222166e+04 9.542000359880505130e+03 9.015010480950711269e+01
5.736348367774444341e+04 9.636986091943583233e+03 9.047644067090736542e+01
5.736348368171666516e+04 9.528886990302456979e+03 9.006969680500043296e+01
5.736348368568889418e+04 9.313029320653964533e+03 8.932041585282155438e+01
5.736348368966111593e+04 9.259441812232269513e+03 8.906488273274834455e+01
5.736348369363333768e+04 9.264305531654470542e+03 8.911598242403024983e+01
5.736348369760555943e+04 9.216797213898042173e+03 8.893600368480969109e+01
5.736348370157778118e+04 9.188815592381897659e+03 8.881452258989197901e+01
5.736348370555000292e+04 9.268039912728370837e+03 8.911191102185161128e+01
5.736348370952222467e+04 9.531615247540674318e+03 8.998415992943890274e+01
5.736348371349444642e+04 9.694590075296689974e+03 9.066975142455871151e+01
5.736348371746666817e+04 9.701814449921674168e+03 9.067568981022199637e+01
5.736348372143888992e+04 9.722865323181835265e+03 9.072565517519123546e+01
5.736348372541111166e+04 9.567194156097833911e+03 9.017422626954392229e+01
5.736348372938333341e+04 9.655274812937066599e+03 9.044405850673267366e+01
5.736348373335555516e+04 9.558838941820349646e+03 9.017438411334516957e+01
5.736348373732777691e+04 9.382139936025809220e+03 8.951254676044915470e+01
5.736348374129999866e+04 9.429840464953558694e+03 8.971319762793180530e+01
5.736348374527222040e+04 9.702844211269672087e+03 9.063576935431088089e+01
5.736348374924444943e+04 9.771012521380702310e+03 9.084523522956119734e+01
5.736348375321667118e+04 9.808400975409531384e+03 9.106747445787840434e+01
5.736348375718889292e+04 9.794995369971600667e+03 9.100785820825893779e+01
5.736348376116111467e+04 9.724203560062675024e+03 9.079184713063665413e+01
5.736348376513333642e+04 9.673633803213055216e+03 9.052136420498482039e+01
5.736348376910555817e+04 9.763073176067540771e+03 9.072633228327595134e+01
5.736348377307777992e+04 9.746689863569976296e+03 9.074495943974316958e+01
5.736348377705000166e+04 9.656931281914823558e+03 9.049567469157446453e+01
5.736348378102222341e+04 9.670944240292039467e+03 9.057308589314294522e+01
5.736348378499444516e+04 9.797456620212129565e+03 9.100102547910576334e+01
5.736348378896666691e+04 9.597916698302919031e+03 9.039390850310697090e+01
5.736348379293888866e+04 9.411296093043241854e+03 8.968022571772380047e+01
5.736348379691111040e+04 9.642554522891441593e+03 9.041523408937611350e+01
5.736348380088333215e+04 9.825063707722863910e+03 9.105085026881764065e+01
5.736348380485555390e+04 9.903135199605287198e+03 9.132403679682944642e+01
5.736348380882777565e+04 9.887726800554170040e+03 9.133535070635839759e+01
5.736348381280000467e+04 9.871142802206966735e+03 9.123431803124421435e+01
5.736348381677222642e+04 9.726467210414000874e+03 9.072242717154088609e+01
5.736348382074444817e+04 9.441976168673889333e+03 8.974260419430768820e+01
5.736348382471666991e+04 9.420810323523646730e+03 8.962540219966690813e+01
5.736348382868889166e+04 9.600881942615258595e+03 9.032098192957666072e+01
5.736348383266111341e+04 9.532960367966890772e+03 9.006478836051412884e+01
5.736348383663333516e+04 9.416065626237959805e+03 8.964109625358641154e+01
5.736348384060555691e+04 9.420875871937731063e+03 8.964510850384824892e+01
5.736348384457777865e+04 9.461005486728778124e+03 8.981924568016718524e+01
5.736348384855000040e+04 9.393499111059776624e+03 8.960697991960080344e+01
5.736348385252222215e+04 9.310184809221686010e+03 8.931755355716859412e+01
5.736348385649444390e+04 9.293463899458165542e+03 8.918446890124586446e+01
5.736348386046666565e+04 9.514490537450326883e+03 8.999213792139144630e+01
5.736348386443888739e+04 9.601888946975543149e+03 9.033452812004662746e+01
5.736348386841110914e+04 9.727541268436618338e+03 9.077398323831769744e+01
5.736348387238333089e+04 9.644607262210671252e+03 9.047471017663248460e+01
5.736348387635555991e+04 9.663607658652632381e+03 9.051974625079704140e+01
5.736348388032778166e+04 9.594524232703730377e+03 9.032434830004724802e+01
5.736348388430000341e+04 9.592459897052214728e+03 9.035877754256301841e+01
5.736348388827222516e+04 9.627114965539438344e+03 9.042827241193266730e+01
5.736348389224444691e+04 9.503833786232478815e+03 9.006701756273731974e+01
5.736348389621666865e+04 9.579410640241832880e+03 9.038440807647715758e+01
5.736348390018889040e+04 9.536226870512648020e+03 9.055759417093008778e+01
5.736348390416111215e+04 9.487093477440304923e+03 9.066377252716415569e+01
5.736348390813333390e+04 9.435585384434332809e+03 9.076474090301297792e+01
5.736348391210555565e+04 9.334279156734000935e+03 9.046653520176269581e+01
5.736348391607777739e+04 9.210915229830727185e+03 8.998989688305950096e+01
5.736348392004999914e+04 9.003184939746344753e+03 8.935935492311568851e+01
5.736348392402222089e+04 9.188098871749491082e+03 9.005475239442316138e+01
5.736348392799444264e+04 9.137103215892186199e+03 9.001477963522643222e+01
5.736348393196666439e+04 9.277558164691832644e+03 9.040704285773756510e+01
5.736348393593888613e+04 9.125369822952699906e+03 8.984422765678704081e+01
5.736348393991111516e+04 8.916096274495097532e+03 8.904442757921015072e+01
5.736348394388333691e+04 8.792514781738298552e+03 8.862777772978257929e+01
5.736348394785555865e+04 8.822840173134522047e+03 8.877949500760227863e+01
5.736348395182778040e+04 8.871174142166692036e+03 8.899948466059696273e+01
5.736348395580000215e+04 9.038668623490671962e+03 8.966279281868447981e+01
5.736348395977222390e+04 9.214507920516794911e+03 9.020057480130247995e+01
5.736348396374444565e+04 9.144821797566830355e+03 8.994375001117272461e+01
5.736348396771666739e+04 9.028487548755098032e+03 8.954256116315382030e+01
5.736348397168888914e+04 9.198209048382090259e+03 9.005317751248882985e+01
5.736348397566111089e+04 9.108959324382882187e+03 8.972192089153020333e+01
5.736348397963333264e+04 9.196916221267450965e+03 8.990248405442264357e+01
5.736348398360555439e+04 9.275547286695629737e+03 9.024220710275029944e+01
5.736348398757777613e+04 9.163979651631761953e+03 8.976063672941522498e+01
5.736348399154999788e+04 9.332655719502792635e+03 9.042436771074397939e+01
5.736348399552221963e+04 9.439265023955038487e+03 9.087959854790220504e+01
5.736348399949444138e+04 9.431065430405422376e+03 9.097538835521602607e+01
5.736348400346667040e+04 9.329950858216241613e+03 9.071882942386656623e+01
5.736348400743889215e+04 9.347739660215042022e+03 9.067302118865048044e+01
5.736348401141111390e+04 9.355200546964548266e+03 9.071532007486366922e+01
5.736348401538333565e+04 9.516697428508568919e+03 9.118837536443984959e+01
5.736348401935555739e+04 9.592180078969804526e+03 9.143293687074877596e+01
5.736348402332777914e+04 9.233858599375933409e+03 9.014616793278932505e+01
5.736348402730000089e+04 9.126761688178099575e+03 8.980931758432511458e+01
5.736348403127222264e+04 8.941247820157816022e+03 8.917294411826401301e+01
5.736348403524444439e+04 9.025843952525725399e+03 8.945243411481395412e+01
5.736348403921666613e+04 9.256061006002328213e+03 9.036906646223680184e+01
5.736348404318888788e+04 9.194946116400693427e+03 9.022485457552150478e+01
5.736348404716110963e+04 9.228774106714650770e+03 9.027402550120453384e+01
5.736348405113333138e+04 9.291863991488076863e+03 9.058240491192211152e+01
5.736348405510555313e+04 9.327604729759437760e+03 9.064541091368498371e+01
5.736348405907777487e+04 9.453877772975758489e+03 9.102042222247831660e+01
5.736348406304999662e+04 9.451205153380265983e+03 9.107378290965434076e+01
5.736348406702222564e+04 9.543941209312137289e+03 9.138599009367790416e+01
5.736348407099444739e+04 9.532324545113489876e+03 9.143502005528776522e+01
5.736348407496666914e+04 9.363183453867415665e+03 9.077245180395634350e+01
5.736348407893889089e+04 9.145008090086072116e+03 8.999033554957426873e+01
5.736348408291111264e+04 9.077636538838194610e+03 8.959331665712900872e+01
5.736348408688333438e+04 9.225667671816529037e+03 9.014653381103590846e+01
5.736348409085555613e+04 9.267641669835109496e+03 9.044065013888479143e+01
5.736348409482777788e+04 9.109792022550758702e+03 8.990058196553232506e+01
5.736348409879999963e+04 8.988226848663964120e+03 8.950976432712745634e+01
5.736348410277222138e+04 9.217811682765384830e+03 9.024018590302281950e+01
5.736348410674444312e+04 9.072504797517536645e+03 8.971318992266195380e+01
5.736348411071666487e+04 9.141364315889310092e+03 8.989242734151906689e+01
5.736348411468888662e+04 9.159036762433932381e+03 8.995721844398011058e+01
5.736348411866110837e+04 9.212364929614663197e+03 9.003401913557961223e+01
5.736348412263333012e+04 9.213442257506909300e+03 9.007616636268717514e+01
5.736348412660555186e+04 9.315119973562132145e+03 9.041703912118676101e+01
5.736348413057778089e+04 9.314544939659968804e+03 9.039484083892050137e+01
5.736348413455000264e+04 9.143526518523980485e+03 8.985918209821058156e+01
5.736348413852222438e+04 9.018860624909921171e+03 8.925947630815790035e+01
5.736348414249444613e+04 8.540847471676124769e+03 8.755044482439204501e+01
5.736348414646666788e+04 8.090489569574561756e+03 8.606595512300474127e+01
5.736348415043888963e+04 7.610324232409731849e+03 8.434126914270159148e+01
5.736348415441111138e+04 7.419537443260007421e+03 8.373637787587333037e+01
5.736348415838333312e+04 7.332921150690840477e+03 8.343132710801175733e+01
5.736348416235555487e+04 7.298546388177336667e+03 8.336873334878104913e+01
5.736348416632777662e+04 7.318635582347296804e+03 8.333805297311396032e+01
5.736348417029999837e+04 7.166453881880983317e+03 8.287236568999007602e+01
5.736348417427222012e+04 7.207296626474556433e+03 8.298431113944918991e+01
5.736348417824444186e+04 7.249948523159603610e+03 8.318981978485446405e+01
5.736348418221666361e+04 7.233068992405085737e+03 8.302056012655994266e+01
5.736348418618888536e+04 7.166354230907581041e+03 8.277245846569557841e+01
5.736348419016110711e+04 7.216991491507685168e+03 8.311892344598796001e+01
5.736348419413333613e+04 7.249374589641120110e+03 8.311656102007815150e+01
5.736348419810555788e+04 7.229148737641864500e+03 8.313632609100385196e+01
5.736348420207777963e+04 7.307638744710058745e+03 8.334704236386312459e+01
5.736348420605000138e+04 7.377503527839351591e+03 8.343329654385667027e+01
5.736348421002222312e+04 7.206343674147301499e+03 8.279289658011781228e+01
5.736348421399444487e+04 7.389973943529537792e+03 8.355286842697505278e+01
5.736348421796666662e+04 7.605853993608237943e+03 8.436218537702254139e+01
5.736348422193888837e+04 8.116133136045939864e+03 8.611874890779198211e+01
