2.457368859135625418e+06 4.117963854166666715e+04 2.022250444365486146e+02
2.457368859244795050e+06 4.104503544921874709e+04 2.024506182647548087e+02
2.457368859353965148e+06 4.214660100911457994e+04 2.041908242654508001e+02
2.457368859463134781e+06 4.363729905598959158e+04 2.066135239639711756e+02
2.457368859572304878e+06 4.543180794270834303e+04 2.090851501847368752e+02
2.457368859681474511e+06 4.545061429036456684e+04 2.084747681466760412e+02
2.457368859790644608e+06 4.023756236979168898e+04 2.010509504827052183e+02
2.457368859899814241e+06 3.919141783854165988e+04 1.990979776373829111e+02
2.457368860008984338e+06 4.053705319010414678e+04 2.007383964122168720e+02
2.457368860118153971e+06 4.247353203125003347e+04 2.035763331571299659e+02
2.457368860227324069e+06 4.300844641927086195e+04 2.040620475682209474e+02
2.457368860336493701e+06 4.278550455729160603e+04 2.038581304134482650e+02
