5.745938921529999789e+04 1.328289847385106987e+04 1.106835319327388163e+02
5.745938922003072366e+04 1.329188803814823223e+04 1.106876449068240760e+02
5.745938922476144944e+04 1.331043277571448562e+04 1.106862897503520173e+02
5.745938922949217522e+04 1.328706207695062403e+04 1.105731448820532563e+02
5.745938923422290100e+04 1.334744718067839131e+04 1.106485090154732376e+02
5.745938923895362677e+04 1.325092624239691213e+04 1.104794783117343684e+02
5.745938924368435255e+04 1.332558908728530332e+04 1.106467826416896543e+02
5.745938924841507833e+04 1.341056709776583921e+04 1.109413520266504065e+02
5.745938925314580410e+04 1.320066461622264978e+04 1.103957918868081123e+02
5.745938925787652988e+04 1.328423992417622867e+04 1.106784134362578698e+02
5.745938926260725566e+04 1.326582689456022672e+04 1.106428183105962830e+02
5.745938926733798144e+04 1.328913993733603456e+04 1.105999207580888992e+02
5.745938927206870721e+04 1.335356701961906583e+04 1.107710157372907389e+02
5.745938927679943299e+04 1.324358990110035666e+04 1.103953320682200712e+02
5.745938928153015877e+04 1.324552640919396254e+04 1.105264062219766146e+02
5.745938928626088455e+04 1.338641816017986093e+04 1.109482223557643294e+02
5.745938929099161032e+04 1.345083261893275630e+04 1.111410542876139971e+02
5.745938929572233610e+04 1.359177865143071176e+04 1.114906910749557056e+02
5.745938930045306188e+04 1.358139223748000222e+04 1.114657121538063649e+02
5.745938930518378766e+04 1.391275969772170538e+04 1.123974819882535172e+02
5.745938930991451343e+04 1.391816712609999377e+04 1.125074512799854602e+02
5.745938931464523921e+04 1.400852419042699330e+04 1.126638001211888849e+02
5.745938931937596499e+04 1.399170731334634547e+04 1.125094134851599534e+02
5.745938932410669076e+04 1.401711558779539519e+04 1.125110064123922342e+02
5.745938932883741654e+04 1.384400642721752956e+04 1.121655380662799786e+02
5.745938933356813504e+04 1.383903513837275386e+04 1.121903494196126445e+02
5.745938933829886082e+04 1.397979559744639482e+04 1.126400740689778956e+02
5.745938934302958660e+04 1.392732751559933058e+04 1.123137094354313348e+02
5.745938934776031238e+04 1.383960508075974576e+04 1.122077080733663905e+02
5.745938935249103815e+04 1.406036618843098404e+04 1.128171990721925368e+02
5.745938935722176393e+04 1.404371866349367338e+04 1.127512327022948426e+02
5.745938936195248971e+04 1.395647099805703328e+04 1.124819244003862337e+02
5.745938936668321548e+04 1.401326122030904662e+04 1.125879568923647582e+02
5.745938937141394126e+04 1.397549886635908479e+04 1.124815268143891558e+02
5.745938937614466704e+04 1.393589418835935430e+04 1.124393070510825794e+02
5.745938938087539282e+04 1.402399304379269779e+04 1.127145067518196129e+02
5.745938938560611859e+04 1.395185132403568969e+04 1.125669813215267681e+02
5.745938939033684437e+04 1.391335722406802779e+04 1.124203421282820585e+02
5.745938939506757015e+04 1.406415348258782979e+04 1.128154366183713933e+02
5.745938939979829593e+04 1.396202421994574252e+04 1.124523820270889161e+02
5.745938940452902170e+04 1.408591050832115434e+04 1.127695921092499702e+02
5.745938940925974748e+04 1.396674584161421262e+04 1.124746114280202960e+02
5.745938941399047326e+04 1.398193084621777962e+04 1.125584342482983544e+02
5.745938941872119904e+04 1.396093097396601479e+04 1.125463332739446543e+02
5.745938942345192481e+04 1.369487327284962521e+04 1.118414204403453454e+02
5.745938942818265059e+04 1.402856218448011896e+04 1.126804373537211319e+02
5.745938943291337637e+04 1.401717744212881553e+04 1.126563961793063555e+02
5.745938943764410214e+04 1.401222470632917430e+04 1.126685821909255765e+02
5.745938944237482792e+04 1.407696835359479701e+04 1.128765690529740766e+02
5.745938944710555370e+04 1.399460712238304041e+04 1.125827543460501374e+02
5.745938945183627948e+04 1.394686259076544957e+04 1.124037636705473346e+02
5.745938945656700525e+04 1.396494467489828457e+04 1.124684109468579720e+02
5.745938946129773103e+04 1.401035815459369769e+04 1.126801499381638507e+02
5.745938946602845681e+04 1.423157088123467838e+04 1.132840553293820847e+02
5.745938947075918259e+04 1.416358836760840859e+04 1.130129084169142004e+02
5.745938947548990836e+04 1.399166880140042304e+04 1.125883287126810899e+02
5.745938948022063414e+04 1.393132467781252853e+04 1.124081780465820941e+02
5.745938948495135992e+04 1.410850479157813606e+04 1.129855992412103234e+02
5.745938948968208570e+04 1.391074290045176895e+04 1.123275955277759266e+02
5.745938949441281147e+04 1.379095765864233363e+04 1.119953810289242568e+02
5.745938949914353725e+04 1.370241240387708422e+04 1.117530119852850987e+02
5.745938950387426303e+04 1.406612365466117808e+04 1.127470022876962190e+02
5.745938950860498881e+04 1.378722144844524883e+04 1.120383867700368512e+02
5.745938951333571458e+04 1.385616187200834247e+04 1.121577041671397552e+02
5.745938951806644036e+04 1.379721734971034857e+04 1.120239911004550208e+02
5.745938952279716614e+04 1.387289735068856680e+04 1.122500534515054227e+02
5.745938952752789191e+04 1.385483906943399597e+04 1.121790039165171322e+02
5.745938953225861769e+04 1.379085922747418590e+04 1.120491467225897395e+02
5.745938953698934347e+04 1.384954448260680329e+04 1.122429150051925717e+02
5.745938954172006925e+04 1.406080872514368821e+04 1.127076556273566865e+02
5.745938954645079502e+04 1.401229641873261062e+04 1.126794294828956140e+02
5.745938955118152080e+04 1.387767715886151564e+04 1.122667602647065763e+02
5.745938955591224658e+04 1.390243178366476968e+04 1.123754141956200101e+02
5.745938956064297236e+04 1.408074095565661810e+04 1.127684888806329155e+02
5.745938956537369086e+04 1.389746925737919446e+04 1.122157513706397935e+02
5.745938957010441663e+04 1.379293878467438481e+04 1.120314854678330647e+02
5.745938957483514241e+04 1.394325559024717586e+04 1.124303271289775097e+02
5.745938957956586819e+04 1.407344929415280967e+04 1.127531615085987653e+02
5.745938958429659397e+04 1.408805908830875887e+04 1.127693517512419703e+02
5.745938958902731974e+04 1.395849421614396306e+04 1.123968273396045703e+02
5.745938959375804552e+04 1.408746892734011271e+04 1.128658638554337728e+02
5.745938959848877130e+04 1.404200235696820528e+04 1.126998819967362948e+02
5.745938960321949708e+04 1.408446162014891161e+04 1.128482517933801716e+02
5.745938960795022285e+04 1.410330033497341719e+04 1.129007253252106864e+02
5.745938961268094863e+04 1.382112280835275851e+04 1.121400621934699586e+02
5.745938961741167441e+04 1.378228850279436483e+04 1.121394405346950549e+02
5.745938962214240019e+04 1.386859324193100656e+04 1.123392488559914852e+02
5.745938962687312596e+04 1.389922881185364167e+04 1.122714980605403525e+02
5.745938963160385174e+04 1.407343447965585619e+04 1.127973447610227709e+02
5.745938963633457752e+04 1.387004228787479224e+04 1.122255765786922268e+02
5.745938964106530329e+04 1.403107037195797056e+04 1.127390871000942525e+02
5.745938964579602907e+04 1.415154340476457583e+04 1.130072939834927013e+02
5.745938965052675485e+04 1.392817660805441847e+04 1.124135246409747992e+02
5.745938965525748063e+04 1.393037447329824136e+04 1.124121433225043063e+02
5.745938965998820640e+04 1.388699692592977954e+04 1.122524019968568894e+02
5.745938966471893218e+04 1.392897013755341868e+04 1.123364410689093660e+02
5.745938966944965796e+04 1.392926351686047929e+04 1.124039143180888800e+02
5.745938967418038374e+04 1.423021350335086390e+04 1.131716833097343198e+02
5.745938967891110951e+04 1.408768773495234382e+04 1.128632090358885165e+02
5.745938968364183529e+04 1.394540548242044133e+04 1.124645103289851562e+02
5.745938968837256107e+04 1.393591505063680233e+04 1.123677528725697243e+02
5.745938969310328685e+04 1.389574851613516512e+04 1.123143042446530018e+02
5.745938969783401262e+04 1.407587522678916139e+04 1.128014937762149259e+02
5.745938970256473840e+04 1.410480764253353482e+04 1.128713848756388671e+02
5.745938970729546418e+04 1.399870624946440876e+04 1.125073660210251489e+02
5.745938971202618995e+04 1.411348356385021361e+04 1.129295775996349533e+02
5.745938971675691573e+04 1.402748582875169086e+04 1.126923943929982244e+02
5.745938972148764151e+04 1.401942940797986557e+04 1.125940715186817442e+02
5.745938972621836729e+04 1.407048994022594707e+04 1.127566828319948797e+02
5.745938973094909306e+04 1.410597626878563642e+04 1.128614420989046607e+02
5.745938973567981884e+04 1.406542100678753741e+04 1.127377068983889927e+02
5.745938974041054462e+04 1.399018468478545401e+04 1.124589636989728518e+02
5.745938974514127040e+04 1.407518426252229801e+04 1.128403868424036602e+02
5.745938974987199617e+04 1.395575305613544515e+04 1.124407709867860774e+02
5.745938975460272195e+04 1.387970780621042286e+04 1.122847559695285184e+02
5.745938975933344773e+04 1.403454395588515581e+04 1.127730959424595767e+02
5.745938976406417351e+04 1.395191668853696501e+04 1.125329955139016391e+02
5.745938976879489928e+04 1.390512789310041626e+04 1.124579391591336304e+02
5.745938977352562506e+04 1.380911949115451171e+04 1.121752524960368618e+02
5.745938977825635084e+04 1.392438995523273115e+04 1.124746762154180715e+02
5.745938978298707661e+04 1.379004337598810707e+04 1.120503733465408374e+02
5.745938978771780239e+04 1.385509323107825730e+04 1.122183794711330052e+02
5.745938979244852817e+04 1.405317579579346057e+04 1.127391076749046306e+02
5.745938979717924667e+04 1.400540539854305462e+04 1.126857554792495222e+02
5.745938980190997245e+04 1.407259574290658929e+04 1.127895586560271255e+02
5.745938980664069823e+04 1.402824644057044134e+04 1.126609929482793717e+02
5.745938981137142400e+04 1.397807108776150562e+04 1.126349037689276003e+02
5.745938981610214978e+04 1.380047403324550396e+04 1.120327650182771038e+02
5.745938982083287556e+04 1.374291201582627400e+04 1.118202235104025704e+02
5.745938982556360133e+04 1.383388847583943061e+04 1.121557862163844135e+02
5.745938983029432711e+04 1.399337967581744306e+04 1.125699266393862672e+02
5.745938983502505289e+04 1.389019045616048061e+04 1.122136025807022861e+02
5.745938983975577867e+04 1.385757857267865620e+04 1.121679719293411495e+02
5.745938984448650444e+04 1.358205445929042980e+04 1.114762153739014536e+02
5.745938984921723022e+04 1.343355761652416913e+04 1.110013380678998089e+02
5.745938985394795600e+04 1.346367115319820186e+04 1.110371898360816942e+02
5.745938985867868178e+04 1.334446343420792982e+04 1.107989577325646025e+02
5.745938986340940755e+04 1.342983403100911528e+04 1.109213124117836600e+02
5.745938986814013333e+04 1.324462840055831839e+04 1.104299846974463293e+02
5.745938987287085911e+04 1.309577335502479946e+04 1.100513221946495150e+02
5.745938987760158489e+04 1.328374598696755129e+04 1.105836152628804143e+02
5.745938988233231066e+04 1.314558406959321110e+04 1.101822705974981886e+02
5.745938988706303644e+04 1.320553402512524917e+04 1.104508048448025619e+02
5.745938989179376222e+04 1.346546868808671388e+04 1.110879754536316142e+02
5.745938989652448799e+04 1.324329471968721191e+04 1.104473081233846585e+02
5.745938990125521377e+04 1.325662733422438760e+04 1.105731264184384486e+02
5.745938990598593955e+04 1.331847905005880966e+04 1.107343818883428668e+02
5.745938991071666533e+04 1.341633135573861364e+04 1.110454289266234156e+02
