5.745938921529999789e+04 1.220751920870137656e+04 1.051869817816878196e+02
5.745938922012928379e+04 1.224220187737973174e+04 1.053177198832034378e+02
5.745938922495856241e+04 1.214378062196690007e+04 1.050855785091579406e+02
5.745938922978784831e+04 1.210674092857894539e+04 1.049496233548261017e+02
5.745938923461712693e+04 1.229121416447421507e+04 1.054485953012617188e+02
5.745938923944641283e+04 1.237567389506021573e+04 1.056515408758924366e+02
5.745938924427569145e+04 1.228604906162462976e+04 1.054678313391808757e+02
5.745938924910497735e+04 1.222461533218126715e+04 1.052280031181461339e+02
5.745938925393425598e+04 1.220833984328877705e+04 1.050933740531700238e+02
5.745938925876354187e+04 1.247012144880862434e+04 1.059489974518022990e+02
5.745938926359282050e+04 1.241724528328167071e+04 1.057971908768463862e+02
5.745938926842210640e+04 1.241372189560996230e+04 1.058405105255950929e+02
5.745938927325138502e+04 1.250630526492606441e+04 1.061406119184035646e+02
5.745938927808067092e+04 1.265446116168791741e+04 1.066610542927348320e+02
5.745938928290994954e+04 1.336728719618945252e+04 1.086796097001481201e+02
5.745938928773923544e+04 1.431970470254930842e+04 1.113570547473596974e+02
5.745938929256851407e+04 1.520913854830812488e+04 1.138292684359978324e+02
5.745938929739779996e+04 1.581544962690694410e+04 1.154827881347833056e+02
5.745938930222707859e+04 1.668749657258420484e+04 1.179477873160476094e+02
5.745938930705636449e+04 1.666601882043865044e+04 1.177591611973060566e+02
5.745938931188564311e+04 1.675215257225380992e+04 1.179303251554867700e+02
5.745938931671492901e+04 1.754602457153981959e+04 1.200460784438924549e+02
5.745938932154420763e+04 1.781330910099726680e+04 1.207268945773492561e+02
5.745938932637349353e+04 1.700562378755911413e+04 1.187388754840715990e+02
5.745938933120277943e+04 1.720620072427849300e+04 1.191748988627348496e+02
5.745938933603205805e+04 1.725189645949268015e+04 1.192838478291277085e+02
5.745938934086134395e+04 1.686780068092264264e+04 1.183219091887884531e+02
5.745938934569062258e+04 1.678770437016509095e+04 1.180141087210730575e+02
5.745938935051990848e+04 1.685977693732752232e+04 1.181996634516202249e+02
5.745938935534918710e+04 1.679983577108660756e+04 1.181270852725664611e+02
5.745938936017847300e+04 1.688223876739377010e+04 1.183711941312920715e+02
5.745938936500775162e+04 1.763601952740769775e+04 1.203299039842449787e+02
5.745938936983703752e+04 1.749584210107750187e+04 1.199791931809506735e+02
5.745938937466631614e+04 1.712626189292064009e+04 1.189922859028813775e+02
5.745938937949560204e+04 1.711631194607134967e+04 1.190490139725835661e+02
5.745938938432488067e+04 1.762937388048772482e+04 1.203863138936085022e+02
5.745938938915416657e+04 1.742681931468631956e+04 1.197718973766904895e+02
5.745938939398344519e+04 1.714657734919150971e+04 1.190383887633665410e+02
5.745938939881273109e+04 1.675271691228046257e+04 1.179883237756089329e+02
5.745938940364200971e+04 1.679337060079942239e+04 1.181061022496030830e+02
5.745938940847129561e+04 1.694533621932288224e+04 1.185542607106010564e+02
5.745938941330057423e+04 1.677904747343269992e+04 1.180388478401384589e+02
5.745938941812986013e+04 1.671677801465220182e+04 1.178988937443301666e+02
5.745938942295913876e+04 1.674070468949970746e+04 1.179760380768831851e+02
5.745938942778842465e+04 1.705634402157265504e+04 1.187932799341272130e+02
5.745938943261770328e+04 1.707075508921477376e+04 1.187959407783550176e+02
5.745938943744698918e+04 1.695501337580065592e+04 1.185516176786746314e+02
5.745938944227626780e+04 1.715176123867189744e+04 1.190371844501940473e+02
5.745938944710555370e+04 1.703463416829013295e+04 1.186848718943875980e+02
5.745938945193483960e+04 1.697290728473009949e+04 1.186132059453498755e+02
5.745938945676411822e+04 1.708420112675333439e+04 1.188418961030011189e+02
5.745938946159340412e+04 1.720606954452544232e+04 1.192035361710837833e+02
5.745938946642268274e+04 1.739745258151459711e+04 1.196314246229782015e+02
5.745938947125196864e+04 1.732114785071322694e+04 1.195001985557582458e+02
5.745938947608124727e+04 1.678545016465639492e+04 1.180505545664246654e+02
5.745938948091053317e+04 1.682648045544473644e+04 1.181641398722936316e+02
5.745938948573981179e+04 1.646574717912363121e+04 1.172055381375001843e+02
5.745938949056909769e+04 1.595624835659132441e+04 1.157838154255467060e+02
5.745938949539837631e+04 1.574310362749303749e+04 1.151749327028828276e+02
5.745938950022766221e+04 1.646666604281917535e+04 1.171927375751273956e+02
5.745938950505694083e+04 1.669267782731784246e+04 1.178407209906412447e+02
5.745938950988622673e+04 1.686702955261719035e+04 1.182925993032724534e+02
5.745938951471550536e+04 1.677717364467152947e+04 1.180491692393162992e+02
5.745938951954479126e+04 1.710334399930820655e+04 1.187928633611284397e+02
5.745938952437406988e+04 1.717501817030238817e+04 1.190972957321932739e+02
5.745938952920335578e+04 1.683491432676324621e+04 1.180842553543184863e+02
5.745938953403263440e+04 1.642997282640953927e+04 1.170288007476219008e+02
5.745938953886192030e+04 1.678228835401458491e+04 1.179023404255449918e+02
5.745938954369119892e+04 1.706648854228897835e+04 1.187161149555841746e+02
5.745938954852048482e+04 1.724134831432633291e+04 1.191553728430779415e+02
5.745938955334976345e+04 1.734077086935925036e+04 1.194756481495134466e+02
5.745938955817904935e+04 1.721740691999901901e+04 1.190771800863342804e+02
5.745938956300832797e+04 1.708473995003766322e+04 1.187446878527577212e+02
5.745938956783761387e+04 1.670484031449676695e+04 1.178181022412460948e+02
5.745938957266689977e+04 1.705431450052812215e+04 1.186721231612140457e+02
5.745938957749617839e+04 1.751894713642077841e+04 1.199041227883537317e+02
5.745938958232546429e+04 1.744533795523226945e+04 1.197428134539352271e+02
5.745938958715474291e+04 1.684281114910592441e+04 1.180825004360170709e+02
5.745938959198402881e+04 1.681401726694966055e+04 1.179783198425984239e+02
5.745938959681330743e+04 1.667083738804177119e+04 1.176160933267127717e+02
5.745938960164259333e+04 1.691369520546403146e+04 1.182585770260985640e+02
5.745938960647187196e+04 1.703730798550074906e+04 1.185834543254536726e+02
5.745938961130115786e+04 1.671930232397628424e+04 1.176713790997217188e+02
5.745938961613043648e+04 1.647234805681232319e+04 1.170193476002206552e+02
5.745938962095972238e+04 1.661480856742507240e+04 1.174176538421628351e+02
5.745938962578900100e+04 1.707799428361393075e+04 1.186226545557823044e+02
5.745938963061828690e+04 1.730592504423104037e+04 1.192755263484978769e+02
5.745938963544756552e+04 1.744984888741163377e+04 1.196897262282714678e+02
5.745938964027685142e+04 1.741114653672921850e+04 1.196564396900038787e+02
5.745938964510613005e+04 1.719245500666323642e+04 1.190111337176962962e+02
5.745938964993541595e+04 1.682693560094420900e+04 1.180339945052331387e+02
5.745938965476469457e+04 1.663805989144922933e+04 1.175315755430324600e+02
5.745938965959398047e+04 1.674146178140033589e+04 1.178472846027894718e+02
5.745938966442325909e+04 1.685274686483541154e+04 1.181067966686823496e+02
5.745938966925254499e+04 1.683397370299820250e+04 1.179722537246242808e+02
5.745938967408182361e+04 1.702700674366175008e+04 1.185125124577863147e+02
5.745938967891110951e+04 1.739966070582407701e+04 1.194736487453288589e+02
5.745938968374039541e+04 1.731411849028398137e+04 1.191663492662176083e+02
5.745938968856967404e+04 1.698520002254961582e+04 1.184341651631519881e+02
5.745938969339895993e+04 1.690062345128196830e+04 1.181448441091995392e+02
5.745938969822823856e+04 1.741731334417265316e+04 1.195357663670015000e+02
5.745938970305752446e+04 1.755043774090976149e+04 1.199432172450785998e+02
5.745938970788680308e+04 1.749676643217071978e+04 1.198046954679034712e+02
5.745938971271608898e+04 1.758465598037205928e+04 1.199795511846456293e+02
5.745938971754536760e+04 1.753463082256835332e+04 1.199265844089550086e+02
5.745938972237465350e+04 1.682422471008314824e+04 1.180003095745085773e+02
5.745938972720393213e+04 1.657444142078560981e+04 1.173910699234075423e+02
5.745938973203321802e+04 1.684803982551231456e+04 1.180694048046737805e+02
5.745938973686249665e+04 1.708791409058943827e+04 1.186665819599168827e+02
5.745938974169178255e+04 1.793202044117670812e+04 1.208864983530857700e+02
5.745938974652106117e+04 1.784478840327212674e+04 1.206407926458517608e+02
5.745938975135034707e+04 1.725301070200995673e+04 1.190720512893065006e+02
5.745938975617962569e+04 1.690090302590939245e+04 1.181642384410050823e+02
5.745938976100891159e+04 1.676181562013532675e+04 1.178272686859089617e+02
5.745938976583819021e+04 1.684743647472433804e+04 1.180475301296025634e+02
5.745938977066747611e+04 1.694824915054526355e+04 1.182825755081115062e+02
5.745938977549675474e+04 1.685825027004901858e+04 1.181551043012438811e+02
5.745938978032604064e+04 1.672650894921169311e+04 1.177971250346408141e+02
5.745938978515531926e+04 1.687881123998960175e+04 1.181508418890229137e+02
5.745938978998460516e+04 1.673005592536344921e+04 1.177697693279830133e+02
5.745938979481389106e+04 1.697060683506599889e+04 1.184749505910934886e+02
5.745938979964316968e+04 1.662872349047973330e+04 1.174985558092544835e+02
5.745938980447245558e+04 1.672944615010492635e+04 1.177533830556364478e+02
5.745938980930173420e+04 1.756320535156882397e+04 1.198892814991001785e+02
5.745938981413102010e+04 1.781676034830546632e+04 1.205306600592340658e+02
5.745938981896029873e+04 1.733926862622596673e+04 1.192794356419380648e+02
5.745938982378958463e+04 1.707516723507822098e+04 1.187150597404471597e+02
5.745938982861886325e+04 1.685854763343013838e+04 1.183626119666206336e+02
5.745938983344814915e+04 1.696370405490321355e+04 1.184983125240633228e+02
5.745938983827742777e+04 1.630615416890807319e+04 1.166789469585509096e+02
5.745938984310671367e+04 1.586238154307645891e+04 1.154146766868220340e+02
5.745938984793599229e+04 1.524690557476305548e+04 1.137266645616895886e+02
5.745938985276527819e+04 1.399556841809056823e+04 1.102824169896160669e+02
5.745938985759455682e+04 1.284153595351217336e+04 1.069195586579488975e+02
5.745938986242384271e+04 1.257837777252527667e+04 1.061816860657568071e+02
5.745938986725312134e+04 1.232018614512342538e+04 1.054149671326329525e+02
5.745938987208240724e+04 1.235244154729145885e+04 1.055679884701125673e+02
5.745938987691168586e+04 1.246465852850465308e+04 1.057517831606760979e+02
5.745938988174097176e+04 1.232792078240654519e+04 1.054716835832140589e+02
5.745938988657025038e+04 1.219404649063692705e+04 1.051380280197694219e+02
5.745938989139953628e+04 1.216454169437611381e+04 1.048527147337428715e+02
5.745938989622881491e+04 1.222077545450080106e+04 1.050554583782019620e+02
5.745938990105810080e+04 1.219051774949565879e+04 1.049717018708994232e+02
5.745938990588737943e+04 1.230210709972942095e+04 1.053950332293578782e+02
5.745938991071666533e+04 1.213265320349762987e+04 1.048627410739728276e+02
