5.745938235379999969e+04 5.052033834793084679e+03 6.986324015672727228e+01
5.745938235856344545e+04 5.055128997986923423e+03 6.988774007825617218e+01
5.745938236332689121e+04 5.052546308397212670e+03 6.995169807131716766e+01
5.745938236809033697e+04 5.094917699922674728e+03 7.008464501457140727e+01
5.745938237285378273e+04 4.977041354338291967e+03 6.940623084799035780e+01
5.745938237761722121e+04 5.039957114928004557e+03 6.987299341744935077e+01
5.745938238238066697e+04 5.044519943792305639e+03 6.985727848541550600e+01
5.745938238714411273e+04 5.028869003426005293e+03 6.971861308675245539e+01
5.745938239190755849e+04 5.193732565744559906e+03 7.040268316136243243e+01
5.745938239667100424e+04 5.046835961796785341e+03 6.991164268412777005e+01
5.745938240143445000e+04 5.073177366903791153e+03 6.998035680803013747e+01
5.745938240619789576e+04 5.127379534025099929e+03 7.027018797606309874e+01
5.745938241096134152e+04 5.136529334224756894e+03 7.030864418647078651e+01
5.745938241572478728e+04 5.112028848552879936e+03 7.031301986475352805e+01
5.745938242048822576e+04 5.057918187746384319e+03 6.999193374395387934e+01
5.745938242525167152e+04 5.031294208719472408e+03 6.984915864683310360e+01
5.745938243001511728e+04 5.143383198713330785e+03 7.035854740908287397e+01
5.745938243477856304e+04 5.120285074178578725e+03 7.038474325659647945e+01
5.745938243954200880e+04 5.369778651398139118e+03 7.146515888376588066e+01
5.745938244430545456e+04 5.554120339669967507e+03 7.224256797410299669e+01
5.745938244906890031e+04 5.622378437463213231e+03 7.255042230942981973e+01
5.745938245383234607e+04 5.766025907963969985e+03 7.316910294062964226e+01
5.745938245859579183e+04 5.668081397128871686e+03 7.281119705213507132e+01
5.745938246335923031e+04 5.691514091229313635e+03 7.296177503600983982e+01
5.745938246812267607e+04 5.637980408110252938e+03 7.273488247406969265e+01
5.745938247288612183e+04 5.711576010246168153e+03 7.301264476711696716e+01
5.745938247764956759e+04 5.672176071216685159e+03 7.274094203458923857e+01
5.745938248241301335e+04 5.645497705398813196e+03 7.261252699205600436e+01
5.745938248717645911e+04 5.748627392564263573e+03 7.317887028431121621e+01
5.745938249193990487e+04 5.649592563478784541e+03 7.265224928213845601e+01
5.745938249670335063e+04 5.692626996742177653e+03 7.281991881690881030e+01
5.745938250146679638e+04 5.722656531591385829e+03 7.302269686476041954e+01
5.745938250623023487e+04 5.686817833793380487e+03 7.276297380686223448e+01
5.745938251099368063e+04 5.568514451484863457e+03 7.240807281672499585e+01
5.745938251575712638e+04 5.588045182587762611e+03 7.244345763793613457e+01
5.745938252052057214e+04 5.684344746418242721e+03 7.290116651080384713e+01
5.745938252528401790e+04 5.597910473516207276e+03 7.250155259641414318e+01
5.745938253004746366e+04 5.741630756327837844e+03 7.300580018747548650e+01
5.745938253481090942e+04 5.564976588754933800e+03 7.235019740126553245e+01
5.745938253957435518e+04 5.602527375985944673e+03 7.251530941788385576e+01
5.745938254433780094e+04 5.765581487288178323e+03 7.324952402360914050e+01
5.745938254910124670e+04 5.726810112377968835e+03 7.302773671332622030e+01
5.745938255386468518e+04 5.659765948933507389e+03 7.273865085745634929e+01
5.745938255862813094e+04 5.577105983492131600e+03 7.232075418151447366e+01
5.745938256339157670e+04 5.565089658665139723e+03 7.239387632874947087e+01
5.745938256815502245e+04 5.654045255704852025e+03 7.277231210142598172e+01
5.745938257291846821e+04 5.686811988686160475e+03 7.286886238835263896e+01
5.745938257768191397e+04 5.549711230651668302e+03 7.225870666726251557e+01
5.745938258244535973e+04 5.623518537372079663e+03 7.260004305803093416e+01
5.745938258720880549e+04 5.696736201294315833e+03 7.284397328936837823e+01
5.745938259197225125e+04 5.807615676475239525e+03 7.326157299414431634e+01
5.745938259673568973e+04 5.667990866199615084e+03 7.270959485991117788e+01
5.745938260149913549e+04 5.635481637252255496e+03 7.273624340810982858e+01
5.745938260626258125e+04 5.663482524628272586e+03 7.283638301428598538e+01
5.745938261102602701e+04 5.584283096953416134e+03 7.252341972799747793e+01
5.745938261578947277e+04 5.768260683266978958e+03 7.315621934222775735e+01
5.745938262055291852e+04 5.727971246534116290e+03 7.295725577604099499e+01
5.745938262531636428e+04 5.665363841067558496e+03 7.276769920962267690e+01
5.745938263007981004e+04 5.649820552882540142e+03 7.273739194973613564e+01
5.745938263484325580e+04 5.670109186546022102e+03 7.293445195159713990e+01
5.745938263960669428e+04 5.579732330333964455e+03 7.243348686538651293e+01
5.745938264437014004e+04 5.526653684698403595e+03 7.219637889582959644e+01
5.745938264913358580e+04 5.617769186069550415e+03 7.248927808361818848e+01
5.745938265389703156e+04 5.688846644078816098e+03 7.286070979449856111e+01
5.745938265866047732e+04 5.678452615818132472e+03 7.287396654605667834e+01
5.745938266342392308e+04 5.596348622648461969e+03 7.257498283387913318e+01
5.745938266818736884e+04 5.693150376282006619e+03 7.297239502321266968e+01
5.745938267295081459e+04 5.709989567025239921e+03 7.295467847768219372e+01
5.745938267771426035e+04 5.733416881425755491e+03 7.304329020217824109e+01
5.745938268247769884e+04 5.630042999886245525e+03 7.262545317654246446e+01
5.745938268724114459e+04 5.711136150081374581e+03 7.299864762585488620e+01
5.745938269200459035e+04 5.717350015621181228e+03 7.301274560012997483e+01
5.745938269676803611e+04 5.662041282743160082e+03 7.264492321423747967e+01
5.745938270153148187e+04 5.631079180508370882e+03 7.265229147765121809e+01
5.745938270629492763e+04 5.668924274646995400e+03 7.285527846439788391e+01
5.745938271105837339e+04 5.759464823831318427e+03 7.322020521240243340e+01
5.745938271582181915e+04 5.709545564616652882e+03 7.302245339930918533e+01
5.745938272058526491e+04 5.560615694091335172e+03 7.241748165721152475e+01
5.745938272534870339e+04 5.642515613190773365e+03 7.269261585074474397e+01
5.745938273011214915e+04 5.744789447558057873e+03 7.309033916800805741e+01
5.745938273487559491e+04 5.868308225570576724e+03 7.364025399733502297e+01
5.745938273963904066e+04 5.603613718183168203e+03 7.256302282505671997e+01
5.745938274440248642e+04 5.685351852867186608e+03 7.283260892820482013e+01
5.745938274916593218e+04 5.624232542694175208e+03 7.261483104659563992e+01
5.745938275392937794e+04 5.668934289183262081e+03 7.280640488432145219e+01
5.745938275869282370e+04 5.786789801733623790e+03 7.322753311381096353e+01
5.745938276345626946e+04 5.662240916567117893e+03 7.278044064767139787e+01
5.745938276821970794e+04 5.707288132372832479e+03 7.297064735692976001e+01
5.745938277298315370e+04 5.715089792148363813e+03 7.301955401750331021e+01
5.745938277774659946e+04 5.717485221951026688e+03 7.300097804116772693e+01
5.745938278251004522e+04 5.625671500787711921e+03 7.261724658530857823e+01
5.745938278727349098e+04 5.686692941861369036e+03 7.283792534888310399e+01
5.745938279203693673e+04 5.713148758753485708e+03 7.293834850607404974e+01
5.745938279680038249e+04 5.773161950675781554e+03 7.319726772946516746e+01
5.745938280156382825e+04 5.688819988501486478e+03 7.291183443835535627e+01
5.745938280632727401e+04 5.634541577435342333e+03 7.263141878644943006e+01
5.745938281109071249e+04 5.645822423084780894e+03 7.270406786646212538e+01
5.745938281585415825e+04 5.541898294429025555e+03 7.223907307743736794e+01
5.745938282061760401e+04 5.747986854660641256e+03 7.310943190946019854e+01
5.745938282538104977e+04 5.711654139373413273e+03 7.309665983075473150e+01
5.745938283014449553e+04 5.689698403317122029e+03 7.283044354019713751e+01
5.745938283490794129e+04 5.651733364623215493e+03 7.277014580203352523e+01
5.745938283967138705e+04 5.592547767451376785e+03 7.256806233449503907e+01
5.745938284443483280e+04 5.753297824401909565e+03 7.313716962450601500e+01
5.745938284919827856e+04 5.759055793684524360e+03 7.316783737870886739e+01
5.745938285396171705e+04 5.675992834186575237e+03 7.277729729952956461e+01
5.745938285872516281e+04 5.695229450151814490e+03 7.292256579526342364e+01
5.745938286348860856e+04 5.714232267921777748e+03 7.299369923687156358e+01
5.745938286825205432e+04 5.807317694371670768e+03 7.326929449115354487e+01
5.745938287301550008e+04 5.722974555400915051e+03 7.290723384429392695e+01
5.745938287777894584e+04 5.627069099427912079e+03 7.260483308984191808e+01
5.745938288254239160e+04 5.616202872477779238e+03 7.253395516775401575e+01
5.745938288730583736e+04 5.624218521734871501e+03 7.248910115753328398e+01
5.745938289206928312e+04 5.728409146857191445e+03 7.299909803912581197e+01
5.745938289683272887e+04 5.677323697341558727e+03 7.291257942141285753e+01
5.745938290159616736e+04 5.509314882399346970e+03 7.217710489142201880e+01
5.745938290635961312e+04 5.465322896499821582e+03 7.197663692609120289e+01
5.745938291112305888e+04 5.625088251209023838e+03 7.265699523088073875e+01
5.745938291588650463e+04 5.641392429631401683e+03 7.275912017655947750e+01
5.745938292064995039e+04 5.805519875251686244e+03 7.345103438836096643e+01
5.745938292541339615e+04 5.804543085672459711e+03 7.334563554027826626e+01
5.745938293017684191e+04 5.761093350664779791e+03 7.306292028337136912e+01
5.745938293494028767e+04 5.602569402521436132e+03 7.257325071439441899e+01
5.745938293970373343e+04 5.572598775824319091e+03 7.234114309275398114e+01
5.745938294446717191e+04 5.603448189204288610e+03 7.237720395373133897e+01
5.745938294923061767e+04 5.623143351319991780e+03 7.255563512238367707e+01
5.745938295399406343e+04 5.627320818664233229e+03 7.253403603816310863e+01
5.745938295875750919e+04 5.584162789925403558e+03 7.251659640730376566e+01
5.745938296352095495e+04 5.737537765769559883e+03 7.305789843181594279e+01
5.745938296828440070e+04 5.676275269961191043e+03 7.278019155533763751e+01
5.745938297304784646e+04 5.552229412832984963e+03 7.236360498300335564e+01
5.745938297781129222e+04 5.411320907818428168e+03 7.155164358525563273e+01
5.745938298257473798e+04 5.301926836793563780e+03 7.109514835018377710e+01
5.745938298733817646e+04 5.174998766349417565e+03 7.052159230060473760e+01
5.745938299210162222e+04 5.138861508154845978e+03 7.042287970110695028e+01
5.745938299686506798e+04 5.134106042316423554e+03 7.048170344410166877e+01
5.745938300162851374e+04 5.171517075911624488e+03 7.057641042108863871e+01
5.745938300639195950e+04 5.093108936886261290e+03 7.015228786687271167e+01
5.745938301115540526e+04 5.076795735902415800e+03 7.012627034077760868e+01
5.745938301591885102e+04 5.032328346847785724e+03 6.991011267802960560e+01
5.745938302068229677e+04 4.978581195938479141e+03 6.979679876142215278e+01
5.745938302544574253e+04 4.910069038746712977e+03 6.952350165697308171e+01
5.745938303020918102e+04 4.967262840011006119e+03 6.977774491085584430e+01
5.745938303497262677e+04 5.019745903069210726e+03 7.015245540359647691e+01
5.745938303973607253e+04 4.836630921468871747e+03 6.970536281787728683e+01
5.745938304449951829e+04 4.890857766365355019e+03 7.029960446147245534e+01
5.745938304926296405e+04 4.858131449736325521e+03 7.035964697182393479e+01
