2.457368861743200105e+06 -7.251250913149357075e+03 3.643711921282854291e+02
2.457368861812693067e+06 -4.846900466720762779e+03 3.665836334924599669e+02
2.457368861882186029e+06 -6.229703429383109324e+03 3.646119757281305738e+02
2.457368861951679457e+06 -1.058602277800324373e+04 3.623301952021415673e+02
2.457368862021172419e+06 -1.197266703023540322e+04 3.611407710145036276e+02
2.457368862090665381e+06 -9.439372082995148958e+03 3.631981570921676621e+02
2.457368862160158344e+06 -9.150525365259731188e+03 3.631948927307098529e+02
2.457368862229651306e+06 -1.086948072240260080e+04 3.623068866915090211e+02
2.457368862299144734e+06 -1.575469508421268256e+04 3.618671820679155076e+02
2.457368862368637696e+06 -1.918836097301135305e+04 3.659212148739835015e+02
2.457368862438130658e+06 -1.736362829748378135e+04 3.679240624059286233e+02
