5.737343767310000112e+04 4.586397624175926467e+03 6.871547650508532001e+01
5.737343768395792722e+04 5.773456396246861004e+03 7.384606313763680419e+01
5.737343769481586060e+04 7.898626125997236159e+03 8.241490906757071855e+01
5.737343770567378670e+04 1.094482288941990191e+04 9.337802735242934205e+01
5.737343771653171279e+04 1.413111604141663884e+04 1.036610429805756155e+02
5.737343772738963889e+04 1.656363552640138732e+04 1.107574392160777990e+02
5.737343773824757227e+04 1.853945090848693508e+04 1.162680000964160172e+02
5.737343774910549837e+04 2.010480026480614833e+04 1.203211401356259103e+02
5.737343775996342447e+04 2.069116786602119828e+04 1.219041423923938225e+02
5.737343777082135784e+04 2.146670076545927441e+04 1.239141379532032801e+02
5.737343778167928394e+04 2.243982687677336799e+04 1.262397967472199412e+02
5.737343779253721004e+04 2.372526745131666394e+04 1.293436820836169545e+02
5.737343780339514342e+04 2.553869973654029309e+04 1.336827566103670222e+02
5.737343781425306952e+04 2.657754603131770273e+04 1.361321881479283320e+02
5.737343782511099562e+04 2.612262028641203869e+04 1.350607153775001734e+02
5.737343783596892172e+04 2.437810687152922401e+04 1.308940718182738010e+02
5.737343784682685509e+04 2.227905850217484840e+04 1.256944711100533283e+02
5.737343785768478119e+04 2.114484851043195522e+04 1.229000279179723663e+02
5.737343786854270729e+04 2.081334960353300994e+04 1.221260754504122730e+02
5.737343787940064067e+04 2.094096222520794618e+04 1.225545227258043610e+02
5.737343789025856677e+04 2.169685687426366349e+04 1.246187046918511214e+02
5.737343790111649287e+04 2.276981040319022577e+04 1.274631262579622160e+02
5.737343791197442624e+04 2.379401389597920206e+04 1.300519637579919277e+02
5.737343792283235234e+04 2.415151966831670870e+04 1.309578691304966753e+02
5.737343793369027844e+04 2.359218891338008325e+04 1.294209761596317207e+02
5.737343794454820454e+04 2.288198536779169808e+04 1.275346002659084235e+02
5.737343795540613792e+04 2.285590043531848642e+04 1.273701977859715839e+02
5.737343796626406402e+04 2.297186223276871169e+04 1.275254673720708922e+02
5.737343797712199012e+04 2.252335314337469026e+04 1.263778669022820225e+02
5.737343798797992349e+04 2.202137174042504193e+04 1.251088471107531461e+02
5.737343799883784959e+04 2.158004394886912633e+04 1.239523123335385861e+02
5.737343800969577569e+04 2.101275458110080217e+04 1.225760470467399443e+02
5.737343802055370179e+04 2.071974058575695381e+04 1.219160062529237933e+02
5.737343803141163517e+04 2.068457690367857504e+04 1.219621999115168620e+02
5.737343804226956127e+04 2.112565395330004321e+04 1.231999848612305470e+02
5.737343805312748736e+04 2.176092293013988456e+04 1.248586912602943926e+02
5.737343806398542074e+04 2.289969786120485514e+04 1.277285316209839579e+02
5.737343807484334684e+04 2.535390103250932953e+04 1.335928398180649026e+02
5.737343808570127294e+04 2.837624151693898966e+04 1.404800629310882698e+02
5.737343809655920631e+04 3.036152576179927928e+04 1.447009869285342916e+02
5.737343810741713241e+04 3.002921126719051244e+04 1.438443226147661278e+02
5.737343811827505851e+04 2.782139804019612347e+04 1.388453308109100135e+02
5.737343812913298461e+04 2.519303920378713156e+04 1.327083697774804705e+02
5.737343813999091799e+04 2.332753092867184387e+04 1.282094664768901566e+02
5.737343815084884409e+04 2.242881262788509412e+04 1.258790038359218357e+02
5.737343816170677019e+04 2.177904925335363441e+04 1.241262728809373925e+02
5.737343817256470356e+04 2.133921860348636619e+04 1.229132711255664674e+02
5.737343818342262966e+04 2.099299514155702491e+04 1.217638864981204989e+02
5.737343819428055576e+04 2.150966013384974576e+04 1.228862613009621896e+02
5.737343820513848914e+04 2.276752008812118584e+04 1.259236887540664469e+02
5.737343821599641524e+04 2.456613646225377306e+04 1.301155278259986119e+02
5.737343822685434134e+04 2.625638901421304399e+04 1.341040531181587312e+02
5.737343823771226744e+04 2.734268706750084675e+04 1.366125392567048493e+02
5.737343824857020081e+04 2.753265303182890057e+04 1.370782219256404062e+02
5.737343825942812691e+04 2.698655504294352795e+04 1.358375733597341650e+02
5.737343827028605301e+04 2.651470382766885450e+04 1.346853639464177661e+02
5.737343828114398639e+04 2.523557001034063433e+04 1.316642403555958367e+02
5.737343829200191249e+04 2.336998518457838509e+04 1.271507991949983563e+02
5.737343830285983859e+04 2.146937546537437447e+04 1.224247460230946984e+02
5.737343831371777196e+04 1.938059057903922076e+04 1.168875946999214506e+02
5.737343832457569806e+04 1.776288232230717404e+04 1.124292100183890284e+02
5.737343833543362416e+04 1.675388731104769613e+04 1.096067268706620155e+02
5.737343834629155026e+04 1.502849409365263637e+04 1.045316113691514062e+02
5.737343835714948364e+04 1.251102820797698769e+04 9.678619809761235615e+01
5.737343836800740974e+04 9.759878378876754141e+03 8.736231547376696938e+01
