5.736833794150000176e+04 0.000000000000000000e+00 1.630797350991225869e+02
5.736833794222299912e+04 0.000000000000000000e+00 1.630797350991225869e+02
5.736833794294598920e+04 0.000000000000000000e+00 1.630797350991225869e+02
5.736833794366898655e+04 0.000000000000000000e+00 1.630797350991225869e+02
5.736833794439197663e+04 0.000000000000000000e+00 1.630797350991225869e+02
5.736833794511497399e+04 0.000000000000000000e+00 1.630797350991225869e+02
5.736833794583797135e+04 0.000000000000000000e+00 1.630797350991225869e+02
5.736833794656096143e+04 0.000000000000000000e+00 1.630797350991225869e+02
5.736833794728395878e+04 0.000000000000000000e+00 1.630797350991225869e+02
5.736833794800695614e+04 0.000000000000000000e+00 1.630797350991225869e+02
5.736833794872994622e+04 0.000000000000000000e+00 1.630797350991225869e+02
5.736833794945294358e+04 0.000000000000000000e+00 1.630797350991225869e+02
5.736833795017593366e+04 0.000000000000000000e+00 1.630797350991225869e+02
5.736833795089893101e+04 0.000000000000000000e+00 1.630797350991225869e+02
5.736833795162192837e+04 0.000000000000000000e+00 1.630797350991225869e+02
5.736833795234491845e+04 0.000000000000000000e+00 1.630797350991225869e+02
5.736833795306791581e+04 0.000000000000000000e+00 1.630797350991225869e+02
5.736833795379091316e+04 0.000000000000000000e+00 1.630797350991225869e+02
5.736833795451390324e+04 0.000000000000000000e+00 1.630797350991225869e+02
5.736833795523690060e+04 0.000000000000000000e+00 1.630797350991225869e+02
5.736833795595989068e+04 0.000000000000000000e+00 1.630797350991225869e+02
5.736833795668288803e+04 0.000000000000000000e+00 1.630797350991225869e+02
5.736833795740588539e+04 0.000000000000000000e+00 1.630797350991225869e+02
5.736833795812887547e+04 0.000000000000000000e+00 1.630797350991225869e+02
5.736833795885187283e+04 0.000000000000000000e+00 1.630797350991225869e+02
5.736833795957487018e+04 0.000000000000000000e+00 1.630797350991225869e+02
5.736833796029786026e+04 0.000000000000000000e+00 1.630797350991225869e+02
5.736833796102085762e+04 0.000000000000000000e+00 1.630797350991225869e+02
5.736833796174384770e+04 0.000000000000000000e+00 1.630797350991225869e+02
5.736833796246684506e+04 0.000000000000000000e+00 1.630797350991225869e+02
5.736833796318984241e+04 0.000000000000000000e+00 1.630797350991225869e+02
5.736833796391283249e+04 0.000000000000000000e+00 1.630797350991225869e+02
5.736833796463582985e+04 0.000000000000000000e+00 1.630797350991225869e+02
5.736833796535882720e+04 0.000000000000000000e+00 1.630797350991225869e+02
5.736833796608181729e+04 0.000000000000000000e+00 1.630797350991225869e+02
5.736833796680481464e+04 0.000000000000000000e+00 1.630797350991225869e+02
5.736833796752780472e+04 0.000000000000000000e+00 1.630797350991225869e+02
5.736833796825080208e+04 0.000000000000000000e+00 1.630797350991225869e+02
5.736833796897379943e+04 0.000000000000000000e+00 1.630797350991225869e+02
5.736833796969678951e+04 0.000000000000000000e+00 1.630797350991225869e+02
5.736833797041978687e+04 0.000000000000000000e+00 1.630797350991225869e+02
5.736833797114278423e+04 0.000000000000000000e+00 1.630797350991225869e+02
5.736833797186577431e+04 0.000000000000000000e+00 1.630797350991225869e+02
5.736833797258877166e+04 0.000000000000000000e+00 1.630797350991225869e+02
5.736833797331176174e+04 0.000000000000000000e+00 1.630797350991225869e+02
5.736833797403475910e+04 0.000000000000000000e+00 1.630797350991225869e+02
5.736833797475775646e+04 0.000000000000000000e+00 1.630797350991225869e+02
5.736833797548074654e+04 0.000000000000000000e+00 1.630797350991225869e+02
5.736833797620374389e+04 0.000000000000000000e+00 1.630797350991225869e+02
5.736833797692674125e+04 0.000000000000000000e+00 1.630797350991225869e+02
5.736833797764973133e+04 0.000000000000000000e+00 1.630797350991225869e+02
5.736833797837272868e+04 0.000000000000000000e+00 1.630797350991225869e+02
5.736833797909571877e+04 0.000000000000000000e+00 1.630797350991225869e+02
5.736833797981871612e+04 0.000000000000000000e+00 1.630797350991225869e+02
5.736833798054171348e+04 0.000000000000000000e+00 1.630797350991225869e+02
5.736833798126470356e+04 0.000000000000000000e+00 1.630797350991225869e+02
5.736833798198770091e+04 0.000000000000000000e+00 1.630797350991225869e+02
5.736833798271069827e+04 0.000000000000000000e+00 1.630797350991225869e+02
5.736833798343368835e+04 0.000000000000000000e+00 1.630797350991225869e+02
5.736833798415668571e+04 0.000000000000000000e+00 1.630797350991225869e+02
5.736833798487967579e+04 0.000000000000000000e+00 1.630797350991225869e+02
5.736833798560267314e+04 0.000000000000000000e+00 1.630797350991225869e+02
5.736833798632567050e+04 0.000000000000000000e+00 1.630797350991225869e+02
5.736833798704866058e+04 0.000000000000000000e+00 1.630797350991225869e+02
5.736833798777165794e+04 0.000000000000000000e+00 1.630797350991225869e+02
5.736833798849465529e+04 0.000000000000000000e+00 1.630797350991225869e+02
5.736833798921764537e+04 0.000000000000000000e+00 1.630797350991225869e+02
5.736833798994064273e+04 0.000000000000000000e+00 1.630797350991225869e+02
5.736833799066363281e+04 0.000000000000000000e+00 1.630797350991225869e+02
5.736833799138663016e+04 0.000000000000000000e+00 1.630797350991225869e+02
5.736833799210962752e+04 0.000000000000000000e+00 1.630797350991225869e+02
5.736833799283261760e+04 0.000000000000000000e+00 1.630797350991225869e+02
5.736833799355561496e+04 0.000000000000000000e+00 1.630797350991225869e+02
5.736833799427861231e+04 0.000000000000000000e+00 1.630797350991225869e+02
5.736833799500160239e+04 0.000000000000000000e+00 1.630797350991225869e+02
5.736833799572459975e+04 0.000000000000000000e+00 1.630797350991225869e+02
5.736833799644758983e+04 0.000000000000000000e+00 1.630797350991225869e+02
5.736833799717058719e+04 0.000000000000000000e+00 1.630797350991225869e+02
5.736833799789358454e+04 0.000000000000000000e+00 1.630797350991225869e+02
5.736833799861657462e+04 0.000000000000000000e+00 1.630797350991225869e+02
5.736833799933957198e+04 0.000000000000000000e+00 1.630797350991225869e+02
5.736833800006256934e+04 0.000000000000000000e+00 1.630797350991225869e+02
5.736833800078555942e+04 0.000000000000000000e+00 1.630797350991225869e+02
5.736833800150855677e+04 0.000000000000000000e+00 1.630797350991225869e+02
5.736833800223154685e+04 0.000000000000000000e+00 1.630797350991225869e+02
5.736833800295454421e+04 0.000000000000000000e+00 1.630797350991225869e+02
5.736833800367754156e+04 0.000000000000000000e+00 1.630797350991225869e+02
5.736833800440053164e+04 0.000000000000000000e+00 1.630797350991225869e+02
5.736833800512352900e+04 0.000000000000000000e+00 1.630797350991225869e+02
5.736833800584652636e+04 0.000000000000000000e+00 1.630797350991225869e+02
5.736833800656951644e+04 0.000000000000000000e+00 1.630797350991225869e+02
5.736833800729251379e+04 0.000000000000000000e+00 1.630797350991225869e+02
5.736833800801550387e+04 0.000000000000000000e+00 1.630797350991225869e+02
5.736833800873850123e+04 0.000000000000000000e+00 1.630797350991225869e+02
5.736833800946149859e+04 0.000000000000000000e+00 1.630797350991225869e+02
5.736833801018448867e+04 0.000000000000000000e+00 1.630797350991225869e+02
5.736833801090748602e+04 0.000000000000000000e+00 1.630797350991225869e+02
5.736833801163048338e+04 0.000000000000000000e+00 1.630797350991225869e+02
5.736833801235347346e+04 0.000000000000000000e+00 1.630797350991225869e+02
5.736833801307647082e+04 0.000000000000000000e+00 1.630797350991225869e+02
5.736833801379946090e+04 0.000000000000000000e+00 1.630797350991225869e+02
5.736833801452245825e+04 0.000000000000000000e+00 1.630797350991225869e+02
5.736833801524545561e+04 0.000000000000000000e+00 1.630797350991225869e+02
5.736833801596844569e+04 0.000000000000000000e+00 1.630797350991225869e+02
5.736833801669144304e+04 0.000000000000000000e+00 1.630797350991225869e+02
5.736833801741444040e+04 0.000000000000000000e+00 1.630797350991225869e+02
5.736833801813743048e+04 0.000000000000000000e+00 1.630797350991225869e+02
5.736833801886042784e+04 0.000000000000000000e+00 1.630797350991225869e+02
5.736833801958341792e+04 0.000000000000000000e+00 1.630797350991225869e+02
5.736833802030641527e+04 0.000000000000000000e+00 1.630797350991225869e+02
5.736833802102941263e+04 0.000000000000000000e+00 1.630797350991225869e+02
5.736833802175240271e+04 0.000000000000000000e+00 1.630797350991225869e+02
5.736833802247540007e+04 0.000000000000000000e+00 1.630797350991225869e+02
5.736833802319839742e+04 0.000000000000000000e+00 1.630797350991225869e+02
5.736833802392138750e+04 0.000000000000000000e+00 1.630797350991225869e+02
5.736833802464438486e+04 0.000000000000000000e+00 1.630797350991225869e+02
5.736833802536737494e+04 0.000000000000000000e+00 1.630797350991225869e+02
5.736833802609037230e+04 1.131091036108941825e-16 1.630797350991225869e+02
5.736833802681336965e+04 -2.481311459403905596e-14 1.630797350991225869e+02
5.736833802753635973e+04 1.464367128508318250e-12 1.630797350991225869e+02
5.736833802825935709e+04 -1.091153887377522494e-11 1.630797350991225869e+02
5.736833802898235444e+04 9.545492660269047264e-10 1.630797350991244343e+02
5.736833802970534452e+04 -2.644515639913948578e-07 1.630797350986158563e+02
5.736833803042834188e+04 1.502317186289118052e-05 1.630797351279105953e+02
5.736833803115133196e+04 1.488718770279744488e-03 1.630797379518658374e+02
5.736833803187432932e+04 -2.101840386706443908e-01 1.630793323354490383e+02
5.736833803259732667e+04 1.662342838482166840e+01 1.631115864760701584e+02
5.736833803332031675e+04 3.373651675044657168e+03 1.694211683848949122e+02
5.736833803404331411e+04 1.907559367992133411e+04 1.962581107876839610e+02
5.736833803476631147e+04 3.607343981175746740e+04 2.216774681431299996e+02
5.736833803548930155e+04 5.218250640412155190e+04 2.433291320466498746e+02
5.736833803621229890e+04 6.863538413503790798e+04 2.636135715102670360e+02
5.736833803693528898e+04 8.458981361178998486e+04 2.818929468918453267e+02
5.736833803765828634e+04 1.011224809568850906e+05 2.996607258184715192e+02
5.736833803838128370e+04 1.193127029672816570e+05 3.180651495441633756e+02
5.736833803910427378e+04 1.328475956830294454e+05 3.310962810148936342e+02
5.736833803982727113e+04 1.488116615437964792e+05 3.458356379335027100e+02
5.736833804055026849e+04 1.690112344960252522e+05 3.636303364132533602e+02
5.736833804127325857e+04 1.814986333622627426e+05 3.742080248356710399e+02
5.736833804199625592e+04 1.977486930739186646e+05 3.875408793549387383e+02
5.736833804271924600e+04 2.134058568173905369e+05 3.999670742834578618e+02
5.736833804344224336e+04 2.300607651681423886e+05 4.127747306099163325e+02
5.736833804416524072e+04 2.459108265978909039e+05 4.246048358458506868e+02
5.736833804488823080e+04 2.616947228787495405e+05 4.360667400745193731e+02
5.736833804561122815e+04 2.778011580688219401e+05 4.474603041533558212e+02
5.736833804633422551e+04 2.935650953430743539e+05 4.583374134733291498e+02
5.736833804705721559e+04 3.101738910826855572e+05 4.695249534653919454e+02
5.736833804778021295e+04 3.266182690650430159e+05 4.803451031973281715e+02
5.736833804850320303e+04 3.429968761426648125e+05 4.908849637024600270e+02
5.736833804922620038e+04 3.579164791681011557e+05 5.002927137986952744e+02
5.736833804994919774e+04 3.736393146130398382e+05 5.100191875146952611e+02
5.736833805067218782e+04 3.907316728945935611e+05 5.203866788832328893e+02
5.736833805139518518e+04 4.071868074110810994e+05 5.301761543411073490e+02
5.736833805211818253e+04 4.224000836136739235e+05 5.390686897405062155e+02
5.736833805284117261e+04 4.385054031649766257e+05 5.483255209983485656e+02
5.736833805356416997e+04 4.544523107550508576e+05 5.573398372823413638e+02
5.736833805428716005e+04 4.709885210743059870e+05 5.665358114642367582e+02
5.736833805501015740e+04 4.868733816797897452e+05 5.752311392387138085e+02
5.736833805573315476e+04 5.025455515813704114e+05 5.836831072922673229e+02
5.736833805645614484e+04 5.204055324204755016e+05 5.931681530247533374e+02
5.736833805717914220e+04 5.344032287743780762e+05 6.004973088898785818e+02
5.736833805790213955e+04 5.549688820468673948e+05 6.111060065809303978e+02
5.736833805862512963e+04 5.676034720695994329e+05 6.175331327495712230e+02
5.736833805934812699e+04 5.850674725452477578e+05 6.263083668136486040e+02
5.736833806007111707e+04 5.986555919204619713e+05 6.330519291103129262e+02
5.736833806079411443e+04 6.153244101925427094e+05 6.412275386868059286e+02
5.736833806151711178e+04 6.317380531853931025e+05 6.491773896562253867e+02
5.736833806224010186e+04 6.479496023006479954e+05 6.569349293787817032e+02
5.736833806296309922e+04 6.637546974927292904e+05 6.644107810180053093e+02
5.736833806368609658e+04 6.813752534919180907e+05 6.726474064712126619e+02
5.736833806440908666e+04 6.987773569455698598e+05 6.806841030103325920e+02
5.736833806513208401e+04 7.122772480865794932e+05 6.868539000792760589e+02
5.736833806585507409e+04 7.313978586331170518e+05 6.954988581196220139e+02
5.736833806657807145e+04 7.428481798412258504e+05 7.006248014456568853e+02
5.736833806730106880e+04 7.609867723724825773e+05 7.086689867158020206e+02
5.736833806802405888e+04 7.771500252316305414e+05 7.157609697166848264e+02
5.736833806874705624e+04 7.928259123311925214e+05 7.225726227909518684e+02
5.736833806947005360e+04 8.090126131638172083e+05 7.295395007999127301e+02
5.736833807019304368e+04 8.250112258617024636e+05 7.363606563115414474e+02
5.736833807091604103e+04 8.404631591417673044e+05 7.428892746995372818e+02
5.736833807163903111e+04 8.569590743421904044e+05 7.497962533007676029e+02
5.736833807236202847e+04 8.738871185359074734e+05 7.568186368509578870e+02
5.736833807308502583e+04 8.886766019558488624e+05 7.629009609526032136e+02
5.736833807380801591e+04 9.045770102586712455e+05 7.693865292631977582e+02
5.736833807453101326e+04 9.212053635671869852e+05 7.761110437492123992e+02
5.736833807525401062e+04 9.383802630459986394e+05 7.829959542703584248e+02
5.736833807597700070e+04 9.544845437588738278e+05 7.893971369654796035e+02
5.736833807669999806e+04 9.696720033196161967e+05 7.953866997094935414e+02
5.736833807742298814e+04 9.860717922446026932e+05 8.018041345321664721e+02
5.736833807814598549e+04 1.001144348259217571e+06 8.076572402089954039e+02
5.736833807886898285e+04 1.017471376876628841e+06 8.139500049437268672e+02
5.736833807959197293e+04 1.032869009529124480e+06 8.198403082038006460e+02
5.736833808031497028e+04 1.048113026241280721e+06 8.256304508681837433e+02
5.736833808103796764e+04 1.064650033193042735e+06 8.318661375159176714e+02
5.736833808176095772e+04 1.081700521460650489e+06 8.382468764707128912e+02
5.736833808248395508e+04 1.099079436044409638e+06 8.447009219408701028e+02
5.736833808320694516e+04 1.114156071859119926e+06 8.502602806858320719e+02
5.736833808392994251e+04 1.129032705859398004e+06 8.557104891037176913e+02
5.736833808465293987e+04 1.144373394803644158e+06 8.612945905741412389e+02
5.736833808537592995e+04 1.163180161057462683e+06 8.680913550202617444e+02
5.736833808609892731e+04 1.178498704044866841e+06 8.735883985196012418e+02
5.736833808682192466e+04 1.194783731562506873e+06 8.793945827821357852e+02
5.736833808754491474e+04 1.216364015563991619e+06 8.870301628059187351e+02
5.736833808826791210e+04 1.224354005250113085e+06 8.898405774526809182e+02
5.736833808899090218e+04 1.241560277068708558e+06 8.958628093452382473e+02
5.736833808971389954e+04 1.257562102110452484e+06 9.014273757874411785e+02
5.736833809043689689e+04 1.274306693610116839e+06 9.072136923053592454e+02
5.736833809115988697e+04 1.289425243731110357e+06 9.124065855373601153e+02
5.736833809188288433e+04 1.306107373696605442e+06 9.181024499261388883e+02
5.736833809260588168e+04 1.321611992245452711e+06 9.233647682001993644e+02
5.736833809332887176e+04 1.337075251632093452e+06 9.285833469700274918e+02
5.736833809405186912e+04 1.353975573487029877e+06 9.342535701989014569e+02
5.736833809477485920e+04 1.369314780256772414e+06 9.393703942857059701e+02
5.736833809549785656e+04 1.386699399156173924e+06 9.451360349032347585e+02
5.736833809622085391e+04 1.401261601712786593e+06 9.499386827951010446e+02
5.736833809694384399e+04 1.415978691241899971e+06 9.547678681366415958e+02
5.736833809766684135e+04 1.434761999867654638e+06 9.608960661368554383e+02
5.736833809838983871e+04 1.451783538886812981e+06 9.664159103637822454e+02
5.736833809911282879e+04 1.466747355096229818e+06 9.712425530912159957e+02
5.736833809983582614e+04 1.481345247731063049e+06 9.759281632537890800e+02
5.736833810055881622e+04 1.498988125266487245e+06 9.815612962477455312e+02
5.736833810128181358e+04 1.514248596649432089e+06 9.864078126748058821e+02
5.736833810200481093e+04 1.530560547466646880e+06 9.915620717668936095e+02
5.736833810272780102e+04 1.547293922244822606e+06 9.968218002246009064e+02
5.736833810345079837e+04 1.564973754063884728e+06 1.002349039152494015e+03
5.736833810417379573e+04 1.579998639411351644e+06 1.007022417641283141e+03
5.736833810489678581e+04 1.598877126710710116e+06 1.012863862616390179e+03
5.736833810561978316e+04 1.615780156804899452e+06 1.018065615765045891e+03
5.736833810634277324e+04 1.631660139661482768e+06 1.022928437031851558e+03
5.736833810706577060e+04 1.645468637090302538e+06 1.027138207926001996e+03
5.736833810778876796e+04 1.661771185538246762e+06 1.032086232328192636e+03
5.736833810851175804e+04 1.676744087250228506e+06 1.036609885410800416e+03
5.736833810923475539e+04 1.694214084799467120e+06 1.041863140244277474e+03
5.736833810995775275e+04 1.708716299868540838e+06 1.046203941599264908e+03
5.736833811068074283e+04 1.724799692780994577e+06 1.050997054224283602e+03
5.736833811140374019e+04 1.745234978120092768e+06 1.057055751285171254e+03
5.736833811212673027e+04 1.761173599277002737e+06 1.061757269599849224e+03
5.736833811284972762e+04 1.778865139142915839e+06 1.066951597760799132e+03
5.736833811357272498e+04 1.793829574522864772e+06 1.071325573332771000e+03
5.736833811429571506e+04 1.810192616302611306e+06 1.076088000671474902e+03
5.736833811501871241e+04 1.823291727069584653e+06 1.079885331606319369e+03
5.736833811574170977e+04 1.841446628184458241e+06 1.085126325648441025e+03
5.736833811646469985e+04 1.858546421995865181e+06 1.090039684482824669e+03
5.736833811718769721e+04 1.877268399121101713e+06 1.095393878680490161e+03
5.736833811791068729e+04 1.887042788352560718e+06 1.098178830027400636e+03
5.736833811863368464e+04 1.902241618112429278e+06 1.102495356598053149e+03
5.736833811935668200e+04 1.917167819550548913e+06 1.106718070340903523e+03
5.736833812007967208e+04 1.933191205732268514e+06 1.111233325446401295e+03
5.736833812080266944e+04 1.949353604527368443e+06 1.115769242643659481e+03
5.736833812152566679e+04 1.964372975130037870e+06 1.119967905547419377e+03
5.736833812224865687e+04 1.982208200787192211e+06 1.124933387135431758e+03
5.736833812297165423e+04 2.000302988621396013e+06 1.129948834190456864e+03
5.736833812369464431e+04 2.015413662013367284e+06 1.134120160634822014e+03
5.736833812441764167e+04 2.029516519334048033e+06 1.137999483560418867e+03
5.736833812514063902e+04 2.046392177717523184e+06 1.142624221287756427e+03
5.736833812586362910e+04 2.065119482346738689e+06 1.147734584504061786e+03
5.736833812658662646e+04 2.081893676856169943e+06 1.152292735391101132e+03
5.736833812730962381e+04 2.097084691904813517e+06 1.156405176588425775e+03
5.736833812803261389e+04 2.114832323380567133e+06 1.161191285754786577e+03
5.736833812875561125e+04 2.130067182115887757e+06 1.165284080738439343e+03
5.736833812947860133e+04 2.145947078977019992e+06 1.169534917974079690e+03
5.736833813020159869e+04 2.171752168294527102e+06 1.176409837252341049e+03
5.736833813092459604e+04 2.178119029473682866e+06 1.178099908081250987e+03
5.736833813164758612e+04 2.195982960238567553e+06 1.182828960648624161e+03
5.736833813237058348e+04 2.216418189127253834e+06 1.188215623615736604e+03
5.736833813309358084e+04 2.231020360435953829e+06 1.192049799829047060e+03
5.736833813381657092e+04 2.250196129065012559e+06 1.197066239046792589e+03
5.736833813453956827e+04 2.270399333771051373e+06 1.202328816758089260e+03
5.736833813526255835e+04 2.285035512273118366e+06 1.206126939907528595e+03
5.736833813598555571e+04 2.299501712166850455e+06 1.209869236779033599e+03
5.736833813670855307e+04 2.313540253839408513e+06 1.213489867551282941e+03
5.736833813743154315e+04 2.327104349376292899e+06 1.216977903809343161e+03
5.736833813815454050e+04 2.339683699026113376e+06 1.220203799326702892e+03
5.736833813887753786e+04 2.360130951900633052e+06 1.225429249258354957e+03
5.736833813960052794e+04 2.368130686559874564e+06 1.227467587800151023e+03
5.736833814032352529e+04 2.388645571236673277e+06 1.232679391416486851e+03
5.736833814104651537e+04 2.407407047546126880e+06 1.237426524976868677e+03
5.736833814176951273e+04 2.427025172125437763e+06 1.242371012450950047e+03
5.736833814249251009e+04 2.438332109670225531e+06 1.245211856891786510e+03
5.736833814321550017e+04 2.455207624143765308e+06 1.249439780497584934e+03
5.736833814393849752e+04 2.475116730457982048e+06 1.254409405471849368e+03
5.736833814466149488e+04 2.489942868536546361e+06 1.258097489400301356e+03
5.736833814538448496e+04 2.500608232993480284e+06 1.260743885815404383e+03
5.736833814610748232e+04 2.517881304685173556e+06 1.265018108735299393e+03
5.736833814683047240e+04 2.537100639078422450e+06 1.269757023774239315e+03
5.736833814755346975e+04 2.554987366238640621e+06 1.274151523131825343e+03
5.736833814827646711e+04 2.571067430183291435e+06 1.278089255046202652e+03
5.736833814899945719e+04 2.586930112036537379e+06 1.281961902718967622e+03
5.736833814972245455e+04 2.602781049145426601e+06 1.285820032397960176e+03
5.736833815044545190e+04 2.616055648421512451e+06 1.289042194911960678e+03
5.736833815116844198e+04 2.634073265945748426e+06 1.293402795426116427e+03
5.736833815189143934e+04 2.646473839825887233e+06 1.296395445028707172e+03
5.736833815261442942e+04 2.665118725366353057e+06 1.300882086645046684e+03
5.736833815333742677e+04 2.682851626240416430e+06 1.305134960990724494e+03
5.736833815406042413e+04 2.695787455830793362e+06 1.308228634411525718e+03
5.736833815478341421e+04 2.707044470717893448e+06 1.310914869165302889e+03
5.736833815550641157e+04 2.726402086521354038e+06 1.315521305063451337e+03
5.736833815622940892e+04 2.742501921897706110e+06 1.319340252242031056e+03
5.736833815695239900e+04 2.761512302355637774e+06 1.323835408565684702e+03
5.736833815767539636e+04 2.781254825884825084e+06 1.328487586008245444e+03
5.736833815839838644e+04 2.795823850624376908e+06 1.331910247216469088e+03
5.736833815912138380e+04 2.811689332008861471e+06 1.335627505147126840e+03
5.736833815984438115e+04 2.830409564933737740e+06 1.340000364956512385e+03
5.736833816056737123e+04 2.848358755644719116e+06 1.344179758171484082e+03
5.736833816129036859e+04 2.877015478611321189e+06 1.350825552812825435e+03
5.736833816201336595e+04 2.900847396484499797e+06 1.356327623696727869e+03
5.736833816273635603e+04 2.916287486244513188e+06 1.359880391395809738e+03
5.736833816345935338e+04 2.932101119306286797e+06 1.363509515759398482e+03
5.736833816418234346e+04 2.945065473820364103e+06 1.366477559690508542e+03
5.736833816490534082e+04 2.964881657599950675e+06 1.371001836614367676e+03
5.736833816562833817e+04 2.981393057742689736e+06 1.374760219488904568e+03
5.736833816635132825e+04 2.997620015133748762e+06 1.378443872436811489e+03
5.736833816707432561e+04 3.014494787313391920e+06 1.382264172316880149e+03
5.736833816779732297e+04 3.030745443949781358e+06 1.385933224390198802e+03
5.736833816852031305e+04 3.048041231402256060e+06 1.389827604282779475e+03
5.736833816924331040e+04 3.063004781588792335e+06 1.393188066447956317e+03
5.736833816996630048e+04 3.082600748540146276e+06 1.397576641131924362e+03
5.736833817068929784e+04 3.101625810858797282e+06 1.401824215722766212e+03
5.736833817141229520e+04 3.118014700422750786e+06 1.405472940957675974e+03
5.736833817213528528e+04 3.135074591468290426e+06 1.409261018998141935e+03
5.736833817285828263e+04 3.150997160271485336e+06 1.412787395601219941e+03
5.736833817358127999e+04 3.167078140836442821e+06 1.416339944371680986e+03
5.736833817430427007e+04 3.183425664378427435e+06 1.419942266515268329e+03
5.736833817502726743e+04 3.200163440284331795e+06 1.423621139972888614e+03
5.736833817575025751e+04 3.221230968390530441e+06 1.428238199756637641e+03
5.736833817647325486e+04 3.242186146632711403e+06 1.432815878487338750e+03
5.736833817719625222e+04 3.266469743237099610e+06 1.438102426645330070e+03
5.736833817791924230e+04 3.293230741557126865e+06 1.443905888024979276e+03
5.736833817864223965e+04 3.367376427952777594e+06 1.459864811367986249e+03
5.736833817936523701e+04 3.714366782832968980e+06 1.532342729049413947e+03
5.736833818008822709e+04 4.405473767791984603e+06 1.667338029575883638e+03
5.736833818081122445e+04 4.662546991431780159e+06 1.714843103506808575e+03
5.736833818153421453e+04 4.708419522930180654e+06 1.723182289205457892e+03
5.736833818225721188e+04 4.587998590484376997e+06 1.701203726498603601e+03
5.736833818298020924e+04 4.801413762311290950e+06 1.739965115007929398e+03
5.736833818370319932e+04 4.586735540286187083e+06 1.700971696613105678e+03
5.736833818442619668e+04 4.656491857203056104e+06 1.713739306531746024e+03
5.736833818514919403e+04 4.726189703955646604e+06 1.726401912931134120e+03
5.736833818587218411e+04 4.630684825694879517e+06 1.709026920811752234e+03
5.736833818659518147e+04 4.723540166224110872e+06 1.725922247347796656e+03
5.736833818731817155e+04 5.009079549178027548e+06 1.776870765766679824e+03
5.736833818804116891e+04 5.019649206923373044e+06 1.778728690477305008e+03
5.736833818876416626e+04 4.913269773917402141e+06 1.759939944628331887e+03
5.736833818948715634e+04 4.927452324908910319e+06 1.762456440048396871e+03
5.736833819021015370e+04 5.105186564907196909e+06 1.793693564427044976e+03
5.736833819093315105e+04 4.896111058813462034e+06 1.756890552014670448e+03
5.736833819165614113e+04 4.593654896332977340e+06 1.702242435791127491e+03
5.736833819237913849e+04 4.750420513103898615e+06 1.730782430200265480e+03
5.736833819310212857e+04 4.991061220510924235e+06 1.773699033889156681e+03
5.736833819382512593e+04 5.092475726284813136e+06 1.791477694231219857e+03
5.736833819454812328e+04 5.146827581726729870e+06 1.800933712988683510e+03
5.736833819527111336e+04 5.090329636159250513e+06 1.791103297579324817e+03
5.736833819599411072e+04 4.943469553292363882e+06 1.765294159852042185e+03
5.736833819671710808e+04 4.901815880507227033e+06 1.757904981879571551e+03
5.736833819744009816e+04 4.940018462102258578e+06 1.764683127027034061e+03
5.736833819816309551e+04 4.817024855069546029e+06 1.742766632231196354e+03
5.736833819888608559e+04 4.847292258155401796e+06 1.748185534017235341e+03
5.736833819960908295e+04 4.902925843844930641e+06 1.758102287241297290e+03
5.736833820033208031e+04 4.895549450821063481e+06 1.756790655360838400e+03
5.736833820105507039e+04 4.980742291579326615e+06 1.771880055826883336e+03
5.736833820177806774e+04 4.692016290892684832e+06 1.720204982497123183e+03
5.736833820250106510e+04 4.713294444034716114e+06 1.724066132003554458e+03
5.736833820322405518e+04 4.827044599238280207e+06 1.744562373354396641e+03
5.736833820394705253e+04 4.920287513755199499e+06 1.761185593881859859e+03
5.736833820467004261e+04 4.926926408651780337e+06 1.762363187713407342e+03
5.736833820539303997e+04 4.940706180988897569e+06 1.764804907948201844e+03
5.736833820611603733e+04 4.819293474906913005e+06 1.743173376866690205e+03
5.736833820683902741e+04 4.915096261924772523e+06 1.760264231217285896e+03
5.736833820756202476e+04 4.910771092700416222e+06 1.759496215664517877e+03
5.736833820828502212e+04 5.005247658002387732e+06 1.776196719468734045e+03
5.736833820900801220e+04 4.807473562218185514e+06 1.741053122792744034e+03
5.736833820973100956e+04 4.726954691832625307e+06 1.726540379601760378e+03
5.736833821045399964e+04 4.926830761282840744e+06 1.762346227561932665e+03
5.736833821117699699e+04 5.005979364965390414e+06 1.776325449658189427e+03
5.736833821189999435e+04 4.798983187933783978e+06 1.739528525911149018e+03
5.736833821262298443e+04 4.730331042966029607e+06 1.727151383594897425e+03
5.736833821334598179e+04 4.856283572968980297e+06 1.749792054246907583e+03
5.736833821406897914e+04 4.886901211783040315e+06 1.755251622236652565e+03
5.736833821479196922e+04 4.951276216250762343e+06 1.766675588543840831e+03
5.736833821551496658e+04 4.903017270498896018e+06 1.758118538114483954e+03
5.736833821623795666e+04 4.924295418545941822e+06 1.761896602128289942e+03
5.736833821696095401e+04 5.061694919653024524e+06 1.786100312071844428e+03
5.736833821768395137e+04 4.912044438352897763e+06 1.759722357069592135e+03
5.736833821840694145e+04 4.678261843610504642e+06 1.717704471746104900e+03
5.736833821912993881e+04 4.781700630288771354e+06 1.736421001350329789e+03
5.736833821985293616e+04 4.825225938329715282e+06 1.744236569808141667e+03
5.736833822057592624e+04 4.947037418164232746e+06 1.765925645759935605e+03
5.736833822129892360e+04 4.872357608400080353e+06 1.752660407851461059e+03
5.736833822202191368e+04 4.758762061496093869e+06 1.732287876894328065e+03
5.736833822274491104e+04 4.782733487908931449e+06 1.736606872594682045e+03
5.736833822346790839e+04 4.934164268307739869e+06 1.763646128817325234e+03
5.736833822419089847e+04 4.886450499692527577e+06 1.755171376905352190e+03
5.736833822491389583e+04 4.832374110563587397e+06 1.745516777089880179e+03
5.736833822563689318e+04 4.805484648639414459e+06 1.740696097944622352e+03
5.736833822635988327e+04 4.738246710889245383e+06 1.728583001856080500e+03
5.736833822708288062e+04 4.797183109905202873e+06 1.739205118348825408e+03
5.736833822780587070e+04 4.916643460440626368e+06 1.760538884198639607e+03
5.736833822852886806e+04 5.161425924949673936e+06 1.803465054580638707e+03
5.736833822925186541e+04 5.053082620773355477e+06 1.784592849359020192e+03
5.736833822997485549e+04 4.799130524899167009e+06 1.739554994262032324e+03
5.736833823069785285e+04 4.920470813524094410e+06 1.761218117795907347e+03
5.736833823142085021e+04 4.980097409056213684e+06 1.771766316606152714e+03
5.736833823214384029e+04 4.668521423390758224e+06 1.715931493276821811e+03
5.736833823286683764e+04 4.107298612971111666e+06 1.610483353874526983e+03
5.736833823358982772e+04 3.712391253679369111e+06 1.531939794361908071e+03
5.736833823431282508e+04 3.583600751961126924e+06 1.505438630424935127e+03
5.736833823503582244e+04 3.545978466942131519e+06 1.497608607693890235e+03
5.736833823575881252e+04 3.529159755523264408e+06 1.494094992696930376e+03
5.736833823648180987e+04 3.521531857293315232e+06 1.492498713838079766e+03
5.736833823720480723e+04 3.510030340167392977e+06 1.490088575422488248e+03
5.736833823792779731e+04 3.506350210455090739e+06 1.489316582038362867e+03
5.736833823865079466e+04 3.507241088584292214e+06 1.489503501293361296e+03
5.736833823937378475e+04 3.507458644076333847e+06 1.489549144052558177e+03
5.736833824009678210e+04 3.502331849490534049e+06 1.488473179446503764e+03
5.736833824081977946e+04 3.503216264375873376e+06 1.488658847834157314e+03
5.736833824154276954e+04 3.504882341073247138e+06 1.489008550402172659e+03
5.736833824226576689e+04 3.501033481410676148e+06 1.488200566416258425e+03
5.736833824298876425e+04 3.500818903651159257e+06 1.488155507593872017e+03
5.736833824371175433e+04 3.498672377497894689e+06 1.487704687072062598e+03
5.736833824443475169e+04 3.500267038514683023e+06 1.488039616096183408e+03
5.736833824515774177e+04 3.496479780694848858e+06 1.487244049554167987e+03
5.736833824588073912e+04 3.493529672983913682e+06 1.486624043130927475e+03
5.736833824660373648e+04 3.492683388163667638e+06 1.486446136798199632e+03
5.736833824732672656e+04 3.495028313923759852e+06 1.486939035805553658e+03
5.736833824804972392e+04 3.492210047792041209e+06 1.486346621710436011e+03
5.736833824877272127e+04 3.495990774900732562e+06 1.487141296014927320e+03
5.736833824949571135e+04 3.495793809538737871e+06 1.487099906180385460e+03
5.736833825021870871e+04 3.493271028837051708e+06 1.486569673114300031e+03
5.736833825094169879e+04 3.490931958341384307e+06 1.486077882872686132e+03
5.736833825166469614e+04 3.491430758559027687e+06 1.486182769412763719e+03
5.736833825238769350e+04 3.491691302924715914e+06 1.486237553128014270e+03
5.736833825311068358e+04 3.489181145363301504e+06 1.485709667415563217e+03
5.736833825383368094e+04 3.490080826790907420e+06 1.485898891830906905e+03
5.736833825455667829e+04 3.489832162887298502e+06 1.485846594303921165e+03
5.736833825527966837e+04 3.485067667428563815e+06 1.484844197935545026e+03
5.736833825600266573e+04 3.486252217858556658e+06 1.485093477247004103e+03
5.736833825672565581e+04 3.484021243041255046e+06 1.484623951342825421e+03
5.736833825744865317e+04 3.482179441037026234e+06 1.484236217941113637e+03
5.736833825817165052e+04 3.478968917008351069e+06 1.483560100949812977e+03
5.736833825889464060e+04 3.476543245243554935e+06 1.483049064689776742e+03
5.736833825961763796e+04 3.475655881716292351e+06 1.482862072504615298e+03
5.736833826034063532e+04 3.477401992517344654e+06 1.483230004187934583e+03
5.736833826106362540e+04 3.475022370181213599e+06 1.482728559569572099e+03
5.736833826178662275e+04 3.470398383940724656e+06 1.481753687345826165e+03
5.736833826250961283e+04 3.471500694624274969e+06 1.481986145056751866e+03
5.736833826323261019e+04 3.466956678564408794e+06 1.481027658115389613e+03
5.736833826395560754e+04 3.465420664273656905e+06 1.480703520348025449e+03
5.736833826467859762e+04 3.460990857969479635e+06 1.479768321809506915e+03
5.736833826540159498e+04 3.460060318743374199e+06 1.479571795897248421e+03
5.736833826612459234e+04 3.460182822098949924e+06 1.479597669575024611e+03
5.736833826684758242e+04 3.459102895758381113e+06 1.479369565000236207e+03
5.736833826757057977e+04 3.458622514174179174e+06 1.479268086372061816e+03
5.736833826829356985e+04 3.460252027424739674e+06 1.479612286087291977e+03
5.736833826901656721e+04 3.458276780395009089e+06 1.479195047229025931e+03
5.736833826973956457e+04 3.457691264529769309e+06 1.479071343894913525e+03
5.736833827046255465e+04 3.452872389614598826e+06 1.478052855451767755e+03
5.736833827118555200e+04 3.455372783505938016e+06 1.478581411249042731e+03
5.736833827190854936e+04 3.451164666629514657e+06 1.477691752918532757e+03
5.736833827263153944e+04 3.451837875913865399e+06 1.477834115334385388e+03
5.736833827335453680e+04 3.451698594775637612e+06 1.477804662915492827e+03
5.736833827407752688e+04 3.450467890581728891e+06 1.477544392434142765e+03
5.736833827480052423e+04 3.449407535884290934e+06 1.477320110851971549e+03
5.736833827552352159e+04 3.448490959530254360e+06 1.477126213194528873e+03
5.736833827624651167e+04 3.446532686162767932e+06 1.476711863855549154e+03
5.736833827696950902e+04 3.444571009027438238e+06 1.476296677718319870e+03
5.736833827769250638e+04 3.447409622267898638e+06 1.476897428367128214e+03
5.736833827841549646e+04 3.447050900107116904e+06 1.476821523599567627e+03
5.736833827913849382e+04 3.443658445095113479e+06 1.476103495079002187e+03
5.736833827986148390e+04 3.437319303105235565e+06 1.474760849914579239e+03
5.736833828058448125e+04 3.433869166062465869e+06 1.474029588844484806e+03
5.736833828130747861e+04 3.435612848936446011e+06 1.474399210046342432e+03
5.736833828203046869e+04 3.431782115118580870e+06 1.473587059507890899e+03
5.736833828275346605e+04 3.433962028890158515e+06 1.474049275993292213e+03
5.736833828347646340e+04 3.430361799744115211e+06 1.473285825914330871e+03
5.736833828419945348e+04 3.433375127014869358e+06 1.473924846925477823e+03
5.736833828492245084e+04 3.437354142380238045e+06 1.474768232295382859e+03
5.736833828564544092e+04 3.431811403524584137e+06 1.473593270615356914e+03
5.736833828636843828e+04 3.431414687765019014e+06 1.473509138028379084e+03
5.736833828709143563e+04 3.429374967278649565e+06 1.473076493108608474e+03
5.736833828781442571e+04 3.430193974534060806e+06 1.473250227925924264e+03
5.736833828853742307e+04 3.430351559369703289e+06 1.473283653817575214e+03
5.736833828926041315e+04 3.431691933871126734e+06 1.473567934867427084e+03
5.736833828998341050e+04 3.428549849768489599e+06 1.472901441409202334e+03
5.736833829070640786e+04 3.431260259326334111e+06 1.473476386671655746e+03
5.736833829142939794e+04 3.427770409330985043e+06 1.472736061156874712e+03
5.736833829215239530e+04 3.425413666736996733e+06 1.472235898798362541e+03
5.736833829287539265e+04 3.427729444890871644e+06 1.472727368882915471e+03
5.736833829359838273e+04 3.425568130470569711e+06 1.472268685241965613e+03
5.736833829432138009e+04 3.425155480419663712e+06 1.472181094587989037e+03
5.736833829504437017e+04 3.423163602867986541e+06 1.471758217844388810e+03
5.736833829576736753e+04 3.427153769044948742e+06 1.472605210385014516e+03
5.736833829649036488e+04 3.419387095180918928e+06 1.470956129355350413e+03
5.736833829721335496e+04 3.416851714893440716e+06 1.470417397138785191e+03
5.736833829793635232e+04 3.419170624221248552e+06 1.470910140062362871e+03
5.736833829865934968e+04 3.420553954166846350e+06 1.471204003989344301e+03
5.736833829938233976e+04 3.417077944766101427e+06 1.470465475786090337e+03
5.736833830010533711e+04 3.413759832642317284e+06 1.469760148936365795e+03
5.736833830082832719e+04 3.410119420884433668e+06 1.468985921665953583e+03
5.736833830155132455e+04 3.408554831826224923e+06 1.468653046124710272e+03
5.736833830227432190e+04 3.407256067276331596e+06 1.468376668994610100e+03
5.736833830299731198e+04 3.404969031849029940e+06 1.467889861299424410e+03
5.736833830372030934e+04 3.404914292326132301e+06 1.467878207721551007e+03
5.736833830444330670e+04 3.401658190384767018e+06 1.467184844861232477e+03
5.736833830516629678e+04 3.401640323383138049e+06 1.467181039311257337e+03
5.736833830588929413e+04 3.401444427062196657e+06 1.467139314078207235e+03
5.736833830661228421e+04 3.400824667444726452e+06 1.467007299624972575e+03
5.736833830733528157e+04 3.398344153111233842e+06 1.466478808470998956e+03
5.736833830805827893e+04 3.395515178623286076e+06 1.465875842846028263e+03
5.736833830878126901e+04 3.394677060482356697e+06 1.465697159307294669e+03
5.736833830950426636e+04 3.394138910582890734e+06 1.465582416350000585e+03
5.736833831022726372e+04 3.392881433323696256e+06 1.465314265209791074e+03
5.736833831095025380e+04 3.394292532331475057e+06 1.465615172105956162e+03
5.736833831167325116e+04 3.391656578799559269e+06 1.465053023528406129e+03
5.736833831239624124e+04 3.391185888686349150e+06 1.464952620540667340e+03
5.736833831311923859e+04 3.395331395454805344e+06 1.465836662851374285e+03
5.736833831384223595e+04 3.388120405354846735e+06 1.464298553351323562e+03
5.736833831456522603e+04 3.388189762177410536e+06 1.464313354907644452e+03
5.736833831528822338e+04 3.383962422775709070e+06 1.463410917765347904e+03
5.736833831601122074e+04 3.384133988017479889e+06 1.463447553727472950e+03
5.736833831673421082e+04 3.377062526193205267e+06 1.461936756111820841e+03
5.736833831745720818e+04 3.382328972403487191e+06 1.463062065584430002e+03
5.736833831818019826e+04 3.382825146917355247e+06 1.463168041211721857e+03
5.736833831890319561e+04 3.382440799352960661e+06 1.463085950857160014e+03
5.736833831962619297e+04 3.383432128930051345e+06 1.463297673264494051e+03
5.736833832034918305e+04 3.381494330693984404e+06 1.462883780990048535e+03
5.736833832107218041e+04 3.382038543818524107e+06 1.463000030719950928e+03
5.736833832179517776e+04 3.391524295255213510e+06 1.465024806798338204e+03
5.736833832251816784e+04 3.416369532483813353e+06 1.470314917901054059e+03
5.736833832324116520e+04 3.421055794941146858e+06 1.471310596658032864e+03
5.736833832396415528e+04 3.414025442309990060e+06 1.469816621706171645e+03
5.736833832468715264e+04 3.407345228619253263e+06 1.468395644193700718e+03
5.736833832541014999e+04 3.418337345228985883e+06 1.470733096373409353e+03
5.736833832613314007e+04 3.418634038870965131e+06 1.470796136211389694e+03
5.736833832685613743e+04 3.410403222204102203e+06 1.469046293987212493e+03
5.736833832757913478e+04 3.419390065055494662e+06 1.470956760295721324e+03
5.736833832830212486e+04 3.411739513741930481e+06 1.469330526494534752e+03
5.736833832902512222e+04 3.406415171591251623e+06 1.468197698623905353e+03
5.736833832974811230e+04 3.415404680641394109e+06 1.470109834468456029e+03
5.736833833047110966e+04 3.423184008475369308e+06 1.471762550582499898e+03
5.736833833119410701e+04 3.419179651626737323e+06 1.470912057964959104e+03
5.736833833191709709e+04 3.411595423949074000e+06 1.469299880884828553e+03
5.736833833264009445e+04 3.408069918352597393e+06 1.468549862609497268e+03
5.736833833336309181e+04 3.402235903114492074e+06 1.467307888429199920e+03
5.736833833408608189e+04 3.396279571594309993e+06 1.466038789475382146e+03
5.736833833480907924e+04 3.402168106118422002e+06 1.467293449288182956e+03
5.736833833553206932e+04 3.410577072021934204e+06 1.469083275384247372e+03
5.736833833625506668e+04 3.406062903002987150e+06 1.468122717751096843e+03
5.736833833697806404e+04 3.416152327871261630e+06 1.470268752616180109e+03
5.736833833770105412e+04 3.412432891493395902e+06 1.469477987988718496e+03
5.736833833842405147e+04 3.401604782141678967e+06 1.467173469238913640e+03
5.736833833914704883e+04 3.397126930363107007e+06 1.466219400866371643e+03
5.736833833987003891e+04 3.394334201758868527e+06 1.465624056877920111e+03
5.736833834059303626e+04 3.387513636639944278e+06 1.464169055437234874e+03
5.736833834131602634e+04 3.387249121309294365e+06 1.464112598408438089e+03
5.736833834203902370e+04 3.387376664934302215e+06 1.464139821049867805e+03
5.736833834276202106e+04 3.384683639975981787e+06 1.463564919976216288e+03
5.736833834348501114e+04 3.387927098211305216e+06 1.464257298558578213e+03
5.736833834420800849e+04 3.385952970922837965e+06 1.463835922098775882e+03
5.736833834493100585e+04 3.381512321993670426e+06 1.462887624271271079e+03
5.736833834565399593e+04 3.385549299850612879e+06 1.463749743776794958e+03
5.736833834637699329e+04 3.388304385234137066e+06 1.464337816479290268e+03
5.736833834709998337e+04 3.384894439443175681e+06 1.463609929131387389e+03
5.736833834782298072e+04 3.389164546222783625e+06 1.464521369386339757e+03
5.736833834854597808e+04 3.387910930616864469e+06 1.464253848086301105e+03
5.736833834926896816e+04 3.383743684527669102e+06 1.463364207171199496e+03
5.736833834999196552e+04 3.378043078044921160e+06 1.462146341437161254e+03
5.736833835071496287e+04 3.383169673968662508e+06 1.463241622641460481e+03
5.736833835143795295e+04 3.379488566198283806e+06 1.462455248502984887e+03
5.736833835216095031e+04 3.373607211349238642e+06 1.461197969849833271e+03
5.736833835288394039e+04 3.373830271545221098e+06 1.461245673976748776e+03
5.736833835360693774e+04 3.379822152202749625e+06 1.462526528007857451e+03
5.736833835432993510e+04 3.378431048029247671e+06 1.462229258706814335e+03
5.736833835505292518e+04 3.369373227085753810e+06 1.460292185464469185e+03
5.736833835577592254e+04 3.367490506055029109e+06 1.459889230826912126e+03
5.736833835649891989e+04 3.374591318322635256e+06 1.461408421335954472e+03
5.736833835722190997e+04 3.372429339050257113e+06 1.460946041750485392e+03
5.736833835794490733e+04 3.369645992688428611e+06 1.460350555664723970e+03
5.736833835866789741e+04 3.372240201072228607e+06 1.460905584105332537e+03
5.736833835939089477e+04 3.376079411270177923e+06 1.461726592781242744e+03
5.736833836011389212e+04 3.374120390128300991e+06 1.461307717022731822e+03
5.736833836083688220e+04 3.370498985837963875e+06 1.460533076020097269e+03
5.736833836155987956e+04 3.365806883693541400e+06 1.459528794614365552e+03
5.736833836228287691e+04 3.365802237698897719e+06 1.459527799859191191e+03
5.736833836300586700e+04 3.368544355892895721e+06 1.460114797689914440e+03
5.736833836372886435e+04 3.365930701935626101e+06 1.459555305121997208e+03
5.736833836445185443e+04 3.362449956631755456e+06 1.458809865230848800e+03
5.736833836517485179e+04 3.360764107632663101e+06 1.458448685168735892e+03
5.736833836589784914e+04 3.365205549024777021e+06 1.459400037049638286e+03
5.736833836662083922e+04 3.361922965044077486e+06 1.458696970982166931e+03
5.736833836734383658e+04 3.362627692453643307e+06 1.458847938540383666e+03
5.736833836806683394e+04 3.363979937765139155e+06 1.459137574426486935e+03
5.736833836878982402e+04 3.360303655448490288e+06 1.458350021310146985e+03
5.736833836951282137e+04 3.357911900463479571e+06 1.457837418160775087e+03
5.736833837023581145e+04 3.358461246068368200e+06 1.457955170364552032e+03
5.736833837095880881e+04 3.364516752257297747e+06 1.459252538171789865e+03
5.736833837168180617e+04 3.359936953411236405e+06 1.458271441084280013e+03
5.736833837240479625e+04 3.353735280504646711e+06 1.456941848638923602e+03
5.736833837312779360e+04 3.363073916295335162e+06 1.458943521074268347e+03
5.736833837385079096e+04 3.358673489287294447e+06 1.458000662141330849e+03
5.736833837457378104e+04 3.343783189839569386e+06 1.454805654941487546e+03
5.736833837529677839e+04 3.326259749379112385e+06 1.451036644389777166e+03
5.736833837601976848e+04 3.314019401010393165e+06 1.448398124008552941e+03
5.736833837674276583e+04 3.307000907794161234e+06 1.446883052416936152e+03
5.736833837746576319e+04 3.305867018612664659e+06 1.446638132579435251e+03
5.736833837818875327e+04 3.307352528096192516e+06 1.446958993911064681e+03
5.736833837891175062e+04 3.319004082786158193e+06 1.449473198007244491e+03
5.736833837963474798e+04 3.309630903996733949e+06 1.447450971535118697e+03
5.736833838035773806e+04 3.311474445510721765e+06 1.447848931499485161e+03
5.736833838108073542e+04 3.306345300762945320e+06 1.446741446484768630e+03
5.736833838180372550e+04 3.295973395877093542e+06 1.444499350094413558e+03
5.736833838252672285e+04 3.296342664085973985e+06 1.444579234605611191e+03
5.736833838324972021e+04 3.295675339027082082e+06 1.444434867653064657e+03
5.736833838397271029e+04 3.295786589564783499e+06 1.444458936238060687e+03
5.736833838469570765e+04 3.298080859185195062e+06 1.444955202416582551e+03
5.736833838541870500e+04 3.293332343560260721e+06 1.443927877258820217e+03
5.736833838614169508e+04 3.291582481702477671e+06 1.443549116263124688e+03
5.736833838686469244e+04 3.295693861580891535e+06 1.444438874957350663e+03
5.736833838758768252e+04 3.294798782793188933e+06 1.444245214375226169e+03
5.736833838831067987e+04 3.292757051983887330e+06 1.443803365244010593e+03
5.736833838903367723e+04 3.289705588129329495e+06 1.443142748511328364e+03
5.736833838975666731e+04 3.290631716259365901e+06 1.443343279563840952e+03
5.736833839047966467e+04 3.286602097278073430e+06 1.442470558035343629e+03
5.736833839120266202e+04 3.280322072088088840e+06 1.441109397323830990e+03
5.736833839192565210e+04 3.279634299815074541e+06 1.440960248370655563e+03
5.736833839264864946e+04 3.282812547724338248e+06 1.441649347909439257e+03
5.736833839337163954e+04 3.284013724193266593e+06 1.441909698150612940e+03
5.736833839409463690e+04 3.282772705382320099e+06 1.441640711434007017e+03
5.736833839481763425e+04 3.285587897316946182e+06 1.442250822784681759e+03
5.736833839554062433e+04 3.280729418524290901e+06 1.441197726399012026e+03
5.736833839626362169e+04 3.277381027338877786e+06 1.440471499921743771e+03
5.736833839698661905e+04 3.277064021601782646e+06 1.440402726150264471e+03
5.736833839770960913e+04 3.274372497451699339e+06 1.439818672926320914e+03
5.736833839843260648e+04 3.272935457161500119e+06 1.439506742160639305e+03
5.736833839915559656e+04 3.271731449231608771e+06 1.439245342451993338e+03
5.736833839987859392e+04 3.273024084451647941e+06 1.439525981975413970e+03
5.736833840060159127e+04 3.270219564920282457e+06 1.438917033075631025e+03
5.736833840132458135e+04 3.268386244738818146e+06 1.438518822595575557e+03
5.736833840204757871e+04 3.269391957293839660e+06 1.438737284325616429e+03
5.736833840277057607e+04 3.266467594478094019e+06 1.438101959719410388e+03
5.736833840349356615e+04 3.274197659724227618e+06 1.439780725432745157e+03
5.736833840421656350e+04 3.275791937587330583e+06 1.440126716991279636e+03
5.736833840493955358e+04 3.276027517025418580e+06 1.440177835595620763e+03
5.736833840566255094e+04 3.271627906440312974e+06 1.439222860270498813e+03
5.736833840638554830e+04 3.277953152306987904e+06 1.440595612998966317e+03
5.736833840710853838e+04 3.301043993177581578e+06 1.445595896416418555e+03
5.736833840783153573e+04 3.374002277271443512e+06 1.461282458422960872e+03
5.736833840855453309e+04 3.430989562521926593e+06 1.473418975232843877e+03
5.736833840927752317e+04 3.422847155765773728e+06 1.471691024758121102e+03
5.736833841000052053e+04 3.383298099250800908e+06 1.463269049775792382e+03
5.736833841072351061e+04 3.400687888005938847e+06 1.466978162756252914e+03
5.736833841144650796e+04 3.424305390209381469e+06 1.472000634809938902e+03
5.736833841216950532e+04 3.405554070271193050e+06 1.468014405215253873e+03
5.736833841289249540e+04 3.417888813614720479e+06 1.470637789705269370e+03
5.736833841361549275e+04 3.422480235979834571e+06 1.471613110667133242e+03
5.736833841433849011e+04 3.402894648717558943e+06 1.467448178113446602e+03
5.736833841506148019e+04 3.423874180922464933e+06 1.471909087911526058e+03
5.736833841578447755e+04 3.440934505709938705e+06 1.475526708016060184e+03
5.736833841650746763e+04 3.451412279398154467e+06 1.477744116761710075e+03
5.736833841723046498e+04 3.440423647891419940e+06 1.475418510095402326e+03
5.736833841795346234e+04 3.443296277162863407e+06 1.476026819955108294e+03
5.736833841867645242e+04 3.413892380274861585e+06 1.469788330907477302e+03
5.736833841939944978e+04 3.384695187943493947e+06 1.463567385693150527e+03
5.736833842012244713e+04 3.366417093813624233e+06 1.459659440977077793e+03
5.736833842084543721e+04 3.350949627650573850e+06 1.456344230352703562e+03
5.736833842156843457e+04 3.431901099768592045e+06 1.473612292075283221e+03
5.736833842229142465e+04 3.428230360316928476e+06 1.472833654965176493e+03
5.736833842301442201e+04 3.440866279260796960e+06 1.475512258348943078e+03
5.736833842373741936e+04 3.436432628363595344e+06 1.474572952663667593e+03
5.736833842446040944e+04 3.418856626796576194e+06 1.470843428699281958e+03
5.736833842518340680e+04 3.403444585199539550e+06 1.467565285004286352e+03
5.736833842590640415e+04 3.388454839998284355e+06 1.464369924233261372e+03
5.736833842662939423e+04 3.389791026390320156e+06 1.464655041808121496e+03
5.736833842735239159e+04 3.401155215007509571e+06 1.467077710750079177e+03
5.736833842807538167e+04 3.397614055858856533e+06 1.466323219795616978e+03
5.736833842879837903e+04 3.408491373528590426e+06 1.468639543405858603e+03
5.736833842952137638e+04 3.396770832955201622e+06 1.466143502729866213e+03
5.736833843024436646e+04 3.392090508254292887e+06 1.465145578998528435e+03
5.736833843096736382e+04 3.383743682443719357e+06 1.463364206726173961e+03
5.736833843169036118e+04 3.400489302116496023e+06 1.466935858796426828e+03
5.736833843241335126e+04 3.408956339512038976e+06 1.468738476446717414e+03
5.736833843313634861e+04 3.392444672313906252e+06 1.465221116485901348e+03
5.736833843385933869e+04 3.399463369682698045e+06 1.466717289068239779e+03
5.736833843458233605e+04 3.401061046260862611e+06 1.467057651870927202e+03
5.736833843530533341e+04 3.387413428170340136e+06 1.464147667623202096e+03
5.736833843602832349e+04 3.397370714683982078e+06 1.466271358472738029e+03
5.736833843675132084e+04 3.392701664779415354e+06 1.465275926399916898e+03
5.736833843747431820e+04 3.366556715123379137e+06 1.459689332341684349e+03
5.736833843819730828e+04 3.352286482878143433e+06 1.456631062348609703e+03
5.736833843892030563e+04 3.376676854475083761e+06 1.461854313550747520e+03
5.736833843964329571e+04 3.391519819558791351e+06 1.465023852100792283e+03
5.736833844036629307e+04 3.364480520008057356e+06 1.459244778988444978e+03
5.736833844108929043e+04 3.364134209583008196e+06 1.459170614078209837e+03
5.736833844181228051e+04 3.377627271351072937e+06 1.462057469661989899e+03
5.736833844253527786e+04 3.395764314295412973e+06 1.465928953406212258e+03
5.736833844325827522e+04 3.389433970403763931e+06 1.464578858068882710e+03
5.736833844398126530e+04 3.386949685518326703e+06 1.464048685477690697e+03
5.736833844470426266e+04 3.392417273962833919e+06 1.465215272998057117e+03
5.736833844542725274e+04 3.390528867844399530e+06 1.464812459805947128e+03
5.736833844615025009e+04 3.378688262939019129e+06 1.462284228300670293e+03
5.736833844687324745e+04 3.382606610602429137e+06 1.463121365993442851e+03
5.736833844759623753e+04 3.385438742968515027e+06 1.463726140490536409e+03
5.736833844831923489e+04 3.383328234163538087e+06 1.463275485461371090e+03
5.736833844904223224e+04 3.376779578174505383e+06 1.461876272589122209e+03
5.736833844976522232e+04 3.365339790375909768e+06 1.459428781744742537e+03
5.736833845048821968e+04 3.363802167996831238e+06 1.459099501404211878e+03
5.736833845121120976e+04 3.373815731481788214e+06 1.461242564455373895e+03
5.736833845193420711e+04 3.378997474956771825e+06 1.462350307500901863e+03
5.736833845265720447e+04 3.377687369011638220e+06 1.462070314872808694e+03
5.736833845338019455e+04 3.383066980854848400e+06 1.463219690625532849e+03
5.736833845410319191e+04 3.373241700723406393e+06 1.461119797604607356e+03
5.736833845482618926e+04 3.357063142677825876e+06 1.457655468268699224e+03
5.736833845554917934e+04 3.362595543479765765e+06 1.458841051888399988e+03
5.736833845627217670e+04 3.387623831467153970e+06 1.464192574310828604e+03
5.736833845699516678e+04 3.384143754876732361e+06 1.463449639310474367e+03
5.736833845771816414e+04 3.350002759356125724e+06 1.456141038703867480e+03
5.736833845844116149e+04 3.354211052360179368e+06 1.457043893547861444e+03
5.736833845916415157e+04 3.386311819609037135e+06 1.463912527187211481e+03
5.736833845988714893e+04 3.364520116324140225e+06 1.459253258588990548e+03
5.736833846061014629e+04 3.288947682795911096e+06 1.442978621375744524e+03
5.736833846133313637e+04 3.227777862272838596e+06 1.429669949296173854e+03
5.736833846205613372e+04 3.198395127258702647e+06 1.423232923500819197e+03
5.736833846277912380e+04 3.199003361377326306e+06 1.423366467520163496e+03
5.736833846350212116e+04 3.189757081212826073e+06 1.421334997725031826e+03
5.736833846422511851e+04 3.185237192586526275e+06 1.420340890549370442e+03
5.736833846494810859e+04 3.184879418214736041e+06 1.420262171707818879e+03
5.736833846567110595e+04 3.184502154316684231e+06 1.420179159982263627e+03
5.736833846639410331e+04 3.183385240617078263e+06 1.419933370051452130e+03
5.736833846711709339e+04 3.182341543604806066e+06 1.419703653849282546e+03
5.736833846784009074e+04 3.179940076996440534e+06 1.419174953317164181e+03
5.736833846856308082e+04 3.184563056029129773e+06 1.420192560893840891e+03
5.736833846928607818e+04 3.181849567455857992e+06 1.419595357719907270e+03
5.736833847000907554e+04 3.189559879399954341e+06 1.421291639539532071e+03
5.736833847073206562e+04 3.183938623462172691e+06 1.420055153740113610e+03
5.736833847145506297e+04 3.180946469356331043e+06 1.419396541966939822e+03
5.736833847217806033e+04 3.178810522621703800e+06 1.418926205494339456e+03
5.736833847290105041e+04 3.173087626379472204e+06 1.417665251914982264e+03
5.736833847362404777e+04 3.170455244270402007e+06 1.417084869606969278e+03
5.736833847434703785e+04 3.171505196531392634e+06 1.417316389460067057e+03
5.736833847507003520e+04 3.174299135858825408e+06 1.417932283260299300e+03
5.736833847579303256e+04 3.181903294422838837e+06 1.419607184757203868e+03
5.736833847651602264e+04 3.176275960157021880e+06 1.418367891309634388e+03
5.736833847723901999e+04 3.174662046803083271e+06 1.418012263434955912e+03
5.736833847796201735e+04 3.172144703221385367e+06 1.417457385431169087e+03
5.736833847868500743e+04 3.166546228570186533e+06 1.416222578854173889e+03
5.736833847940800479e+04 3.167151901484636590e+06 1.416356218762743993e+03
5.736833848013099487e+04 3.165571551947149448e+06 1.416007492906364632e+03
5.736833848085399222e+04 3.169265978837145027e+06 1.416822584790775863e+03
5.736833848157698958e+04 3.167334783489419147e+06 1.416396568649079654e+03
5.736833848229997966e+04 3.161318970088412054e+06 1.415068675473122539e+03
5.736833848302297702e+04 3.158972297541341744e+06 1.414550347624056258e+03
5.736833848374597437e+04 3.161688182163863908e+06 1.415150208936286390e+03
5.736833848446896445e+04 3.161415897637029178e+06 1.415090080533088667e+03
5.736833848519196181e+04 3.157062883116980549e+06 1.414128460200173095e+03
5.736833848591495189e+04 3.155687893626965117e+06 1.413824576641972499e+03
5.736833848663794925e+04 3.155651557750654407e+06 1.413816545239925745e+03
5.736833848736094660e+04 3.155777505015351810e+06 1.413844383457597814e+03
5.736833848808393668e+04 3.155888408111116383e+06 1.413868895997591380e+03
5.736833848880693404e+04 3.153960633707432076e+06 1.413442745945920933e+03
5.736833848952993139e+04 3.155694840086396784e+06 1.413826112028631997e+03
5.736833849025292147e+04 3.154049506541525945e+06 1.413462394826425452e+03
5.736833849097591883e+04 3.158774316402071156e+06 1.414506609299261754e+03
5.736833849169890891e+04 3.173156456435838714e+06 1.417680424239679951e+03
5.736833849242190627e+04 3.186376937064007856e+06 1.420591632266290844e+03
5.736833849314490362e+04 3.186325412295430433e+06 1.420580297865855982e+03
5.736833849386789370e+04 3.181726237051052507e+06 1.419568208349605129e+03
5.736833849459089106e+04 3.176746066822401714e+06 1.418471463147567420e+03
5.736833849531388842e+04 3.177647010288614780e+06 1.418669933927685634e+03
5.736833849603687850e+04 3.170612610851435922e+06 1.417119572154074604e+03
5.736833849675987585e+04 3.164360415947617963e+06 1.415740180953857589e+03
5.736833849748286593e+04 3.135275667247184087e+06 1.409305606328694694e+03
5.736833849820586329e+04 3.126697997133034281e+06 1.407402305031559308e+03
5.736833849892886064e+04 3.117185484866560437e+06 1.405288556859978144e+03
5.736833849965185073e+04 3.103045840456369333e+06 1.402140738401545377e+03
5.736833850037484808e+04 3.087812176023385953e+06 1.398741437869993206e+03
5.736833850109784544e+04 3.071811138874743134e+06 1.395161984070922927e+03
5.736833850182083552e+04 3.052851734287414700e+06 1.390908815821380131e+03
5.736833850254383287e+04 3.030516953311233316e+06 1.385881703400229071e+03
5.736833850326682295e+04 3.008991543309731409e+06 1.381019447570736475e+03
5.736833850398982031e+04 2.989733652834588196e+06 1.376654834379924523e+03
5.736833850471281767e+04 2.978115950460652821e+06 1.374015090542279268e+03
5.736833850543580775e+04 2.969131158165296540e+06 1.371970106763740887e+03
5.736833850615880510e+04 2.940049632991089020e+06 1.365330004291794239e+03
5.736833850688180246e+04 2.926581004022831563e+06 1.362243784171640073e+03
5.736833850760479254e+04 2.920314719653334003e+06 1.360805533418840014e+03
5.736833850832778990e+04 2.902986997916292399e+06 1.356820501649972357e+03
5.736833850905077998e+04 2.876441920753137674e+06 1.350692859413534734e+03
5.736833850977377733e+04 2.855181509221065324e+06 1.345765002986467152e+03
5.736833851049677469e+04 2.837655644932111260e+06 1.341689151063900226e+03
5.736833851121976477e+04 2.819737691346791573e+06 1.337509273647007149e+03
5.736833851194276212e+04 2.805933776431092061e+06 1.334280184320157105e+03
5.736833851266575948e+04 2.789841972855226602e+06 1.330506006387989373e+03
5.736833851338874956e+04 2.774352301003193017e+06 1.326862912333823488e+03
5.736833851411174692e+04 2.756178524014717899e+06 1.322575736020133718e+03
5.736833851483473700e+04 2.736359301392659079e+06 1.317884503046610689e+03
5.736833851555773435e+04 2.722394353786276188e+06 1.314568929769915940e+03
5.736833851628073171e+04 2.703089513544374146e+06 1.309971734796302371e+03
5.736833851700372179e+04 2.684934682697301265e+06 1.305633630344214453e+03
5.736833851772671915e+04 2.675368169153475668e+06 1.303341899012274553e+03
5.736833851844971650e+04 2.658649916556446813e+06 1.299327209692685301e+03
5.736833851917270658e+04 2.637582362496259157e+06 1.294250353123444938e+03
5.736833851989570394e+04 2.616313158824506681e+06 1.289104621148072965e+03
5.736833852061869402e+04 2.612852942707916256e+06 1.288265535203223408e+03
5.736833852134169138e+04 2.596981624330438673e+06 1.284409792553188254e+03
5.736833852206468873e+04 2.573007602628240827e+06 1.278563550099348959e+03
5.736833852278767881e+04 2.559961055764048360e+06 1.275370793084321122e+03
5.736833852351067617e+04 2.545872101817258634e+06 1.271913937196926327e+03
5.736833852423367352e+04 2.525299354965093546e+06 1.266849279454025464e+03
5.736833852495666360e+04 2.503531210840816610e+06 1.261468194912384661e+03
5.736833852567966096e+04 2.489719877070681192e+06 1.258042099124339984e+03
5.736833852640265104e+04 2.479621342973175459e+06 1.255531098522945513e+03
5.736833852712564840e+04 2.459065494320072234e+06 1.250404308193971701e+03
5.736833852784864575e+04 2.439873564785755239e+06 1.245598642417009387e+03
5.736833852857163583e+04 2.420261153163552750e+06 1.240668457214585715e+03
5.736833852929463319e+04 2.407709354134389665e+06 1.237502867202332254e+03
5.736833853001763055e+04 2.387098085106567480e+06 1.232287021432752226e+03
5.736833853074062063e+04 2.370467437184323557e+06 1.228062355192195582e+03
5.736833853146361798e+04 2.355815776030926965e+06 1.224328330154672813e+03
5.736833853218660806e+04 2.333839942046392243e+06 1.218706266406715031e+03
5.736833853290960542e+04 2.319402913181572687e+06 1.214998691661222665e+03
5.736833853363260278e+04 2.300095968564186245e+06 1.210022718940688492e+03
5.736833853435559286e+04 2.281750595402106177e+06 1.205275537844486507e+03
5.736833853507859021e+04 2.266802063532233704e+06 1.201393478302444464e+03
5.736833853580158757e+04 2.249817381248024758e+06 1.196967360991942542e+03
5.736833853652457765e+04 2.231021911867422052e+06 1.192050206542131718e+03
5.736833853724757500e+04 2.220469328106331173e+06 1.189280593496108850e+03
5.736833853797056508e+04 2.197937572941927239e+06 1.183345251010331594e+03
5.736833853869356244e+04 2.177870894165463746e+06 1.178034086456505975e+03
5.736833853941655980e+04 2.159791788806355558e+06 1.173228395498494592e+03
5.736833854013954988e+04 2.146112368195265066e+06 1.169579082457462846e+03
5.736833854086254723e+04 2.133739495166589506e+06 1.166268487304324935e+03
5.736833854158554459e+04 2.112880111155526713e+06 1.160665787155029420e+03
5.736833854230853467e+04 2.095911022235363489e+06 1.156087967629237937e+03
5.736833854303153203e+04 2.079759835826900555e+06 1.151713895631989317e+03
5.736833854375452211e+04 2.062536699837195920e+06 1.147031140552970101e+03
5.736833854447751946e+04 2.034014968879711814e+06 1.139234109193461563e+03
5.736833854520051682e+04 2.004031002323841210e+06 1.130979388164258580e+03
5.736833854592350690e+04 1.989619850006754743e+06 1.126990419770382005e+03
5.736833854664650426e+04 1.961551779139272869e+06 1.119180442092357907e+03
5.736833854736950161e+04 1.942324364106576657e+06 1.113798782351017962e+03
5.736833854809249169e+04 1.923205916386743542e+06 1.108421714755586436e+03
5.736833854881548905e+04 1.909310803696192335e+06 1.104497284881280393e+03
5.736833854953847913e+04 1.890682011885879794e+06 1.099213927053635416e+03
5.736833855026147648e+04 1.872381549099902855e+06 1.093998842863848495e+03
5.736833855098447384e+04 1.856186151797753992e+06 1.089362815995477376e+03
5.736833855170746392e+04 1.837774905945890350e+06 1.084068409380229696e+03
5.736833855243046128e+04 1.823444692118702456e+06 1.079929596119204916e+03
5.736833855315345863e+04 1.807156476998570142e+06 1.075205932891046814e+03
5.736833855387644871e+04 1.790268560218469007e+06 1.070286340255047435e+03
5.736833855459944607e+04 1.771101569657190470e+06 1.064675293709656898e+03
5.736833855532243615e+04 1.752672096994283609e+06 1.059252123255567085e+03
5.736833855604543351e+04 1.734839655582882231e+06 1.053978076024023039e+03
5.736833855676843086e+04 1.717956674724033801e+06 1.048960400445374944e+03
5.736833855749142094e+04 1.703473981792723294e+06 1.044636893193252945e+03
5.736833855821441830e+04 1.687741682053215336e+06 1.039919973499528169e+03
5.736833855893741566e+04 1.670187593889503740e+06 1.034631454277773173e+03
5.736833855966040574e+04 1.652765973014448304e+06 1.029355979792233938e+03
5.736833856038340309e+04 1.638986629468972795e+06 1.025164203148992101e+03
5.736833856110639317e+04 1.617596681690256810e+06 1.018623053958828450e+03
5.736833856182939053e+04 1.599112230773263611e+06 1.012936396933830110e+03
5.736833856255238788e+04 1.580162955562382936e+06 1.007073407069459563e+03
5.736833856327537796e+04 1.565839123127958970e+06 1.002618796928809957e+03
5.736833856399837532e+04 1.547731633351606084e+06 9.969590116172047374e+02
5.736833856472137268e+04 1.530249406509207329e+06 9.914640079540228044e+02
5.736833856544436276e+04 1.511644713099804474e+06 9.855825412858010850e+02
5.736833856616736011e+04 1.495143071471642936e+06 9.803363808763688212e+02
5.736833856689035019e+04 1.477942874337532092e+06 9.748380873052495872e+02
5.736833856761334755e+04 1.459707037635248620e+06 9.689746635088197309e+02
5.736833856833634491e+04 1.443759928760341834e+06 9.638179057660288436e+02
5.736833856905933499e+04 1.424912188759416575e+06 9.576873800852945351e+02
5.736833856978233234e+04 1.409113751921323594e+06 9.525182911371451837e+02
5.736833857050532970e+04 1.392105430694637122e+06 9.469217994027533223e+02
5.736833857122831978e+04 1.374793427020675503e+06 9.411912089941778277e+02
5.736833857195131714e+04 1.357614306762798456e+06 9.354699042335615786e+02
5.736833857267430722e+04 1.339443020090230741e+06 9.293798403001833321e+02
5.736833857339730457e+04 1.322879365652376553e+06 9.237935935763655380e+02
5.736833857412030193e+04 1.304604297155884793e+06 9.175906961834497224e+02
5.736833857484329201e+04 1.286548116223318037e+06 9.114206343064511202e+02
5.736833857556628936e+04 1.271914215150238713e+06 9.063892014299922266e+02
5.736833857628928672e+04 1.253110231675480725e+06 8.998827116892375670e+02
5.736833857701227680e+04 1.234604920867747394e+06 8.934333078312796488e+02
5.736833857773527416e+04 1.218498491581999697e+06 8.877818184885010169e+02
5.736833857845826424e+04 1.202015924341093749e+06 8.819608566785623225e+02
5.736833857918126159e+04 1.185556316626223503e+06 8.761094097721982052e+02
5.736833857990425895e+04 1.170377634509991622e+06 8.706784834649037066e+02
5.736833858062724903e+04 1.154491577131970087e+06 8.649579386926749294e+02
5.736833858135024639e+04 1.133353154102063505e+06 8.572868372451483765e+02
5.736833858207324374e+04 1.117344047971683089e+06 8.514311657334970960e+02
5.736833858279623382e+04 1.098747976453576237e+06 8.445782884277130051e+02
5.736833858351923118e+04 1.081414924122174969e+06 8.381403984872458750e+02
5.736833858424222126e+04 1.063636179558720905e+06 8.314851846089625269e+02
5.736833858496521862e+04 1.046659664005239843e+06 8.250801718640891522e+02
5.736833858568821597e+04 1.028001006118868943e+06 8.179826580217290939e+02
5.736833858641120605e+04 1.012769811376367463e+06 8.121429259128159401e+02
5.736833858713420341e+04 9.942115500531877624e+05 8.049703216785338782e+02
5.736833858785720076e+04 9.767428291117288172e+05 7.981599264526066690e+02
5.736833858858019084e+04 9.617105251397744287e+05 7.922525343678989884e+02
5.736833858930318820e+04 9.446125708977425238e+05 7.854793802583802744e+02
5.736833859002617828e+04 9.262472519816600252e+05 7.781385046947217461e+02
5.736833859074917564e+04 9.092456733928150497e+05 7.712804586338936588e+02
5.736833859147217299e+04 8.937505097865606658e+05 7.649765150752017462e+02
5.736833859219516307e+04 8.759256398247982142e+05 7.576599005427823386e+02
5.736833859291816043e+04 8.578611643706538016e+05 7.501721320681398311e+02
5.736833859364115779e+04 8.408936821671528742e+05 7.430703542427664843e+02
5.736833859436414787e+04 8.239035671979221515e+05 7.358904330800213529e+02
5.736833859508714522e+04 8.071172076970937196e+05 7.287271470246483887e+02
5.736833859581013530e+04 7.891906073188458104e+05 7.209987028936172919e+02
5.736833859653313266e+04 7.715933911628988571e+05 7.133308275104980112e+02
5.736833859725613002e+04 7.553939727682608645e+05 7.061984373957244543e+02
5.736833859797912010e+04 7.373375876442401204e+05 6.981625829831115198e+02
5.736833859870211745e+04 7.209230402553058229e+05 6.907763025463208351e+02
5.736833859942511481e+04 7.042042221733672777e+05 6.831710172850971503e+02
5.736833860014810489e+04 6.865528949800929986e+05 6.750485607440091371e+02
5.736833860087110224e+04 6.691526259036846459e+05 6.669448186992706269e+02
5.736833860159409232e+04 6.525707815631146077e+05 6.591295308791335401e+02
5.736833860231708968e+04 6.345147878147200681e+05 6.505126765745615103e+02
5.736833860304008704e+04 6.201356536139562959e+05 6.435680100103816130e+02
5.736833860376307712e+04 6.021893736424532253e+05 6.347939496612528956e+02
5.736833860448607447e+04 5.841722960406419588e+05 6.258615541998095750e+02
5.736833860520907183e+04 5.668084774028391112e+05 6.171306979698663326e+02
5.736833860593206191e+04 5.498183774901912548e+05 6.084665035409669827e+02
5.736833860665505927e+04 5.317731907634275267e+05 5.991270685148035682e+02
5.736833860737804935e+04 5.149382354322851752e+05 5.902807782277669730e+02
5.736833860810104670e+04 4.985505450686848490e+05 5.815402743301000328e+02
5.736833860882404406e+04 4.804278537098770030e+05 5.717188194984254324e+02
5.736833860954703414e+04 4.637298843381107436e+05 5.625177132422757040e+02
5.736833861027003150e+04 4.470376040934548946e+05 5.531667945189852844e+02
5.736833861099302885e+04 4.302193939409416635e+05 5.435826719212897160e+02
5.736833861171601893e+04 4.121092404164281907e+05 5.330696720507251030e+02
5.736833861243901629e+04 3.964238693110131426e+05 5.237937746092284215e+02
5.736833861316200637e+04 3.788630279325013980e+05 5.132098912314662584e+02
5.736833861388500372e+04 3.608923759768788586e+05 5.021481205635935225e+02
5.736833861460800108e+04 3.446913671136476332e+05 4.919625030894425208e+02
5.736833861533099116e+04 3.264474485847437172e+05 4.802339589881839856e+02
5.736833861605398852e+04 3.108855595876190346e+05 4.699983773825840672e+02
5.736833861677698587e+04 2.936133028070449946e+05 4.583702807277137481e+02
5.736833861749997595e+04 2.761312855407986790e+05 4.462925648753283667e+02
5.736833861822297331e+04 2.587584863500386418e+05 4.339574333604324465e+02
5.736833861894596339e+04 2.424114349402790540e+05 4.220215004447929914e+02
5.736833861966896075e+04 2.249076877445206628e+05 4.088548701438267017e+02
5.736833862039195810e+04 2.082870155080960249e+05 3.959474519334099796e+02
5.736833862111494818e+04 1.910329051476210589e+05 3.820871179682234811e+02
5.736833862183794554e+04 1.735860886902070488e+05 3.675408894686132726e+02
5.736833862256094289e+04 1.563090191242158762e+05 3.525452268186805327e+02
5.736833862328393298e+04 1.390864505293628317e+05 3.369332746714870837e+02
5.736833862400693033e+04 1.219197047351551882e+05 3.206163056668702325e+02
5.736833862472992041e+04 1.045904821550082415e+05 3.032557523722841779e+02
5.736833862545291777e+04 8.721010048625637137e+04 2.847829222476485143e+02
5.736833862617591512e+04 7.084905593892693287e+04 2.662248297244818218e+02
5.736833862689890520e+04 5.367547869415250898e+04 2.452390143999223255e+02
5.736833862762190256e+04 3.653760950615238835e+04 2.223308479301629461e+02
5.736833862834489992e+04 1.974977351187271415e+04 1.973286812526766312e+02
5.736833862906789000e+04 3.578182195469670660e+03 1.697980090347602982e+02
5.736833862979088735e+04 1.489703523872767832e+01 1.631082789039974159e+02
5.736833863051387743e+04 -1.468258870951963946e-01 1.630794537451623967e+02
5.736833863123687479e+04 6.711610439949738764e-04 1.630797363852285855e+02
5.736833863195987215e+04 1.221149180360592747e-05 1.630797351225227487e+02
5.736833863268286223e+04 -1.100162730832678997e-07 1.630797350989117831e+02
5.736833863340585958e+04 3.991674019996308344e-10 1.630797350991233827e+02
5.736833863412885694e+04 -3.241199900489068018e-12 1.630797350991225869e+02
5.736833863485184702e+04 1.954634386183028229e-13 1.630797350991225869e+02
5.736833863557484437e+04 -2.745839947782619747e-15 1.630797350991225869e+02
5.736833863629783446e+04 2.147423602183378337e-19 1.630797350991225869e+02
5.736833863702083181e+04 2.605269938232722526e-28 1.630797350991225869e+02
