5.736833794150000176e+04 1.387640422771373233e+04 1.014017272006933865e+02
5.736833794430451962e+04 1.379061699299795509e+04 1.011475499650963314e+02
5.736833794710903749e+04 1.366246053378734723e+04 1.007446002419797111e+02
5.736833794991356262e+04 1.368295722268416648e+04 1.008095990479672821e+02
5.736833795271808049e+04 1.374177410805841646e+04 1.009904998427280134e+02
5.736833795552259835e+04 1.395543631725753585e+04 1.016694337027641382e+02
5.736833795832711621e+04 1.400446977828174568e+04 1.018322360810944787e+02
5.736833796113164135e+04 1.399014553090817753e+04 1.017547973060410982e+02
5.736833796393615921e+04 1.420650775245536897e+04 1.024055924922870986e+02
5.736833796674067707e+04 1.432840029212299669e+04 1.028007776775669555e+02
5.736833796954519494e+04 1.441663759149077850e+04 1.030838996824714258e+02
5.736833797234971280e+04 1.462113250017102837e+04 1.036795788450173887e+02
5.736833797515423794e+04 1.503301368627779812e+04 1.049268992053203107e+02
5.736833797795875580e+04 1.563489014880943796e+04 1.066926618149975212e+02
5.736833798076327366e+04 1.663367069157788501e+04 1.095725877954244112e+02
5.736833798356779153e+04 1.843716124613738793e+04 1.146201469096229317e+02
5.736833798637231666e+04 2.243715510121251282e+04 1.250522427678564412e+02
5.736833798917683453e+04 3.000365201850200538e+04 1.427128753524476394e+02
5.736833799198135239e+04 4.145032045231962547e+04 1.658643176893104396e+02
5.736833799478587025e+04 5.368741783261604724e+04 1.875397598067571323e+02
5.736833799759038811e+04 6.127494419156396907e+04 1.997998898370397569e+02
5.736833800039491325e+04 6.680671508614769846e+04 2.082588647023949875e+02
5.736833800319943111e+04 7.357934921362462046e+04 2.182418728567978690e+02
5.736833800600394898e+04 7.635037196132793906e+04 2.221530790172245702e+02
5.736833800880846684e+04 7.318105731148873747e+04 2.176219726723169572e+02
5.736833801161299198e+04 6.627475431804952677e+04 2.074856319958707900e+02
5.736833801441750984e+04 5.981717377561221656e+04 1.975275342755832639e+02
5.736833801722202770e+04 5.530484808366851939e+04 1.902328348276907661e+02
5.736833802002654556e+04 5.335804682019320899e+04 1.870111677432022077e+02
5.736833802283106343e+04 5.508155772794315271e+04 1.898727417183548312e+02
5.736833802563558856e+04 6.076750470636632235e+04 1.990426143988000263e+02
5.736833802844010643e+04 6.825071144279198779e+04 2.104388185352112828e+02
5.736833803124462429e+04 7.150890335340453021e+04 2.152123878220901361e+02
5.736833803404914215e+04 7.037029626929841470e+04 2.135668574797169867e+02
5.736833803685366729e+04 6.861207355247116357e+04 2.109514234759450346e+02
5.736833803965818515e+04 6.552491276540000399e+04 2.063629433686202788e+02
5.736833804246270302e+04 6.224460164513310156e+04 2.013283236283213000e+02
5.736833804526722088e+04 6.133963459447438800e+04 1.998995022926063712e+02
5.736833804807173874e+04 6.419597986795553152e+04 2.043393996405694963e+02
5.736833805087626388e+04 6.758608684131360496e+04 2.094527614389278938e+02
5.736833805368078174e+04 6.867249117769318400e+04 2.110512531607335802e+02
5.736833805648529960e+04 6.578132866354833823e+04 2.067419728985243239e+02
5.736833805928981747e+04 6.208428846119510854e+04 2.010814393236861690e+02
5.736833806209434260e+04 5.776882124451777781e+04 1.942721357301693672e+02
5.736833806489886047e+04 5.568836614718564670e+04 1.908770926900860161e+02
5.736833806770337833e+04 5.738402426355657371e+04 1.936166097147501830e+02
5.736833807050789619e+04 6.176414823254014482e+04 2.005085410304783125e+02
5.736833807331241405e+04 6.868744083000320825e+04 2.109204966082684507e+02
5.736833807611693919e+04 7.365068814342484984e+04 2.181379234778661669e+02
5.736833807892145705e+04 7.622267260072033969e+04 2.217886552568429011e+02
5.736833808172597492e+04 7.803282777587715827e+04 2.243146151338516745e+02
5.736833808453049278e+04 8.040040425622483599e+04 2.275856714478699416e+02
5.736833808733501792e+04 8.101109346062237455e+04 2.284453954567356675e+02
5.736833809013953578e+04 7.749663568462604599e+04 2.235777745033613542e+02
5.736833809294405364e+04 6.986522163180253119e+04 2.126582633373871261e+02
5.736833809574857150e+04 6.395626016835121118e+04 2.037865903955130875e+02
5.736833809855308937e+04 6.318020973438270448e+04 2.025827235052994411e+02
5.736833810135761451e+04 6.711606279269693187e+04 2.085598165206123440e+02
5.736833810416213237e+04 7.369241264207482163e+04 2.181888258993119791e+02
5.736833810696665023e+04 7.723734323967354430e+04 2.232104580450360345e+02
5.736833810977116809e+04 7.433514145908283535e+04 2.191082040996994351e+02
5.736833811257569323e+04 6.922460035991517361e+04 2.118064618242322297e+02
5.736833811538021109e+04 6.333808306565770908e+04 2.030249960419355943e+02
5.736833811818472896e+04 5.812076442659983149e+04 1.948477308353758133e+02
5.736833812098924682e+04 5.418134225599453930e+04 1.884337957375078645e+02
5.736833812379376468e+04 5.152266465027896629e+04 1.839507277099227167e+02
5.736833812659828982e+04 4.920364062599297176e+04 1.799767088884720181e+02
5.736833812940280768e+04 4.625116434878733708e+04 1.747681376404406706e+02
5.736833813220732554e+04 4.336417587673504750e+04 1.695273984727526795e+02
5.736833813501184341e+04 4.024248701535064174e+04 1.636618908389944806e+02
5.736833813781636854e+04 4.355252344764915324e+04 1.699158282454064306e+02
5.736833814062088641e+04 5.338551694947263604e+04 1.871070362616881937e+02
5.736833814342540427e+04 6.402317125675088755e+04 2.040912132800906704e+02
5.736833814622992213e+04 6.958157600774388993e+04 2.124615603516755868e+02
5.736833814903443999e+04 7.087383987886978139e+04 2.143455187093748577e+02
5.736833815183896513e+04 6.933798591205058619e+04 2.120946757673382876e+02
5.736833815464348299e+04 6.787989035549639084e+04 2.098301940749535106e+02
5.736833815744800086e+04 6.810487784418804222e+04 2.100564264895288886e+02
5.736833816025251872e+04 7.025234797106569749e+04 2.132150495936119512e+02
5.736833816305704386e+04 7.462698725321922393e+04 2.195486522867016106e+02
5.736833816586156172e+04 7.795284516668083961e+04 2.242349043407257057e+02
5.736833816866607958e+04 7.755683468895065016e+04 2.237004096382686100e+02
5.736833817147059744e+04 7.549296286866997252e+04 2.208089790107410408e+02
5.736833817427511531e+04 7.520672973267371708e+04 2.203838287115198398e+02
5.736833817707964045e+04 7.336605338147195289e+04 2.177508314672845131e+02
5.736833817988415831e+04 6.880704923078702996e+04 2.111196640686173112e+02
5.736833818268867617e+04 6.396296937085653917e+04 2.038222343743594251e+02
5.736833818549319403e+04 6.306645622598499904e+04 2.024377501883073762e+02
5.736833818829771917e+04 6.371076938646740018e+04 2.034297450810185808e+02
5.736833819110223703e+04 6.299674891715164995e+04 2.023380097471874990e+02
5.736833819390675490e+04 6.072031477792766964e+04 1.988122184736234601e+02
5.736833819671127276e+04 5.941905091884876310e+04 1.968375209302684539e+02
5.736833819951579062e+04 5.894788773536589724e+04 1.961572326905908028e+02
5.736833820232031576e+04 5.959131833993460168e+04 1.971913786506619317e+02
5.736833820512483362e+04 6.188007079516934027e+04 2.007832192907275441e+02
5.736833820792935148e+04 6.339271208943694364e+04 2.031281557166877576e+02
5.736833821073386935e+04 6.351859971190374927e+04 2.033002762670635661e+02
5.736833821353839448e+04 6.194797586534185393e+04 2.008933533874470356e+02
5.736833821634291235e+04 6.044684036646741151e+04 1.985466847784587685e+02
5.736833821914743021e+04 6.189909782911273214e+04 2.008170981233680266e+02
5.736833822195194807e+04 6.415848419233991444e+04 2.043083340342967631e+02
5.736833822475646593e+04 6.802524782206864620e+04 2.101336516839917863e+02
5.736833822756099107e+04 7.227305265410590800e+04 2.163893896164128421e+02
5.736833823036550893e+04 7.281725752121086407e+04 2.171530303510704698e+02
5.736833823317002680e+04 7.059966554370636004e+04 2.139239981398694681e+02
5.736833823597454466e+04 6.980117287720770400e+04 2.127808998215395206e+02
5.736833823877906980e+04 6.977227530633576680e+04 2.127105647356515874e+02
5.736833824158358766e+04 6.598083319236570969e+04 2.070522600468578389e+02
5.736833824438810552e+04 5.935515692191792914e+04 1.968199976065641295e+02
5.736833824719262338e+04 5.540401429304705380e+04 1.904393031203600799e+02
5.736833824999714125e+04 5.693995451526914985e+04 1.929435060350126605e+02
5.736833825280166639e+04 6.255367636419628980e+04 2.018423357780911545e+02
5.736833825560618425e+04 6.548149523946337285e+04 2.063178615404947891e+02
5.736833825841070211e+04 6.604669398630583601e+04 2.071739616313864190e+02
5.736833826121521997e+04 6.817794651054835413e+04 2.103594358868570282e+02
5.736833826401974511e+04 7.066255522227696201e+04 2.140077637580979513e+02
5.736833826682426297e+04 7.058095391660161840e+04 2.138884027520678330e+02
5.736833826962878084e+04 6.550619604686323873e+04 2.063425087013663131e+02
5.736833827243329870e+04 6.128587362955225399e+04 1.998445619486557518e+02
5.736833827523781656e+04 6.280276475076001225e+04 2.022187888758851670e+02
5.736833827804234170e+04 6.633103231457032962e+04 2.076057179262081434e+02
5.736833828084685956e+04 6.852539012818165065e+04 2.108928935291785365e+02
5.736833828365137742e+04 6.960220742616280040e+04 2.124922363763267867e+02
5.736833828645589529e+04 7.175416584431145748e+04 2.156184110834386445e+02
5.736833828926041315e+04 7.114718614444839477e+04 2.147253667088874920e+02
5.736833829206493829e+04 6.975399467250895395e+04 2.126908352829578632e+02
5.736833829486945615e+04 6.778938597921085602e+04 2.097914475919805284e+02
5.736833829767397401e+04 6.518374733283784008e+04 2.058725855346874596e+02
5.736833830047849187e+04 6.323302220695566211e+04 2.028519606174201613e+02
5.736833830328301701e+04 6.539531676097381569e+04 2.061946557054108098e+02
5.736833830608753487e+04 6.915492478026759636e+04 2.117855932396041112e+02
5.736833830889205274e+04 7.213954191773183993e+04 2.161425333614975841e+02
5.736833831169657060e+04 7.259617503260725061e+04 2.168199807319715262e+02
5.736833831450108846e+04 7.208643752515754022e+04 2.160940828587694682e+02
5.736833831730561360e+04 6.998331855406609247e+04 2.130056900031146938e+02
5.736833832011013146e+04 6.540688379905955662e+04 2.061857922200067321e+02
5.736833832291464932e+04 6.191501560898552270e+04 2.008522292458387994e+02
5.736833832571916719e+04 5.951286453588579025e+04 1.970709439183607117e+02
5.736833832852369233e+04 5.628734244430439867e+04 1.918896477370550713e+02
5.736833833132821019e+04 5.584938237315037259e+04 1.911938131701070915e+02
5.736833833413272805e+04 5.767636481606232701e+04 1.941490725934887394e+02
5.736833833693724591e+04 6.060468601584454882e+04 1.987775126680694484e+02
5.736833833974176378e+04 6.171089792920229229e+04 2.005109017123924673e+02
5.736833834254628891e+04 6.448797509821946005e+04 2.048058764137563799e+02
5.736833834535080678e+04 6.778419546833222557e+04 2.097821775712058923e+02
5.736833834815532464e+04 7.125991771012765821e+04 2.148943879901216008e+02
5.736833835095984250e+04 7.050514037831791211e+04 2.138005109182836065e+02
5.736833835376436764e+04 6.514353930657650199e+04 2.058051924285397547e+02
5.736833835656888550e+04 6.137550387018828769e+04 1.999874086122297570e+02
5.736833835937340336e+04 5.928742850049323897e+04 1.967199280316950478e+02
5.736833836217792123e+04 5.842203524114713218e+04 1.953314747691988202e+02
5.736833836498243909e+04 5.764932437120340910e+04 1.940809087434101627e+02
5.736833836778696423e+04 5.872206198584865342e+04 1.958312513871535714e+02
5.736833837059148209e+04 6.206715569813454931e+04 2.011166559715901201e+02
5.736833837339599995e+04 6.499683069120728760e+04 2.056043128790059882e+02
5.736833837620051781e+04 6.789575889789684152e+04 2.099658908272899680e+02
5.736833837900504295e+04 7.082119230389829318e+04 2.142755764816117505e+02
5.736833838180956081e+04 7.239939541481765627e+04 2.165636876742324546e+02
5.736833838461407868e+04 7.227567300576160778e+04 2.163936070068620836e+02
5.736833838741859654e+04 6.949946275192746543e+04 2.123202452450267117e+02
5.736833839022311440e+04 6.771333442802453646e+04 2.096936451911207939e+02
5.736833839302763954e+04 6.556758497703562898e+04 2.064624637817963730e+02
5.736833839583215740e+04 6.399057113857840159e+04 2.040601680437023902e+02
5.736833839863667527e+04 6.424778758112954529e+04 2.044920959771039861e+02
5.736833840144119313e+04 6.640817274232074851e+04 2.077679860649759576e+02
5.736833840424571827e+04 6.827056414928019512e+04 2.105288773710353212e+02
5.736833840705023613e+04 7.021902250706436462e+04 2.134003613366696186e+02
5.736833840985475399e+04 7.165630812299156969e+04 2.154902909759628074e+02
5.736833841265927185e+04 7.091039699694613228e+04 2.144059038478089860e+02
5.736833841546378972e+04 6.768744502909207949e+04 2.096551745397764819e+02
5.736833841826831485e+04 6.302460258811819949e+04 2.025941912285516366e+02
5.736833842107283272e+04 6.044291678092408984e+04 1.985808014331834386e+02
5.736833842387735058e+04 5.939697888983772282e+04 1.969347077674811999e+02
5.736833842668186844e+04 5.971284081130559207e+04 1.974384150301311536e+02
5.736833842948639358e+04 6.256686476054781087e+04 2.019002326174627342e+02
5.736833843229091144e+04 6.718320051158225397e+04 2.089237544419549693e+02
5.736833843509542930e+04 7.209791646671402850e+04 2.161395717689630658e+02
5.736833843789994717e+04 7.295276430217588495e+04 2.173526338958431268e+02
5.736833844070446503e+04 6.981238980526509113e+04 2.128182971788884004e+02
5.736833844350899017e+04 6.728496043805987574e+04 2.090830373602547638e+02
5.736833844631350803e+04 6.613897693405782047e+04 2.073565676894523051e+02
5.736833844911802589e+04 6.644794536360082566e+04 2.078167573798947103e+02
5.736833845192254375e+04 6.583129812759059132e+04 2.068993761183178037e+02
5.736833845472706889e+04 6.369773894994148577e+04 2.036412433049333117e+02
5.736833845753158676e+04 6.228045088780114747e+04 2.014171235035369705e+02
5.736833846033610462e+04 6.211028085038451536e+04 2.011875022304950278e+02
5.736833846314062248e+04 6.224377575586351304e+04 2.014065768879736993e+02
5.736833846594514034e+04 6.146832878951992461e+04 2.001912815646206525e+02
5.736833846874966548e+04 6.020178662827389780e+04 1.982225348427388383e+02
5.736833847155418334e+04 6.072434870973252691e+04 1.990488994980883035e+02
5.736833847435870121e+04 6.227631440029583609e+04 2.014591824689111945e+02
5.736833847716321907e+04 6.418930533426129841e+04 2.043989627645221674e+02
5.736833847996774421e+04 6.563204659343339154e+04 2.065876543290405323e+02
5.736833848277226207e+04 6.636172933865740197e+04 2.077221458674720509e+02
5.736833848557677993e+04 6.559227996974473353e+04 2.065494258251398492e+02
5.736833848838129779e+04 6.441133649247769790e+04 2.047663598142434012e+02
5.736833849118581566e+04 6.438774264131746895e+04 2.047116965453490138e+02
5.736833849399034079e+04 6.567201456446159864e+04 2.066619600586180638e+02
5.736833849679485866e+04 6.703551824660129205e+04 2.087314860113069130e+02
5.736833849959937652e+04 6.879031200242182240e+04 2.113334575344053690e+02
5.736833850240389438e+04 6.967137209984064975e+04 2.126356868354953917e+02
5.736833850520841952e+04 6.929032739428116474e+04 2.120628230453727667e+02
5.736833850801293738e+04 6.621652736522517807e+04 2.074773332717239782e+02
5.736833851081745524e+04 6.219247984544848441e+04 2.013197416802499333e+02
5.736833851362197311e+04 5.910097235381240898e+04 1.964784289709381255e+02
5.736833851642649097e+04 5.821667173303032178e+04 1.950747768591123190e+02
5.736833851923101611e+04 5.903054714722606150e+04 1.963468602708873050e+02
5.736833852203553397e+04 6.064976605148660019e+04 1.989077129675603715e+02
5.736833852484005183e+04 6.155879024223814486e+04 2.003446496451351493e+02
5.736833852764456969e+04 6.406095923698390106e+04 2.042178323055597957e+02
5.736833853044909483e+04 6.883761216246100958e+04 2.113815886707393759e+02
5.736833853325361270e+04 7.328053757344433689e+04 2.178597768533016676e+02
5.736833853605813056e+04 7.567913908330359845e+04 2.212734198809858981e+02
5.736833853886264842e+04 7.601510058332746848e+04 2.217480988584768795e+02
5.736833854166716628e+04 7.564344915729363856e+04 2.212240763136773012e+02
5.736833854447169142e+04 7.218227994973350724e+04 2.162687355881182611e+02
5.736833854727620928e+04 6.750339238278064295e+04 2.093888621660435092e+02
5.736833855008072715e+04 6.269486730495691154e+04 2.020815796400370914e+02
5.736833855288524501e+04 5.991258608494210785e+04 1.977322295119012949e+02
5.736833855568977015e+04 6.030888412659262394e+04 1.983560366007897358e+02
5.736833855849428801e+04 6.349311029138168669e+04 2.032984277273702389e+02
5.736833856129880587e+04 6.682349480853725981e+04 2.083517460702591109e+02
5.736833856410332373e+04 6.918605630117125111e+04 2.118595569359837043e+02
5.736833856690784160e+04 7.132179161772031512e+04 2.149774397378390347e+02
5.736833856971236673e+04 7.291924096793727949e+04 2.173034396069718923e+02
5.736833857251688460e+04 7.333420307016161678e+04 2.178896756187579626e+02
5.736833857532140246e+04 7.048720588465356559e+04 2.137900063530705097e+02
5.736833857812592032e+04 6.394168094266067055e+04 2.039931158459085339e+02
5.736833858093044546e+04 5.533887608306649781e+04 1.903385974163009564e+02
5.736833858373496332e+04 4.377440725762568036e+04 1.702688779594335244e+02
5.736833858653948118e+04 3.447775767621200066e+04 1.522780266685220738e+02
5.736833858934399905e+04 2.740008551840784276e+04 1.369893756936996567e+02
5.736833859214851691e+04 2.281653712418584109e+04 1.260605315545314085e+02
5.736833859495304205e+04 1.961572802753670476e+04 1.178528911089250499e+02
5.736833859775755991e+04 1.776714141457804362e+04 1.128524224288285041e+02
5.736833860056207777e+04 1.669822731788078454e+04 1.098442892071752368e+02
5.736833860336659563e+04 1.578258339696126495e+04 1.071967270227808768e+02
5.736833860617112077e+04 1.535230831672873683e+04 1.059161156374247952e+02
5.736833860897563864e+04 1.498274379901526117e+04 1.048069392249345810e+02
5.736833861178015650e+04 1.473162887954789403e+04 1.040392287225911900e+02
5.736833861458467436e+04 1.470826719091716041e+04 1.039869796693337491e+02
5.736833861738919222e+04 1.441815367587705805e+04 1.031315376816992995e+02
5.736833862019371736e+04 1.412332781034852815e+04 1.022638099508930765e+02
5.736833862299823522e+04 1.425598658356428496e+04 1.026230293537839202e+02
5.736833862580275309e+04 1.417907075437377534e+04 1.023581371153176320e+02
5.736833862860727095e+04 1.399585054405699339e+04 1.018243996312969983e+02
5.736833863141179609e+04 1.396243155152797772e+04 1.017333777531687531e+02
5.736833863421631395e+04 1.400270505663933727e+04 1.018475326194757002e+02
5.736833863702083181e+04 1.407323789619250056e+04 1.020301670494293944e+02
