5.736751016459999664e+04 1.415636475991660496e+06 9.788435232088256726e+02
5.736751016566751059e+04 7.583025293062027544e+06 2.201633960771401235e+03
5.736751016673502454e+04 7.265767262216341682e+06 2.156173485042810171e+03
5.736751016780253849e+04 6.721191839339896105e+06 2.075831871398683688e+03
5.736751016887005244e+04 4.793789736073075794e+06 1.761885595834366086e+03
5.736751016993755911e+04 3.634618575814737007e+06 1.542671990093037948e+03
5.736751017100507306e+04 3.351328427143696696e+06 1.484102434600398965e+03
5.736751017207258701e+04 3.299839797477408312e+06 1.473257706934718271e+03
5.736751017314010096e+04 3.236234416692547500e+06 1.459753530133711592e+03
5.736751017420761491e+04 3.236891434531781822e+06 1.459920566214924520e+03
5.736751017527512886e+04 3.142179978146658745e+06 1.439543471513344002e+03
5.736751017634264281e+04 3.164871114118301310e+06 1.444371998655621383e+03
5.736751017741015676e+04 3.192690878250124399e+06 1.450350372892771247e+03
5.736751017847766343e+04 3.169660447172243614e+06 1.445368669847941192e+03
5.736751017954517738e+04 3.189275369636414107e+06 1.449685496715007957e+03
5.736751018061269133e+04 3.169156994203414768e+06 1.445310887745675473e+03
5.736751018168020528e+04 3.188261974650532473e+06 1.449495333978544295e+03
5.736751018274771923e+04 3.126516005463603884e+06 1.436044474867833287e+03
5.736751018381523318e+04 3.123791063436759170e+06 1.435402593479536790e+03
5.736751018488274713e+04 3.050594583512631245e+06 1.419418560712082581e+03
5.736751018595026108e+04 2.945969090382333379e+06 1.396190606750066308e+03
5.736751018701776775e+04 2.899463386510811746e+06 1.385716684108863319e+03
5.736751018808528170e+04 2.876628069427523296e+06 1.380611546230587237e+03
5.736751018915279565e+04 2.867344830165038351e+06 1.378505233281305209e+03
5.736751019022030960e+04 2.859175488066621590e+06 1.376622797707846075e+03
5.736751019128782355e+04 2.862766255195937119e+06 1.377394535148897376e+03
5.736751019235533749e+04 2.870783244420244824e+06 1.379185706668192324e+03
5.736751019342285144e+04 2.879795765553782694e+06 1.381242090046587691e+03
5.736751019449036539e+04 2.891960449377550278e+06 1.384058031700429638e+03
5.736751019555787207e+04 2.905500264349625446e+06 1.387055898819018466e+03
5.736751019662538602e+04 2.995813199883349240e+06 1.407268217124202238e+03
5.736751019769289996e+04 3.267747318937314209e+06 1.466442948158421814e+03
5.736751019876041391e+04 3.561768242767368443e+06 1.528003919660392512e+03
5.736751019982792786e+04 3.724265748223364353e+06 1.561296495318472807e+03
5.736751020089544181e+04 3.673332615582630038e+06 1.552442262260670759e+03
5.736751020196295576e+04 3.683881511978292372e+06 1.555351910056482893e+03
5.736751020303046971e+04 3.667985228352409322e+06 1.552612274197577563e+03
5.736751020409798366e+04 3.843563298822497018e+06 1.587223097159452209e+03
5.736751020516549033e+04 3.849855255444929004e+06 1.588245307480476413e+03
5.736751020623300428e+04 3.756249900139938109e+06 1.570113742391837377e+03
5.736751020730051823e+04 3.695813654446568806e+06 1.558388699133400678e+03
5.736751020836803218e+04 3.567222228841170669e+06 1.532242006316379047e+03
5.736751020943554613e+04 3.762463430885193404e+06 1.571340148581475660e+03
5.736751021050306008e+04 3.707312400896179490e+06 1.559643250937439234e+03
5.736751021157057403e+04 3.762067639186249580e+06 1.570693908024727762e+03
5.736751021263808798e+04 3.770037727338058408e+06 1.572862266408596497e+03
5.736751021370559465e+04 3.912902020367374644e+06 1.600898840126257937e+03
5.736751021477310860e+04 3.824227967382303439e+06 1.583531638239742961e+03
5.736751021584062255e+04 3.728238246279961430e+06 1.564263751917087120e+03
5.736751021690813650e+04 3.721669657803596929e+06 1.563155892011644255e+03
5.736751021797565045e+04 3.449624602116700262e+06 1.507268804393541586e+03
5.736751021904316440e+04 3.322791127408639528e+06 1.480690444099128172e+03
5.736751022011067835e+04 3.422076274352903478e+06 1.500982333226559831e+03
5.736751022117819230e+04 4.160201277515064459e+06 1.646490353335456120e+03
5.736751022224569897e+04 5.246738291806734167e+06 1.840791853811707824e+03
5.736751022331321292e+04 5.721172665467202663e+06 1.919481061560882381e+03
5.736751022438072687e+04 5.482076818147118203e+06 1.880106413428987480e+03
5.736751022544824082e+04 5.438358421067973599e+06 1.872890992737135548e+03
5.736751022651575477e+04 5.113079229670991190e+06 1.817770542793847198e+03
5.736751022758326872e+04 5.775022334377998486e+06 1.928176771937934745e+03
5.736751022865078266e+04 6.114656487830442376e+06 1.982571748382595842e+03
5.736751022971829661e+04 5.453137066393306479e+06 1.875613414846696060e+03
5.736751023078580329e+04 5.393088827775466256e+06 1.866338097138004969e+03
5.736751023185331724e+04 4.755467452547788620e+06 1.756956265920066926e+03
5.736751023292083119e+04 5.474584272593968548e+06 1.880787432763502693e+03
5.736751023398834514e+04 5.504460368758364581e+06 1.885583402545966692e+03
5.736751023505585908e+04 5.450200364022864960e+06 1.876490088938543067e+03
5.736751023612337303e+04 5.372122785386948846e+06 1.863589229564574225e+03
5.736751023719088698e+04 5.511856195353927091e+06 1.886931920534783103e+03
5.736751023825840093e+04 5.427331615801400505e+06 1.873167538235174334e+03
5.736751023932591488e+04 4.970583975215835497e+06 1.795267242826393158e+03
5.736751024039342155e+04 4.858337763893617317e+06 1.775137367260416795e+03
5.736751024146093550e+04 4.126913757045794744e+06 1.641444343219161510e+03
5.736751024252844945e+04 3.404209495639461558e+06 1.497990917326520503e+03
5.736751024359596340e+04 3.191978175825305749e+06 1.452967775984686796e+03
5.736751024466347735e+04 3.128163172156410757e+06 1.439272782279994544e+03
5.736751024573099130e+04 3.090806121446491685e+06 1.430934092125038433e+03
5.736751024679850525e+04 3.093531485022560228e+06 1.431733861217525146e+03
5.736751024786601920e+04 3.120696395124923438e+06 1.437141104370356061e+03
5.736751024893352587e+04 3.113174648044573609e+06 1.435340873041905979e+03
5.736751025000103982e+04 3.105407419885773677e+06 1.433320967533718203e+03
5.736751025106855377e+04 3.069902591441709548e+06 1.424636346421221333e+03
5.736751025213606772e+04 3.064248064933798276e+06 1.423024742916810283e+03
5.736751025320358167e+04 3.086059666988043580e+06 1.427780554270744688e+03
5.736751025427109562e+04 3.098755956822293811e+06 1.430750273093730584e+03
5.736751025533860957e+04 3.105827383805786259e+06 1.432613170196469810e+03
5.736751025640612352e+04 3.099185541151246522e+06 1.431669731109598388e+03
5.736751025747363019e+04 3.102189456450645812e+06 1.433915640490051373e+03
5.736751025854114414e+04 3.070961084471624810e+06 1.430236668710178265e+03
5.736751025960865809e+04 3.040332822075799573e+06 1.424538371690265421e+03
5.736751026067617204e+04 3.011163951692522969e+06 1.418143638213825852e+03
5.736751026174368599e+04 2.959936667738536838e+06 1.406732065949787511e+03
5.736751026281119994e+04 2.907438247179369442e+06 1.394343007565533071e+03
5.736751026387871389e+04 2.873537886041282210e+06 1.387995744184089290e+03
5.736751026494622784e+04 2.848924527280870825e+06 1.383930467465983384e+03
5.736751026601373451e+04 2.861474331671348773e+06 1.385474601205117324e+03
5.736751026708124846e+04 2.860788178122311365e+06 1.385186838795835683e+03
5.736751026814876241e+04 2.863961638539158273e+06 1.384360121880207316e+03
5.736751026921627636e+04 2.859947800388760399e+06 1.385123022791957737e+03
5.736751027028379031e+04 2.872080834446118679e+06 1.388185417702058203e+03
5.736751027135130425e+04 2.896703879060469568e+06 1.393777457145875360e+03
5.736751027241881820e+04 2.910337573358339258e+06 1.396060384967566051e+03
5.736751027348633215e+04 2.908687221874901559e+06 1.396235816288206024e+03
5.736751027455384610e+04 2.894295990966681857e+06 1.392418064534587529e+03
5.736751027562135278e+04 2.894422857768476475e+06 1.391069939773510896e+03
5.736751027668886672e+04 2.913240896537815221e+06 1.395192221441115407e+03
5.736751027775638067e+04 2.942745150214690715e+06 1.399562236376147894e+03
5.736751027882389462e+04 2.947932746838862076e+06 1.398682899301065845e+03
5.736751027989140857e+04 2.955059344328519888e+06 1.399499865417225919e+03
5.736751028095892252e+04 2.940321280481352936e+06 1.396246726137496580e+03
5.736751028202643647e+04 2.954019682806514204e+06 1.399347336750893419e+03
5.736751028309395042e+04 2.963375490776557475e+06 1.401961619699522316e+03
5.736751028416145709e+04 2.977948327585624531e+06 1.405874454062694667e+03
5.736751028522897104e+04 2.991681265693246853e+06 1.408727753101998815e+03
5.736751028629648499e+04 2.984191848779171240e+06 1.406788288246639013e+03
5.736751028736399894e+04 2.987857881171461660e+06 1.407396624628984227e+03
5.736751028843151289e+04 2.969136098787544295e+06 1.403209797000635490e+03
5.736751028949902684e+04 2.979371166783038061e+06 1.405830944377773221e+03
5.736751029056654079e+04 3.002858367648355197e+06 1.411321049293410624e+03
5.736751029163405474e+04 3.031223457143801730e+06 1.417223744351608730e+03
5.736751029270156141e+04 3.031623782157962210e+06 1.417084016819853332e+03
5.736751029376907536e+04 3.021560432650620583e+06 1.414679879532524865e+03
5.736751029483658931e+04 3.019321918287784792e+06 1.414804901946350356e+03
5.736751029590410326e+04 3.029103795238198712e+06 1.416856178997172037e+03
5.736751029697161721e+04 3.096177467759356368e+06 1.431596098178419425e+03
5.736751029803913116e+04 3.129431508437095676e+06 1.438609751693925773e+03
5.736751029910664511e+04 3.091365857057136483e+06 1.430638336572253820e+03
5.736751030017415906e+04 3.083460673084009439e+06 1.428633377794811167e+03
5.736751030124166573e+04 3.050199711159251165e+06 1.421123901931676301e+03
5.736751030230917968e+04 3.093276511352234986e+06 1.430360798530032071e+03
5.736751030337669363e+04 3.107958581148336176e+06 1.432900740792171973e+03
5.736751030444420758e+04 3.084129116067688446e+06 1.427218783658776374e+03
5.736751030551172153e+04 3.054670078568624333e+06 1.420718045028431561e+03
5.736751030657923548e+04 3.033197376969427336e+06 1.415886660402117741e+03
5.736751030764674942e+04 3.046784779756823089e+06 1.418938547638265163e+03
5.736751030871426337e+04 3.043336807354060467e+06 1.418094778151261380e+03
5.736751030978177732e+04 3.025142770953392610e+06 1.414044359751060711e+03
5.736751031084928400e+04 2.989586023918213788e+06 1.406174608531208605e+03
5.736751031191679795e+04 2.957483690175379626e+06 1.399032004569878609e+03
5.736751031298431189e+04 2.957462552183174063e+06 1.399062079112658921e+03
5.736751031405182584e+04 2.932152123253385536e+06 1.393327049496334894e+03
5.736751031511933979e+04 2.921602149500991683e+06 1.390977540837843435e+03
5.736751031618685374e+04 2.899811226845891215e+06 1.386090571469205088e+03
5.736751031725436769e+04 2.860358302494267467e+06 1.377241310200835869e+03
5.736751031832188164e+04 2.843122730757725891e+06 1.373285723258781445e+03
5.736751031938938831e+04 2.850740392139539123e+06 1.375022441438182568e+03
5.736751032045690226e+04 2.852281466214844491e+06 1.375325226543977124e+03
5.736751032152441621e+04 2.852411062230564188e+06 1.375482970150964093e+03
5.736751032259193016e+04 2.849803231592544354e+06 1.374888428831483679e+03
5.736751032365944411e+04 2.851191901635770686e+06 1.375315474710714170e+03
5.736751032472695806e+04 2.844469507163101807e+06 1.374097356614972341e+03
5.736751032579447201e+04 2.839096979171843268e+06 1.373477835568044611e+03
5.736751032686198596e+04 2.835705682283204049e+06 1.372904296543342980e+03
5.736751032792949263e+04 2.823800914951653685e+06 1.370278133937354824e+03
5.736751032899700658e+04 2.818746689260892570e+06 1.369164223407993404e+03
5.736751033006452053e+04 2.823234219457633328e+06 1.370081250352961206e+03
5.736751033113203448e+04 2.829000789513892960e+06 1.371624189786505212e+03
5.736751033219954843e+04 2.821890542818752583e+06 1.370107275184967648e+03
5.736751033326706238e+04 2.827731425562790595e+06 1.371268307103595134e+03
5.736751033433457633e+04 2.826450199039883446e+06 1.370830461315079447e+03
5.736751033540209028e+04 2.824970210373496171e+06 1.370389474492675845e+03
5.736751033646959695e+04 2.824250985448764171e+06 1.370552844938270482e+03
5.736751033753711090e+04 2.824919358669382054e+06 1.370827086347716204e+03
5.736751033860462485e+04 2.824973878520668019e+06 1.370577840948775020e+03
5.736751033967213880e+04 2.823415127672001719e+06 1.370234568563976154e+03
5.736751034073965275e+04 2.823927469316697679e+06 1.370407500119898259e+03
5.736751034180716670e+04 2.826991792412598152e+06 1.371207516386336920e+03
5.736751034287468065e+04 2.825126010860215873e+06 1.370449223449504871e+03
5.736751034394219460e+04 2.836812330316504464e+06 1.372935516773551399e+03
5.736751034500970854e+04 2.831962769262404181e+06 1.371665901780855165e+03
5.736751034607721522e+04 2.838898943697192241e+06 1.372652324858300517e+03
5.736751034714472917e+04 2.836042506006045267e+06 1.371890120202528806e+03
5.736751034821224312e+04 2.835380438970140647e+06 1.371649903373057896e+03
5.736751034927975707e+04 2.860189145824945066e+06 1.377229494191589765e+03
5.736751035034727101e+04 2.927735898073223885e+06 1.392592509813436436e+03
5.736751035141478496e+04 2.987146252935025841e+06 1.405786316867574214e+03
5.736751035248229891e+04 3.003323300017481204e+06 1.409385765838642556e+03
5.736751035354981286e+04 3.005133119653414469e+06 1.409837394234929434e+03
5.736751035461731954e+04 2.992255830743937753e+06 1.406977163677740691e+03
5.736751035568483348e+04 3.029302501073811669e+06 1.415151702246491368e+03
5.736751035675234743e+04 3.156693100187890232e+06 1.443001331459928906e+03
5.736751035781986138e+04 3.189899891621671617e+06 1.450153652914584200e+03
5.736751035888737533e+04 3.190548147795624565e+06 1.450917399656219914e+03
5.736751035995488928e+04 3.193047219312832691e+06 1.450923275310423605e+03
5.736751036102240323e+04 3.171160594111764338e+06 1.446102661185081843e+03
5.736751036208991718e+04 3.229778426665235311e+06 1.458673557566242380e+03
5.736751036315742385e+04 3.248297183211276308e+06 1.462639087356465325e+03
5.736751036422493780e+04 3.251832736729135737e+06 1.463484399220439855e+03
5.736751036529245175e+04 3.251377864592911676e+06 1.463390879547329178e+03
5.736751036635996570e+04 3.243682299361446872e+06 1.461677128003216694e+03
5.736751036742747965e+04 3.223009077559104189e+06 1.457302400194318125e+03
5.736751036849499360e+04 3.226518831063326914e+06 1.458192798395530417e+03
5.736751036956250755e+04 3.193167820221170317e+06 1.451422741935080921e+03
5.736751037063002150e+04 3.149652906469156966e+06 1.442638872924837870e+03
5.736751037169752817e+04 3.103610679958522785e+06 1.432955365912744355e+03
5.736751037276504212e+04 3.107359091609951109e+06 1.433878188553401060e+03
5.736751037383255607e+04 3.085271044124125037e+06 1.429317877847365480e+03
5.736751037490007002e+04 3.099573697747236583e+06 1.432403767295925263e+03
5.736751037596758397e+04 3.115397373015919700e+06 1.436595985256480617e+03
5.736751037703509792e+04 3.135873476972560398e+06 1.441425391828579905e+03
5.736751037810261187e+04 3.366929127087199595e+06 1.490356992267361193e+03
5.736751037917012582e+04 4.420530928765603341e+06 1.696873366486012856e+03
5.736751038023763977e+04 8.206869189448229037e+06 2.290162064456543249e+03
5.736751038130514644e+04 1.085768135112538002e+07 2.626990999789205944e+03
5.736751038237266039e+04 1.109738155328433029e+07 2.655192656271672604e+03
5.736751038344017434e+04 1.097767754345797561e+07 2.640974913992204165e+03
5.736751038450768829e+04 1.075254859536029585e+07 2.614207206337012849e+03
5.736751038557520224e+04 1.114523949532239884e+07 2.660746958458667905e+03
5.736751038664271618e+04 1.125625521771544777e+07 2.673799010056493444e+03
5.736751038771023013e+04 1.142156187527647428e+07 2.692887316508838012e+03
5.736751038877774408e+04 1.082619558330504969e+07 2.622825359809376550e+03
5.736751038984525076e+04 1.007961911330506019e+07 2.532125073884112680e+03
5.736751039091276471e+04 9.899582171053258702e+06 2.509550507254905824e+03
5.736751039198027865e+04 1.123530307619639114e+07 2.670658952205566493e+03
5.736751039304779260e+04 1.111518375107213296e+07 2.656539466595537760e+03
5.736751039411530655e+04 1.063776608685843274e+07 2.599771040433107828e+03
5.736751039518282050e+04 1.064944339100805484e+07 2.601247918880271300e+03
5.736751039625033445e+04 1.141398082333991304e+07 2.691496956239064275e+03
5.736751039731784840e+04 1.127910688733196445e+07 2.675814506106705267e+03
5.736751039838535507e+04 1.088705102705083415e+07 2.629640246095551447e+03
5.736751039945286902e+04 9.925441478343812749e+06 2.512738841951313134e+03
5.736751040052038297e+04 6.559002390560569242e+06 2.051865611624839403e+03
5.736751040158789692e+04 3.948426957031764556e+06 1.605768941030516316e+03
5.736751040265541087e+04 3.196454247382864822e+06 1.452084088360209989e+03
5.736751040372292482e+04 2.992102416408035904e+06 1.407466510942459308e+03
5.736751040479043877e+04 2.929058880557086319e+06 1.393392577957744379e+03
5.736751040585795272e+04 2.903803587404290214e+06 1.387755428452842125e+03
5.736751040692545939e+04 2.885719241696965415e+06 1.383622303543668977e+03
5.736751040799297334e+04 2.881135866758097429e+06 1.382656380715705154e+03
5.736751040906048729e+04 2.873364071165099740e+06 1.380853607763840955e+03
5.736751041012800124e+04 2.873208238284685649e+06 1.380909353322693278e+03
5.736751041119551519e+04 2.867472334431159310e+06 1.379409186151595804e+03
5.736751041226302914e+04 2.865183809335756116e+06 1.378781326698772773e+03
5.736751041333054309e+04 2.861698541445709765e+06 1.378016438949523490e+03
5.736751041439805704e+04 2.865413355425020680e+06 1.378710996057797956e+03
5.736751041546557099e+04 2.866078382098488975e+06 1.378864824950838965e+03
5.736751041653307766e+04 2.861508222685684450e+06 1.377844893339195778e+03
5.736751041760059161e+04 2.860417487101680133e+06 1.377612015015887209e+03
5.736751041866810556e+04 2.859001307457792107e+06 1.377276724577877076e+03
5.736751041973561951e+04 2.861860341704011895e+06 1.377956623598707893e+03
5.736751042080313346e+04 2.864020996866091620e+06 1.378485852218474747e+03
5.736751042187064741e+04 2.866267078731789719e+06 1.378995423697550450e+03
5.736751042293816135e+04 2.872225136861453764e+06 1.380348721545293301e+03
5.736751042400567530e+04 2.873990069219746161e+06 1.380806090997685260e+03
5.736751042507318198e+04 2.873966814946715720e+06 1.380827032835120463e+03
5.736751042614069593e+04 2.871883841738653369e+06 1.380312563191051140e+03
5.736751042720820988e+04 2.866414352680036332e+06 1.379062129691428026e+03
5.736751042827572383e+04 2.867975437960975803e+06 1.379442115793745188e+03
5.736751042934323777e+04 2.874853566953517031e+06 1.380946204047770607e+03
5.736751043041075172e+04 2.867800266282495111e+06 1.379353449581051791e+03
5.736751043147826567e+04 2.863423208896678872e+06 1.378409289519067897e+03
5.736751043254577962e+04 2.858887239036140032e+06 1.377382258946407774e+03
5.736751043361328630e+04 2.858169820165845100e+06 1.377244906261691540e+03
5.736751043468080024e+04 2.869766618695251178e+06 1.379896438808351377e+03
5.736751043574831419e+04 2.874090789288139902e+06 1.381103194344182384e+03
5.736751043681582814e+04 2.882777433491780423e+06 1.383228326025843444e+03
5.736751043788334209e+04 2.889941511695643887e+06 1.384551352405792386e+03
5.736751043895085604e+04 2.905210101558712311e+06 1.387831916421072492e+03
5.736751044001836999e+04 2.917145243533590809e+06 1.390554651400907233e+03
5.736751044108588394e+04 2.931226246157119516e+06 1.393855135802417408e+03
5.736751044215339061e+04 2.923554067427624948e+06 1.392229185803680366e+03
5.736751044322090456e+04 2.909945033107182011e+06 1.389238040881307597e+03
5.736751044428841851e+04 2.906824588021356612e+06 1.388703234588360374e+03
5.736751044535593246e+04 2.897427984891513828e+06 1.386610690226133556e+03
5.736751044642344641e+04 2.900345682937037200e+06 1.387373710070603465e+03
5.736751044749096036e+04 2.893779985771453474e+06 1.385812928726551036e+03
5.736751044855847431e+04 2.913677333613452036e+06 1.390035590718157209e+03
5.736751044962598826e+04 2.919311852934399154e+06 1.391325284382404561e+03
5.736751045069350221e+04 2.931376164923556149e+06 1.393946630910479826e+03
5.736751045176100888e+04 2.932438842984350398e+06 1.394221667456883324e+03
5.736751045282852283e+04 2.953585718091826420e+06 1.398957704013801958e+03
5.736751045389603678e+04 3.009695292149742134e+06 1.411479284111089783e+03
5.736751045496355073e+04 3.056528655535203870e+06 1.421800026930148761e+03
5.736751045603106468e+04 3.070412970285481308e+06 1.424861266785665748e+03
5.736751045709857863e+04 3.053025255135219079e+06 1.420996017786552329e+03
5.736751045816609258e+04 3.061379856866265647e+06 1.422853500029218822e+03
5.736751045923360653e+04 3.047275250427596271e+06 1.419753590966881802e+03
5.736751046030111320e+04 3.088584103912830818e+06 1.428702741609305804e+03
5.736751046136862715e+04 3.060588279102387372e+06 1.422509757670621866e+03
5.736751046243614110e+04 3.025720406320190523e+06 1.415015224004687525e+03
5.736751046350365505e+04 3.020301289074712433e+06 1.413737950318208732e+03
5.736751046457116900e+04 3.031851386730661150e+06 1.416335131591104982e+03
5.736751046563868294e+04 3.048527506831807550e+06 1.420372927617418554e+03
5.736751046670619689e+04 3.046347569472607691e+06 1.419735213393933236e+03
5.736751046777371084e+04 3.072150640016670804e+06 1.425457576389402448e+03
5.736751046884121752e+04 3.074502142666471656e+06 1.426029134991171304e+03
5.736751046990873147e+04 3.094463992111761123e+06 1.430427788661854720e+03
5.736751047097624541e+04 3.084984360810477752e+06 1.428443516248644301e+03
5.736751047204375936e+04 3.080732019171804655e+06 1.427562732885352716e+03
5.736751047311127331e+04 3.065145145137159619e+06 1.424180917509866504e+03
5.736751047417878726e+04 3.027590033314165659e+06 1.415703436506664275e+03
5.736751047524630121e+04 2.978688054001111537e+06 1.404844663908942948e+03
5.736751047631381516e+04 2.951702516289209016e+06 1.398903846947754801e+03
5.736751047738132183e+04 2.958727740829001181e+06 1.400519190169875174e+03
5.736751047844883578e+04 2.956713832199275028e+06 1.399956306682897775e+03
5.736751047951634973e+04 2.943257261745183729e+06 1.397006712524095292e+03
5.736751048058386368e+04 2.944241937432494480e+06 1.397224152174095252e+03
5.736751048165137763e+04 2.948562720293060876e+06 1.398168490887491544e+03
5.736751048271889158e+04 2.949154178290006705e+06 1.398233768832195892e+03
5.736751048378640553e+04 2.962145886112417094e+06 1.401067890667639858e+03
5.736751048485391948e+04 2.957191096316087525e+06 1.399998061861452697e+03
5.736751048592143343e+04 2.950042781241192482e+06 1.398451295302121025e+03
5.736751048698894010e+04 2.954441520237332210e+06 1.399578186099420236e+03
5.736751048805645405e+04 2.919175490775024518e+06 1.391708484352082451e+03
5.736751048912396800e+04 2.900549866286083125e+06 1.387503421715837703e+03
5.736751049019148195e+04 2.899636870211870410e+06 1.387308658219588779e+03
5.736751049125899590e+04 2.877494406640770379e+06 1.382315786929621936e+03
5.736751049232650985e+04 2.862508881625801791e+06 1.379143819736102614e+03
5.736751049339402380e+04 2.861682565258029848e+06 1.379057163933455513e+03
5.736751049446153775e+04 2.869939437328483444e+06 1.380699208704528928e+03
5.736751049552904442e+04 2.866155775345434435e+06 1.379882268116163232e+03
5.736751049659655837e+04 2.862062686816550326e+06 1.378733203903599360e+03
5.736751049766407232e+04 2.861829670594199561e+06 1.378731126719022541e+03
5.736751049873158627e+04 2.865502413870528340e+06 1.379530096704334483e+03
5.736751049979910022e+04 2.875132848404879216e+06 1.381616488699166212e+03
5.736751050086661417e+04 2.870207326021328568e+06 1.380335146022417348e+03
5.736751050193412811e+04 2.862162136472656392e+06 1.378569792121059436e+03
5.736751050300164206e+04 2.858200351785301697e+06 1.377744215637630759e+03
5.736751050406914874e+04 2.843461083448077086e+06 1.374444778490136741e+03
5.736751050513666269e+04 2.845192883320048451e+06 1.374789102229219679e+03
5.736751050620417664e+04 2.843332603895612061e+06 1.374266711530606926e+03
5.736751050727169059e+04 2.838372860478987452e+06 1.373063820113404063e+03
5.736751050833920453e+04 2.847774670587218367e+06 1.375142820787054916e+03
5.736751050940671848e+04 2.864859102458694484e+06 1.379028206661632339e+03
5.736751051047423243e+04 2.889570400270245969e+06 1.384547550756527244e+03
5.736751051154174638e+04 2.896094855675983708e+06 1.385998274560191021e+03
5.736751051260925306e+04 2.901486506327605806e+06 1.387281343163348993e+03
5.736751051367676700e+04 2.911650479018210899e+06 1.389462243162442974e+03
5.736751051474428095e+04 2.909919068193926476e+06 1.389152205624796125e+03
5.736751051581179490e+04 2.934247693399928976e+06 1.394574163496033862e+03
5.736751051687930885e+04 2.930858200852211099e+06 1.393964754846399273e+03
5.736751051794682280e+04 2.911262318288231269e+06 1.389693095843259016e+03
5.736751051901433675e+04 2.919847923589153681e+06 1.391736167544464251e+03
5.736751052008185070e+04 2.911719886776958592e+06 1.389914215806461925e+03
5.736751052114936465e+04 2.923754676165122073e+06 1.392670408270459575e+03
5.736751052221687132e+04 2.928966232078754809e+06 1.393946730889339051e+03
5.736751052328438527e+04 2.937991185384104494e+06 1.395859109817877879e+03
5.736751052435189922e+04 2.951659568314958364e+06 1.398909032400015576e+03
5.736751052541941317e+04 2.974364788535507862e+06 1.404025331014185667e+03
5.736751052648692712e+04 2.996102314732621890e+06 1.408664487499609095e+03
5.736751052755444107e+04 2.989367306413237005e+06 1.407172755092865827e+03
5.736751052862195502e+04 3.003103255542030092e+06 1.410229748894152181e+03
5.736751052968946897e+04 2.987546337847111281e+06 1.406871260454413004e+03
5.736751053075697564e+04 2.962859815762089100e+06 1.401308028593589370e+03
5.736751053182448959e+04 2.966004037612387910e+06 1.401930749139191448e+03
5.736751053289200354e+04 2.970874249446179252e+06 1.402979608101364420e+03
5.736751053395951749e+04 2.947296724816930480e+06 1.397757142220435526e+03
5.736751053502703144e+04 2.951045199961925391e+06 1.398588270341767384e+03
5.736751053609454539e+04 2.936535725914205424e+06 1.395289768429237483e+03
5.736751053716205934e+04 2.945570520519743674e+06 1.397288724339836108e+03
5.736751053822957329e+04 2.952931662377489731e+06 1.398931564249966641e+03
5.736751053929707996e+04 2.952248578557011671e+06 1.398680098455705092e+03
5.736751054036459391e+04 2.956058485339746345e+06 1.399486293416144235e+03
5.736751054143210786e+04 2.974547935447773896e+06 1.403710343302416049e+03
5.736751054249962181e+04 3.001675860120860394e+06 1.409804776812778528e+03
5.736751054356713576e+04 3.007137643933629617e+06 1.411045679892332146e+03
5.736751054463464970e+04 3.007540691661771853e+06 1.411287291452433010e+03
5.736751054570216365e+04 2.992346128097696695e+06 1.407943767303210279e+03
5.736751054676967760e+04 2.975054631133604795e+06 1.404191202401742203e+03
5.736751054783719155e+04 3.015382296962039545e+06 1.413164059329104248e+03
5.736751054890469823e+04 3.031321323074606713e+06 1.416656321373578749e+03
5.736751054997221217e+04 3.022371872715316713e+06 1.414695734864557608e+03
5.736751055103972612e+04 3.028307098480060231e+06 1.416057238933300141e+03
5.736751055210724007e+04 3.002688641473763622e+06 1.410390453831106470e+03
5.736751055317475402e+04 3.022685446842825972e+06 1.414788556387592052e+03
5.736751055424226797e+04 3.035958001764296088e+06 1.417770108893348834e+03
5.736751055530978192e+04 3.033964371201174799e+06 1.417246093756837581e+03
5.736751055637729587e+04 3.015589760981027968e+06 1.413246734678284383e+03
5.736751055744480254e+04 3.036062040306538809e+06 1.417734803121903724e+03
5.736751055851231649e+04 3.025292276370629203e+06 1.415365720522678657e+03
5.736751055957983044e+04 3.051352701011195313e+06 1.421054007863463085e+03
5.736751056064734439e+04 3.081463980547510087e+06 1.427658585163149610e+03
5.736751056171485834e+04 3.094898653590138536e+06 1.430554739675779274e+03
5.736751056278237229e+04 3.112004797825928312e+06 1.434235601233281159e+03
5.736751056384988624e+04 3.200411950786633417e+06 1.453275601188770906e+03
5.736751056491740019e+04 3.393469334397169296e+06 1.494248852344232773e+03
5.736751056598490686e+04 3.466604795939294156e+06 1.509319416381016708e+03
5.736751056705242081e+04 3.591435770355915651e+06 1.534923060629860402e+03
5.736751056811993476e+04 3.524470748392942362e+06 1.521196910551226438e+03
5.736751056918744871e+04 3.468274689706932288e+06 1.509595938261687934e+03
5.736751057025496266e+04 3.526914177790643647e+06 1.521681290552529617e+03
5.736751057132247661e+04 3.710232404182435945e+06 1.558851939788222126e+03
5.736751057238999056e+04 3.640438066826265771e+06 1.544877023618791782e+03
5.736751057345750451e+04 3.748728142216642853e+06 1.566635365824716018e+03
5.736751057452501118e+04 3.702372388870023657e+06 1.557336341690027211e+03
5.736751057559252513e+04 3.776467521897163242e+06 1.571976816357676853e+03
5.736751057666003908e+04 3.752673351131567266e+06 1.567280345056055012e+03
5.736751057772755303e+04 3.840471685199860949e+06 1.584658351142821630e+03
5.736751057879506698e+04 3.798845456862670835e+06 1.576407753150180497e+03
5.736751057986258093e+04 3.695190090713125188e+06 1.555721414485366950e+03
5.736751058093009487e+04 3.750527459946558345e+06 1.566770062607205318e+03
5.736751058199760882e+04 3.557975765367268119e+06 1.527973050483742099e+03
5.736751058306512277e+04 3.589644193724690471e+06 1.534391602234013817e+03
5.736751058413262945e+04 3.480379483125224244e+06 1.512029264826357576e+03
5.736751058520014340e+04 3.318351043412728701e+06 1.478517104315361848e+03
5.736751058626765735e+04 3.246190432057094295e+06 1.463646514891926472e+03
5.736751058733517129e+04 3.241843906597156078e+06 1.462972996563077686e+03
5.736751058840268524e+04 3.207701387009460013e+06 1.455772017289109044e+03
5.736751058947019919e+04 3.165096057747891173e+06 1.446643564053976434e+03
5.736751059053771314e+04 3.120646420688587707e+06 1.436996394534172623e+03
5.736751059160522709e+04 3.007642662653542589e+06 1.412439456986428922e+03
5.736751059267273376e+04 2.902469113191904500e+06 1.389141427562220542e+03
5.736751059374024771e+04 2.854634942284947261e+06 1.378001047401301548e+03
5.736751059480776166e+04 2.839192790421373677e+06 1.374850963443722549e+03
5.736751059587527561e+04 2.834347203452371061e+06 1.373298869676292497e+03
5.736751059694278956e+04 2.831991593741524965e+06 1.372871930008882828e+03
5.736751059801030351e+04 2.826185994899454992e+06 1.371679880325968725e+03
5.736751059907781746e+04 2.825280586864736862e+06 1.371619915913769773e+03
5.736751060014533141e+04 2.823762472489305772e+06 1.371475799997437434e+03
5.736751060121283808e+04 2.828107266682809219e+06 1.372627177893054522e+03
5.736751060228035203e+04 2.850685747347530909e+06 1.377789289543398354e+03
5.736751060334786598e+04 2.879638022473192308e+06 1.384101570304869028e+03
5.736751060441537993e+04 2.899743644428103231e+06 1.388187150117387091e+03
5.736751060548289388e+04 2.925309496472476050e+06 1.393750691770180083e+03
5.736751060655040783e+04 2.944288806161461864e+06 1.397876988908805060e+03
5.736751060761792178e+04 2.947716977481038310e+06 1.398366177962559277e+03
5.736751060868543573e+04 2.983191046263522003e+06 1.406234474928673762e+03
5.736751060975294240e+04 2.971332991122205742e+06 1.403474527685658359e+03
5.736751061082045635e+04 2.974976173278864939e+06 1.404387278163220572e+03
5.736751061188797030e+04 2.990259027114780620e+06 1.407789833041758129e+03
5.736751061295548425e+04 2.964411059854321182e+06 1.401900366267537493e+03
5.736751061402299820e+04 2.990416605841162149e+06 1.407672307791295225e+03
5.736751061509051215e+04 2.982200410230631009e+06 1.405904570787330385e+03
5.736751061615802610e+04 2.987287903308688197e+06 1.407052361235743319e+03
5.736751061722554005e+04 2.982476269455177709e+06 1.406009738389713220e+03
5.736751061829305399e+04 2.989393839621128049e+06 1.407580839334364100e+03
5.736751061936056067e+04 2.984543062607976142e+06 1.406378345478054371e+03
5.736751062042807462e+04 2.977641310291057918e+06 1.404699603477306937e+03
5.736751062149558857e+04 2.972774820231949911e+06 1.403606143282740504e+03
5.736751062256310252e+04 2.939886223935265094e+06 1.396208703277693076e+03
5.736751062363061646e+04 2.915940536727533676e+06 1.390909514046484674e+03
5.736751062469813041e+04 2.906016280111233704e+06 1.388601386007804876e+03
5.736751062576564436e+04 2.908192655613922048e+06 1.389116669003375137e+03
5.736751062683315831e+04 2.970591491262707859e+06 1.403145714913914389e+03
5.736751062790066499e+04 3.110519869195990264e+06 1.433939678664510893e+03
5.736751062896817893e+04 3.172220184632322285e+06 1.447470326944338012e+03
5.736751063003569288e+04 3.193016943208767101e+06 1.451923037823057712e+03
5.736751063110320683e+04 3.216640935900841840e+06 1.457027722880333613e+03
5.736751063217072078e+04 3.175925413342198823e+06 1.448360244253549808e+03
5.736751063323823473e+04 3.258779881853025407e+06 1.466176009437912171e+03
5.736751063430574868e+04 3.298648196957906708e+06 1.474646683763948204e+03
5.736751063537326263e+04 3.147603288527466357e+06 1.442192859646703937e+03
5.736751063644076930e+04 3.236577935853783507e+06 1.461360329376013851e+03
5.736751063750828325e+04 3.168490188782566693e+06 1.446642957398961926e+03
5.736751063857579720e+04 3.233597804629782215e+06 1.460555869182537663e+03
5.736751063964331115e+04 3.224440266789093148e+06 1.458681296087328519e+03
5.736751064071082510e+04 3.226602543015158270e+06 1.459122727002533793e+03
5.736751064177833905e+04 3.249738037496161181e+06 1.463994107727811524e+03
5.736751064284585300e+04 3.230450187767138705e+06 1.459777886106621736e+03
5.736751064391336695e+04 3.261776140041991137e+06 1.466457812062490348e+03
5.736751064498087362e+04 3.200049517831521109e+06 1.453258545159299047e+03
5.736751064604838757e+04 3.173708878344006836e+06 1.447574216156884859e+03
5.736751064711590152e+04 3.099937385977704544e+06 1.431648829907438312e+03
5.736751064818341547e+04 2.981632834877829999e+06 1.405782379651913516e+03
5.736751064925092942e+04 2.931123862320952583e+06 1.394626990484522821e+03
5.736751065031844337e+04 2.925427481043249369e+06 1.393396376998420919e+03
5.736751065138595732e+04 2.924971408481543884e+06 1.393323815583992655e+03
5.736751065245347127e+04 2.940519921304979827e+06 1.396664885183622118e+03
5.736751065352098522e+04 2.958323403603941202e+06 1.400865184051142933e+03
5.736751065458849189e+04 2.966470572423935402e+06 1.402960995920773030e+03
5.736751065565600584e+04 2.959520255287772045e+06 1.401610326972054509e+03
5.736751065672351979e+04 2.943162124298819806e+06 1.398901294665596424e+03
5.736751065779103374e+04 2.957272166728967801e+06 1.402453087302832728e+03
5.736751065885854769e+04 2.979589490568812937e+06 1.407285001242084945e+03
5.736751065992606163e+04 3.002028557779803406e+06 1.412378993843275566e+03
5.736751066099357558e+04 2.988300795458117034e+06 1.409206123515150239e+03
5.736751066206108953e+04 2.997023679181736894e+06 1.411346690820745152e+03
5.736751066312859621e+04 2.978638619762276299e+06 1.407289440403516210e+03
5.736751066419611016e+04 3.009837963203931693e+06 1.414331788987204618e+03
5.736751066526362411e+04 3.009714949339298531e+06 1.414160426671675850e+03
5.736751066633113805e+04 3.009712414747895207e+06 1.413828729071141879e+03
5.736751066739865200e+04 3.058966055955720134e+06 1.424130809936291143e+03
5.736751066846616595e+04 3.075066648853022605e+06 1.426994054215359029e+03
5.736751066953367990e+04 3.122743722285276279e+06 1.437084890179402919e+03
5.736751067060119385e+04 3.155861328128755093e+06 1.444202443510705052e+03
5.736751067166870052e+04 3.156053524589570705e+06 1.444019265850417469e+03
5.736751067273621447e+04 3.158755433037044480e+06 1.444409137809895356e+03
5.736751067380372842e+04 3.186524540515976027e+06 1.450442323260472222e+03
5.736751067487124237e+04 3.138462826249848586e+06 1.439998589265617738e+03
5.736751067593875632e+04 3.151366139561967924e+06 1.442813612928508974e+03
5.736751067700627027e+04 3.141180916749959812e+06 1.440668024721226629e+03
5.736751067807378422e+04 3.098712075695769396e+06 1.431446902668226812e+03
5.736751067914129817e+04 3.097283761348077562e+06 1.431253758223511568e+03
5.736751068020880484e+04 3.069218630344042554e+06 1.425389023714462610e+03
5.736751068127631879e+04 3.096835082982172258e+06 1.431546473679529299e+03
5.736751068234383274e+04 3.097695789023350924e+06 1.431848979493185652e+03
5.736751068341134669e+04 3.108780302545655984e+06 1.434460003359258963e+03
5.736751068447886064e+04 3.098493358693655115e+06 1.432122647567529384e+03
5.736751068554637459e+04 3.089004425451874267e+06 1.430057026295789456e+03
5.736751068661388854e+04 3.086492584661578294e+06 1.429602859089185586e+03
5.736751068768140249e+04 3.064250889502953738e+06 1.424526991584296184e+03
5.736751068874891644e+04 3.034783110380147584e+06 1.418040707852751666e+03
5.736751068981642311e+04 2.994460389712085947e+06 1.409036144691120398e+03
5.736751069088393706e+04 2.964950631630572490e+06 1.402587197433820620e+03
5.736751069195145101e+04 2.942035996252497658e+06 1.397469844524467817e+03
5.736751069301896496e+04 2.976718005199710373e+06 1.405263384477291766e+03
5.736751069408647891e+04 2.995541197230247781e+06 1.409418633757166390e+03
5.736751069515399286e+04 3.002352213076866698e+06 1.410853227805164352e+03
5.736751069622150681e+04 3.040265693807781674e+06 1.418958716077921963e+03
5.736751069728902075e+04 3.045546190537852235e+06 1.419979406578994485e+03
5.736751069835652743e+04 3.056258099410133902e+06 1.422350416481730690e+03
5.736751069942404138e+04 3.074563510911494959e+06 1.426364632880503450e+03
5.736751070049155533e+04 3.046942014890047722e+06 1.420328753307064062e+03
5.736751070155906928e+04 3.046507354377464391e+06 1.420274942532943442e+03
5.736751070262658322e+04 3.041451285688059404e+06 1.419172311136000417e+03
5.736751070369409717e+04 3.023101316371867899e+06 1.415194799212269118e+03
5.736751070476161112e+04 3.032143129465113394e+06 1.417137192130200447e+03
5.736751070582912507e+04 3.021660685632149689e+06 1.414830342789643964e+03
5.736751070689663175e+04 3.042253491760009900e+06 1.419315706513046962e+03
5.736751070796414569e+04 3.045051641548311338e+06 1.420015407626892511e+03
5.736751070903165964e+04 3.052310812984595075e+06 1.421700021913718729e+03
5.736751071009917359e+04 3.048548579795495141e+06 1.420885613571071190e+03
5.736751071116668754e+04 3.038360429247703403e+06 1.418752426551392318e+03
5.736751071223420149e+04 3.026932338203805499e+06 1.416177807885945640e+03
5.736751071330171544e+04 3.013508222039280459e+06 1.413206499378851504e+03
5.736751071436922939e+04 2.978688074910453986e+06 1.405510348063576203e+03
5.736751071543673606e+04 2.953866676974109374e+06 1.399873920596288599e+03
5.736751071650425001e+04 2.937700590769634582e+06 1.396366323739296604e+03
5.736751071757176396e+04 2.924216548469463363e+06 1.393296719125542722e+03
5.736751071863927791e+04 2.932276391528481618e+06 1.395030797416667610e+03
5.736751071970679186e+04 2.928007818512798287e+06 1.394038936724905625e+03
5.736751072077430581e+04 2.932229997093684971e+06 1.394964039502268406e+03
5.736751072184181976e+04 2.933316335831830278e+06 1.395376117082045994e+03
5.736751072290933371e+04 2.931455828514765017e+06 1.394916216085234055e+03
5.736751072397684766e+04 2.929898998434907291e+06 1.394578379555243828e+03
5.736751072504435433e+04 2.919134446030035615e+06 1.392238142473193420e+03
5.736751072611186828e+04 2.909497685073534958e+06 1.390262279088236255e+03
5.736751072717938223e+04 2.894748117624022998e+06 1.386891908970804479e+03
5.736751072824689618e+04 2.877249636360801756e+06 1.382979653324986657e+03
5.736751072931441013e+04 2.877855607476219069e+06 1.383116778998002019e+03
5.736751073038192408e+04 2.893595374221569858e+06 1.386621844290553554e+03
5.736751073144943803e+04 2.920745812332630623e+06 1.392739750772255320e+03
5.736751073251695198e+04 2.934565521474082954e+06 1.395851025694921873e+03
5.736751073358445865e+04 2.940907217889350839e+06 1.397274008046462313e+03
5.736751073465197260e+04 2.947970832956566941e+06 1.398835273206301963e+03
5.736751073571948655e+04 2.954178757207978517e+06 1.400208265316508687e+03
5.736751073678700050e+04 2.991202896244313568e+06 1.408455122780854481e+03
5.736751073785451445e+04 3.005773748910638969e+06 1.411603831072145795e+03
5.736751073892202839e+04 3.024213848748802673e+06 1.415638301728712577e+03
5.736751073998954234e+04 3.072796959315685555e+06 1.426291657899932488e+03
5.736751074105705629e+04 3.117290754490370397e+06 1.435868128926874988e+03
5.736751074212456297e+04 3.219790478009992745e+06 1.457988905403672561e+03
5.736751074319207692e+04 3.385452579990193248e+06 1.493047738021881059e+03
5.736751074425959087e+04 6.623513374604934826e+06 2.062277058451212270e+03
5.736751074532710481e+04 1.195513807718217559e+07 2.754154002071969444e+03
5.736751074639461876e+04 1.553872768857518211e+07 3.134476003241867602e+03
5.736751074746213271e+04 1.808241640784398094e+07 3.378593587249855773e+03
5.736751074852964666e+04 1.987571473826593161e+07 3.540581622007127862e+03
5.736751074959716061e+04 2.064661791319995373e+07 3.607990191259554649e+03
5.736751075066466728e+04 2.094775131989184394e+07 3.634016410127863765e+03
5.736751075173218123e+04 2.338177610911298171e+07 3.837679324878648004e+03
5.736751075279969518e+04 2.405819848955902457e+07 3.892386519200892053e+03
5.736751075386720913e+04 2.442713175823752582e+07 3.921894776526875376e+03
5.736751075493472308e+04 2.528276467310627177e+07 3.989508511734733020e+03
5.736751075600223703e+04 2.723719685878872871e+07 4.139739358716756215e+03
5.736751075706975098e+04 2.517317724400505424e+07 3.980908106446771399e+03
5.736751075813726493e+04 2.465975385707359761e+07 3.940440576683984091e+03
5.736751075920477888e+04 2.427590811267663911e+07 3.910064861907143040e+03
5.736751076027228555e+04 2.232725813239435107e+07 3.751404445993363879e+03
5.736751076133979950e+04 2.335174964389972016e+07 3.835829617479100762e+03
5.736751076240731345e+04 2.287818611906047165e+07 3.797145053768910657e+03
5.736751076347482740e+04 2.150789816090089455e+07 3.682645889710988740e+03
5.736751076454234135e+04 2.038274384417817742e+07 3.585789779191090474e+03
5.736751076560985530e+04 2.017138817809633911e+07 3.567569667846366428e+03
5.736751076667736925e+04 1.950374041640002653e+07 3.508417148133310093e+03
5.736751076774488320e+04 1.739711928002389148e+07 3.315489370161418265e+03
5.736751076881238987e+04 1.309312187192355469e+07 2.881351829396980065e+03
5.736751076987990382e+04 5.226428576609089971e+06 1.839822418927776653e+03
5.736751077094741777e+04 3.584630214023338165e+06 1.536112150425150048e+03
5.736751077201493172e+04 3.398701629103703424e+06 1.497656730888883430e+03
5.736751077308244567e+04 3.313054459287652280e+06 1.479895181547928814e+03
5.736751077414995962e+04 3.314405893521232065e+06 1.481049753771309952e+03
5.736751077521747357e+04 3.400261752690543886e+06 1.501507898618679519e+03
5.736751077628498751e+04 3.405838349938208703e+06 1.505234052265850778e+03
5.736751077735249419e+04 3.364472882545774803e+06 1.500068463222322407e+03
5.736751077842000814e+04 3.372518784136957955e+06 1.503343564461667938e+03
5.736751077948752209e+04 3.415040361927416176e+06 1.512133417805326189e+03
5.736751078055503604e+04 3.551093472178658471e+06 1.538451477250790731e+03
5.736751078162254998e+04 3.655065890808510594e+06 1.559270266080460488e+03
5.736751078269006393e+04 3.561637231664262246e+06 1.537981491044045924e+03
5.736751078375757788e+04 3.580554453172451816e+06 1.539622628250540856e+03
5.736751078482509183e+04 3.533705387373555452e+06 1.528224114631609837e+03
5.736751078589259851e+04 3.674317308921709191e+06 1.556482540387599101e+03
5.736751078696011245e+04 3.553926097346914001e+06 1.532244614722732422e+03
5.736751078802762640e+04 3.524254563294728752e+06 1.526035595390272420e+03
5.736751078909514035e+04 3.534830745378131513e+06 1.528435774855662885e+03
5.736751079016265430e+04 3.525242223542596679e+06 1.526300865465874494e+03
5.736751079123016825e+04 3.562869496339366771e+06 1.534031396671484117e+03
5.736751079229768220e+04 3.487233828868203796e+06 1.518078692858417980e+03
5.736751079336519615e+04 3.481841523379547056e+06 1.516221485465470096e+03
5.736751079443271010e+04 3.436443643074541353e+06 1.506175879973566452e+03
5.736751079550021677e+04 3.328220745623158757e+06 1.482447534990174518e+03
5.736751079656773072e+04 3.242049223364725709e+06 1.463415558519148590e+03
5.736751079763524467e+04 3.204586218845396303e+06 1.455289455785965174e+03
5.736751079870275862e+04 3.183375840146057308e+06 1.450623073177912147e+03
5.736751079977027257e+04 3.086642571712195408e+06 1.429442449800814074e+03
5.736751080083778652e+04 3.003878827602643054e+06 1.411330364372656959e+03
5.736751080190530047e+04 2.976300958489727695e+06 1.405016183414834586e+03
5.736751080297281442e+04 2.968986350127221085e+06 1.403279708324558896e+03
5.736751080404032109e+04 2.986431720940354746e+06 1.407173763419018542e+03
5.736751080510783504e+04 2.968424194300078787e+06 1.403185996982011602e+03
5.736751080617534899e+04 2.967383969336641021e+06 1.402955245098014302e+03
5.736751080724286294e+04 2.970313547732797451e+06 1.403674706758495176e+03
5.736751080831037689e+04 2.969472646148317028e+06 1.403512768694535680e+03
5.736751080937789084e+04 2.978348949815387838e+06 1.405594523220755946e+03
5.736751081044540479e+04 2.975606295560025610e+06 1.404973473442161549e+03
5.736751081151291874e+04 2.981592693752720952e+06 1.406411404847093308e+03
5.736751081258042541e+04 2.979024856341032777e+06 1.405838167511921938e+03
5.736751081364793936e+04 2.984229407969021704e+06 1.407449742949386973e+03
5.736751081471545331e+04 2.981712366290327162e+06 1.407535430955557104e+03
5.736751081578296726e+04 2.985520310400197282e+06 1.408417674657646330e+03
5.736751081685048121e+04 2.976003168642389588e+06 1.406690047440799390e+03
5.736751081791799515e+04 2.956392363626212813e+06 1.402373592475106989e+03
5.736751081898550910e+04 2.934555302107123658e+06 1.397229011984273257e+03
5.736751082005302305e+04 2.914353288502380718e+06 1.393447766692456071e+03
5.736751082112052973e+04 2.933080086137889419e+06 1.397470345509074832e+03
5.736751082218804368e+04 2.923385139644527808e+06 1.395016051277573979e+03
5.736751082325555763e+04 2.922126593548608478e+06 1.394916841901665748e+03
5.736751082432307157e+04 2.973787375190894585e+06 1.406233573837687118e+03
5.736751082539058552e+04 3.082857427034592256e+06 1.430470034986598648e+03
5.736751082645809947e+04 3.133807603472229093e+06 1.441514545930716395e+03
5.736751082752561342e+04 3.192421365215194877e+06 1.454131521405651256e+03
5.736751082859312737e+04 3.210796873427184299e+06 1.458213357252378955e+03
5.736751082966064132e+04 3.176170563122190069e+06 1.450543362066479403e+03
5.736751083072814799e+04 3.224643121910487767e+06 1.461114745926132173e+03
5.736751083179566194e+04 3.293488207848196849e+06 1.475586464321228732e+03
5.736751083286317589e+04 3.205488978613740765e+06 1.456570843039964529e+03
5.736751083393068984e+04 3.255549450607379898e+06 1.467014084725168232e+03
5.736751083499820379e+04 3.218683401087120641e+06 1.458595931521311741e+03
5.736751083606571774e+04 3.212965413681475446e+06 1.457188520074189682e+03
5.736751083713323169e+04 3.224232727260285988e+06 1.459516187997368888e+03
5.736751083820074564e+04 3.222215587671429850e+06 1.458934434796485220e+03
5.736751083926825231e+04 3.246701005820993800e+06 1.464032113748673964e+03
5.736751084033576626e+04 3.231829804656565189e+06 1.460587895529550678e+03
5.736751084140328021e+04 3.265282501305554993e+06 1.467685962000401332e+03
5.736751084247079416e+04 3.242329745821839198e+06 1.462722723459174176e+03
5.736751084353830811e+04 3.209552692357023712e+06 1.455683311982807936e+03
5.736751084460582206e+04 3.175967160934530199e+06 1.448470946730788000e+03
5.736751084567333601e+04 3.074462494838617742e+06 1.426468698406368958e+03
5.736751084674084996e+04 3.022308196932862978e+06 1.415032363955593610e+03
5.736751084780835663e+04 2.999245934214008972e+06 1.410048307898804524e+03
5.736751084887587058e+04 2.980326222817482427e+06 1.405739095386383042e+03
5.736751084994338453e+04 2.974223324492619839e+06 1.404520946789441268e+03
5.736751085101089848e+04 2.969117453988942318e+06 1.403770150044663069e+03
5.736751085207841243e+04 2.962902405683966354e+06 1.403468958775289366e+03
5.736751085314592638e+04 2.945462759813171811e+06 1.400333861043190154e+03
5.736751085421344033e+04 2.936431887923061382e+06 1.398696972985749881e+03
5.736751085528095427e+04 2.917397641927583609e+06 1.384616234579506681e+03
5.736751085634846095e+04 7.336221526322870050e+05 6.885216169210627868e+02
5.736751085741597490e+04 -6.190674803871153387e+01 nan
5.736751085848348885e+04 -2.270648743835130290e+01 nan
5.736751085955100280e+04 -2.270714604166299111e+01 nan
5.736751086061851674e+04 -2.005447106355738285e+01 nan
