5.736941821969999728e+04 1.680216503949239850e+05 4.237099447565888113e+02
5.736941822132193192e+04 1.683069807972209237e+05 4.240819951914000967e+02
5.736941822294386657e+04 1.670125251045060286e+05 4.229781608045913686e+02
5.736941822456580121e+04 1.682201035000294214e+05 4.237195685244977881e+02
5.736941822618773585e+04 1.680672834489748639e+05 4.234140008558816817e+02
5.736941822780967050e+04 1.678194168849448906e+05 4.234642454262863112e+02
5.736941822943160514e+04 1.677498353145096917e+05 4.236260339433301283e+02
5.736941823105354706e+04 1.683734259898743476e+05 4.234698652760970958e+02
5.736941823267548170e+04 1.683225762895524385e+05 4.236837353865558384e+02
5.736941823429741635e+04 1.677310363207274931e+05 4.231092108854145977e+02
5.736941823591935099e+04 1.684015055030314252e+05 4.237109877230432744e+02
5.736941823754128563e+04 1.681815492972913198e+05 4.235152459525862696e+02
5.736941823916322028e+04 1.685675047744837939e+05 4.235816037265173009e+02
5.736941824078515492e+04 1.673395561324055889e+05 4.225554353484404828e+02
5.736941824240708956e+04 1.675623380074543529e+05 4.227594759274776379e+02
5.736941824402902421e+04 1.680847820466455887e+05 4.232232925889294393e+02
5.736941824565095885e+04 1.682086369469960046e+05 4.232095970539438099e+02
5.736941824727289350e+04 1.681596239234387467e+05 4.232087190375866044e+02
5.736941824889482814e+04 1.678037732921779389e+05 4.229036905570293357e+02
5.736941825051676278e+04 1.676793486848052125e+05 4.227887189808847097e+02
5.736941825213869743e+04 1.691481823990545818e+05 4.233974615151537932e+02
5.736941825376063935e+04 1.699088039917264832e+05 4.237253282060262336e+02
5.736941825538257399e+04 1.709162115573370829e+05 4.241876872550392932e+02
5.736941825700450863e+04 1.690060749880722724e+05 4.228125777550621933e+02
5.736941825862644328e+04 1.694596820874154801e+05 4.230821815131162680e+02
5.736941826024837792e+04 1.688784573427981231e+05 4.226179959833464750e+02
5.736941826187031256e+04 1.690083355046994402e+05 4.226476873428009640e+02
5.736941826349224721e+04 1.683210448868277599e+05 4.221922942562983394e+02
5.736941826511418185e+04 1.693966489506704384e+05 4.226075768949096414e+02
5.736941826673611649e+04 1.697499314828472270e+05 4.224925221420885464e+02
5.736941826835805114e+04 1.700110061489859363e+05 4.226630673597358054e+02
5.736941826997998578e+04 1.696604925522548729e+05 4.223614059018102580e+02
5.736941827160192042e+04 1.696649429263151542e+05 4.221538122622264382e+02
5.736941827322385507e+04 1.693662265199599788e+05 4.217672094627376964e+02
5.736941827484578971e+04 1.691121629014647333e+05 4.218534507217376586e+02
5.736941827646773163e+04 1.729465120109795243e+05 4.245097941774060928e+02
5.736941827808966627e+04 1.690401917874528444e+05 4.217450144048537481e+02
5.736941827971160092e+04 1.707966109315289941e+05 4.228801480153308034e+02
5.736941828133353556e+04 1.716228286796718603e+05 4.237826562254320493e+02
5.736941828295547020e+04 1.726453727188745397e+05 4.245693670530800432e+02
5.736941828457740485e+04 1.721411139045256423e+05 4.243090189963410808e+02
5.736941828619933949e+04 1.718258215158237144e+05 4.238640179614632757e+02
5.736941828782127413e+04 1.733159496368429682e+05 4.247223853511524680e+02
5.736941828944320878e+04 1.726354913192800595e+05 4.241900295742132130e+02
5.736941829106514342e+04 1.728788583849177812e+05 4.244846097953155777e+02
5.736941829268707806e+04 1.734042293134474312e+05 4.247924470874465328e+02
5.736941829430901271e+04 1.728046341594276601e+05 4.243316828305683543e+02
5.736941829593094735e+04 1.729050255004139617e+05 4.242264810789707212e+02
5.736941829755288200e+04 1.730610695579471067e+05 4.244238485656327384e+02
5.736941829917482391e+04 1.730545828660077823e+05 4.244366750289402717e+02
5.736941830079675856e+04 1.736100520168324001e+05 4.246555663553357931e+02
5.736941830241869320e+04 1.740780636670691310e+05 4.249791994146663114e+02
5.736941830404062785e+04 1.736561810029029148e+05 4.245761394456260405e+02
5.736941830566256249e+04 1.738832921695079422e+05 4.248645867032906835e+02
5.736941830728449713e+04 1.736694656323300442e+05 4.248250244463826562e+02
5.736941830890643178e+04 1.730576796621047251e+05 4.243229033749512951e+02
5.736941831052836642e+04 1.740237957329865894e+05 4.248716194533328689e+02
5.736941831215030106e+04 1.734318707544216886e+05 4.245177171086971839e+02
5.736941831377223571e+04 1.743259247417039587e+05 4.248600462276476151e+02
5.736941831539417035e+04 1.738772278377414041e+05 4.249144687302288617e+02
5.736941831701610499e+04 1.733682540681845276e+05 4.244287578164214096e+02
5.736941831863803964e+04 1.734999339683893486e+05 4.243442387496668289e+02
5.736941832025997428e+04 1.738374099124302447e+05 4.245396903101056978e+02
5.736941832188191620e+04 1.737820045875357464e+05 4.245566374687384155e+02
5.736941832350385084e+04 1.736685352376992814e+05 4.243225518757119517e+02
5.736941832512578549e+04 1.734901880443736445e+05 4.241496736047533318e+02
5.736941832674772013e+04 1.746124815832806635e+05 4.248358099993738506e+02
5.736941832836965477e+04 1.743665099915750325e+05 4.249362590139050440e+02
5.736941832999158942e+04 1.733814628003614489e+05 4.244679949692802552e+02
5.736941833161352406e+04 1.738990846017111326e+05 4.247330450191202544e+02
5.736941833323545870e+04 1.751930788139424985e+05 4.254203540883578967e+02
5.736941833485739335e+04 1.741039400928232062e+05 4.244353916524597707e+02
5.736941833647932799e+04 1.830998131379515980e+05 4.309358910919115146e+02
5.736941833810126263e+04 1.747767063963511901e+05 4.249294705168406381e+02
5.736941833972319728e+04 1.746035512126265094e+05 4.247602471191231643e+02
5.736941834134513192e+04 1.740106936709923320e+05 4.243203268188016182e+02
5.736941834296706656e+04 1.735451867872522562e+05 4.237855202021253831e+02
5.736941834458900848e+04 1.733235444930664089e+05 4.236335770771498233e+02
5.736941834621094313e+04 1.730788571973962826e+05 4.231453621592445415e+02
5.736941834783287777e+04 1.719289346424273390e+05 4.222943114572455556e+02
5.736941834945481241e+04 1.717759166581267491e+05 4.222393798407833287e+02
5.736941835107674706e+04 1.716460612296861655e+05 4.220891179159609123e+02
5.736941835269868170e+04 1.728515047642289428e+05 4.226872013644137382e+02
5.736941835432061634e+04 1.737756185094322427e+05 4.233669856051898819e+02
5.736941835594255099e+04 1.736056715198080637e+05 4.231974243341236956e+02
5.736941835756448563e+04 1.720261308176954335e+05 4.223530292838004243e+02
5.736941835918642028e+04 1.729721791921213153e+05 4.230019679094548337e+02
5.736941836080835492e+04 1.729524127271893085e+05 4.229123123328246834e+02
5.736941836243028956e+04 1.736528391395567742e+05 4.235946686203046170e+02
5.736941836405222421e+04 1.751030897298160126e+05 4.245675399790725919e+02
5.736941836567416613e+04 1.749960358193878201e+05 4.244596395911742093e+02
5.736941836729610077e+04 1.749021825226880610e+05 4.244508388196945248e+02
5.736941836891803541e+04 1.741660214087852801e+05 4.237656149394680938e+02
5.736941837053997006e+04 1.749229335270774318e+05 4.242210165976254643e+02
5.736941837216190470e+04 1.750871690504857688e+05 4.241884833600702791e+02
5.736941837378383934e+04 1.745468552334605774e+05 4.238990880398239369e+02
5.736941837540577399e+04 1.749642239332349855e+05 4.241010246021313606e+02
5.736941837702770863e+04 1.750872513258259278e+05 4.243737037440412792e+02
5.736941837864964327e+04 1.755504253661936382e+05 4.246500343287096939e+02
5.736941838027157792e+04 1.760626503536364180e+05 4.249667515059720699e+02
5.736941838189351256e+04 1.752609639322489966e+05 4.245002730803292366e+02
5.736941838351544720e+04 1.756404456629951019e+05 4.245687306270519343e+02
5.736941838513738185e+04 1.755545460144693498e+05 4.244971156292159549e+02
5.736941838675931649e+04 1.752329261306045810e+05 4.244015563344396469e+02
5.736941838838125841e+04 1.751020385644713533e+05 4.240863184365135226e+02
5.736941839000319305e+04 1.751230649428170291e+05 4.241128802041797599e+02
5.736941839162512770e+04 1.751792277155366901e+05 4.242748149525571080e+02
5.736941839324706234e+04 1.752740861669016012e+05 4.241671229335900648e+02
5.736941839486899698e+04 1.763965619264570996e+05 4.250691854069528404e+02
5.736941839649093163e+04 1.765186128364108154e+05 4.249409278025507319e+02
5.736941839811286627e+04 1.755780320438366907e+05 4.242608486611951548e+02
5.736941839973480091e+04 1.751461434620225627e+05 4.241545842621969769e+02
5.736941840135673556e+04 1.761968789846879954e+05 4.246914864488657031e+02
5.736941840297867020e+04 1.753298116561404604e+05 4.241034781259375563e+02
5.736941840460060484e+04 1.754128914685548516e+05 4.241262054090672109e+02
5.736941840622253949e+04 1.760302016444071487e+05 4.245854613600973835e+02
5.736941840784447413e+04 1.757959983594831428e+05 4.244477145083909591e+02
5.736941840946640878e+04 1.758748683043946512e+05 4.248838667363017976e+02
5.736941841108835069e+04 1.751990057917375234e+05 4.246356913419560328e+02
5.736941841271028534e+04 1.749356521499656956e+05 4.246489755822217944e+02
5.736941841433221998e+04 1.754105455888111610e+05 4.247371612329443451e+02
5.736941841595415463e+04 1.746450892158840434e+05 4.243415872904521962e+02
5.736941841757608927e+04 1.760863262176823337e+05 4.251937753637994888e+02
5.736941841919802391e+04 1.752790398340639076e+05 4.247814937281787593e+02
5.736941842081995856e+04 1.754964070647894987e+05 4.246578289362239502e+02
5.736941842244189320e+04 1.754324055943965213e+05 4.245433027745013419e+02
5.736941842406382784e+04 1.756634284144873964e+05 4.246325302191615378e+02
5.736941842568576249e+04 1.747857482330240600e+05 4.239887797479848359e+02
5.736941842730769713e+04 1.732708009096726310e+05 4.233158156306674300e+02
5.736941842892963177e+04 1.742592388011972944e+05 4.238619255839169000e+02
5.736941843055156642e+04 1.747577846422277216e+05 4.241054474559660434e+02
5.736941843217350106e+04 1.743095658878825489e+05 4.237119382681822799e+02
5.736941843379544298e+04 1.740632658958325046e+05 4.232873106742248410e+02
5.736941843541737762e+04 1.748077494975189911e+05 4.238896231848376601e+02
5.736941843703931227e+04 1.741646020480017760e+05 4.230546674046555040e+02
5.736941843866124691e+04 1.733301173633036087e+05 4.227356317704307003e+02
5.736941844028318155e+04 1.743777021535141976e+05 4.232990703082519985e+02
5.736941844190511620e+04 1.737551508431988768e+05 4.228803821778248562e+02
5.736941844352705084e+04 1.735113751177818631e+05 4.226279258759878417e+02
5.736941844514898548e+04 1.741901324257004308e+05 4.233785794144356487e+02
5.736941844677092013e+04 1.742462847419670434e+05 4.232838133935510996e+02
5.736941844839285477e+04 1.729458664445372415e+05 4.228512783832711079e+02
5.736941845001478941e+04 1.735761506547749159e+05 4.226005534545496971e+02
5.736941845163672406e+04 1.745092821026642050e+05 4.232179230782107311e+02
5.736941845325865870e+04 1.776195278663504287e+05 4.253219204145711387e+02
5.736941845488059334e+04 1.756663085547289229e+05 4.240724148220322718e+02
5.736941845650253526e+04 1.739348883133246854e+05 4.227795841083109281e+02
5.736941845812446991e+04 1.783749712091015535e+05 4.258644166225019490e+02
5.736941845974640455e+04 1.750973838187865331e+05 4.234925019246175566e+02
5.736941846136833919e+04 1.736845655149885861e+05 4.223814664759241850e+02
5.736941846299027384e+04 1.747539946650093771e+05 4.232790511517329719e+02
5.736941846461220848e+04 1.742479802220972779e+05 4.227651351651150549e+02
5.736941846623414312e+04 1.748664342537355842e+05 4.230704719705932462e+02
5.736941846785607777e+04 1.751963068761868635e+05 4.231660992108887172e+02
5.736941846947801241e+04 1.755877652285797521e+05 4.236209512732346525e+02
5.736941847109994706e+04 1.758331782696752634e+05 4.236440426301995785e+02
5.736941847272188170e+04 1.757455101554582943e+05 4.231671786246585611e+02
5.736941847434381634e+04 1.761771289313050802e+05 4.229007943837868879e+02
5.736941847596575099e+04 1.760269989182432764e+05 4.225460032690476737e+02
5.736941847758768563e+04 1.762542560061767290e+05 4.228564235327271490e+02
5.736941847920962755e+04 1.755402063682962034e+05 4.223055749050860186e+02
5.736941848083156219e+04 1.764744487118112738e+05 4.228257327338952223e+02
5.736941848245349684e+04 1.761768045532985125e+05 4.225255384028789649e+02
5.736941848407543148e+04 1.758377332020640315e+05 4.223496886029506641e+02
5.736941848569736612e+04 1.760269629758627561e+05 4.227698361730826946e+02
5.736941848731930077e+04 1.764192500531048572e+05 4.228537210659226275e+02
5.736941848894123541e+04 1.854340183869422472e+05 4.294036171183727220e+02
5.736941849056317005e+04 1.771782692515833769e+05 4.233471636701237912e+02
5.736941849218510470e+04 1.770708347029741853e+05 4.230067392329922313e+02
5.736941849380703934e+04 1.764817963401021552e+05 4.226488140030456861e+02
5.736941849542897398e+04 1.753904866877804743e+05 4.218751650922814633e+02
5.736941849705090863e+04 1.768209300401771616e+05 4.228973513284954606e+02
5.736941849867284327e+04 1.766514716634511133e+05 4.228860321229956298e+02
5.736941850029478519e+04 1.767549922196937259e+05 4.229731776227622504e+02
5.736941850191671983e+04 1.789832540226742276e+05 4.245346271615765659e+02
5.736941850353865448e+04 1.759007025226413680e+05 4.226685136383913459e+02
5.736941850516058912e+04 1.752620310211805627e+05 4.228371186174036893e+02
5.736941850678252376e+04 1.752513110352876247e+05 4.226281089047717501e+02
5.736941850840445841e+04 1.758127421244318248e+05 4.230373917561400390e+02
5.736941851002639305e+04 1.765167446167665184e+05 4.233189176017339150e+02
5.736941851164832769e+04 1.762863231084144500e+05 4.233764842088029923e+02
5.736941851327026234e+04 1.761068242635877687e+05 4.228985746992975123e+02
5.736941851489219698e+04 1.758900785426721559e+05 4.227920094498001049e+02
5.736941851651413162e+04 1.784084566385214566e+05 4.244051149379136518e+02
5.736941851813606627e+04 1.768481656963813584e+05 4.235344814889468239e+02
5.736941851975800091e+04 1.774653677806678752e+05 4.238752999651686650e+02
5.736941852137993556e+04 1.791261680707521446e+05 4.249994313578725382e+02
5.736941852300187747e+04 1.794965218422544422e+05 4.253148609346081912e+02
5.736941852462381212e+04 1.799063323107654578e+05 4.257445339870876069e+02
5.736941852624574676e+04 1.811484424103175406e+05 4.266828122184305130e+02
5.736941852786768141e+04 1.796588858116545598e+05 4.257386789547880994e+02
5.736941852948961605e+04 1.794471739268121019e+05 4.255082827173987425e+02
5.736941853111155069e+04 1.805377482813243405e+05 4.259493111251011328e+02
5.736941853273348534e+04 1.805802166164119553e+05 4.263461564934903549e+02
5.736941853435541998e+04 1.812938921630782133e+05 4.267645810637858972e+02
5.736941853597735462e+04 1.835696119960845681e+05 4.284618444525008840e+02
5.736941853759928927e+04 1.842665698147874500e+05 4.291996957866063553e+02
5.736941853922122391e+04 1.838667579408665188e+05 4.287754787886041754e+02
5.736941854084315855e+04 1.851482574991547153e+05 4.292980688525317987e+02
5.736941854246509320e+04 1.848253492138289730e+05 4.291619701122830861e+02
5.736941854408702784e+04 1.849375531026240205e+05 4.290302125492252117e+02
5.736941854570896976e+04 1.863254402859772963e+05 4.301091251034246170e+02
5.736941854733090440e+04 1.850293231920257094e+05 4.292886466015271481e+02
5.736941854895283905e+04 1.849490896807647950e+05 4.292143344496745385e+02
5.736941855057477369e+04 1.851672168601983867e+05 4.292655013445611871e+02
5.736941855219670833e+04 1.848830039644035278e+05 4.290924247399626665e+02
5.736941855381864298e+04 1.851206733324821689e+05 4.290893395508923618e+02
5.736941855544057762e+04 1.855992865012217080e+05 4.292183600397594887e+02
5.736941855706251226e+04 1.860260974129989336e+05 4.296026861230013765e+02
5.736941855868444691e+04 1.855822495094457117e+05 4.295430085657707764e+02
5.736941856030638155e+04 1.846486989417684381e+05 4.286072638407830482e+02
5.736941856192831619e+04 1.847401041787167778e+05 4.290781747500231518e+02
5.736941856355025084e+04 1.840533120487486594e+05 4.283145061314236273e+02
5.736941856517218548e+04 1.861433342607636587e+05 4.294811175863865742e+02
5.736941856679412012e+04 1.898944985675581265e+05 4.315809909471864785e+02
5.736941856841606204e+04 1.921792945345357875e+05 4.329122157514142373e+02
5.736941857003799669e+04 1.924365578675938305e+05 4.328421951114638659e+02
5.736941857165993133e+04 1.926698470844363910e+05 4.331242752930048141e+02
5.736941857328186597e+04 1.918292379600253480e+05 4.326787380381452408e+02
5.736941857490380062e+04 1.920648925570092106e+05 4.326522556898260632e+02
5.736941857652573526e+04 1.923666343353919510e+05 4.329511333407527331e+02
5.736941857814766990e+04 1.921083416884591570e+05 4.325908861463079802e+02
5.736941857976960455e+04 1.921218187850422109e+05 4.324450493789408938e+02
5.736941858139153919e+04 1.936677936546654673e+05 4.336471579681491448e+02
5.736941858301347384e+04 1.909078469463855145e+05 4.316564497652145178e+02
5.736941858463540848e+04 1.894586835756049259e+05 4.305296489549228340e+02
5.736941858625734312e+04 1.888684579423874966e+05 4.300495667118380538e+02
5.736941858787927777e+04 1.892577658902184339e+05 4.302248137252670404e+02
5.736941858950121241e+04 1.880690682877783547e+05 4.292946521104739190e+02
5.736941859112315433e+04 1.903253362182187848e+05 4.307829987947906147e+02
5.736941859274508897e+04 1.893136778902646620e+05 4.301243054846809741e+02
5.736941859436702362e+04 1.859799491854123771e+05 4.295969816624129862e+02
5.736941859598895826e+04 1.832413463563739206e+05 4.301108530256153699e+02
5.736941859761089290e+04 1.833224739420285914e+05 4.300968032916060224e+02
5.736941859923282755e+04 1.819224117807894363e+05 4.286214180563331979e+02
5.736941860085476219e+04 1.807244993502732250e+05 4.281832257111967124e+02
5.736941860247669683e+04 1.814967748138543102e+05 4.288743018076763747e+02
5.736941860409863148e+04 1.777878389403604087e+05 4.278465860871152131e+02
5.736941860572056612e+04 1.788080826841928065e+05 4.274272676952266465e+02
5.736941860734250076e+04 1.788733306831290829e+05 4.274663801078527854e+02
5.736941860896443541e+04 1.790446958713657223e+05 4.282279713282948137e+02
5.736941861058637005e+04 1.801994828667133406e+05 4.283152183405788946e+02
5.736941861220830469e+04 1.800592792740110308e+05 4.281616279695973617e+02
5.736941861383024661e+04 1.807669983537299559e+05 4.286463751758913645e+02
5.736941861545218126e+04 1.810454411844384740e+05 4.290101171937053550e+02
5.736941861707411590e+04 1.791888464583406458e+05 4.281960549639896385e+02
5.736941861869605054e+04 1.792371686331097735e+05 4.279910345525552202e+02
5.736941862031798519e+04 1.805297132991267717e+05 4.293098331495184539e+02
5.736941862193991983e+04 1.817294977578226826e+05 4.287563603880126379e+02
5.736941862356185447e+04 1.824380994023127132e+05 4.290961652559038839e+02
5.736941862518378912e+04 1.806421757519330713e+05 4.285692269769709810e+02
5.736941862680572376e+04 1.818639337764166412e+05 4.295671336945442249e+02
5.736941862842765840e+04 1.806872312538653205e+05 4.293646482922659402e+02
5.736941863004959305e+04 1.772564498168224818e+05 4.272441741571548164e+02
5.736941863167152769e+04 1.776327980465035362e+05 4.263043728840512472e+02
5.736941863329346234e+04 1.776816383428114350e+05 4.260391435803857689e+02
5.736941863491539698e+04 1.777144974947524315e+05 4.256518278407941693e+02
5.736941863653733890e+04 1.777406742462836555e+05 4.258453371737027737e+02
5.736941863815927354e+04 1.778638836602209776e+05 4.260774700589534518e+02
5.736941863978120819e+04 1.768634758906129864e+05 4.258818454530359645e+02
5.736941864140314283e+04 1.774601717322533950e+05 4.262656759208576318e+02
5.736941864302507747e+04 1.768999435331603163e+05 4.258666992964751330e+02
5.736941864464701212e+04 1.782829193203015893e+05 4.263810181657193539e+02
5.736941864626894676e+04 1.774500523418555968e+05 4.256508312306868334e+02
5.736941864789088140e+04 1.780920247302631906e+05 4.259927561579196436e+02
5.736941864951281605e+04 1.775296244450200174e+05 4.259869256308052741e+02
5.736941865113475069e+04 1.767157442183132807e+05 4.256266042243617562e+02
5.736941865275668533e+04 1.784287947237328335e+05 4.264614473957716996e+02
5.736941865437861998e+04 1.768141977771790698e+05 4.256312041668287520e+02
5.736941865600055462e+04 1.773514433876491385e+05 4.254659662621254483e+02
5.736941865762249654e+04 1.802115138946365041e+05 4.252875488110837523e+02
5.736941865924443118e+04 1.822841829534461722e+05 4.248773508424545184e+02
5.736941866086636583e+04 1.837677514025650162e+05 4.254245661132572991e+02
5.736941866248830047e+04 1.828870383824174060e+05 4.245587425793695502e+02
5.736941866411023511e+04 1.823799966731169552e+05 4.241136583463642751e+02
5.736941866573216976e+04 1.851775777047653683e+05 4.258141319729708698e+02
5.736941866735410440e+04 1.867297424306938774e+05 4.266801023304579417e+02
5.736941866897603904e+04 1.899600921562094009e+05 4.288079514699600168e+02
5.736941867059797369e+04 1.909275941984935780e+05 4.293417875173389007e+02
5.736941867221990833e+04 1.901759755857203272e+05 4.288271159301814919e+02
5.736941867384184297e+04 1.911038752911030024e+05 4.294308131622959763e+02
5.736941867546377762e+04 1.907848312161007780e+05 4.291166856658207394e+02
5.736941867708571226e+04 1.921880702020842873e+05 4.301906449707410047e+02
5.736941867870764690e+04 1.910913459989975381e+05 4.294441816119621080e+02
5.736941868032958882e+04 1.906859958161930554e+05 4.290412658226356939e+02
5.736941868195152347e+04 1.917299806077592366e+05 4.297068689612576691e+02
5.736941868357345811e+04 1.904710283740879386e+05 4.289953900462001570e+02
5.736941868519539275e+04 1.907155350284771703e+05 4.290542141323757619e+02
5.736941868681732740e+04 1.911828004092659394e+05 4.292063965629923246e+02
5.736941868843926204e+04 1.915383647672536317e+05 4.294933796129341772e+02
5.736941869006119668e+04 1.919385088103761955e+05 4.296949855917893046e+02
5.736941869168313133e+04 1.898442377760128002e+05 4.279816053507238394e+02
5.736941869330506597e+04 1.908244808143476257e+05 4.287223286544115126e+02
5.736941869492700062e+04 1.884944228421886801e+05 4.270674610703368899e+02
5.736941869654893526e+04 1.880757695600762963e+05 4.267360393332273816e+02
5.736941869817086990e+04 1.899084672791858902e+05 4.279696610060817648e+02
5.736941869979280455e+04 1.893238901731708320e+05 4.274752099819880300e+02
5.736941870141473919e+04 1.891010731222272734e+05 4.272374507769812908e+02
5.736941870303668111e+04 1.911705419151489623e+05 4.287816412231240406e+02
5.736941870465861575e+04 1.894908671329003992e+05 4.277107691785414545e+02
5.736941870628055040e+04 1.894560874963673414e+05 4.276754620922544632e+02
5.736941870790248504e+04 1.880679506989156362e+05 4.265603664112473439e+02
5.736941870952441968e+04 1.891903131426643231e+05 4.274427539795824487e+02
5.736941871114635433e+04 1.889746639861267467e+05 4.273540925631693312e+02
5.736941871276828897e+04 1.893450040110965783e+05 4.276234623648336992e+02
5.736941871439022361e+04 1.893386281652010512e+05 4.277654545378600233e+02
5.736941871601215826e+04 1.906170143192734977e+05 4.290080054989143719e+02
5.736941871763409290e+04 1.884177780683308956e+05 4.284016562111470989e+02
5.736941871925602754e+04 1.890644575309262727e+05 4.272149575302825042e+02
5.736941872087796219e+04 1.883409601783983817e+05 4.267836181534103730e+02
5.736941872249989683e+04 1.900525309729572618e+05 4.278461746604940572e+02
5.736941872412183147e+04 1.901316109307472652e+05 4.277171490729491552e+02
5.736941872574377339e+04 1.901154041118455352e+05 4.278575033310207800e+02
5.736941872736570804e+04 1.897634070449325081e+05 4.275656210408814673e+02
5.736941872898764268e+04 1.884975779683175788e+05 4.266963550180747120e+02
5.736941873060957732e+04 1.864962294860100665e+05 4.251809040962500035e+02
5.736941873223151197e+04 1.823900021885729511e+05 4.221080427318505599e+02
5.736941873385344661e+04 1.818275588870403008e+05 4.216734457436107846e+02
5.736941873547538125e+04 1.823361157546585309e+05 4.220296875548472144e+02
5.736941873709731590e+04 1.821818411207604222e+05 4.218459563453689043e+02
5.736941873871925054e+04 1.829003190197306103e+05 4.224542635293355488e+02
5.736941874034118518e+04 1.829440952970064245e+05 4.226685384303037836e+02
5.736941874196311983e+04 1.826434325605159975e+05 4.231060085077244821e+02
5.736941874358505447e+04 1.797636995827942155e+05 4.241196237623382785e+02
5.736941874520698912e+04 1.768642919359735097e+05 4.258746205877963007e+02
5.736941874682892376e+04 1.770048973238551989e+05 4.268034309647833311e+02
5.736941874845086568e+04 1.781044822362447740e+05 4.265243376530250430e+02
5.736941875007280032e+04 1.790769082559583476e+05 4.278389819977998059e+02
5.736941875169473496e+04 1.784027642107069551e+05 4.276192972686151847e+02
5.736941875331666961e+04 1.688817031550614629e+05 4.291326275263620573e+02
5.736941875493860425e+04 1.419148566591678828e+05 4.348913391675483808e+02
5.736941875656053890e+04 1.291519666291148460e+05 4.366161761208537087e+02
5.736941875818247354e+04 1.350554158813331451e+05 4.358010021932671521e+02
5.736941875980440818e+04 1.305806285209693015e+05 4.369390028202097938e+02
5.736941876142634283e+04 1.354193772728479817e+05 4.356726092827658476e+02
5.736941876304827747e+04 1.301202835622534330e+05 4.370835438503043520e+02
5.736941876467021211e+04 1.330938336344992858e+05 4.362166692117558000e+02
5.736941876629214676e+04 1.324935965257445059e+05 4.363325806281948758e+02
5.736941876791408140e+04 1.347706904856901383e+05 4.354740777521726045e+02
5.736941876953601604e+04 1.335664906561741664e+05 4.363138249016232635e+02
5.736941877115795796e+04 1.406698529236008180e+05 4.349877680252232039e+02
5.736941877277989261e+04 1.349918653042421211e+05 4.358133316741061662e+02
5.736941877440182725e+04 1.364298869053491217e+05 4.349811454137573037e+02
5.736941877602376189e+04 1.321740224932067213e+05 4.375845046136014957e+02
5.736941877764569654e+04 1.366569698529595626e+05 4.357858179181846481e+02
5.736941877926763118e+04 1.286540595027620438e+05 4.375200774535786650e+02
5.736941878088956582e+04 1.350084070912998286e+05 4.365699150560297426e+02
5.736941878251150047e+04 1.481177977902382263e+05 4.337511117845551212e+02
5.736941878413343511e+04 1.368654128937945934e+05 4.349001228262973200e+02
5.736941878575536975e+04 1.378598172023214283e+05 4.378740122643051222e+02
5.736941878737730440e+04 1.380331626816123025e+05 4.363898337866650650e+02
5.736941878899923904e+04 1.257680172373127716e+05 4.384137673024848141e+02
5.736941879062117368e+04 1.315616109955755237e+05 4.375837086851092295e+02
5.736941879224311560e+04 1.377773298119124374e+05 4.363737754307827572e+02
5.736941879386505025e+04 1.419148354448966275e+05 4.358427217913189224e+02
5.736941879548698489e+04 1.435946612812062376e+05 4.352433264012236691e+02
5.736941879710891953e+04 1.404211528636537259e+05 4.358712061635823716e+02
5.736941879873085418e+04 1.394205883914125443e+05 4.360539362910198520e+02
5.736941880035278882e+04 1.336455397336525493e+05 4.374586739506938216e+02
5.736941880197472346e+04 1.313907514365695533e+05 4.361908122579725955e+02
5.736941880359665811e+04 1.367835599150135240e+05 4.363040935669174019e+02
5.736941880521859275e+04 1.387703239313533413e+05 4.358635215333540600e+02
5.736941880684052740e+04 1.394964857966729905e+05 4.341353848426959985e+02
5.736941880846246204e+04 1.434841426173742220e+05 4.327324191086982523e+02
5.736941881008439668e+04 1.270098124399707594e+05 4.343200547269047433e+02
5.736941881170633133e+04 1.314749037503965665e+05 4.332128886117624802e+02
5.736941881332826597e+04 1.325997121962993406e+05 4.337557430011676729e+02
5.736941881495020789e+04 1.373982400889887940e+05 4.318896091270046895e+02
5.736941881657214253e+04 1.478428041619918949e+05 4.302835380237523282e+02
5.736941881819407718e+04 1.726730509020115132e+05 4.252864784358463908e+02
5.736941881981601182e+04 1.830665102798061562e+05 4.228488301466466623e+02
5.736941882143794646e+04 1.848610658259972115e+05 4.226401843008759442e+02
5.736941882305988111e+04 1.862710458758602035e+05 4.233866677288054348e+02
5.736941882468181575e+04 1.852459243239665520e+05 4.224052225168898076e+02
5.736941882630375039e+04 1.845588329196090344e+05 4.217900208968828792e+02
5.736941882792568504e+04 1.846332384053032438e+05 4.217141763065432656e+02
5.736941882954761968e+04 1.842668950419145986e+05 4.214386779954473923e+02
5.736941883116955432e+04 1.849478477868495393e+05 4.220182669130156796e+02
5.736941883279148897e+04 1.856374475935591036e+05 4.222001616097432475e+02
5.736941883441342361e+04 1.848649695226946496e+05 4.222059556213602605e+02
5.736941883603535825e+04 1.853416830511114676e+05 4.221013041718894101e+02
5.736941883765730017e+04 1.853059051129819127e+05 4.218278753654572597e+02
5.736941883927923482e+04 1.869229912392216793e+05 4.230341641791147822e+02
5.736941884090116946e+04 1.857248822684164043e+05 4.221833786455308655e+02
5.736941884252310410e+04 1.859675054315877496e+05 4.223331372830964483e+02
5.736941884414503875e+04 1.850717250877122860e+05 4.216292359418414435e+02
5.736941884576697339e+04 1.850536987663042091e+05 4.220018455901897028e+02
5.736941884738890803e+04 1.861433970723160310e+05 4.222643020384898023e+02
5.736941884901084268e+04 1.864757926096152223e+05 4.225616043399278965e+02
5.736941885063277732e+04 1.862829955292572849e+05 4.223829789054731236e+02
5.736941885225471196e+04 1.855016250665222469e+05 4.219033956045045102e+02
5.736941885387664661e+04 1.853186831438954105e+05 4.216999742683398722e+02
5.736941885549858125e+04 1.855229876930943574e+05 4.216702098796135942e+02
5.736941885712051590e+04 1.861223216499128612e+05 4.222710804679216494e+02
5.736941885874245054e+04 1.857864010023791343e+05 4.218094538519621324e+02
5.736941886036439246e+04 1.857069690374437487e+05 4.216582139015871462e+02
5.736941886198632710e+04 1.865137811308398086e+05 4.221657220358578115e+02
5.736941886360826174e+04 1.851600690993253957e+05 4.212802059044922203e+02
5.736941886523019639e+04 1.865843377250975464e+05 4.221965071897654411e+02
5.736941886685213103e+04 1.878867488487892551e+05 4.230704667026656693e+02
5.736941886847406568e+04 1.957882029280837160e+05 4.289142535937142497e+02
5.736941887009600032e+04 2.123436091378015699e+05 4.408678985779530990e+02
5.736941887171793496e+04 2.188640362219599774e+05 4.458270245738206654e+02
5.736941887333986961e+04 2.142843181262377184e+05 4.423202440063969902e+02
5.736941887496180425e+04 2.181106281384702306e+05 4.448073673868515243e+02
5.736941887658373889e+04 2.160392847863139468e+05 4.432828536224535014e+02
5.736941887820567354e+04 2.202534154550827807e+05 4.462458971595012827e+02
5.736941887982760818e+04 2.185806571663586656e+05 4.449931785601673369e+02
5.736941888144954282e+04 2.166854020254792413e+05 4.437705818757286238e+02
5.736941888307148474e+04 2.174798120565610589e+05 4.441058655476892341e+02
5.736941888469341939e+04 2.163032914388434438e+05 4.432911554529547402e+02
5.736941888631535403e+04 2.148271003694059909e+05 4.420733608592469182e+02
5.736941888793728867e+04 2.167634984504623571e+05 4.434617045069232404e+02
5.736941888955922332e+04 2.182913685039371485e+05 4.445394072290842473e+02
5.736941889118115796e+04 2.218940250257339212e+05 4.469132746003708121e+02
5.736941889280309260e+04 2.154452883772957721e+05 4.423751948406945189e+02
5.736941889442502725e+04 2.233233433147523319e+05 4.479631898926400595e+02
5.736941889604696189e+04 2.193184951822131989e+05 4.450823393099743157e+02
5.736941889766889653e+04 2.129682800575498841e+05 4.405325507009991952e+02
5.736941889929083118e+04 2.148892875418201438e+05 4.418982330768158135e+02
5.736941890091276582e+04 2.180487659029181523e+05 4.441173567940954854e+02
5.736941890253470046e+04 2.192746786711906316e+05 4.447756523247921336e+02
5.736941890415663511e+04 2.255188050929972087e+05 4.491559073088567402e+02
5.736941890577857703e+04 2.201516596706637065e+05 4.453221284224944725e+02
5.736941890740051167e+04 2.194046496128950384e+05 4.447229471591372771e+02
5.736941890902244631e+04 2.140603885280399409e+05 4.409943412719207458e+02
5.736941891064438096e+04 2.151725602566318703e+05 4.416851159900375592e+02
5.736941891226631560e+04 2.151634530632040696e+05 4.417327250976285313e+02
5.736941891388825024e+04 2.187435951160342665e+05 4.441746474968627467e+02
5.736941891551018489e+04 2.223803568112707580e+05 4.466336555414655436e+02
