5.736941821969999728e+04 6.216320573212464296e+03 7.773339465208702848e+01
5.736941822421824327e+04 6.307917897823387648e+03 7.805960940082633215e+01
5.736941822873649653e+04 6.377462795939412899e+03 7.829081190491578468e+01
5.736941823325474252e+04 6.404013747751374467e+03 7.841222314711141905e+01
5.736941823777298850e+04 6.138953046078991974e+03 7.730141881142219518e+01
5.736941824229123449e+04 6.144561149440991358e+03 7.745894859239662367e+01
5.736941824680948775e+04 6.148619214272701356e+03 7.755714176024660844e+01
5.736941825132773374e+04 6.128627334860062547e+03 7.742264510754738183e+01
5.736941825584597973e+04 6.221686567529402964e+03 7.783897193937818315e+01
5.736941826036422572e+04 6.140247665484526806e+03 7.745881719564346213e+01
5.736941826488247898e+04 6.151684222223522738e+03 7.748975386005646726e+01
5.736941826940072497e+04 6.123833938562876938e+03 7.744976981634111723e+01
5.736941827391897095e+04 6.284730552930182967e+03 7.811667959383819948e+01
5.736941827843722422e+04 6.342135030430705228e+03 7.827222464737133123e+01
5.736941828295547020e+04 6.432981673301426781e+03 7.860889728055857972e+01
5.736941828747371619e+04 6.411920880321162258e+03 7.854542450332094461e+01
5.736941829199196218e+04 6.334168686381738553e+03 7.815741274856371490e+01
5.736941829651021544e+04 6.403684642799214998e+03 7.855218389106822485e+01
5.736941830102846143e+04 6.690584969350414212e+03 7.960489374348968283e+01
5.736941830554670742e+04 7.024027544879787456e+03 8.092159531664613326e+01
5.736941831006495340e+04 7.676822316914058320e+03 8.339516475045489585e+01
5.736941831458320667e+04 8.909781658865642385e+03 8.786832311017215602e+01
5.736941831910145265e+04 1.102134320483627380e+04 9.509529172454645618e+01
5.736941832361969864e+04 1.362848747493193514e+04 1.032963792259229052e+02
5.736941832813795190e+04 1.548873793877929165e+04 1.088279973174451101e+02
5.736941833265619789e+04 1.639190828322618108e+04 1.113899677733694062e+02
5.736941833717444388e+04 1.713860906434144999e+04 1.134904749986430517e+02
5.736941834169268986e+04 1.738089155079330521e+04 1.140926562017548775e+02
5.736941834621094313e+04 1.664239514675028840e+04 1.120148959616457915e+02
5.736941835072918911e+04 1.583413560971578772e+04 1.097458336397746876e+02
5.736941835524743510e+04 1.579266850845044246e+04 1.097549074135969249e+02
5.736941835976568109e+04 1.653777883897341235e+04 1.117298404088074477e+02
5.736941836428393435e+04 1.687587905455484724e+04 1.127493071928999058e+02
5.736941836880218034e+04 1.646141630595510651e+04 1.116312233558744254e+02
5.736941837332042633e+04 1.577052722145206280e+04 1.096429763446520695e+02
5.736941837783867959e+04 1.565979985207922982e+04 1.092968684615502468e+02
5.736941838235692558e+04 1.538816516081820191e+04 1.084822423926064090e+02
5.736941838687517156e+04 1.545333794583382769e+04 1.087534170296130185e+02
5.736941839139341755e+04 1.664135973263996857e+04 1.120915591191310767e+02
5.736941839591167081e+04 1.827729826879810935e+04 1.165546816155397494e+02
5.736941840042991680e+04 1.837974525627315234e+04 1.167599244075041298e+02
5.736941840494816279e+04 1.750346855494163174e+04 1.144914840366842839e+02
5.736941840946640878e+04 1.670278285056250388e+04 1.122873044072145632e+02
5.736941841398466204e+04 1.643459707552696636e+04 1.114993340543499301e+02
5.736941841850290803e+04 1.666608991286941819e+04 1.121682437276380000e+02
5.736941842302115401e+04 1.714416306482317668e+04 1.134699049081082478e+02
5.736941842753940728e+04 1.775994309906894705e+04 1.150685597134484510e+02
5.736941843205765326e+04 1.737753601687686023e+04 1.140798871358586410e+02
5.736941843657589925e+04 1.677876482188591399e+04 1.124492298974561351e+02
5.736941844109414524e+04 1.565315053718562740e+04 1.093045844396255717e+02
5.736941844561239850e+04 1.470156259272304851e+04 1.064756858868599920e+02
5.736941845013064449e+04 1.493189434395364333e+04 1.072161730722832971e+02
5.736941845464889047e+04 1.602036274492622033e+04 1.104189363953716310e+02
5.736941845916713646e+04 1.710500108683399230e+04 1.133863418134696133e+02
5.736941846368538972e+04 1.705254999173884062e+04 1.132552692959776408e+02
5.736941846820363571e+04 1.648460268234851537e+04 1.116718464599535139e+02
5.736941847272188170e+04 1.642507033489099922e+04 1.115109579673353295e+02
5.736941847724013496e+04 1.671348653999566886e+04 1.123092955540329996e+02
5.736941848175838095e+04 1.637900670472834099e+04 1.113671281562685209e+02
5.736941848627662694e+04 1.662683260279888054e+04 1.120351580722272757e+02
5.736941849079487292e+04 1.711018305007068193e+04 1.133912857043428488e+02
5.736941849531312619e+04 1.737233395566837135e+04 1.141495108986149205e+02
5.736941849983137217e+04 1.738347640788926583e+04 1.142054690897093963e+02
5.736941850434961816e+04 1.730126917570045771e+04 1.139669891407493907e+02
5.736941850886786415e+04 1.709959346855254989e+04 1.133349835090815674e+02
5.736941851338611741e+04 1.753246012701094151e+04 1.145289694840143113e+02
5.736941851790436340e+04 1.806519388491778227e+04 1.161512159365257020e+02
5.736941852242260939e+04 1.843037341022148030e+04 1.171772160318793397e+02
5.736941852694086265e+04 1.810019972283867537e+04 1.160438296807642473e+02
5.736941853145910864e+04 1.733557047376360424e+04 1.139696818994209764e+02
5.736941853597735462e+04 1.589657203025963281e+04 1.099929750780655411e+02
5.736941854049560061e+04 1.478636525246989731e+04 1.067895426573858515e+02
5.736941854501385387e+04 1.426717294185439459e+04 1.053055327693023742e+02
5.736941854953209986e+04 1.413516475195896419e+04 1.048718672406255905e+02
5.736941855405034585e+04 1.425596117657718605e+04 1.051173763125056126e+02
5.736941855856859183e+04 1.510271153241258799e+04 1.075798108509882525e+02
5.736941856308684510e+04 1.622764369160950628e+04 1.109914860573597934e+02
5.736941856760509108e+04 1.629397271578622531e+04 1.111349896466673641e+02
5.736941857212333707e+04 1.599881442396900820e+04 1.102587008247670894e+02
5.736941857664159033e+04 1.613996739242429794e+04 1.106560044110929795e+02
5.736941858115983632e+04 1.676118084450783863e+04 1.123695808430326224e+02
5.736941858567808231e+04 1.702636349674896337e+04 1.131607430483788903e+02
5.736941859019632830e+04 1.715890564862260362e+04 1.135210138351685174e+02
5.736941859471458156e+04 1.774618604970528395e+04 1.151652084946481125e+02
5.736941859923282755e+04 1.861639631606738112e+04 1.174936710864969740e+02
5.736941860375107353e+04 1.886219196989990814e+04 1.180808882289218644e+02
5.736941860826931952e+04 1.850414761599554549e+04 1.171022694430467084e+02
5.736941861278757278e+04 1.832669941082852165e+04 1.167193683689624635e+02
5.736941861730581877e+04 1.813394291502898704e+04 1.161842193909504743e+02
5.736941862182406476e+04 1.759202728522208781e+04 1.146455224846525027e+02
5.736941862634231802e+04 1.673468972218244380e+04 1.123093728551534838e+02
5.736941863086056401e+04 1.619999330130480666e+04 1.107998929442294553e+02
5.736941863537881000e+04 1.569088896027985174e+04 1.093761350425837122e+02
5.736941863989705598e+04 1.585433890545681061e+04 1.098897894423767951e+02
5.736941864441530925e+04 1.653649943769953461e+04 1.117941475490923438e+02
5.736941864893355523e+04 1.656485428989694992e+04 1.118003462022644783e+02
5.736941865345180122e+04 1.569592983374122741e+04 1.094224872428854525e+02
5.736941865797004721e+04 1.501188485944657623e+04 1.074301050139475961e+02
5.736941866248830047e+04 1.486498902923147034e+04 1.070095015343565876e+02
5.736941866700654646e+04 1.537450963572033834e+04 1.084802327467110530e+02
5.736941867152479244e+04 1.638172322997964329e+04 1.113285413112461697e+02
5.736941867604304571e+04 1.679822545428521698e+04 1.126178074470098238e+02
5.736941868056129169e+04 1.607425959975562364e+04 1.104914952899185607e+02
5.736941868507953768e+04 1.555118471906745617e+04 1.090519444451656597e+02
5.736941868959778367e+04 1.615869520727363488e+04 1.107770712350483109e+02
5.736941869411603693e+04 1.690939784431933367e+04 1.128726199843609095e+02
5.736941869863428292e+04 1.790086924601437204e+04 1.155437500732182485e+02
5.736941870315252891e+04 1.864554412993130245e+04 1.175614018958959690e+02
5.736941870767077489e+04 1.858473327673536551e+04 1.173060095284203470e+02
5.736941871218902816e+04 1.789792826801604679e+04 1.154598536483517961e+02
5.736941871670727414e+04 1.687639484277303563e+04 1.127837570586423794e+02
5.736941872122552013e+04 1.611676332140867999e+04 1.106803090276701340e+02
5.736941872574377339e+04 1.567383203900380795e+04 1.094365143389576644e+02
5.736941873026201938e+04 1.596309570680167053e+04 1.101769492701840107e+02
5.736941873478026537e+04 1.655819195363481049e+04 1.118415835451567091e+02
5.736941873929851135e+04 1.688279364961762622e+04 1.127528958640149170e+02
5.736941874381676462e+04 1.724841911805647396e+04 1.137790777218605029e+02
5.736941874833501060e+04 1.737499990743675153e+04 1.140654526520589513e+02
5.736941875285325659e+04 1.691638503692640734e+04 1.128398211527599813e+02
5.736941875737150258e+04 1.629906646998789438e+04 1.111425537685255307e+02
5.736941876188975584e+04 1.612166353058116147e+04 1.105357377218379327e+02
5.736941876640800183e+04 1.711353831310732130e+04 1.133654929691942925e+02
5.736941877092624782e+04 1.878279705891726553e+04 1.178530653392771086e+02
5.736941877544450108e+04 1.927694024591091147e+04 1.191985389502180794e+02
5.736941877996274707e+04 1.848183611246741202e+04 1.170692037857677690e+02
5.736941878448099305e+04 1.695918796603406008e+04 1.130193923172460302e+02
5.736941878899923904e+04 1.686323460702939337e+04 1.127312725473390600e+02
5.736941879351749230e+04 1.688178966610124189e+04 1.127687418629925986e+02
5.736941879803573829e+04 1.685749220687280103e+04 1.127112308771820466e+02
5.736941880255398428e+04 1.655161488391849343e+04 1.117946089643669154e+02
5.736941880707223027e+04 1.588510059906175047e+04 1.099641677653587521e+02
5.736941881159048353e+04 1.574590181569958804e+04 1.095686043021532043e+02
5.736941881610872952e+04 1.558176294152147966e+04 1.090841841535694101e+02
5.736941882062697550e+04 1.565503567837824994e+04 1.092979310477692252e+02
5.736941882514522877e+04 1.567251657216924650e+04 1.093831473944601100e+02
5.736941882966347475e+04 1.533769838616835659e+04 1.084140706293785286e+02
5.736941883418172074e+04 1.383191251836719130e+04 1.038930383888212674e+02
5.736941883869996673e+04 1.162242691694960558e+04 9.702514921069185050e+01
5.736941884321821999e+04 9.405106319825716128e+03 8.972818459325615947e+01
5.736941884773646598e+04 7.817897133245774057e+03 8.389828316937781949e+01
5.736941885225471196e+04 7.038694428932491064e+03 8.110190687859402203e+01
5.736941885677295795e+04 6.650881332602310067e+03 7.955277437695421838e+01
5.736941886129121121e+04 6.424136545455697160e+03 7.869962844051846673e+01
5.736941886580945720e+04 6.490254841243971896e+03 7.886167451626751301e+01
5.736941887032770319e+04 6.361891040733557929e+03 7.832109133619275099e+01
5.736941887484595645e+04 6.255209783520735073e+03 7.789843531451009540e+01
5.736941887936420244e+04 6.283535172522899302e+03 7.802880351577866236e+01
5.736941888388244843e+04 6.376596431719315660e+03 7.838943279366314698e+01
5.736941888840069441e+04 6.248221415883759619e+03 7.786591278458685395e+01
5.736941889291894768e+04 6.273399676006089067e+03 7.793402839077680255e+01
5.736941889743719366e+04 6.225308794456612304e+03 7.779083765849318866e+01
5.736941890195543965e+04 6.233514086710738411e+03 7.790027109258875271e+01
5.736941890647368564e+04 6.108746182252003564e+03 7.738768471537368043e+01
5.736941891099193890e+04 6.188638218004286500e+03 7.773825163753447498e+01
5.736941891551018489e+04 6.228033720938998158e+03 7.783551780624765115e+01
