2.457368842983500101e+06 2.599662905981727818e+04 1.435325026898442502e+02
2.457368843000888359e+06 2.473831867340440658e+04 1.407880417396302164e+02
2.457368843018276617e+06 2.457068793876364361e+04 1.403451996258840211e+02
2.457368843035664875e+06 2.721188501383985567e+04 1.460880087917276455e+02
2.457368843053053133e+06 2.628098326806203113e+04 1.441232122065834176e+02
2.457368843070441857e+06 2.590023054647384197e+04 1.433286591727075177e+02
2.457368843087830115e+06 2.563486684526435783e+04 1.428018397279093676e+02
2.457368843105218373e+06 2.457947954734635641e+04 1.403556745240595660e+02
2.457368843122606631e+06 2.528385366292422259e+04 1.420394363986171413e+02
2.457368843139994889e+06 2.565150546260733245e+04 1.427148798518479680e+02
2.457368843157383148e+06 2.608062019992575733e+04 1.436211937225736790e+02
2.457368843174771406e+06 2.573468952583442660e+04 1.429280097622184655e+02
2.457368843192159664e+06 2.418042911836085113e+04 1.394852422185335286e+02
2.457368843209547922e+06 2.384923153494566577e+04 1.386677928586578048e+02
2.457368843226936180e+06 2.498930318504791285e+04 1.413587215323735791e+02
2.457368843244324438e+06 2.547713566947812069e+04 1.424386036497338921e+02
2.457368843261713162e+06 2.657623978746291323e+04 1.447290176778434443e+02
2.457368843279101420e+06 2.573348019295568520e+04 1.429697839944936675e+02
2.457368843296489678e+06 2.596949310388917365e+04 1.434328717424793638e+02
2.457368843313877936e+06 2.477857165887763767e+04 1.408499900184581577e+02
2.457368843331266195e+06 2.536524612132940820e+04 1.421381667865396423e+02
2.457368843348654453e+06 2.538475891316990237e+04 1.421565307083559446e+02
2.457368843366042711e+06 2.490510505004410152e+04 1.411813970089501709e+02
2.457368843383430969e+06 2.496221928278448831e+04 1.412546969668637473e+02
2.457368843400819227e+06 2.456548397823228515e+04 1.404297261641881960e+02
2.457368843418207951e+06 2.481703062758241504e+04 1.409104683602036232e+02
2.457368843435596209e+06 2.430899654316939632e+04 1.398055553373362443e+02
2.457368843452984467e+06 2.596672754846455427e+04 1.434834701726582296e+02
2.457368843470372725e+06 2.611363613958196584e+04 1.438487593974902268e+02
2.457368843487760983e+06 2.359218536510146805e+04 1.382978806690619251e+02
2.457368843505149242e+06 2.483170328044776397e+04 1.410236506596069432e+02
2.457368843522537500e+06 2.771923953611398247e+04 1.472336927303577738e+02
2.457368843539925758e+06 2.816664185228455244e+04 1.481597597667308150e+02
2.457368843557314016e+06 2.614633938430185299e+04 1.437934660444684880e+02
2.457368843574702274e+06 2.376448356391395646e+04 1.386713358545201800e+02
2.457368843592090532e+06 2.507091381491201901e+04 1.415488898177651436e+02
2.457368843609479256e+06 2.678381090791487077e+04 1.453104251209995255e+02
2.457368843626867514e+06 2.690779294367766124e+04 1.454416155559720210e+02
2.457368843644255772e+06 2.545084264368889490e+04 1.422566112308432196e+02
2.457368843661644030e+06 2.475027371454796594e+04 1.407825058876661046e+02
2.457368843679032288e+06 2.424712650809318802e+04 1.397657536840801527e+02
