5.736833031289999781e+04 3.155648745102998146e+04 1.672403726653984961e+02
5.736833031526449486e+04 3.133378179105257004e+04 1.666871160503471003e+02
5.736833031762899191e+04 3.138172986890875472e+04 1.668683068692785412e+02
5.736833031999348896e+04 3.155460305431779125e+04 1.671277189177662308e+02
5.736833032235798601e+04 3.146107876829683300e+04 1.668952802997676486e+02
5.736833032472248306e+04 3.128113417120459781e+04 1.665783401024085322e+02
5.736833032708698011e+04 3.160013907813242986e+04 1.672578632713887714e+02
5.736833032945147716e+04 3.150517332450603135e+04 1.670876926878948154e+02
5.736833033181597420e+04 3.148442147186482180e+04 1.669002770541418101e+02
5.736833033418047125e+04 3.163152490352116001e+04 1.672604150276686426e+02
5.736833033654496830e+04 3.158269614371022908e+04 1.671524733634882409e+02
5.736833033890946535e+04 3.155069677103793583e+04 1.671573744554597454e+02
5.736833034127395513e+04 3.141275220944393368e+04 1.668946088007117226e+02
5.736833034363845218e+04 3.147923384355688904e+04 1.669024279435907374e+02
5.736833034600294923e+04 3.145487621020443112e+04 1.669293898209822657e+02
5.736833034836744628e+04 3.144987017999000091e+04 1.669169074256784597e+02
5.736833035073194333e+04 3.143764701001761205e+04 1.668930760163020750e+02
5.736833035309644038e+04 3.139636866839806316e+04 1.668170356212592083e+02
5.736833035546093743e+04 3.134075390493136365e+04 1.667577339920204338e+02
5.736833035782543448e+04 3.164053448703070535e+04 1.673259793246733409e+02
5.736833036018993153e+04 3.153506252877717998e+04 1.671687312754482662e+02
5.736833036255442858e+04 3.138401597986387787e+04 1.667756929130319747e+02
5.736833036491892562e+04 3.140347840964619536e+04 1.668223040331115214e+02
5.736833036728342267e+04 3.145984844186763803e+04 1.669252099605712658e+02
5.736833036964791972e+04 3.150570170755617437e+04 1.670845394815095801e+02
5.736833037201241677e+04 3.143092899854515417e+04 1.669391378468795324e+02
5.736833037437691382e+04 3.158594628669699159e+04 1.671963331241606170e+02
5.736833037674141087e+04 3.198309794468316250e+04 1.678893925011663555e+02
5.736833037910590792e+04 3.207816966962958031e+04 1.680644345674747910e+02
5.736833038147040497e+04 3.276835408087948599e+04 1.693499160335754823e+02
5.736833038383490202e+04 3.360337879298303596e+04 1.709941889066586214e+02
5.736833038619939907e+04 3.495479550111616845e+04 1.733807353399339206e+02
5.736833038856389612e+04 3.575081593645865360e+04 1.748638356533828357e+02
5.736833039092839317e+04 3.555058669539765106e+04 1.744855361145065160e+02
5.736833039329288295e+04 3.526566955572325969e+04 1.738622235868231201e+02
5.736833039565738000e+04 3.510713680252488120e+04 1.736621519304183323e+02
5.736833039802187704e+04 3.498451323062460870e+04 1.734605679731243413e+02
5.736833040038637409e+04 3.501671046831637068e+04 1.735018104026779042e+02
5.736833040275087114e+04 3.499508588240789686e+04 1.734498293782654343e+02
5.736833040511536819e+04 3.467951584939975146e+04 1.728146440112525113e+02
5.736833040747986524e+04 3.468258861115624313e+04 1.728698214625977414e+02
5.736833040984436229e+04 3.444392434407918336e+04 1.724473872420349494e+02
5.736833041220885934e+04 3.456200630628827639e+04 1.726035382650331655e+02
5.736833041457335639e+04 3.421698059879813809e+04 1.720208084061955844e+02
5.736833041693785344e+04 3.444818884944412275e+04 1.724935202274186565e+02
5.736833041930235049e+04 3.460921924368075270e+04 1.727400161876356321e+02
5.736833042166684754e+04 3.482118433532104973e+04 1.731511144602577019e+02
5.736833042403134459e+04 3.482335156421013380e+04 1.732248983319517492e+02
5.736833042639584164e+04 3.442695854953261005e+04 1.724377772637631665e+02
5.736833042876033869e+04 3.416333410857757553e+04 1.718653685773596465e+02
5.736833043112483574e+04 3.447484646956630604e+04 1.725434695919573755e+02
5.736833043348933279e+04 3.497169679698027903e+04 1.732977421855474347e+02
5.736833043585382984e+04 3.485512944338403031e+04 1.730659150336053074e+02
5.736833043821832689e+04 3.480212748367302993e+04 1.731223307867232677e+02
5.736833044058282394e+04 3.502369440718753322e+04 1.734823698347227605e+02
5.736833044294732099e+04 3.477662826705668704e+04 1.729949353115117958e+02
5.736833044531181804e+04 3.502836008847088669e+04 1.735750989902022354e+02
5.736833044767630781e+04 3.544941915884493210e+04 1.742365281297356887e+02
5.736833045004080486e+04 3.597171704977667832e+04 1.751393321564774794e+02
5.736833045240530191e+04 3.598929463079878769e+04 1.751426292630194723e+02
5.736833045476979896e+04 3.540403027624088281e+04 1.742137849348424652e+02
5.736833045713429601e+04 3.488552306093560765e+04 1.732640550440331992e+02
5.736833045949879306e+04 3.545840109201960149e+04 1.742129061155056320e+02
5.736833046186329011e+04 3.536504391727971233e+04 1.740154183471201179e+02
5.736833046422778716e+04 3.490045720615130995e+04 1.731711770842426006e+02
5.736833046659228421e+04 3.428244160357330111e+04 1.721659906664151833e+02
5.736833046895678126e+04 3.419495524102480704e+04 1.718543818134074570e+02
5.736833047132127831e+04 3.517854209266958060e+04 1.736838732067038791e+02
5.736833047368577536e+04 3.547184809565321484e+04 1.743065367908157839e+02
5.736833047605027241e+04 3.527372620068929973e+04 1.739108372846052362e+02
5.736833047841476946e+04 3.500953050475495547e+04 1.734358933718140463e+02
5.736833048077926651e+04 3.431974880086189660e+04 1.722038431760039714e+02
5.736833048314376356e+04 3.411096625605945883e+04 1.723536380572077178e+02
5.736833048550826061e+04 3.426006650460182573e+04 1.731348854452045032e+02
5.736833048787275766e+04 3.514311042309818004e+04 1.737078727502263860e+02
5.736833049023725471e+04 3.550004278508856078e+04 1.743476973888348311e+02
5.736833049260175176e+04 3.508946319580983254e+04 1.735323157803299523e+02
5.736833049496624881e+04 3.488045970501207921e+04 1.732395326019654362e+02
5.736833049733074586e+04 3.406619736619692412e+04 1.716996828968917157e+02
5.736833049969524291e+04 3.468589526749875222e+04 1.728724561977495284e+02
5.736833050205973268e+04 3.497611786421179568e+04 1.735224725335484663e+02
5.736833050442422973e+04 3.540077762794366572e+04 1.741622413493489887e+02
5.736833050678872678e+04 3.547591374806202657e+04 1.743233835710278470e+02
5.736833050915322383e+04 3.551628435698687099e+04 1.744105476012802853e+02
5.736833051151772088e+04 3.548698430610218202e+04 1.742994661837758485e+02
5.736833051388221793e+04 3.547311069798837707e+04 1.744625913026985415e+02
5.736833051624671498e+04 3.531287077515855344e+04 1.740664482872367387e+02
5.736833051861121203e+04 3.492152810271186900e+04 1.732460537716816873e+02
5.736833052097570908e+04 3.459080584417315549e+04 1.726571091513172576e+02
5.736833052334020613e+04 3.509120026475407940e+04 1.735855089390020112e+02
5.736833052570470318e+04 3.468956573044987454e+04 1.728400342067062354e+02
5.736833052806920023e+04 3.485402018067466997e+04 1.731810347799052465e+02
5.736833053043369728e+04 3.461311535085637297e+04 1.726614965129670338e+02
5.736833053279819433e+04 3.535862341485555226e+04 1.740698280274216927e+02
5.736833053516269138e+04 3.531275253706072544e+04 1.740823340615748975e+02
5.736833053752718843e+04 3.547485449871173478e+04 1.742194248193823114e+02
5.736833053989168548e+04 3.500989378520077298e+04 1.735045300713613017e+02
5.736833054225618253e+04 3.488474802352092229e+04 1.732049506805577153e+02
5.736833054462067958e+04 3.436744503966205957e+04 1.722487455210634835e+02
5.736833054698517662e+04 3.472962483000876091e+04 1.729093252487959944e+02
5.736833054934967367e+04 3.469401000526004646e+04 1.729434835824041841e+02
5.736833055171417072e+04 3.495577680633012642e+04 1.733678571336104710e+02
5.736833055407866050e+04 3.543170942110604665e+04 1.743021632230175726e+02
5.736833055644315755e+04 3.542719323758608516e+04 1.741926190915253301e+02
5.736833055880765460e+04 3.506214002496235480e+04 1.735264702848917295e+02
5.736833056117215165e+04 3.487786348998655012e+04 1.732970955277453129e+02
5.736833056353664870e+04 3.469990014947451709e+04 1.729023012143113363e+02
5.736833056590114575e+04 3.458637370521996490e+04 1.726990342538911136e+02
5.736833056826564280e+04 3.457262439508629905e+04 1.726486259557873950e+02
5.736833057063013985e+04 3.445585443646786734e+04 1.725650814411782505e+02
5.736833057299463690e+04 3.475900606173997221e+04 1.729288461551048215e+02
5.736833057535913395e+04 3.449912199835086358e+04 1.725338152616715206e+02
5.736833057772363100e+04 3.449122993445448810e+04 1.725362455950476033e+02
5.736833058008812804e+04 3.463441102667590894e+04 1.727998209283092592e+02
5.736833058245262509e+04 3.441468586783276260e+04 1.723452026517928459e+02
5.736833058481712214e+04 3.458044483815283456e+04 1.725756678117820684e+02
5.736833058718161919e+04 3.468831784953764145e+04 1.729075515294250636e+02
5.736833058954611624e+04 3.447036097498516028e+04 1.725094218868114240e+02
5.736833059191061329e+04 3.483277315955796803e+04 1.732001542968954197e+02
5.736833059427511034e+04 3.503570713446992886e+04 1.734336731654752271e+02
5.736833059663960739e+04 3.531077268853373971e+04 1.740139947266379465e+02
5.736833059900410444e+04 3.570332791621961223e+04 1.746529834469388049e+02
5.736833060136860149e+04 3.554248081618668220e+04 1.743829334247893996e+02
5.736833060373309854e+04 3.509127669876668369e+04 1.736668262149974566e+02
5.736833060609759559e+04 3.504803268739734631e+04 1.734555578497132160e+02
5.736833060846208537e+04 3.499455954836461751e+04 1.734321958597622313e+02
5.736833061082658242e+04 3.509423802259183140e+04 1.735400432626709346e+02
5.736833061319107946e+04 3.496055934983309999e+04 1.733613215269422483e+02
5.736833061555557651e+04 3.507702636971185711e+04 1.735738349192057512e+02
5.736833061792007356e+04 3.531635220913068042e+04 1.740501621145928368e+02
5.736833062028457061e+04 3.525559826636990329e+04 1.737859565570264238e+02
5.736833062264906766e+04 3.542791051171960862e+04 1.741854559070848154e+02
5.736833062501356471e+04 3.530204095812797459e+04 1.739600873098680438e+02
5.736833062737806176e+04 3.545077654931569123e+04 1.742712471569052468e+02
5.736833062974255881e+04 3.544289259022015904e+04 1.742902789067581182e+02
5.736833063210705586e+04 3.525797994102562370e+04 1.738962638147403084e+02
5.736833063447155291e+04 3.441992982255060633e+04 1.723714473341132987e+02
5.736833063683604996e+04 3.484693436004689283e+04 1.732159951367118538e+02
5.736833063920054701e+04 3.530569032320509723e+04 1.739280380010456781e+02
5.736833064156504406e+04 3.529657086605405493e+04 1.738900480913330568e+02
5.736833064392954111e+04 3.539261034338873287e+04 1.741203370486148003e+02
5.736833064629403816e+04 3.533030177860806725e+04 1.740078690286803749e+02
5.736833064865853521e+04 3.529888589929010050e+04 1.739296193151950831e+02
5.736833065102303226e+04 3.497197976411940908e+04 1.733743512433941021e+02
5.736833065338752931e+04 3.481393031671972858e+04 1.730293639527035054e+02
5.736833065575202636e+04 3.563597228620294482e+04 1.746515801614702070e+02
5.736833065811652341e+04 3.507872289911837288e+04 1.736205413347105093e+02
5.736833066048102046e+04 3.452368989182014047e+04 1.726917210194051222e+02
5.736833066284551023e+04 3.450932919939709245e+04 1.725651161268865508e+02
5.736833066521000728e+04 3.430847655532151111e+04 1.722093384349439305e+02
5.736833066757450433e+04 3.469149866213495261e+04 1.728222452395631876e+02
5.736833066993900138e+04 3.502598775937603205e+04 1.734908658601921729e+02
5.736833067230349843e+04 3.513129464176522742e+04 1.736629480046853189e+02
5.736833067466799548e+04 3.518292970642890577e+04 1.737944820306963152e+02
5.736833067703249253e+04 3.501194638519891305e+04 1.734692216377673617e+02
5.736833067939698958e+04 3.482306047139686416e+04 1.731301085953278402e+02
5.736833068176148663e+04 3.501720877890397969e+04 1.734919512174663794e+02
5.736833068412598368e+04 3.484055828980069782e+04 1.732187190900205849e+02
5.736833068649048073e+04 3.485172506198195333e+04 1.732610234558737261e+02
5.736833068885497778e+04 3.494541376971361751e+04 1.733307358945534133e+02
5.736833069121947483e+04 3.555304469771969889e+04 1.743324233670966521e+02
5.736833069358397188e+04 3.509737658133797959e+04 1.735240279783515973e+02
5.736833069594846893e+04 3.474484203619859181e+04 1.729268873404458589e+02
5.736833069831296598e+04 3.488562623488336976e+04 1.732549131577086143e+02
5.736833070067746303e+04 3.514026732790740061e+04 1.737033207357913795e+02
5.736833070304196008e+04 3.529022977402089600e+04 1.739533574514800023e+02
5.736833070540645713e+04 3.531489506143899780e+04 1.740093382683568848e+02
5.736833070777095418e+04 3.544761600395139249e+04 1.741928517538270853e+02
5.736833071013545123e+04 3.556968830735033407e+04 1.744556855853334696e+02
5.736833071249994828e+04 3.527872755253312062e+04 1.739766393264096678e+02
5.736833071486443805e+04 3.461334817566898710e+04 1.727935393233769048e+02
5.736833071722893510e+04 3.500536715995884879e+04 1.734557647856728124e+02
5.736833071959343215e+04 3.527329448014499212e+04 1.739515927514265172e+02
5.736833072195792920e+04 3.545141155150374834e+04 1.742106890125275811e+02
5.736833072432242625e+04 3.560707701057625673e+04 1.745826167137094842e+02
5.736833072668692330e+04 3.503215613273655617e+04 1.734775112591621280e+02
5.736833072905142035e+04 3.470078658378132968e+04 1.729062410258079865e+02
5.736833073141591740e+04 3.477927689716680470e+04 1.730629865939159799e+02
5.736833073378041445e+04 3.473854069235520001e+04 1.729551093240547175e+02
5.736833073614491150e+04 3.454540745779714780e+04 1.726216937025103277e+02
5.736833073850940855e+04 3.505523112109185604e+04 1.735671367131062937e+02
5.736833074087390560e+04 3.525850491958257771e+04 1.738992876708244637e+02
5.736833074323840265e+04 3.529105624506573804e+04 1.738625525207611133e+02
5.736833074560289970e+04 3.526217095330887241e+04 1.738761534257016592e+02
5.736833074796739675e+04 3.533360019787092460e+04 1.739808664569055736e+02
5.736833075033189380e+04 3.472047171151503426e+04 1.729489578915835182e+02
5.736833075269639085e+04 3.487076960778098874e+04 1.732446070271645340e+02
5.736833075506088790e+04 3.492402726695011370e+04 1.732884221536267546e+02
5.736833075742538495e+04 3.449850660038685601e+04 1.724742902057938636e+02
5.736833075978988199e+04 3.363091662574600923e+04 1.709777923844626173e+02
5.736833076215437904e+04 3.277269469607651263e+04 1.693743492042170544e+02
5.736833076451887609e+04 3.224481031189002897e+04 1.685004299131760774e+02
5.736833076688337314e+04 3.188349584515381503e+04 1.677153820407849025e+02
5.736833076924786292e+04 3.164704331180251756e+04 1.672622589046662824e+02
5.736833077161235997e+04 3.174475351693707489e+04 1.673932991353209161e+02
5.736833077397685702e+04 3.179493789912250213e+04 1.674545578308491258e+02
5.736833077634135407e+04 3.179394617171404389e+04 1.675820175940393426e+02
5.736833077870585112e+04 3.141939352457113273e+04 1.669461852765513186e+02
5.736833078107034817e+04 3.153674109601987584e+04 1.671308321419951994e+02
5.736833078343484522e+04 3.173355126973267761e+04 1.674240507942203067e+02
5.736833078579934227e+04 3.185358053337810270e+04 1.676567236893123152e+02
5.736833078816383932e+04 3.161181427154720222e+04 1.672392002782994780e+02
5.736833079052833637e+04 3.148163141478232865e+04 1.670104616032902243e+02
5.736833079289283341e+04 3.170826949355400575e+04 1.674011142397478125e+02
5.736833079525733046e+04 3.159891387729639246e+04 1.671211913247170173e+02
5.736833079762182751e+04 3.161237223424168405e+04 1.671933698499758520e+02
5.736833079998632456e+04 3.151592428472860774e+04 1.670500462789107132e+02
5.736833080235082161e+04 3.165585520601336248e+04 1.674020677452602115e+02
5.736833080471531866e+04 3.152120228412333745e+04 1.669912469744819532e+02
5.736833080707981571e+04 3.153601300892617292e+04 1.670917325277707732e+02
5.736833080944431276e+04 3.145241754155446324e+04 1.669037220395161683e+02
5.736833081180880981e+04 3.138683164194157871e+04 1.668125688334849315e+02
5.736833081417330686e+04 3.159814444298791204e+04 1.671166528682680337e+02
5.736833081653780391e+04 3.181729411160389282e+04 1.675157886715265647e+02
5.736833081890230096e+04 3.164965286039026250e+04 1.672729450765095578e+02
5.736833082126679074e+04 3.140233649853294628e+04 1.669351804130889150e+02
5.736833082363128779e+04 3.146471553758571099e+04 1.669392126240599907e+02
5.736833082599578483e+04 3.143809585573367076e+04 1.669366502193476833e+02
5.736833082836028188e+04 3.141406830652846111e+04 1.668393841069682253e+02
5.736833083072477893e+04 3.157621661989820132e+04 1.670738762387523479e+02
5.736833083308927598e+04 3.146990081995235960e+04 1.668588653376522473e+02
5.736833083545377303e+04 3.162955263588242815e+04 1.672057616571706831e+02
5.736833083781827008e+04 3.169221391526071238e+04 1.673522932553009639e+02
5.736833084018276713e+04 3.166803001731220138e+04 1.673422457737619311e+02
5.736833084254726418e+04 3.186208989698881487e+04 1.677150509800524674e+02
5.736833084491176123e+04 3.149009441847362177e+04 1.669883673999548535e+02
5.736833084727625828e+04 3.161678719696686312e+04 1.672489283518092691e+02
5.736833084964075533e+04 3.173283987009662815e+04 1.674533449990596239e+02
5.736833085200525238e+04 3.181614040925921290e+04 1.676345385090500599e+02
5.736833085436974943e+04 3.158913681186390386e+04 1.672494905422591671e+02
5.736833085673424648e+04 3.133403536114489179e+04 1.668049527696250038e+02
5.736833085909874353e+04 3.179888709735456359e+04 1.676851631411498715e+02
5.736833086146324058e+04 3.145640891466494941e+04 1.669795712967793406e+02
5.736833086382773763e+04 3.133339512301796276e+04 1.666659889744927341e+02
5.736833086619223468e+04 3.167827478143238113e+04 1.673375642206227951e+02
5.736833086855673173e+04 3.189035050980982487e+04 1.677853864703641023e+02
5.736833087092122878e+04 3.148300543739427303e+04 1.669703600119479745e+02
5.736833087328572583e+04 3.135983644932453535e+04 1.667334439497710719e+02
5.736833087565021560e+04 3.168441108138084383e+04 1.673639460127304233e+02
5.736833087801471265e+04 3.167225253042804252e+04 1.673350755260336484e+02
5.736833088037920970e+04 3.136628364035177947e+04 1.666646729573615744e+02
5.736833088274370675e+04 3.162462749310993604e+04 1.672670353385078101e+02
5.736833088510820380e+04 3.143545788489711776e+04 1.669119494206302079e+02
5.736833088747270085e+04 3.158486860181837255e+04 1.672261840613626305e+02
5.736833088983719790e+04 3.158031972179440345e+04 1.671799464074360628e+02
5.736833089220169495e+04 3.142818132654783403e+04 1.669429922248559421e+02
5.736833089456619200e+04 3.118148152786179708e+04 1.665198124558256438e+02
5.736833089693068905e+04 3.118765661213907879e+04 1.664662509798383212e+02
5.736833089929518610e+04 3.152021260661037377e+04 1.670999187293330124e+02
5.736833090165968315e+04 3.171773866575861757e+04 1.674883008189854650e+02
5.736833090402418020e+04 3.149002453846107528e+04 1.670926425506033866e+02
5.736833090638867725e+04 3.153829544703042484e+04 1.670230512611954339e+02
5.736833090875317430e+04 3.170567056148453412e+04 1.674926302088665580e+02
5.736833091111767135e+04 3.168131673145673994e+04 1.674128966848550419e+02
5.736833091348216840e+04 3.158861507903170423e+04 1.672592220891843624e+02
5.736833091584666545e+04 3.140593708998031798e+04 1.668291754555917521e+02
5.736833091821116250e+04 3.178882427497201570e+04 1.675707761955011961e+02
5.736833092057565955e+04 3.134729280958895833e+04 1.667783919793280631e+02
5.736833092294015660e+04 3.148713519649656155e+04 1.670438021053845432e+02
5.736833092530465365e+04 3.132618560390488346e+04 1.668141638425702808e+02
5.736833092766915070e+04 3.162088204980511364e+04 1.671737052505126258e+02
5.736833093003364047e+04 3.160904038149883490e+04 1.672610875522581182e+02
5.736833093239813752e+04 3.155498113101005583e+04 1.670007364934728287e+02
5.736833093476263457e+04 3.158851979330504764e+04 1.671463610504702046e+02
5.736833093712713162e+04 3.132540058917675924e+04 1.667074680722944322e+02
5.736833093949162867e+04 3.161681437456867570e+04 1.672698333185620072e+02
5.736833094185612572e+04 3.168273695224429684e+04 1.673944006873888100e+02
5.736833094422062277e+04 3.149974440397286526e+04 1.670668014828431751e+02
5.736833094658511982e+04 3.172353250238204782e+04 1.675402369130224258e+02
5.736833094894961687e+04 3.161113442657579435e+04 1.673924811767380731e+02
5.736833095131411392e+04 3.173121881507653598e+04 1.673180196297763302e+02
5.736833095367861097e+04 3.140226143779175618e+04 1.668384093716473728e+02
5.736833095604310802e+04 3.178867927850580600e+04 1.675876573579146509e+02
5.736833095840760507e+04 3.133434821056085639e+04 1.667652936027094199e+02
5.736833096077210212e+04 3.154694373706558690e+04 1.671845381819956913e+02
5.736833096313659917e+04 3.151494147093581705e+04 1.670590157251754420e+02
5.736833096550109622e+04 3.150887314417890229e+04 1.671111473309929920e+02
5.736833096786559327e+04 3.187494519511706676e+04 1.678442179080882966e+02
5.736833097023009032e+04 3.167433869364866405e+04 1.673879863836564823e+02
5.736833097259458737e+04 3.127179464247432770e+04 1.667671308817222950e+02
5.736833097495908441e+04 3.161467826722690734e+04 1.672548198178968448e+02
5.736833097732358146e+04 3.154836331993358181e+04 1.671703887778325281e+02
5.736833097968807851e+04 3.161980209807018400e+04 1.673019487510669876e+02
5.736833098205256829e+04 3.159218557976980446e+04 1.672763313614053118e+02
5.736833098441706534e+04 3.159924098669442901e+04 1.672750511872285983e+02
5.736833098678156239e+04 3.161216392708269996e+04 1.672829239952952491e+02
5.736833098914605944e+04 3.189790665081273619e+04 1.678817316703218694e+02
5.736833099151055649e+04 3.173162352321483922e+04 1.674695257777889026e+02
5.736833099387505354e+04 3.177252670453726751e+04 1.674965214099250090e+02
5.736833099623955059e+04 3.165411095075218327e+04 1.674365496179896411e+02
5.736833099860404764e+04 3.182096144821570488e+04 1.677065514620116460e+02
5.736833100096854469e+04 3.163530921079496329e+04 1.672678311528051154e+02
5.736833100333304174e+04 3.171749135305469099e+04 1.674151475031397638e+02
5.736833100569753879e+04 3.156629658362812916e+04 1.671709102169213566e+02
5.736833100806203583e+04 3.159023482367919496e+04 1.673577491026299811e+02
