5.736833031289999781e+04 1.419046480202744715e+04 1.067105493330883519e+02
5.736833031561547250e+04 1.424654950538564481e+04 1.068725383839707632e+02
5.736833031833095447e+04 1.430563655830203788e+04 1.070201637884685795e+02
5.736833032104642916e+04 1.432538767403045131e+04 1.071375797808704817e+02
5.736833032376190386e+04 1.439620186706242566e+04 1.073099702144898515e+02
5.736833032647737855e+04 1.433614300957264641e+04 1.071825613169890374e+02
5.736833032919286052e+04 1.435370743828548075e+04 1.072566367907382698e+02
5.736833033190833521e+04 1.420984480494538366e+04 1.068158007161031122e+02
5.736833033462380990e+04 1.413617871140689749e+04 1.065539104653673661e+02
5.736833033733928460e+04 1.425106001448247662e+04 1.068226943936985407e+02
5.736833034005476657e+04 1.427176043073820620e+04 1.069324307218011967e+02
5.736833034277024126e+04 1.422521936815597473e+04 1.068469717601323481e+02
5.736833034548571595e+04 1.411431859809309208e+04 1.065477366750397294e+02
5.736833034820119792e+04 1.417962451331873672e+04 1.067565411623682508e+02
5.736833035091667261e+04 1.419575226686528367e+04 1.067458530232197944e+02
5.736833035363214731e+04 1.428220223758506108e+04 1.069944878981906129e+02
5.736833035634762200e+04 1.437992395383136682e+04 1.072214995837112497e+02
5.736833035906310397e+04 1.431794736442713656e+04 1.071405341575278243e+02
5.736833036177857866e+04 1.426906484201872809e+04 1.069889896991588216e+02
5.736833036449405336e+04 1.415037180225575503e+04 1.065899398565755263e+02
5.736833036720953532e+04 1.414877583050719477e+04 1.066761313847931376e+02
5.736833036992501002e+04 1.419419576807460726e+04 1.067350980132527809e+02
5.736833037264048471e+04 1.442919285907063022e+04 1.074815410716763608e+02
5.736833037535595940e+04 1.448955858660542435e+04 1.075828452656155463e+02
5.736833037807144137e+04 1.432640237384295688e+04 1.071390623020087958e+02
5.736833038078691607e+04 1.438576626850887260e+04 1.073186064225151881e+02
5.736833038350239076e+04 1.432851088358934430e+04 1.071893476946065675e+02
5.736833038621786545e+04 1.425435739202093828e+04 1.069265126751887749e+02
5.736833038893334742e+04 1.448383057395894139e+04 1.076346355780025021e+02
5.736833039164882211e+04 1.457354924639096134e+04 1.079128164628455409e+02
5.736833039436429681e+04 1.462520693583831599e+04 1.080245296403708153e+02
5.736833039707977878e+04 1.486168264184135114e+04 1.087157364901805039e+02
5.736833039979525347e+04 1.536598107124815942e+04 1.101886148692209844e+02
5.736833040251072816e+04 1.615061455353996644e+04 1.123767693557240221e+02
5.736833040522620286e+04 1.724240122109041113e+04 1.153321438602603877e+02
5.736833040794168483e+04 1.830049219484920832e+04 1.181623056164408894e+02
5.736833041065715952e+04 1.895377606940123951e+04 1.198745697243787731e+02
5.736833041337263421e+04 1.939689178122299563e+04 1.209864330734245925e+02
5.736833041608811618e+04 1.951822689904561776e+04 1.213200997250663562e+02
5.736833041880359087e+04 1.929437209027763311e+04 1.207629728901677879e+02
5.736833042151906557e+04 1.882554027170773406e+04 1.195474165439650278e+02
5.736833042423454026e+04 1.946555857792011375e+04 1.212237250708106728e+02
5.736833042695002223e+04 1.997517824926914182e+04 1.225204745635408727e+02
5.736833042966549692e+04 2.005967512506677667e+04 1.227228932448087591e+02
5.736833043238097162e+04 1.884944255281962978e+04 1.196008880890627495e+02
5.736833043509644631e+04 1.828237175376721643e+04 1.181242151508679115e+02
5.736833043781192828e+04 1.791261770267848624e+04 1.171037492696053874e+02
5.736833044052740297e+04 1.794777551915973163e+04 1.171734401821781972e+02
5.736833044324287766e+04 1.822186447617730300e+04 1.180072487001765893e+02
5.736833044595835963e+04 1.832073490834407130e+04 1.183056765499535459e+02
5.736833044867383433e+04 1.849756215291566332e+04 1.187228864155620727e+02
5.736833045138930902e+04 1.835888717253327559e+04 1.183133768188406663e+02
5.736833045410478371e+04 1.805941320978342264e+04 1.175215340055526383e+02
5.736833045682026568e+04 1.810007944976831277e+04 1.176419479006619326e+02
5.736833045953574037e+04 1.858834551047271088e+04 1.189627320025394539e+02
5.736833046225121507e+04 1.930993111022906669e+04 1.207727574848204171e+02
5.736833046496669704e+04 1.970790058433108788e+04 1.218699006854764804e+02
5.736833046768217173e+04 1.956241265109324013e+04 1.215609771467924105e+02
5.736833047039764642e+04 1.869192581159386100e+04 1.192331332456707287e+02
5.736833047311312112e+04 1.884481409694903050e+04 1.196283366933538161e+02
5.736833047582860308e+04 1.886585185167254531e+04 1.196749152623399937e+02
5.736833047854407778e+04 1.883239807671282324e+04 1.195774465792385968e+02
5.736833048125955247e+04 1.870915722456758886e+04 1.192865025315840199e+02
5.736833048397502716e+04 1.829431607989646727e+04 1.181759881684971987e+02
5.736833048669050913e+04 1.814404398921729080e+04 1.177751160710073037e+02
5.736833048940598383e+04 1.815779642721642449e+04 1.178018969146477275e+02
5.736833049212145852e+04 1.893451281653752449e+04 1.198576424005510717e+02
5.736833049483694049e+04 1.998911611019852353e+04 1.225804472416499635e+02
5.736833049755241518e+04 2.052850004721436562e+04 1.239177211010393194e+02
5.736833050026788987e+04 2.029685366501243334e+04 1.233100533789202728e+02
5.736833050298336457e+04 1.920322098757897402e+04 1.205520354173045803e+02
5.736833050569884654e+04 1.886320296930443874e+04 1.196475281545154701e+02
5.736833050841432123e+04 1.918391891348732315e+04 1.205371766950981538e+02
5.736833051112979592e+04 1.922117717141423418e+04 1.205612318188875633e+02
5.736833051384527789e+04 1.915829268954217332e+04 1.204886934854155385e+02
5.736833051656075259e+04 1.880365562179779954e+04 1.195481086836470297e+02
5.736833051927622728e+04 1.833261625220799760e+04 1.182687225730540064e+02
5.736833052199170197e+04 1.814140177551055967e+04 1.177626205028241060e+02
5.736833052470718394e+04 1.824378843589960161e+04 1.180656010105004015e+02
5.736833052742265863e+04 1.863317815708447961e+04 1.190864808712554606e+02
5.736833053013813333e+04 1.893631485508109836e+04 1.198783633075459392e+02
5.736833053285360802e+04 1.882272444715980600e+04 1.195397141374958352e+02
5.736833053556908999e+04 1.887472472320121233e+04 1.197123107604005554e+02
5.736833053828456468e+04 1.894262734291575543e+04 1.199097582978085512e+02
5.736833054100003937e+04 1.896644895002761768e+04 1.199580919154550287e+02
5.736833054371552134e+04 1.901926939228586707e+04 1.200480825353043741e+02
5.736833054643099604e+04 1.873261582251618529e+04 1.193504161188731700e+02
5.736833054914647073e+04 1.873904242281536790e+04 1.193518229672034749e+02
5.736833055186194542e+04 1.863281353551991197e+04 1.190423289486582092e+02
5.736833055457742739e+04 1.833029570352622250e+04 1.183189936162390694e+02
5.736833055729290209e+04 1.864403518377689761e+04 1.191157282858226552e+02
5.736833056000837678e+04 1.876286649840188693e+04 1.194463102353685997e+02
5.736833056272385875e+04 1.856571849277705769e+04 1.188325809132891351e+02
5.736833056543933344e+04 1.854817328563819319e+04 1.188023772701949099e+02
5.736833056815480813e+04 1.882768626085952928e+04 1.195490218046174959e+02
5.736833057087028283e+04 1.873513331643207130e+04 1.193343018936975284e+02
5.736833057358576480e+04 1.880300578501994096e+04 1.194623493040610924e+02
5.736833057630123949e+04 1.921193051469836428e+04 1.205960207655227237e+02
5.736833057901671418e+04 1.970697926992939756e+04 1.218671089130367875e+02
5.736833058173218888e+04 1.953528168205670227e+04 1.213479921672972495e+02
5.736833058444767084e+04 1.943516526050531320e+04 1.211341542950094947e+02
5.736833058716314554e+04 1.931357672249128518e+04 1.208741457215052577e+02
5.736833058987862023e+04 1.937989769541353598e+04 1.210230721448969717e+02
5.736833059259410220e+04 1.881027966095601732e+04 1.195123568439607169e+02
5.736833059530957689e+04 1.851102349106780821e+04 1.186937117538783468e+02
5.736833059802505159e+04 1.846186779202007529e+04 1.185768664311322880e+02
5.736833060074052628e+04 1.898255342880900207e+04 1.199398836419367029e+02
5.736833060345600825e+04 1.915906649521482541e+04 1.204107664226646648e+02
5.736833060617148294e+04 1.861654001048806458e+04 1.189855324707124424e+02
5.736833060888695763e+04 1.838042203768416948e+04 1.184137271651505614e+02
5.736833061160243960e+04 1.895544796933704492e+04 1.199125631888726531e+02
5.736833061431791430e+04 1.911413469113121027e+04 1.202815755808768614e+02
5.736833061703338899e+04 1.914078462614654563e+04 1.203953500482055432e+02
5.736833061974886368e+04 1.954503328051175413e+04 1.214187365577555227e+02
5.736833062246434565e+04 1.934413566052278838e+04 1.208694562862357316e+02
5.736833062517982034e+04 1.857525906588445650e+04 1.189139371764984787e+02
5.736833062789529504e+04 1.825877501680142086e+04 1.180769738849629391e+02
5.736833063061076973e+04 1.811790639779795674e+04 1.176737546215218941e+02
5.736833063332625170e+04 1.804412518183155407e+04 1.174600415747512585e+02
5.736833063604172639e+04 1.821071561607250624e+04 1.179356490544035267e+02
5.736833063875720109e+04 1.829340572429659733e+04 1.181349854608195358e+02
5.736833064147268306e+04 1.920155852397031413e+04 1.205300613717027858e+02
5.736833064418815775e+04 1.946172640561189110e+04 1.212342923989375691e+02
5.736833064690363244e+04 1.937004186650478732e+04 1.210060389748618661e+02
5.736833064961910713e+04 1.923489270098928682e+04 1.205781723502316254e+02
5.736833065233458910e+04 1.902757005503333130e+04 1.200968727961674318e+02
5.736833065505006380e+04 1.854277288721849618e+04 1.188046358505877151e+02
5.736833065776553849e+04 1.796031764724491586e+04 1.172307234838185792e+02
5.736833066048102046e+04 1.774561727252302444e+04 1.166599440075531362e+02
5.736833066319649515e+04 1.792190209350609075e+04 1.171625565228234507e+02
5.736833066591196985e+04 1.834858840062782838e+04 1.183433796631940282e+02
5.736833066862744454e+04 1.890526207728659938e+04 1.198096927712288817e+02
5.736833067134292651e+04 1.879862654893589206e+04 1.194364974621017552e+02
5.736833067405840120e+04 1.850130961088441109e+04 1.187606736350676897e+02
5.736833067677387589e+04 1.809885910950184189e+04 1.176616870332720595e+02
5.736833067948935059e+04 1.791755059382009858e+04 1.172014626018263783e+02
5.736833068220483256e+04 1.808674834526434643e+04 1.176429434896411408e+02
5.736833068492030725e+04 1.818394057002825866e+04 1.178989609457617291e+02
5.736833068763578194e+04 1.846835299173406747e+04 1.186594834221454704e+02
5.736833069035126391e+04 1.842224256963596417e+04 1.184771509234176818e+02
5.736833069306673860e+04 1.821764623610576382e+04 1.178984627470815099e+02
5.736833069578221330e+04 1.819139172361390229e+04 1.178937983672874452e+02
5.736833069849768799e+04 1.829687414606952370e+04 1.181621091776171397e+02
5.736833070121316996e+04 1.857874529919229826e+04 1.188940761929394796e+02
5.736833070392864465e+04 1.911812546984851724e+04 1.202806727038976504e+02
5.736833070664411935e+04 1.948837278641981175e+04 1.212929273550757046e+02
5.736833070935959404e+04 1.974715933917279108e+04 1.219449100447535557e+02
5.736833071207507601e+04 1.985461126946196964e+04 1.222313293454527070e+02
5.736833071479055070e+04 1.935835824156050512e+04 1.209201207839174117e+02
5.736833071750602539e+04 1.867740820034186982e+04 1.192075718734265024e+02
5.736833072022150736e+04 1.823278118136938429e+04 1.180531625763882033e+02
5.736833072293698206e+04 1.817583731952066955e+04 1.177861489325022148e+02
5.736833072565245675e+04 1.859884420183927068e+04 1.189058205013861738e+02
5.736833072836793144e+04 1.905472943231240424e+04 1.201114805382342894e+02
5.736833073108341341e+04 1.931639464337707614e+04 1.207978650343029869e+02
5.736833073379888810e+04 1.916593525611206496e+04 1.204220648647106628e+02
5.736833073651436280e+04 1.901877107470275951e+04 1.200790178754490256e+02
5.736833073922984477e+04 1.888699043787462870e+04 1.196257482244350143e+02
5.736833074194531946e+04 1.886913282518232518e+04 1.196888972967427520e+02
5.736833074466079415e+04 1.929537991922248330e+04 1.207518406747075232e+02
5.736833074737626885e+04 1.968369718887144700e+04 1.217332534376781155e+02
5.736833075009175082e+04 1.943745927520669647e+04 1.211367703668092304e+02
5.736833075280722551e+04 1.912120966545637930e+04 1.203314550294079908e+02
5.736833075552270020e+04 1.920632782901930477e+04 1.205436907001792690e+02
5.736833075823817489e+04 1.924772415219336108e+04 1.207163035296963045e+02
5.736833076095365686e+04 1.907239270399483939e+04 1.202238081215222394e+02
5.736833076366913156e+04 1.852784512503404767e+04 1.187688183907621919e+02
5.736833076638460625e+04 1.858187557738729447e+04 1.189189813299930165e+02
5.736833076910008822e+04 1.879094154937574785e+04 1.195079465840734372e+02
5.736833077181556291e+04 1.921278620505186336e+04 1.205483740728559212e+02
5.736833077453103760e+04 1.896480808663734933e+04 1.199014496441220672e+02
5.736833077724651230e+04 1.864752583151805447e+04 1.191132481313100868e+02
5.736833077996199427e+04 1.873911935869331137e+04 1.193009813998996975e+02
5.736833078267746896e+04 1.875016567081415997e+04 1.194102914805248901e+02
5.736833078539294365e+04 1.871658404085112852e+04 1.192400498265640323e+02
5.736833078810842562e+04 1.857018162238770674e+04 1.188821819548635546e+02
5.736833079082390032e+04 1.828880311247986174e+04 1.181411237246955608e+02
5.736833079353937501e+04 1.791047069519184879e+04 1.171923444193084691e+02
5.736833079625484970e+04 1.808159198861568075e+04 1.176426205910311751e+02
5.736833079897033167e+04 1.849034708952840811e+04 1.186574494016518457e+02
5.736833080168580636e+04 1.856138099503340709e+04 1.188273840823198100e+02
5.736833080440128106e+04 1.875491931960978764e+04 1.193550942562843034e+02
5.736833080711675575e+04 1.897082677185109060e+04 1.199347312240558381e+02
5.736833080983223772e+04 1.909247004477502924e+04 1.202452041940790508e+02
5.736833081254771241e+04 1.887329026256331417e+04 1.196698503430089318e+02
5.736833081526318711e+04 1.871008586809880217e+04 1.192218746903191118e+02
5.736833081797866907e+04 1.862917041122242881e+04 1.190470727430992923e+02
5.736833082069414377e+04 1.854828475385709680e+04 1.188171368625291109e+02
5.736833082340961846e+04 1.847988525102507992e+04 1.185913395176387866e+02
5.736833082612509315e+04 1.846647077789163814e+04 1.186165042026727861e+02
5.736833082884057512e+04 1.875720264713371216e+04 1.193695167008894202e+02
5.736833083155604982e+04 1.894730343695297051e+04 1.198768065839508665e+02
5.736833083427152451e+04 1.891724242880008023e+04 1.198123277442502683e+02
5.736833083698700648e+04 1.884119079130934915e+04 1.196269898744740487e+02
5.736833083970248117e+04 1.843678837869103518e+04 1.185314822303908215e+02
5.736833084241795586e+04 1.837130929705588278e+04 1.182979786918926663e+02
5.736833084513343056e+04 1.848259379107660061e+04 1.185660197908263740e+02
5.736833084784891253e+04 1.853020238184327172e+04 1.187756723108849712e+02
5.736833085056438722e+04 1.863634722697656980e+04 1.190718107308591982e+02
5.736833085327986191e+04 1.833981184809695696e+04 1.182619734207793840e+02
5.736833085599533661e+04 1.862351330405979388e+04 1.189821733502385399e+02
5.736833085871081857e+04 1.925485097684297216e+04 1.206864494757686117e+02
5.736833086142629327e+04 1.970128319379491222e+04 1.218444718948561700e+02
5.736833086414176796e+04 1.938836029899996356e+04 1.210485765419022641e+02
5.736833086685724993e+04 1.904809868115559948e+04 1.201935344452654419e+02
5.736833086957272462e+04 1.899583586531187029e+04 1.199590077505820602e+02
5.736833087228819932e+04 1.918345601001718023e+04 1.204763461446706714e+02
5.736833087500367401e+04 1.931452161326577698e+04 1.208033752113259425e+02
5.736833087771915598e+04 1.912148098143923926e+04 1.203231098709434690e+02
5.736833088043463067e+04 1.888603352996055764e+04 1.197165503405255720e+02
5.736833088315010536e+04 1.885964026666063364e+04 1.196230326293546398e+02
5.736833088586558733e+04 1.875331774851796945e+04 1.192800923697871838e+02
5.736833088858106203e+04 1.861083892844268121e+04 1.189343830585453929e+02
5.736833089129653672e+04 1.820270221295286683e+04 1.179182357993210388e+02
5.736833089401201141e+04 1.804745761935983683e+04 1.174732563524842703e+02
5.736833089672749338e+04 1.819526448394428007e+04 1.178438354079489869e+02
5.736833089944296808e+04 1.833243111820022750e+04 1.182770957195194796e+02
5.736833090215844277e+04 1.881404415346788664e+04 1.195017124898938761e+02
5.736833090487391746e+04 1.908887681663220428e+04 1.202031021008785530e+02
5.736833090758939943e+04 1.888067482422914691e+04 1.196987058945154700e+02
5.736833091030487412e+04 1.887278860561098190e+04 1.196776547347417647e+02
5.736833091302034882e+04 1.882759967536722615e+04 1.195288532990941945e+02
5.736833091573583079e+04 1.861875604964350714e+04 1.189552142156513526e+02
5.736833091845130548e+04 1.877317460781019690e+04 1.193592634181291174e+02
5.736833092116678017e+04 1.865634518541615762e+04 1.190825258059820726e+02
5.736833092388225487e+04 1.794967189232149758e+04 1.172273516257543804e+02
5.736833092659773683e+04 1.706111713220892125e+04 1.147533997769235015e+02
5.736833092931321153e+04 1.618313921573016341e+04 1.124062555546113344e+02
5.736833093202868622e+04 1.506964308916474147e+04 1.092771297562307637e+02
5.736833093474416819e+04 1.468696114310845587e+04 1.081620521030512094e+02
5.736833093745964288e+04 1.442801710318804362e+04 1.074118553552353887e+02
5.736833094017511758e+04 1.465279117197444248e+04 1.080451666072556520e+02
5.736833094289059227e+04 1.438235819452185387e+04 1.071769201435648853e+02
5.736833094560607424e+04 1.449042528045664039e+04 1.074972477183880528e+02
5.736833094832154893e+04 1.436293767846165792e+04 1.072200130192371006e+02
5.736833095103702362e+04 1.417286533673352824e+04 1.066664125725911560e+02
5.736833095375249832e+04 1.425244913872359393e+04 1.068851741531121462e+02
5.736833095646798029e+04 1.430677586239872107e+04 1.070304350706220475e+02
5.736833095918345498e+04 1.418825434344727910e+04 1.067239758265916407e+02
5.736833096189892967e+04 1.428946785020388779e+04 1.069732773278767439e+02
5.736833096461441164e+04 1.433192431148430478e+04 1.071630047415185913e+02
5.736833096732988633e+04 1.432521318104309285e+04 1.071645698557278337e+02
5.736833097004536103e+04 1.437609514587701415e+04 1.072218547207189800e+02
5.736833097276083572e+04 1.431888434069533287e+04 1.070222252899218773e+02
5.736833097547631769e+04 1.424905277061843663e+04 1.068790782220519446e+02
5.736833097819179238e+04 1.428165485053853263e+04 1.069628390847943393e+02
5.736833098090726708e+04 1.428729669154512885e+04 1.069690260894960829e+02
5.736833098362274905e+04 1.417985843460768956e+04 1.067137460720067139e+02
5.736833098633822374e+04 1.428234112294664737e+04 1.069755519789516569e+02
5.736833098905369843e+04 1.427179177324490593e+04 1.069698577484743538e+02
5.736833099176917312e+04 1.418962841921077052e+04 1.067002249046622921e+02
5.736833099448465509e+04 1.429933365336510178e+04 1.069642846611288434e+02
5.736833099720012979e+04 1.435220466850610137e+04 1.072045337828979257e+02
5.736833099991560448e+04 1.428987291095807086e+04 1.069946232776687651e+02
5.736833100263107917e+04 1.429497233648713154e+04 1.070412572160591509e+02
5.736833100534656114e+04 1.426864551730064341e+04 1.069495898358254635e+02
5.736833100806203583e+04 1.413851320108258187e+04 1.066020673685927846e+02
