5.736348485249999794e+04 3.002180844691596212e+04 1.632043736470092483e+02
5.736348485533730127e+04 3.013832681015862909e+04 1.634844175191545048e+02
5.736348485817460460e+04 3.039450350244278525e+04 1.638910264626604771e+02
5.736348486101190065e+04 3.075880643491242881e+04 1.646348603443819911e+02
5.736348486384920398e+04 3.054324503687651668e+04 1.642458435021345053e+02
5.736348486668650730e+04 3.097238860728818327e+04 1.651031721774702419e+02
5.736348486952381063e+04 3.131067518827936874e+04 1.657383584461140060e+02
5.736348487236110668e+04 3.150365048267743259e+04 1.660900635626244366e+02
5.736348487519841001e+04 3.183638830604731265e+04 1.666053959261751061e+02
5.736348487803571334e+04 3.212184376155256177e+04 1.671519077178896566e+02
5.736348488087301666e+04 3.223744409149161220e+04 1.673778535499373845e+02
5.736348488371031272e+04 3.249504151561672188e+04 1.677905194201308348e+02
5.736348488654761604e+04 3.273985200469889605e+04 1.681376909865199991e+02
5.736348488938491937e+04 3.298182195665076142e+04 1.686822465012574241e+02
5.736348489222222270e+04 3.342809334617701825e+04 1.694628781510908482e+02
5.736348489505951875e+04 3.352937497045094642e+04 1.695407731958958948e+02
5.736348489789682208e+04 3.359468106701424404e+04 1.697072185175898085e+02
5.736348490073412540e+04 3.417948288908399263e+04 1.706903636205057353e+02
5.736348490357142873e+04 3.456353231682649493e+04 1.714003848544014659e+02
5.736348490640872478e+04 3.416872114183760277e+04 1.708068362665080144e+02
5.736348490924602811e+04 3.436130089278748346e+04 1.711509781830815484e+02
5.736348491208333144e+04 3.488699990771812008e+04 1.721313929717183555e+02
5.736348491492063476e+04 3.542305615074559319e+04 1.730815751517367573e+02
5.736348491775793082e+04 3.641774233814181935e+04 1.748044847280254714e+02
5.736348492059523414e+04 3.800200140861491673e+04 1.776507178444439319e+02
5.736348492343253747e+04 4.110055972597053187e+04 1.829953641236060378e+02
5.736348492626984080e+04 4.767302555328846211e+04 1.940620006458528906e+02
5.736348492910713685e+04 5.495975224314263323e+04 2.055782387685130743e+02
5.736348493194444018e+04 5.663847631168066437e+04 2.078715030884695238e+02
5.736348493478174350e+04 6.059611014039796282e+04 2.138249837697931923e+02
5.736348493761904683e+04 6.778336310771695571e+04 2.240627057803523030e+02
5.736348494045635016e+04 7.290189796419729828e+04 2.310175132390816657e+02
5.736348494329364621e+04 7.279622481462990982e+04 2.308105231442397098e+02
5.736348494613094954e+04 6.766405957294542168e+04 2.237861919323214579e+02
5.736348494896825287e+04 7.096325158757709141e+04 2.284466819524296000e+02
5.736348495180555619e+04 7.102931181146766176e+04 2.284677633551581266e+02
5.736348495464285224e+04 7.411875460201824899e+04 2.328942491359529754e+02
5.736348495748015557e+04 8.181223148732562549e+04 2.431139467626748001e+02
5.736348496031745890e+04 8.307209701958209916e+04 2.448377949395549820e+02
5.736348496315476223e+04 7.787742004980862839e+04 2.382246450277680196e+02
5.736348496599205828e+04 7.473988974685323774e+04 2.341423203408964184e+02
5.736348496882936161e+04 7.232638346061513585e+04 2.308916096480857902e+02
5.736348497166666493e+04 6.630558976264709781e+04 2.228974009117614514e+02
5.736348497450396826e+04 7.039802927544263366e+04 2.285973583367478454e+02
5.736348497734126431e+04 7.258354001769919705e+04 2.315970429386290164e+02
5.736348498017856764e+04 7.341443706556910183e+04 2.327240554461351394e+02
5.736348498301587097e+04 8.108035224699348328e+04 2.429610039097065339e+02
5.736348498585317429e+04 7.399940903978751157e+04 2.337062098219037409e+02
5.736348498869047035e+04 7.144845148997197975e+04 2.303596418759599089e+02
5.736348499152777367e+04 7.285778828121616971e+04 2.323996611430625308e+02
5.736348499436507700e+04 7.472361313849664293e+04 2.350360905560669664e+02
5.736348499720238033e+04 7.333320895140989160e+04 2.330312849625832428e+02
5.736348500003967638e+04 7.582417928031389602e+04 2.363537162578731454e+02
5.736348500287697971e+04 7.429023464509195765e+04 2.343472797463327879e+02
5.736348500571428303e+04 7.083280579276948993e+04 2.298702164601878337e+02
5.736348500855158636e+04 6.804683294593983737e+04 2.261572120144775795e+02
5.736348501138888969e+04 6.634151293968208483e+04 2.240200581555575923e+02
5.736348501422618574e+04 6.918194821906941070e+04 2.279667422062775870e+02
5.736348501706348907e+04 7.078016712298266066e+04 2.302874120086784444e+02
5.736348501990079239e+04 6.841701357800261758e+04 2.271414477292479148e+02
5.736348502273809572e+04 7.622192739010753576e+04 2.377376705173915923e+02
5.736348502557539177e+04 7.450879038023346220e+04 2.356288760901502428e+02
5.736348502841269510e+04 6.987920172923579230e+04 2.295074496527358576e+02
5.736348503124999843e+04 6.989661639666634437e+04 2.296375669853056820e+02
5.736348503408730176e+04 7.019445497172082833e+04 2.301716804126639886e+02
5.736348503692459781e+04 7.033348183908918872e+04 2.304570264682535878e+02
5.736348503976190113e+04 7.394146438569047314e+04 2.355382468830258631e+02
5.736348504259920446e+04 7.097416325313621201e+04 2.315839705328806417e+02
5.736348504543650779e+04 7.048039133361264248e+04 2.310345846164107684e+02
5.736348504827380384e+04 7.446118094523235050e+04 2.365175536049630125e+02
5.736348505111110717e+04 7.636654429027470178e+04 2.390448121446486311e+02
5.736348505394841050e+04 7.412946319986932212e+04 2.362243378868370485e+02
5.736348505678571382e+04 6.899597303054051008e+04 2.294601548179342672e+02
5.736348505962300987e+04 6.528571686291228980e+04 2.243728215356919407e+02
5.736348506246031320e+04 6.826614841967786197e+04 2.287276167437879337e+02
5.736348506529761653e+04 7.364709246873421944e+04 2.361774316103291085e+02
5.736348506813491986e+04 7.255604816659438075e+04 2.349181189548229156e+02
5.736348507097221591e+04 7.340841926557103579e+04 2.361617486978148577e+02
5.736348507380951924e+04 6.884896107360954920e+04 2.303450176342909401e+02
5.736348507664682256e+04 7.102108495115162805e+04 2.336476094657843703e+02
5.736348507948412589e+04 7.208427661504526623e+04 2.354302078345216103e+02
5.736348508232142194e+04 7.190202442041410541e+04 2.358833574120193930e+02
5.736348508515872527e+04 6.595929241668866598e+04 2.285053548365377480e+02
5.736348508799602860e+04 5.790588472251006897e+04 2.181208115659126179e+02
5.736348509083333192e+04 4.222151436154347903e+04 1.957219361988031210e+02
5.736348509367063525e+04 3.397139038013920072e+04 1.847335382711116836e+02
5.736348509650793130e+04 2.999470358163511992e+04 1.827822806630905177e+02
5.736348509934523463e+04 2.560688320747749094e+04 1.842106506850698793e+02
5.736348510218253796e+04 1.784948721169543933e+04 1.882056086562174073e+02
5.736348510501984128e+04 8.894077877997042378e+03 1.921372346746956907e+02
5.736348510785713734e+04 -8.462203710682661040e+01 1.963392676677690929e+02
5.736348511069444066e+04 -1.491299823859289609e+04 2.026061242157015272e+02
5.736348511353174399e+04 -2.329420499662243674e+04 2.070663724724032022e+02
5.736348511636904732e+04 -2.111249444956335356e+04 2.060132718107233245e+02
5.736348511920634337e+04 -1.622298147711106867e+04 2.031713551389293571e+02
5.736348512204364670e+04 -1.363555670201399334e+04 2.020308544414586720e+02
5.736348512488095002e+04 -2.036185182591370540e+04 2.050613835334300177e+02
5.736348512771825335e+04 -2.560487290149771434e+04 2.075357345250952790e+02
5.736348513055554940e+04 -2.372996918629403808e+04 2.069775420291657326e+02
5.736348513339285273e+04 -2.548670467382078641e+04 2.074796407317758167e+02
5.736348513623015606e+04 -1.893418910249426699e+04 2.044914443746784229e+02
5.736348513906745939e+04 -2.414942544592553895e+04 2.070690762679387262e+02
5.736348514190475544e+04 -2.803479911668394925e+04 2.087778066747609387e+02
5.736348514474205876e+04 -2.378597844341001473e+04 2.073464535874614114e+02
5.736348514757936209e+04 -1.600018662849643442e+04 2.032770702404738756e+02
5.736348515041666542e+04 -4.356891799304503365e+02 1.964457282050104823e+02
5.736348515325396147e+04 2.202698746429661696e+04 1.852990412843394381e+02
5.736348515609126480e+04 3.221278535964129333e+04 1.810263018895912239e+02
5.736348515892856813e+04 3.420377977567321068e+04 1.802602532945442704e+02
5.736348516176587145e+04 3.488996542635260266e+04 1.801377313823792292e+02
5.736348516460317478e+04 3.511194765009125695e+04 1.798569866446842695e+02
5.736348516744047083e+04 3.563581255849563604e+04 1.802287740314601479e+02
5.736348517027777416e+04 3.574787020610371837e+04 1.805731973837749820e+02
5.736348517311507749e+04 3.586966207663279783e+04 1.807650791243719368e+02
5.736348517595238081e+04 3.581953953280416317e+04 1.805499563072452531e+02
5.736348517878967687e+04 3.561309403630482848e+04 1.802631643708536728e+02
5.736348518162698019e+04 3.619173049632299080e+04 1.812251352491786349e+02
5.736348518446428352e+04 3.590898286625210312e+04 1.807822259297087726e+02
5.736348518730158685e+04 3.601050055133769638e+04 1.807862430688472841e+02
5.736348519013888290e+04 3.634111296555481385e+04 1.815547238177742315e+02
5.736348519297618623e+04 3.568370761720040900e+04 1.804452906294613399e+02
5.736348519581348955e+04 3.567883398821153969e+04 1.805159113416394234e+02
5.736348519865079288e+04 3.602354567181052698e+04 1.811333993581278321e+02
5.736348520148808893e+04 3.561267204682852753e+04 1.804273011092195134e+02
5.736348520432539226e+04 3.582808206798929314e+04 1.807607318090549313e+02
5.736348520716269559e+04 3.596427303781604860e+04 1.812198385885811831e+02
5.736348520999999892e+04 3.589241812463971291e+04 1.811811172063677873e+02
5.736348521283729497e+04 3.546794541579898214e+04 1.805084600023913310e+02
5.736348521567459829e+04 3.536856117613315291e+04 1.803337299197117147e+02
5.736348521851190162e+04 3.507751940880898474e+04 1.800339748012924304e+02
5.736348522134920495e+04 3.502106375262775691e+04 1.800139876699418835e+02
5.736348522418650100e+04 3.556668995074446866e+04 1.809495084574674593e+02
5.736348522702380433e+04 3.509455375379948964e+04 1.802030822505520291e+02
5.736348522986110765e+04 3.515754709907581855e+04 1.804511230538134328e+02
5.736348523269841098e+04 3.524432322784949065e+04 1.806837011902966594e+02
5.736348523553570703e+04 3.482222425741401094e+04 1.800646229877937401e+02
5.736348523837301036e+04 3.521219010815894580e+04 1.808310734099276260e+02
5.736348524121031369e+04 3.529428174044486514e+04 1.809063803869254912e+02
5.736348524404761702e+04 3.507913618926073832e+04 1.805899449683970204e+02
5.736348524688492034e+04 3.486314144380565267e+04 1.804656421146305831e+02
5.736348524972221639e+04 3.509440495445967099e+04 1.809361009654915904e+02
5.736348525255951972e+04 3.511672904239036143e+04 1.808607530958899190e+02
5.736348525539682305e+04 3.487512486627879844e+04 1.806530153576098883e+02
5.736348525823412638e+04 3.500069969444446906e+04 1.808124410235233199e+02
5.736348526107142243e+04 3.495097438866362791e+04 1.808479537951143925e+02
5.736348526390872576e+04 3.463928730783399806e+04 1.804286682841271556e+02
5.736348526674602908e+04 3.500235073991997342e+04 1.811482878770697766e+02
5.736348526958333241e+04 3.525339540105047490e+04 1.815976665559069261e+02
5.736348527242062846e+04 3.494437513224434224e+04 1.811859221721374809e+02
5.736348527525793179e+04 3.496797585154174885e+04 1.813418693284912990e+02
5.736348527809523512e+04 3.441250725272527052e+04 1.803509156983323294e+02
5.736348528093253844e+04 3.427816982760390238e+04 1.802858881357786345e+02
5.736348528376983450e+04 3.464745460702961282e+04 1.808675907787049653e+02
5.736348528660713782e+04 3.487654391439634492e+04 1.814451751762329934e+02
5.736348528944444115e+04 3.462367330851449515e+04 1.810573289568446853e+02
5.736348529228174448e+04 3.452451748809577839e+04 1.810626518593771834e+02
5.736348529511904053e+04 3.483116331369822728e+04 1.814891161551636571e+02
5.736348529795634386e+04 3.474937924004455999e+04 1.815629678646170646e+02
5.736348530079364718e+04 3.460200342381243536e+04 1.814926159558638972e+02
5.736348530363095051e+04 3.474987204677209957e+04 1.816539791693145389e+02
5.736348530646824656e+04 3.451372070694830472e+04 1.813548135765800851e+02
5.736348530930554989e+04 3.434766801170972758e+04 1.810707325952049018e+02
5.736348531214285322e+04 3.433929048999253428e+04 1.812302077046918782e+02
5.736348531498015655e+04 3.423492427502120700e+04 1.810610695845053328e+02
5.736348531781745987e+04 3.434482536318899656e+04 1.813593676520666236e+02
5.736348532065475592e+04 3.399377245679037878e+04 1.810011067255430532e+02
5.736348532349205925e+04 3.442210381743909238e+04 1.815670296709855336e+02
5.736348532632936258e+04 3.439141320746034035e+04 1.817688710053921000e+02
5.736348532916666591e+04 3.387033855356948334e+04 1.809588426724305350e+02
5.736348533200396196e+04 3.355848839942511404e+04 1.804613140744563111e+02
5.736348533484126528e+04 3.356783347917368519e+04 1.805088393524800665e+02
5.736348533767856861e+04 3.316082882574908581e+04 1.798181745589884599e+02
5.736348534051587194e+04 3.309391113262114231e+04 1.796917185054118420e+02
5.736348534335316799e+04 3.343372024272788258e+04 1.805249041096356279e+02
5.736348534619047132e+04 3.313588500334566925e+04 1.800882953559231510e+02
5.736348534902777465e+04 3.286767281712403928e+04 1.797777197430227147e+02
5.736348535186507797e+04 3.286158547857811936e+04 1.797284259053283790e+02
5.736348535470237402e+04 3.308450310710938356e+04 1.804524460672849386e+02
5.736348535753967735e+04 3.271425579486461720e+04 1.798646837371207994e+02
5.736348536037698068e+04 3.253356639592290594e+04 1.798989354140439900e+02
5.736348536321428401e+04 3.264909095910771430e+04 1.805371499103003146e+02
5.736348536605158006e+04 3.296873060636071750e+04 1.811802142874454375e+02
5.736348536888888339e+04 3.290708297356375260e+04 1.812962605938701870e+02
5.736348537172618671e+04 3.243452615712158877e+04 1.806834827033617330e+02
5.736348537456349004e+04 3.207309678069347137e+04 1.801593734649553937e+02
5.736348537740078609e+04 3.171739434012377751e+04 1.796803876109474913e+02
5.736348538023808942e+04 3.192285351866840210e+04 1.802255864757442225e+02
5.736348538307539275e+04 3.166333146371276598e+04 1.798856565090720210e+02
5.736348538591269607e+04 3.126058415388643334e+04 1.792938532169257542e+02
5.736348538874999213e+04 3.158572895095311833e+04 1.798127122432251497e+02
5.736348539158729545e+04 3.149921970250608138e+04 1.797693753137324677e+02
5.736348539442459878e+04 3.154748249437984123e+04 1.797572040783628893e+02
5.736348539726190211e+04 3.158505452557572426e+04 1.796882929335387473e+02
5.736348540009920544e+04 3.134949085689169442e+04 1.795551107816079082e+02
5.736348540293650149e+04 3.115915915500589472e+04 1.794780500750503052e+02
5.736348540577380481e+04 3.125488084899650858e+04 1.798638163399560028e+02
5.736348540861110814e+04 3.138662876893961948e+04 1.801618982302045993e+02
5.736348541144841147e+04 3.172862596591918555e+04 1.806207712217383801e+02
5.736348541428570752e+04 3.151890427828586689e+04 1.801478915751491741e+02
5.736348541712301085e+04 3.152389463520946447e+04 1.801869078708120639e+02
5.736348541996031418e+04 3.177150394013848563e+04 1.807040848429651589e+02
5.736348542279761750e+04 3.172143833609732246e+04 1.807524985441399679e+02
5.736348542563491355e+04 3.171645341863859358e+04 1.811881513483575645e+02
5.736348542847221688e+04 3.121780465071123763e+04 1.802783854699697486e+02
5.736348543130952021e+04 3.119431027928546973e+04 1.801691090739120114e+02
5.736348543414682354e+04 3.084331184645106623e+04 1.794096939867775120e+02
5.736348543698411959e+04 3.052643028233477526e+04 1.791784506681601954e+02
5.736348543982142291e+04 3.061969093397282995e+04 1.795852513088013609e+02
5.736348544265872624e+04 3.057763966409771092e+04 1.795191367478874724e+02
5.736348544549602957e+04 3.058458606040592713e+04 1.795929502507565587e+02
5.736348544833332562e+04 3.057945959686749484e+04 1.796591164228179878e+02
5.736348545117062895e+04 3.048743556077054382e+04 1.796565221764578837e+02
5.736348545400793228e+04 3.041310171859654656e+04 1.796269063932672623e+02
5.736348545684523560e+04 3.033719010239335330e+04 1.794196481616013727e+02
5.736348545968253165e+04 3.025208215644150914e+04 1.793303054101724854e+02
5.736348546251983498e+04 3.034192162025375364e+04 1.793873241792654198e+02
5.736348546535713831e+04 3.028531428377030534e+04 1.793924381528994445e+02
5.736348546819444164e+04 3.016933267089067522e+04 1.792694503541117683e+02
5.736348547103174496e+04 3.005712353604316013e+04 1.791874947179547348e+02
5.736348547386904102e+04 2.998394867119764240e+04 1.791182590219981705e+02
5.736348547670634434e+04 2.997667414174935402e+04 1.793615980097852400e+02
5.736348547954364767e+04 2.983713568103626676e+04 1.793088284849687852e+02
5.736348548238095100e+04 2.990593769602165412e+04 1.794437613933378373e+02
5.736348548521824705e+04 2.995758874970244506e+04 1.794145865516265985e+02
5.736348548805555038e+04 3.049127480193123483e+04 1.803675036435562617e+02
5.736348549089285370e+04 2.988527123654929164e+04 1.793892651332915023e+02
5.736348549373015703e+04 2.958518948418493528e+04 1.792775388711274331e+02
5.736348549656745308e+04 2.938889892502573639e+04 1.791531639746481517e+02
5.736348549940475641e+04 2.941872342800065235e+04 1.790478162888930456e+02
5.736348550224205974e+04 2.956671065204841580e+04 1.795108998298485687e+02
5.736348550507936307e+04 2.933521180270185141e+04 1.789098166822565474e+02
5.736348550791665912e+04 2.917334423459107347e+04 1.786834606877517047e+02
5.736348551075396244e+04 2.952257063065136390e+04 1.792454129811079611e+02
5.736348551359126577e+04 2.920401168831936229e+04 1.789864061173846039e+02
5.736348551642856910e+04 2.936051249009728053e+04 1.792467444789346587e+02
5.736348551926586515e+04 2.915985526666165606e+04 1.792532022623859120e+02
5.736348552210316848e+04 2.910605701813169799e+04 1.790805058428472023e+02
5.736348552494047181e+04 2.878475963453076110e+04 1.785942363040172154e+02
5.736348552777777513e+04 2.918422025367408787e+04 1.792120934094088511e+02
5.736348553061507118e+04 2.886348237505352154e+04 1.788278689745241081e+02
5.736348553345237451e+04 2.907451549244925263e+04 1.792205573367419049e+02
5.736348553628967784e+04 2.907993360161630699e+04 1.792234559743327509e+02
5.736348553912698117e+04 2.881977610703696701e+04 1.789407227566459540e+02
5.736348554196427722e+04 2.904698010353987775e+04 1.792901025964144708e+02
5.736348554480158055e+04 2.924094331714421423e+04 1.796644299479517031e+02
5.736348554763888387e+04 2.904002314831576587e+04 1.793858277918388353e+02
