5.745938794449999841e+04 3.294787890543917194e+06 1.445852838842856954e+03
5.745938794675057579e+04 3.299398947546851821e+06 1.446849108309771964e+03
5.745938794900115317e+04 3.293577241988874041e+06 1.445591151136117787e+03
5.745938795125173056e+04 3.281704120414370671e+06 1.443022201928640243e+03
5.745938795350230794e+04 3.275087803005571477e+06 1.441588664244583242e+03
5.745938795575288532e+04 3.264136480637176894e+06 1.439212736324354410e+03
5.745938795800346270e+04 3.255465550162335392e+06 1.437328761575256067e+03
5.745938796025403281e+04 3.245534692679179367e+06 1.435167998153695862e+03
5.745938796250461019e+04 3.233324765590751078e+06 1.432506886019826197e+03
5.745938796475518757e+04 3.223685582336240914e+06 1.430402561854581791e+03
5.745938796700576495e+04 3.208827326135783456e+06 1.427152787488033709e+03
5.745938796925634233e+04 3.198122707408020739e+06 1.424806896435447698e+03
5.745938797150691971e+04 3.187020583741734736e+06 1.422369805936059720e+03
5.745938797375749709e+04 3.177616021301507019e+06 1.420302085231674255e+03
5.745938797600807447e+04 3.171671822763098404e+06 1.418993618458848687e+03
5.745938797825865186e+04 3.164561400406704284e+06 1.417426850054065426e+03
5.745938798050922924e+04 3.146742768570598215e+06 1.413492918396347704e+03
5.745938798275980662e+04 3.134418249131286051e+06 1.410765538885556225e+03
5.745938798501038400e+04 3.123322204339755699e+06 1.408305498715512158e+03
5.745938798726096138e+04 3.112266828308179509e+06 1.405850193901402918e+03
5.745938798951153876e+04 3.101434553333174903e+06 1.403440271558869881e+03
5.745938799176210887e+04 3.091323966987953987e+06 1.401187167857125132e+03
5.745938799401268625e+04 3.079691329356703907e+06 1.398590390660517869e+03
5.745938799626326363e+04 3.069403957262352575e+06 1.396289895862950971e+03
5.745938799851384101e+04 3.058057311015131883e+06 1.393748119060419413e+03
5.745938800076441839e+04 3.046081507251059171e+06 1.391060366063210040e+03
5.745938800301499577e+04 3.035992400201242417e+06 1.388792011111014517e+03
5.745938800526557316e+04 3.026740801214252599e+06 1.386708693547028815e+03
5.745938800751615054e+04 3.011161312821791507e+06 1.383193341696532116e+03
5.745938800976672792e+04 2.997557548993422650e+06 1.380116469041975051e+03
5.745938801201730530e+04 2.987479972116938327e+06 1.377832712114604419e+03
5.745938801426788268e+04 2.976080156126616523e+06 1.375244740974905653e+03
5.745938801651846006e+04 2.963453729417517781e+06 1.372372610075685088e+03
5.745938801876903744e+04 2.954618060506939422e+06 1.370359182045655189e+03
5.745938802101960755e+04 2.943814517254975624e+06 1.367893297477679653e+03
5.745938802327018493e+04 2.931182519483012147e+06 1.365004422951399192e+03
5.745938802552076231e+04 2.921414118625366595e+06 1.362766239727435504e+03
5.745938802777133969e+04 2.913031711191212758e+06 1.360842687269365342e+03
5.745938803002191707e+04 2.900829911468152888e+06 1.358037810470531667e+03
5.745938803227249446e+04 2.888212910012978129e+06 1.355131384315967807e+03
5.745938803452307184e+04 2.875642515689165797e+06 1.352229482116747931e+03
5.745938803677364922e+04 2.868116817024268210e+06 1.350489174573483069e+03
5.745938803902422660e+04 2.853143916469427291e+06 1.347020025015735200e+03
5.745938804127480398e+04 2.844035321411799174e+06 1.344905229331187684e+03
5.745938804352538136e+04 2.838853390915238298e+06 1.343700624887115282e+03
5.745938804577595874e+04 2.829317653297789395e+06 1.341481096889225000e+03
5.745938804802653613e+04 2.818877960681622382e+06 1.339046946684847853e+03
5.745938805027711351e+04 2.807764801715893671e+06 1.336450897366765730e+03
5.745938805252768361e+04 2.796998741787613370e+06 1.333931112770542768e+03
5.745938805477826099e+04 2.784773863378978334e+06 1.331064109880459910e+03
5.745938805702883838e+04 2.776587912450811360e+06 1.329140867358218429e+03
5.745938805927941576e+04 2.762945884353045374e+06 1.325929552321937308e+03
5.745938806152999314e+04 2.755090695796257351e+06 1.324076918034847722e+03
5.745938806378057052e+04 2.744727142376792617e+06 1.321628716389552210e+03
5.745938806603114790e+04 2.736473721783103421e+06 1.319675746581121302e+03
5.745938806828172528e+04 2.721389266516843811e+06 1.316098891258946196e+03
5.745938807053230266e+04 2.714492216460945085e+06 1.314460206810419550e+03
5.745938807278288004e+04 2.703884213406896684e+06 1.311935834322437586e+03
5.745938807503345743e+04 2.689055191755977925e+06 1.308398828663296399e+03
5.745938807728403481e+04 2.675928543302332517e+06 1.305259874340722035e+03
5.745938807953461219e+04 2.670147669815624598e+06 1.303875106609051500e+03
5.745938808178518229e+04 2.656352369232699275e+06 1.300564581545429064e+03
5.745938808403575968e+04 2.645837564130499959e+06 1.298035622616560659e+03
5.745938808628633706e+04 2.634234534965254366e+06 1.295239199666719514e+03
5.745938808853691444e+04 2.623437029438634403e+06 1.292631480120744300e+03
5.745938809078749182e+04 2.611630125815133099e+06 1.289773944780424699e+03
5.745938809303806920e+04 2.600773282450130209e+06 1.287140746589638184e+03
5.745938809528864658e+04 2.590032684642573819e+06 1.284530430897457791e+03
5.745938809753922396e+04 2.571780054903554264e+06 1.280082237324900007e+03
5.745938809978980134e+04 2.559549219681321178e+06 1.277092894937884239e+03
5.745938810204037873e+04 2.548314376489500515e+06 1.274340804222299766e+03
5.745938810429095611e+04 2.537378512753093615e+06 1.271656231247534834e+03
5.745938810654153349e+04 2.527101012519137003e+06 1.269128099454290805e+03
5.745938810879211087e+04 2.517466149929145351e+06 1.266753466032643473e+03
5.745938811104268098e+04 2.503479451737651601e+06 1.263298324757866567e+03
5.745938811329325836e+04 2.495221790504509117e+06 1.261253986739117408e+03
5.745938811554383574e+04 2.483001528891840484e+06 1.258222538169381323e+03
5.745938811779441312e+04 2.480441569808906876e+06 1.257586570034272654e+03
5.745938812004499050e+04 2.459304997152630705e+06 1.252323290217184422e+03
5.745938812229556788e+04 2.448574577447395772e+06 1.249642793323205069e+03
5.745938812454614526e+04 2.438064144799799193e+06 1.247011664139463619e+03
5.745938812679672264e+04 2.423109212557495572e+06 1.243258323056167910e+03
5.745938812904730003e+04 2.414653287137177773e+06 1.241131058535212105e+03
5.745938813129787741e+04 2.401450903567478992e+06 1.237802413444760759e+03
5.745938813354845479e+04 2.391883949342168868e+06 1.235384745064814069e+03
5.745938813579903217e+04 2.379578683832323179e+06 1.232268102888004705e+03
5.745938813804960955e+04 2.370723481315026060e+06 1.230020396506452698e+03
5.745938814030018693e+04 2.359926158832799178e+06 1.227274154079070968e+03
5.745938814255075704e+04 2.346755470330043696e+06 1.223915915803155713e+03
5.745938814480133442e+04 2.337284020807133988e+06 1.221495195653449400e+03
5.745938814705191180e+04 2.327145854249429889e+06 1.218898748422482186e+03
5.745938814930248918e+04 2.321438624984851107e+06 1.217434655583424728e+03
5.745938815155306656e+04 2.305595899599947035e+06 1.213361214663616465e+03
5.745938815380364395e+04 2.297436099847230129e+06 1.211257843072447940e+03
5.745938815605422133e+04 2.286291408828637563e+06 1.208379133599177294e+03
5.745938815830479871e+04 2.273547904613953084e+06 1.205079018315280791e+03
5.745938816055537609e+04 2.264379800257577561e+06 1.202699203941278938e+03
5.745938816280595347e+04 2.272425590624255128e+06 1.204787945714995658e+03
5.745938816505653085e+04 2.263735434140650090e+06 1.202531765209512514e+03
5.745938816730710823e+04 2.255302253922857810e+06 1.200338247620971970e+03
5.745938816955768561e+04 2.242550781447787303e+06 1.197013883964955085e+03
5.745938817180825572e+04 2.229193002625487745e+06 1.193521523325377530e+03
5.745938817405883310e+04 2.221874260417187121e+06 1.191603714647089191e+03
5.745938817630941048e+04 2.216348338144174777e+06 1.190153650307433736e+03
5.745938817855998786e+04 2.199811109569923952e+06 1.185803501209708202e+03
5.745938818081056525e+04 2.187032214386957698e+06 1.182431027160505664e+03
5.745938818306114263e+04 2.180778032417185605e+06 1.180776977358866361e+03
5.745938818531172001e+04 2.169416194952785037e+06 1.177766157539556161e+03
5.745938818756229739e+04 2.156117178520889953e+06 1.174232190231368349e+03
5.745938818981287477e+04 2.148992559932036791e+06 1.172334572533593246e+03
5.745938819206345215e+04 2.130250885521854274e+06 1.167328061622421046e+03
5.745938819431402953e+04 2.118185942040365189e+06 1.164093730665717658e+03
5.745938819656460691e+04 2.110580579453118145e+06 1.162050283833792946e+03
5.745938819881518430e+04 2.100536519407211803e+06 1.159346076298836351e+03
5.745938820106576168e+04 2.097249412506765686e+06 1.158459702715950471e+03
5.745938820331633178e+04 2.105218603081821464e+06 1.160607438769086230e+03
5.745938820556690916e+04 2.333186244159923866e+06 1.220446394808044261e+03
5.745938820781748655e+04 2.466665329879793338e+06 1.254158614838996527e+03
5.745938821006806393e+04 2.549444430289707147e+06 1.274617891342761141e+03
5.745938821231864131e+04 2.511900905851176009e+06 1.265379811027892629e+03
5.745938821456921869e+04 2.475766758623832837e+06 1.256424380589574412e+03
5.745938821681979607e+04 2.497908765138797462e+06 1.261919560911767576e+03
5.745938821907037345e+04 2.478549151888270862e+06 1.257116231670790739e+03
5.745938822132095083e+04 2.446536412960754707e+06 1.249133002566368759e+03
5.745938822357152821e+04 2.427852325110116974e+06 1.244449960100374255e+03
5.745938822582210560e+04 2.398170697958054952e+06 1.236974003859331106e+03
5.745938822807268298e+04 2.449679546002198942e+06 1.249919083881582310e+03
5.745938823032326036e+04 2.420885308475201484e+06 1.242699206484417346e+03
5.745938823257383046e+04 2.434501761473105755e+06 1.246118614306315067e+03
5.745938823482440785e+04 2.385150756555208936e+06 1.233680356837623322e+03
5.745938823707498523e+04 2.350626746327505447e+06 1.224903962135273105e+03
5.745938823932556261e+04 2.340926152298347559e+06 1.222426621595941469e+03
5.745938824157613999e+04 2.325483263932600152e+06 1.218472420680039477e+03
5.745938824382671737e+04 2.373454748382997233e+06 1.230714108856875555e+03
5.745938824607729475e+04 2.273095422376758885e+06 1.204961675318129892e+03
5.745938824832787213e+04 2.298992922944795340e+06 1.211659431045084148e+03
5.745938825057844952e+04 2.324159269557497930e+06 1.218132810277038743e+03
5.745938825282902690e+04 2.241701654158995487e+06 1.196792184904869828e+03
5.745938825507960428e+04 2.295708319810488261e+06 1.210812000221981179e+03
5.745938825733018166e+04 2.260242039624685422e+06 1.201623599454266923e+03
5.745938825958075904e+04 1.997397636981821153e+06 1.131203572799183803e+03
5.745938826183133642e+04 1.793781611841078382e+06 1.073481023307200303e+03
5.745938826408190653e+04 1.764208491153008770e+06 1.064837220879618826e+03
5.745938826633248391e+04 1.748822566485258285e+06 1.060312267237008882e+03
5.745938826858306129e+04 1.735220062565240543e+06 1.056295668410732105e+03
5.745938827083363867e+04 1.723656355917902663e+06 1.052869043351873415e+03
5.745938827308421605e+04 1.710237118898274377e+06 1.048878543641455963e+03
5.745938827533479343e+04 1.697303743329497753e+06 1.045018104905812606e+03
5.745938827758537082e+04 1.686249942077512387e+06 1.041707355161921214e+03
5.745938827983594820e+04 1.673909704064709134e+06 1.037998827090109444e+03
5.745938828208652558e+04 1.662300259110209066e+06 1.034497782474124278e+03
5.745938828433710296e+04 1.651550095634416444e+06 1.031245271393527446e+03
5.745938828658768034e+04 1.643018000593015458e+06 1.028656526917821338e+03
5.745938828883825772e+04 1.635996224140679929e+06 1.026521134749755220e+03
5.745938829108883510e+04 1.621269634778563865e+06 1.022028141362361112e+03
5.745938829333940521e+04 1.612480847667284776e+06 1.019337299323463867e+03
5.745938829558998259e+04 1.600968058069571387e+06 1.015801671731978445e+03
5.745938829784055997e+04 1.590602761411454994e+06 1.012607883576934910e+03
5.745938830009113735e+04 1.575821985728593776e+06 1.008036081239342934e+03
5.745938830234171473e+04 1.568960411179689690e+06 1.005906684035505350e+03
5.745938830459229212e+04 1.556646715132966172e+06 1.002073947849211322e+03
5.745938830684286950e+04 1.543738528003027663e+06 9.980403699259325094e+02
5.745938830909344688e+04 1.536774981178809889e+06 9.958576018873161502e+02
5.745938831134402426e+04 1.524417418370920699e+06 9.919722206200259507e+02
5.745938831359460164e+04 1.512500313242024975e+06 9.882108559291714300e+02
5.745938831584517902e+04 1.501668170206297422e+06 9.847794709369889006e+02
5.745938831809575640e+04 1.490613431945081800e+06 9.812652011386504682e+02
5.745938832034633378e+04 1.478364849206554238e+06 9.773566548369619795e+02
5.745938832259690389e+04 1.468750199360913830e+06 9.742776168015824396e+02
5.745938832484748127e+04 1.456139603639505338e+06 9.702243309022355788e+02
5.745938832709805865e+04 1.445667234344555531e+06 9.668453968786050154e+02
5.745938832934863603e+04 1.435352252915502992e+06 9.635056606331845614e+02
5.745938833159921342e+04 1.422867322152499808e+06 9.594477976134566006e+02
5.745938833384979080e+04 1.415317592879571021e+06 9.569856297509027172e+02
5.745938833610036818e+04 1.399388459801961202e+06 9.517698184835584243e+02
5.745938833835094556e+04 1.387529257311789785e+06 9.478680213088046003e+02
5.745938834060152294e+04 1.375312068776477128e+06 9.438315755394593225e+02
5.745938834285210032e+04 1.358157242686134996e+06 9.381344662034512112e+02
5.745938834510267770e+04 1.348617115496535320e+06 9.349511736905486714e+02
5.745938834735325509e+04 1.338432475108332001e+06 9.315408187206331831e+02
5.745938834960383247e+04 1.326481931980972877e+06 9.275231573864384700e+02
5.745938835185440985e+04 1.314819418107900303e+06 9.235854786198392503e+02
5.745938835410497995e+04 1.306036881463408936e+06 9.206090651925118209e+02
5.745938835635555733e+04 1.295257586202441948e+06 9.169427416019640305e+02
5.745938835860613472e+04 1.283666477985487552e+06 9.129838710190501843e+02
5.745938836085671210e+04 1.271309874840816483e+06 9.087445580445091764e+02
5.745938836310728948e+04 1.260146096759638982e+06 9.048974032865683057e+02
5.745938836535786686e+04 1.250156651789685246e+06 9.014410171323208942e+02
5.745938836760844424e+04 1.241289519874357153e+06 8.983618145944723210e+02
5.745938836985902162e+04 1.227746122786381282e+06 8.936382527295305636e+02
5.745938837210959900e+04 1.216705884033460403e+06 8.897691709207016402e+02
5.745938837436017639e+04 1.206033649404115276e+06 8.860129970139106490e+02
5.745938837661075377e+04 1.195282667936767917e+06 8.822129377086237128e+02
5.745938837886133115e+04 1.182255899807709735e+06 8.775864272992253063e+02
5.745938838111190853e+04 1.172550999251911882e+06 8.741237752929757789e+02
5.745938838336247863e+04 1.161674296120278537e+06 8.702266572997945104e+02
5.745938838561305602e+04 1.148698518459271174e+06 8.655544893517937908e+02
5.745938838786363340e+04 1.139230423381964210e+06 8.621293491197985759e+02
5.745938839011421078e+04 1.127639928141899640e+06 8.579178020583832449e+02
5.745938839236478816e+04 1.116155400391877396e+06 8.537242676912278512e+02
5.745938839461536554e+04 1.105792033335720189e+06 8.499223616512423405e+02
5.745938839686594292e+04 1.096067443704644218e+06 8.463392654931016068e+02
5.745938839911652030e+04 1.082402980565968901e+06 8.412787070012710728e+02
5.745938840136709769e+04 1.072334711113409139e+06 8.375304140423085073e+02
5.745938840361767507e+04 1.058824274979690555e+06 8.324741268425743783e+02
5.745938840586825245e+04 1.048648465332623338e+06 8.286454554469537470e+02
5.745938840811882983e+04 1.036429616355412058e+06 8.240245810788246672e+02
5.745938841036940721e+04 1.026521637398477644e+06 8.202585100893794561e+02
5.745938841261998459e+04 1.014040959199987585e+06 8.154897911684684004e+02
5.745938841487055470e+04 1.002560426564377965e+06 8.110784589685119954e+02
5.745938841712113208e+04 9.915603359867348336e+05 8.068291082947548603e+02
5.745938841937170946e+04 9.804015119390713517e+05 8.024954485614978239e+02
5.745938842162228684e+04 9.681672398571558297e+05 7.977170707153774174e+02
5.745938842387286422e+04 9.617246501253945753e+05 7.951892267431517212e+02
5.745938842612344160e+04 9.466712598971204134e+05 7.892512511461101212e+02
5.745938842837401899e+04 9.372639603819255717e+05 7.855176479486017342e+02
5.745938843062459637e+04 9.266589422026200918e+05 7.812872959908138455e+02
5.745938843287517375e+04 9.135555643414320657e+05 7.760284967147759971e+02
5.745938843512575113e+04 9.022431252940086415e+05 7.714596251967794842e+02
5.745938843737632851e+04 8.927602660952785518e+05 7.676087325646765294e+02
5.745938843962690589e+04 8.807812052066223696e+05 7.627163648789364743e+02
5.745938844187748327e+04 8.703216234795416240e+05 7.584187594427721706e+02
5.745938844412805338e+04 8.589193425875266548e+05 7.537059035971551566e+02
5.745938844637863076e+04 8.479425706465416588e+05 7.491409124150732168e+02
5.745938844862920814e+04 8.366872675921369810e+05 7.444310191314475560e+02
5.745938845087978552e+04 8.270993205790910870e+05 7.403952156530536968e+02
5.745938845313036290e+04 8.146907637698863400e+05 7.351392571181183939e+02
5.745938845538094029e+04 8.033193455791793531e+05 7.302893885214183456e+02
5.745938845763151767e+04 7.910413870264239376e+05 7.250164597383393357e+02
5.745938845988209505e+04 7.796307361791570438e+05 7.200813913107136841e+02
5.745938846213267243e+04 7.687735168052793015e+05 7.153540717737612340e+02
5.745938846438324981e+04 7.579083659340622835e+05 7.105918158188911775e+02
5.745938846663382719e+04 7.466243194975587539e+05 7.056119327831511328e+02
5.745938846888440457e+04 7.349769432102255523e+05 7.004345718954704125e+02
5.745938847113498196e+04 7.226027798646416049e+05 6.948918890125290773e+02
5.745938847338555934e+04 7.122277052522138692e+05 6.902103416949312304e+02
5.745938847563612944e+04 7.017250046210428700e+05 6.854386390393758575e+02
5.745938847788670682e+04 6.912906032858116087e+05 6.806648419403137495e+02
5.745938848013728420e+04 6.791300148835291620e+05 6.750587080411640954e+02
5.745938848238786159e+04 6.684147724337598775e+05 6.700800196775754785e+02
5.745938848463843897e+04 6.606021622242269805e+05 6.664265536352387471e+02
5.745938848688901635e+04 6.488584484970177291e+05 6.608967622183029107e+02
5.745938848913959373e+04 6.381000068231594050e+05 6.557899848766178366e+02
5.745938849139017111e+04 6.266163932427096879e+05 6.502947376203297836e+02
5.745938849364074849e+04 6.156337202817597426e+05 6.449954070969031363e+02
5.745938849589132587e+04 6.061171908332702005e+05 6.403680537556459740e+02
5.745938849814190326e+04 5.943854333629781613e+05 6.346171254007106199e+02
5.745938850039248064e+04 5.846983090815346222e+05 6.298288999212080626e+02
5.745938850264305802e+04 5.735699064745530486e+05 6.242829418994208481e+02
5.745938850489362812e+04 5.639587717186780646e+05 6.194531720188167583e+02
5.745938850714420551e+04 5.506584911971031688e+05 6.127067463299139263e+02
5.745938850939478289e+04 5.393359644239714835e+05 6.069044222651390328e+02
5.745938851164536027e+04 5.287870247261681361e+05 6.014481610694765550e+02
5.745938851389593765e+04 5.174189296474350849e+05 5.955122425522811227e+02
5.745938851614651503e+04 5.059220648283669725e+05 5.894482933368535669e+02
5.745938851839709241e+04 4.957680537656898377e+05 5.840402671079760921e+02
5.745938852064766979e+04 4.847402894994608941e+05 5.781095751993415206e+02
5.745938852289824717e+04 4.741769679103150847e+05 5.723710378276899746e+02
5.745938852514882456e+04 4.633589529198979144e+05 5.664338845575325649e+02
5.745938852739940194e+04 4.519038082092751283e+05 5.600784589062473060e+02
5.745938852964997932e+04 4.412312161201055860e+05 5.540916080171815565e+02
5.745938853190055670e+04 4.296423999014556757e+05 5.475166663567509886e+02
5.745938853415112681e+04 4.184136460896572098e+05 5.410698003086438348e+02
5.745938853640170419e+04 4.066455436083158711e+05 5.342297864731967820e+02
5.745938853865228157e+04 3.970247236718594213e+05 5.285720880777872708e+02
5.745938854090285895e+04 3.849623934871459496e+05 5.213918832600544420e+02
5.745938854315343633e+04 3.738071681128282798e+05 5.146624914159935997e+02
5.745938854540401371e+04 3.619200754331956850e+05 5.073933850039309164e+02
5.745938854765459109e+04 3.510753671928003896e+05 5.006696560562665468e+02
5.745938854990516847e+04 3.383796423631973448e+05 4.926817192437713402e+02
5.745938855215574586e+04 3.265954929589377134e+05 4.851496502104644719e+02
5.745938855440632324e+04 3.145200308925267309e+05 4.773080968387496341e+02
5.745938855665690062e+04 3.028188068608848844e+05 4.695846614701688395e+02
5.745938855890747800e+04 2.917465395327486331e+05 4.621575350548424126e+02
5.745938856115805538e+04 2.809331886659683660e+05 4.547870302858583500e+02
5.745938856340863276e+04 2.690138497264054022e+05 4.465217308026602154e+02
5.745938856565920287e+04 2.588790138105644728e+05 4.393715780880719990e+02
5.745938856790978025e+04 2.475202437559401151e+05 4.312170594346454777e+02
5.745938857016035763e+04 2.355557539456794620e+05 4.224575081781002837e+02
5.745938857241093501e+04 2.246066143844280159e+05 4.142790532844588256e+02
5.745938857466151239e+04 2.136223547335898038e+05 4.059088219150867758e+02
5.745938857691208977e+04 2.027242722047619754e+05 3.974300820622115680e+02
5.745938857916266716e+04 1.911602962837354280e+05 3.882308400646896871e+02
5.745938858141324454e+04 1.804508909642899525e+05 3.795125911648798365e+02
5.745938858366382192e+04 1.689849452412764367e+05 3.699507950738824889e+02
5.745938858591439930e+04 1.585559021265644114e+05 3.610338472070212106e+02
5.745938858816497668e+04 1.470141924100460019e+05 3.509015107637451365e+02
5.745938859041555406e+04 1.358175358256984910e+05 3.407843304658557031e+02
5.745938859266613144e+04 1.241907200805719476e+05 3.299502993639458168e+02
5.745938859491670155e+04 1.130580187419471185e+05 3.192323005488588592e+02
5.745938859716727893e+04 1.017352669327901385e+05 3.079489273126208104e+02
5.745938859941785631e+04 9.105393859083962161e+04 2.969119593739443417e+02
5.745938860166843369e+04 7.982629359677928733e+04 2.848498437738505231e+02
5.745938860391901108e+04 6.875245865746826166e+04 2.724303335917600180e+02
5.745938860616958846e+04 5.767446671871316357e+04 2.594119151064493849e+02
5.745938860842016584e+04 4.637664359772930766e+04 2.454249421892176315e+02
5.745938861067074322e+04 3.502264412853840622e+04 2.305149725730120736e+02
5.745938861292132060e+04 2.385598997032272018e+04 2.148441149565230717e+02
5.745938861517189798e+04 1.289058151108616948e+04 1.982539115488742425e+02
5.745938861742247536e+04 2.163880919664115936e+03 1.805558793692137556e+02
5.745938861967305274e+04 -1.830075167101963274e+00 1.767678030723371307e+02
5.745938862192363013e+04 -6.116182558326583862e-01 1.767699571154275588e+02
5.745938862417420751e+04 -5.456535366345370841e-01 1.767700737300847607e+02
5.745938862642477761e+04 -4.779004792642331800e-01 1.767701935061464553e+02
5.745938862867535499e+04 -4.095289599179814388e-01 1.767703143754630730e+02
5.745938863092593238e+04 -3.444225395503393017e-01 1.767704294725585044e+02
5.745938863317650976e+04 -2.762006524734728075e-01 1.767705500771896254e+02
5.745938863542708714e+04 -2.105504693185578091e-01 1.767706661354102380e+02
5.745938863767766452e+04 -1.429471611636361494e-01 1.767707856463399594e+02
5.745938863992824190e+04 -7.558835125729368443e-02 1.767709047249588252e+02
