5.754637485849999939e+04 4.349257327489423915e+03 5.476938974348388456e+01
5.754637485983128136e+04 4.423837700205266628e+03 5.519757263324093088e+01
5.754637486116257060e+04 4.536767266513314098e+03 5.584168646656136303e+01
5.754637486249385256e+04 4.497463525441303318e+03 5.561177496988806723e+01
5.754637486382513453e+04 4.471757724551049250e+03 5.546399485228361925e+01
5.754637486515642377e+04 4.513558860903212917e+03 5.570235673587556846e+01
5.754637486648770573e+04 4.480728199915120058e+03 5.552383753617880302e+01
5.754637486781899497e+04 4.376350231784796961e+03 5.493158213449326155e+01
5.754637486915027694e+04 4.463362447255452935e+03 5.542532040690998940e+01
5.754637487048155890e+04 4.383381005099773574e+03 5.497355761830873888e+01
5.754637487181284814e+04 4.415393722379028077e+03 5.515032323750048704e+01
5.754637487314413011e+04 4.391741029310191152e+03 5.501427658638481688e+01
5.754637487447541207e+04 4.437189591148419822e+03 5.527819779259831989e+01
5.754637487580670131e+04 4.493732093804370379e+03 5.560050909197931190e+01
5.754637487713798328e+04 4.443023018628265163e+03 5.530030520540152850e+01
5.754637487846926524e+04 4.401612092355791901e+03 5.507203248301200205e+01
5.754637487980055448e+04 4.469926284007638060e+03 5.546615199526060280e+01
5.754637488113183645e+04 4.478067750111730675e+03 5.551578685812241076e+01
5.754637488246311841e+04 4.368645229029743859e+03 5.488561752554521433e+01
5.754637488379440765e+04 4.481462811434040304e+03 5.552847009620010965e+01
5.754637488512568962e+04 4.438658527266945384e+03 5.527203484984053006e+01
5.754637488645697886e+04 4.451210172834279547e+03 5.537099977577157262e+01
5.754637488778826082e+04 4.487280916245997105e+03 5.555991210044383877e+01
5.754637488911954279e+04 4.608378315653505524e+03 5.624343117041802742e+01
5.754637489045083203e+04 4.702173388456780231e+03 5.675950996239755142e+01
5.754637489178211399e+04 5.044236809990732581e+03 5.860649963260558337e+01
5.754637489311339596e+04 5.749569276513518162e+03 6.225738801174953352e+01
5.754637489444468520e+04 6.721636948571088396e+03 6.696444129031351622e+01
5.754637489577596716e+04 7.643908512717738631e+03 7.112628309759534773e+01
5.754637489710724913e+04 8.009984344219250488e+03 7.272373644522815539e+01
5.754637489843853837e+04 8.670612041304091690e+03 7.552072970628988458e+01
5.754637489976982033e+04 8.686816359330430714e+03 7.558557276152700410e+01
5.754637490110110957e+04 8.752645285507380322e+03 7.585447810787987066e+01
5.754637490243239154e+04 9.089230177892841311e+03 7.722740441284641122e+01
5.754637490376367350e+04 8.914694274328454412e+03 7.651143466053622433e+01
5.754637490509496274e+04 8.373157086433990116e+03 7.426301184277221523e+01
5.754637490642624471e+04 8.104383531236499039e+03 7.312586707741759540e+01
5.754637490775752667e+04 8.291230407462278890e+03 7.392564216587000203e+01
5.754637490908881591e+04 8.573027856800699738e+03 7.510683535250740306e+01
5.754637491042009788e+04 8.439970977539192972e+03 7.456477473291525371e+01
5.754637491175137984e+04 8.622684527338167754e+03 7.532301565230947915e+01
5.754637491308266908e+04 8.509738141284491576e+03 7.484596185498537579e+01
5.754637491441395105e+04 8.434867147168657539e+03 7.452611196023366347e+01
5.754637491574523301e+04 8.269681794705013090e+03 7.383184547839132961e+01
5.754637491707652225e+04 8.337371913538248918e+03 7.411124395156321043e+01
5.754637491840780422e+04 8.570587471437358545e+03 7.509313817093496368e+01
5.754637491973909346e+04 8.656907086940173031e+03 7.545549123936690705e+01
5.754637492107037542e+04 8.528449958284167224e+03 7.491607746051742822e+01
5.754637492240165739e+04 8.356264480552314126e+03 7.419278415161933538e+01
5.754637492373294663e+04 8.691931507786886868e+03 7.560225439924523982e+01
5.754637492506422859e+04 9.129035964338525446e+03 7.738913236746812174e+01
5.754637492639551056e+04 9.037195057403672763e+03 7.701146385092893354e+01
5.754637492772679980e+04 8.778198027689566516e+03 7.595484852095955830e+01
5.754637492905808176e+04 8.643478815355074403e+03 7.539181760046086822e+01
5.754637493038936373e+04 8.610684791982406750e+03 7.525549455453391090e+01
5.754637493172065297e+04 8.412476345148279506e+03 7.443998079600568474e+01
5.754637493305193493e+04 8.291133689994643646e+03 7.392967558112519555e+01
5.754637493438322417e+04 8.212919021830917700e+03 7.359986825326541293e+01
5.754637493571450614e+04 8.214943712573052835e+03 7.360404009290411409e+01
5.754637493704578810e+04 8.363580911956998534e+03 7.422371062741871128e+01
5.754637493837707734e+04 8.554913160454017998e+03 7.502924184090522886e+01
5.754637493970835931e+04 8.531789493047666838e+03 7.494148149268052350e+01
5.754637494103964127e+04 8.699855287569276697e+03 7.563596881480013678e+01
5.754637494237093051e+04 8.554354106562601373e+03 7.502857278198348467e+01
5.754637494370221248e+04 8.307249020811770606e+03 7.399105084618632588e+01
5.754637494503349444e+04 8.332487456417216890e+03 7.409796844694632512e+01
5.754637494636478368e+04 8.382855693148716455e+03 7.431249211625906526e+01
5.754637494769606565e+04 8.436414698972381302e+03 7.452918646580661743e+01
5.754637494902734761e+04 8.497963913127066917e+03 7.478888346003971321e+01
5.754637495035863685e+04 8.290374431896805618e+03 7.390845572932502705e+01
5.754637495168991882e+04 8.520790578570451544e+03 7.489855489185077886e+01
5.754637495302120806e+04 8.830145576584976880e+03 7.616143624499108000e+01
5.754637495435249002e+04 9.140603368255047826e+03 7.741594770880567467e+01
5.754637495568377199e+04 9.160200087416200404e+03 7.750062324088318633e+01
5.754637495701506123e+04 8.815827918132978084e+03 7.611594085708836133e+01
5.754637495834634319e+04 8.574828911676311691e+03 7.512288243430619161e+01
5.754637495967762516e+04 8.802533505918627270e+03 7.605111392423104633e+01
5.754637496100891440e+04 8.682260208101868557e+03 7.554722358354533185e+01
5.754637496234019636e+04 8.157122582344183684e+03 7.335395993586270436e+01
5.754637496367147833e+04 7.896911268580735850e+03 7.223155550981870476e+01
5.754637496500276757e+04 7.947783223323630409e+03 7.245295697906185239e+01
5.754637496633404953e+04 8.004900250720944314e+03 7.270352016008484952e+01
5.754637496766533877e+04 8.546726602711440137e+03 7.498989981435033769e+01
5.754637496899662074e+04 9.035988089140137163e+03 7.700723878815067280e+01
5.754637497032790270e+04 9.154846294747983848e+03 7.748490914705844546e+01
5.754637497165919194e+04 9.005858008055211030e+03 7.689222681655382985e+01
5.754637497299047391e+04 8.938391197442539124e+03 7.661360591753437177e+01
5.754637497432175587e+04 8.753146020658636189e+03 7.585409850951744204e+01
5.754637497565304511e+04 8.642209140370528985e+03 7.539778358542432102e+01
5.754637497698432708e+04 8.523216771425397383e+03 7.490007468784250477e+01
5.754637497831560904e+04 8.810108684455446564e+03 7.608822932336963163e+01
5.754637497964689828e+04 8.985058989358825784e+03 7.680112508531767901e+01
5.754637498097818025e+04 8.497394273085938039e+03 7.477941850045625927e+01
5.754637498230946221e+04 8.209803281030792277e+03 7.357576823063124039e+01
5.754637498364075145e+04 8.213002385749779933e+03 7.359645117875642484e+01
5.754637498497203342e+04 8.248695171678033148e+03 7.374495609451800249e+01
5.754637498630332266e+04 8.409868934183788951e+03 7.442157160117241688e+01
5.754637498763460462e+04 8.751468664824747975e+03 7.584608336354025937e+01
5.754637498896588659e+04 9.254871001219533355e+03 7.789835389079922834e+01
5.754637499029717583e+04 9.220324064973377972e+03 7.775937604806848924e+01
5.754637499162845779e+04 8.807908358280854372e+03 7.607916990978868910e+01
5.754637499295973976e+04 8.275989018641432267e+03 7.385349674788747620e+01
5.754637499429102900e+04 8.229477534769606791e+03 7.366718503113712302e+01
5.754637499562231096e+04 8.521379082731453309e+03 7.489302715650630660e+01
5.754637499695359293e+04 8.838299589277836276e+03 7.620242757792800603e+01
5.754637499828488217e+04 9.053413040845685828e+03 7.707989399395411567e+01
5.754637499961616413e+04 9.020923334603035983e+03 7.695163531987292060e+01
5.754637500094745337e+04 8.454400214438821422e+03 7.461235055589602894e+01
5.754637500227873534e+04 8.260429616221643300e+03 7.379379815497624406e+01
5.754637500361001730e+04 8.518062491248285369e+03 7.488389757247391287e+01
5.754637500494130654e+04 8.474102641962632333e+03 7.469440714608143139e+01
5.754637500627258851e+04 8.193873252205348763e+03 7.349986187076275712e+01
5.754637500760387047e+04 8.488059448730813529e+03 7.475694870904918332e+01
5.754637500893515971e+04 8.948316782547139155e+03 7.665392033616203094e+01
5.754637501026644168e+04 9.178135230886307909e+03 7.758431455973988022e+01
5.754637501159772364e+04 9.087983202548755798e+03 7.721924793535227138e+01
5.754637501292901288e+04 8.966223772042412747e+03 7.672550185233319553e+01
5.754637501426029485e+04 8.713119635212737194e+03 7.569504028144666563e+01
5.754637501559157681e+04 8.442772667683604595e+03 7.456227967628731790e+01
5.754637501692286605e+04 8.323532758355084297e+03 7.405982345762531338e+01
5.754637501825414802e+04 8.290794168044520120e+03 7.391916648100972509e+01
5.754637501958543726e+04 8.600925003045907943e+03 7.522471974963822561e+01
5.754637502091671922e+04 8.461318387065633942e+03 7.464837262065144330e+01
5.754637502224800119e+04 8.311342005767126466e+03 7.400906682080778864e+01
5.754637502357929043e+04 8.395131014389749907e+03 7.436076469446159365e+01
5.754637502491057239e+04 8.573484857691380967e+03 7.511061437764057303e+01
5.754637502624185436e+04 8.902078564009523689e+03 7.647247821894589492e+01
5.754637502757314360e+04 8.677274717795540710e+03 7.554036076918906417e+01
5.754637502890442556e+04 7.974691112702314967e+03 7.257273373789894322e+01
5.754637503023570753e+04 7.806220525789794010e+03 7.184456249623553958e+01
5.754637503156699677e+04 7.864466175924407253e+03 7.210681771685250396e+01
5.754637503289827873e+04 7.998435657021393126e+03 7.267716711328522194e+01
5.754637503422956797e+04 8.080081055789160018e+03 7.301913448425760578e+01
5.754637503556084994e+04 8.153944909120390548e+03 7.334019802271605215e+01
5.754637503689213190e+04 8.386762933288790009e+03 7.432197585259784489e+01
5.754637503822342114e+04 8.364602984225080945e+03 7.422610530167324328e+01
5.754637503955470311e+04 8.189255860143722202e+03 7.348772595451251277e+01
5.754637504088598507e+04 8.323180535602601594e+03 7.405856774122399599e+01
5.754637504221727431e+04 8.849131636170091951e+03 7.623998265194185819e+01
5.754637504354855628e+04 9.332501610218387214e+03 7.820012219291207600e+01
5.754637504487983824e+04 9.004010157728891500e+03 7.686683266051240082e+01
5.754637504621112748e+04 8.569080163852491751e+03 7.508301881485996887e+01
5.754637504754240945e+04 8.173657055599148407e+03 7.341657450615670655e+01
5.754637504887369869e+04 7.992823411197896348e+03 7.264290931831595799e+01
5.754637505020498065e+04 8.135729576822564923e+03 7.326146318380209266e+01
5.754637505153626262e+04 8.294208007083241682e+03 7.393184697750271539e+01
5.754637505286755186e+04 8.374994286152996210e+03 7.427585148350327415e+01
5.754637505419883382e+04 8.478777413527470344e+03 7.470375305526009413e+01
5.754637505553011579e+04 8.529746674874959353e+03 7.492040014833662553e+01
5.754637505686140503e+04 8.513855552844344857e+03 7.485891844713815146e+01
5.754637505819268699e+04 8.850803440191528352e+03 7.625064342034106346e+01
5.754637505952396896e+04 9.104260457046084412e+03 7.727571580902989012e+01
5.754637506085525820e+04 8.656751663581570028e+03 7.544598803476119997e+01
5.754637506218654016e+04 8.113509753152579833e+03 7.316222556238112418e+01
5.754637506351782213e+04 8.120320493718456419e+03 7.319571849965868182e+01
5.754637506484911137e+04 8.439152148054206918e+03 7.454839747942027373e+01
5.754637506618039333e+04 8.081623882164609313e+03 7.303104370268849266e+01
5.754637506751168257e+04 7.640027364918964849e+03 7.110861953840611704e+01
5.754637506884296454e+04 7.962194476957820370e+03 7.251251000262686830e+01
5.754637507017424650e+04 8.102521543515648773e+03 7.312535115651685658e+01
5.754637507150553574e+04 8.416204321515326228e+03 7.444434665461244549e+01
5.754637507283681771e+04 8.416185802717245679e+03 7.444994735629796878e+01
5.754637507416809967e+04 8.813214673125898116e+03 7.609905567580339891e+01
5.754637507549938891e+04 9.080053076125017469e+03 7.718714268964890834e+01
5.754637507683067088e+04 9.177580984015190552e+03 7.758268417967644837e+01
5.754637507816195284e+04 8.922361050390774835e+03 7.654377465086960797e+01
5.754637507949324208e+04 8.801882274109801074e+03 7.604629835611018507e+01
5.754637508082452405e+04 8.614205991414835808e+03 7.527956523403393874e+01
5.754637508215581329e+04 8.275321591004956645e+03 7.384199671315280966e+01
5.754637508348709525e+04 8.308166823720675893e+03 7.398592501068615945e+01
5.754637508481837722e+04 8.260155265600791608e+03 7.377912658430255988e+01
5.754637508614966646e+04 8.034376756533632943e+03 7.281914282941805538e+01
5.754637508748094842e+04 8.146372776723037532e+03 7.329647821912939776e+01
5.754637508881223039e+04 8.232116892474961787e+03 7.366012843165688651e+01
5.754637509014351963e+04 8.585907097304734634e+03 7.515117464113342294e+01
5.754637509147480159e+04 8.867080057726174346e+03 7.630783513581393152e+01
5.754637509280608356e+04 8.878674754464109355e+03 7.636338669571593130e+01
5.754637509413737280e+04 8.490500501868387801e+03 7.475447598121442638e+01
5.754637509546865476e+04 8.489336097100185725e+03 7.474440423358363716e+01
5.754637509679993673e+04 8.644352793403271789e+03 7.538301164849339386e+01
5.754637509813122597e+04 8.463711615291655107e+03 7.464487320000174009e+01
5.754637509946250793e+04 8.465751379900548272e+03 7.465926304641347144e+01
5.754637510079379717e+04 9.036359725380814780e+03 7.700436836439999411e+01
5.754637510212507914e+04 9.162136716528115358e+03 7.751343425279610244e+01
5.754637510345636110e+04 8.782838925498352182e+03 7.596431302629042648e+01
5.754637510478765034e+04 8.199645429589860214e+03 7.352898700114339192e+01
5.754637510611893231e+04 7.826216156080353358e+03 7.192394922977517524e+01
5.754637510745021427e+04 7.603172586472451258e+03 7.095209744589078582e+01
5.754637510878150351e+04 8.145276433586021994e+03 7.330522834382462349e+01
5.754637511011278548e+04 8.693158305062226646e+03 7.560125989159929816e+01
5.754637511144406744e+04 8.239603025093927499e+03 7.369817086902585856e+01
5.754637511277535668e+04 8.088499720433806942e+03 7.306136506937147601e+01
5.754637511410663865e+04 8.582242017165723155e+03 7.513492144633845271e+01
5.754637511543792789e+04 8.806724944436406076e+03 7.606150466060310578e+01
5.754637511676920985e+04 8.811531749809810208e+03 7.608524278263232077e+01
5.754637511810049182e+04 8.961006463158049883e+03 7.669649469662358854e+01
5.754637511943178106e+04 8.517422417308031072e+03 7.487180970878388564e+01
5.754637512076306302e+04 8.288613330801494158e+03 7.390204616571432439e+01
5.754637512209434499e+04 8.285001729377967422e+03 7.389258595149175335e+01
5.754637512342563423e+04 8.198541228171057810e+03 7.351951904129359150e+01
5.754637512475691619e+04 8.174352098083732017e+03 7.341642737159224907e+01
5.754637512608819816e+04 8.191967333212919584e+03 7.350080554988254278e+01
5.754637512741948740e+04 8.182679223953760811e+03 7.346368559455748937e+01
5.754637512875076936e+04 7.757301300926704243e+03 7.163584794670781264e+01
5.754637513008205133e+04 7.801695142592325283e+03 7.182586413241016032e+01
5.754637513141334057e+04 7.944517795509465032e+03 7.244271567398047296e+01
5.754637513274462253e+04 8.129156062690720319e+03 7.323015701671118904e+01
5.754637513407591177e+04 8.042501862375585006e+03 7.285577907116093854e+01
5.754637513540719374e+04 8.323872373027241338e+03 7.406273134439688022e+01
5.754637513673847570e+04 8.776222520449067815e+03 7.594983493924699758e+01
5.754637513806976494e+04 8.732110299765387026e+03 7.577097800191634747e+01
5.754637513940104691e+04 8.763142355135112666e+03 7.589750757051542962e+01
5.754637514073232887e+04 9.010457904791835972e+03 7.690579935015182400e+01
5.754637514206361811e+04 8.561505982398321066e+03 7.505323918252256021e+01
5.754637514339490008e+04 8.140758922282145249e+03 7.328646669974713745e+01
5.754637514472618204e+04 8.442689114814837012e+03 7.456687020849032876e+01
5.754637514605747128e+04 8.531147252338398175e+03 7.492817338592543308e+01
5.754637514738875325e+04 8.443790561030835306e+03 7.456372679343132859e+01
5.754637514872004249e+04 8.523372021307010073e+03 7.489670387324457579e+01
5.754637515005132445e+04 8.305657500810584679e+03 7.397755811303100870e+01
5.754637515138260642e+04 8.126787034164839497e+03 7.322697498654761716e+01
5.754637515271389566e+04 8.301953136473221093e+03 7.396240090421392210e+01
5.754637515404517762e+04 8.604336427762687890e+03 7.522558488085867623e+01
5.754637515537645959e+04 8.845267744842149114e+03 7.621199944079195632e+01
5.754637515670774883e+04 9.118810361512743839e+03 7.734223472025395552e+01
5.754637515803903079e+04 9.216653922240706379e+03 7.773748800724635544e+01
5.754637515937031276e+04 8.737367964016284532e+03 7.577738227571255436e+01
5.754637516070160200e+04 8.343010165831970880e+03 7.413248716023306883e+01
5.754637516203288396e+04 8.652849958252920260e+03 7.543587729682475640e+01
5.754637516336416593e+04 9.035118148860319707e+03 7.701038486275045614e+01
5.754637516469545517e+04 8.577238557968094028e+03 7.512276099606968671e+01
5.754637516602673713e+04 8.263667956335822964e+03 7.380499356246298248e+01
5.754637516735802637e+04 8.231746105857640941e+03 7.366395038174066201e+01
5.754637516868930834e+04 8.092010760366653813e+03 7.307254824250375691e+01
5.754637517002059030e+04 8.249946065775284296e+03 7.374423241002301666e+01
5.754637517135187954e+04 8.521072012438864476e+03 7.487818995979705505e+01
5.754637517268316151e+04 8.433392126333226770e+03 7.451592243413776373e+01
5.754637517401444347e+04 8.132948123470123392e+03 7.324716035922621415e+01
5.754637517534573271e+04 7.832161959176782148e+03 7.195059363306161515e+01
5.754637517667701468e+04 8.006928678458210925e+03 7.270789278881650830e+01
5.754637517800829664e+04 8.503129700935834990e+03 7.481277294210141804e+01
5.754637517933958588e+04 9.104516200376399865e+03 7.728094507300504290e+01
5.754637518067086785e+04 9.386805948977969820e+03 7.841490566156147679e+01
5.754637518200215709e+04 8.918801920286834502e+03 7.653288626707129083e+01
5.754637518333343905e+04 8.410676389498845310e+03 7.442964559037467609e+01
5.754637518466472102e+04 8.565278131717299402e+03 7.507241118579814554e+01
5.754637518599601026e+04 8.470119815874128108e+03 7.467427846706515027e+01
5.754637518732729222e+04 8.204477502195142733e+03 7.355446310037001467e+01
5.754637518865857419e+04 8.177139662008067717e+03 7.343424549473215279e+01
5.754637518998986343e+04 8.219017461743009335e+03 7.362023667978510844e+01
5.754637519132114539e+04 8.432619898332271987e+03 7.452169818118838407e+01
5.754637519265242736e+04 8.801555490236196420e+03 7.604305501961762559e+01
5.754637519398371660e+04 8.778254465099545996e+03 7.594792837829035648e+01
5.754637519531499856e+04 8.819893808343387718e+03 7.612380181514508592e+01
5.754637519664628053e+04 8.746183923819819029e+03 7.582286895962242568e+01
5.754637519797756977e+04 8.565258038703668717e+03 7.507035650412960592e+01
5.754637519930885173e+04 8.900795054957989123e+03 7.645630532011657010e+01
5.754637520064014097e+04 9.295416125712687062e+03 7.805726986656827648e+01
5.754637520197142294e+04 8.932433087950974368e+03 7.658657199252584746e+01
5.754637520330270490e+04 8.093704678094535666e+03 7.307964376633982795e+01
5.754637520463399414e+04 7.677163224013366744e+03 7.127955144728824166e+01
5.754637520596527611e+04 7.669214282498519424e+03 7.125170322774772558e+01
5.754637520729655807e+04 7.947430508470031782e+03 7.246045276943559088e+01
5.754637520862784731e+04 8.155221050849097992e+03 7.335074512062062979e+01
5.754637520995912928e+04 8.201028096455991545e+03 7.354204693764553724e+01
5.754637521129041124e+04 8.588058925545496095e+03 7.516549418879780831e+01
5.754637521262170048e+04 8.932211204357168754e+03 7.658518092271317812e+01
5.754637521395298245e+04 8.924716640287708287e+03 7.656561542425792766e+01
5.754637521528427169e+04 8.796019475476427033e+03 7.602825921562813960e+01
5.754637521661555365e+04 8.442473103578608061e+03 7.455999553981945382e+01
5.754637521794683562e+04 8.149150225403182958e+03 7.332984073222677068e+01
5.754637521927812486e+04 7.993267621993224566e+03 7.265196659130481294e+01
5.754637522060940682e+04 7.704130175319731279e+03 7.139087205258722690e+01
5.754637522194068879e+04 7.488328188701925683e+03 7.044651074489863163e+01
5.754637522327197803e+04 7.473051131566530785e+03 7.038628903859435582e+01
5.754637522460325999e+04 7.408291958097790484e+03 7.009818462452946619e+01
5.754637522593454196e+04 7.723862934781196600e+03 7.148635268370495055e+01
5.754637522726583120e+04 8.332647234673986532e+03 7.410202878260402315e+01
5.754637522859711316e+04 8.813527157759952388e+03 7.610534073436664926e+01
5.754637522992839513e+04 9.269163208251007745e+03 7.794873421933104396e+01
5.754637523125968437e+04 9.315187981906605273e+03 7.812902401318075363e+01
5.754637523259096633e+04 9.058308106055143071e+03 7.709788257822725654e+01
5.754637523392225557e+04 8.769945454581065860e+03 7.592360065144633552e+01
5.754637523525353754e+04 8.766698058952249994e+03 7.590435201850350211e+01
5.754637523658481950e+04 8.979124454528689967e+03 7.677603476435150753e+01
5.754637523791610874e+04 8.586013617712700579e+03 7.516715977819309558e+01
5.754637523924739071e+04 8.183710650568003985e+03 7.347445901957851788e+01
5.754637524057867267e+04 7.898675486966992139e+03 7.224493647420959519e+01
5.754637524190996191e+04 8.087890140511744903e+03 7.306074474930557017e+01
5.754637524324124388e+04 8.272994071406561488e+03 7.385280032333055544e+01
5.754637524457252584e+04 8.580392637898457906e+03 7.514209932683705517e+01
5.754637524590381508e+04 8.357000441331740149e+03 7.419852342931045541e+01
5.754637524723509705e+04 8.251037924835864033e+03 7.375712300457277593e+01
5.754637524856638629e+04 8.503530010408108865e+03 7.481870484081072448e+01
5.754637524989766825e+04 8.910654142223271265e+03 7.649566469367691468e+01
5.754637525122895022e+04 9.374018583700883028e+03 7.836735982714495208e+01
5.754637525256023946e+04 9.801390024207383249e+03 8.005972408786996652e+01
5.754637525389152142e+04 9.245798340483112042e+03 7.785141749077537554e+01
5.754637525522280339e+04 8.404304382080157666e+03 7.439439580526452289e+01
5.754637525655409263e+04 8.603393091633117365e+03 7.522696034248698993e+01
5.754637525788537459e+04 8.714208366705352091e+03 7.568263128853206467e+01
5.754637525921665656e+04 8.291097835657963515e+03 7.391983025958242592e+01
5.754637526054794580e+04 8.232088493534183726e+03 7.368210876407032117e+01
5.754637526187922776e+04 8.200118933804138578e+03 7.354073921177590023e+01
5.754637526321050973e+04 8.196016397193197918e+03 7.352274208701952318e+01
5.754637526454179897e+04 8.590719147391309889e+03 7.518588522789110584e+01
5.754637526587308093e+04 8.902433165325493974e+03 7.646750901207003892e+01
5.754637526720437018e+04 8.400046838431002470e+03 7.438085407910787694e+01
5.754637526853565214e+04 8.105063243842207157e+03 7.313318645174926758e+01
5.754637526986693410e+04 7.878186170065520855e+03 7.215934116714812774e+01
5.754637527119822334e+04 8.185432164050511346e+03 7.347050728582377133e+01
5.754637527252950531e+04 8.713351795051084991e+03 7.568882386465358536e+01
5.754637527386078727e+04 9.137975878580111385e+03 7.742316900444440364e+01
5.754637527519207651e+04 8.983737152871863145e+03 7.679552862520245071e+01
5.754637527652335848e+04 8.777119324457007679e+03 7.594856053271267626e+01
5.754637527785464044e+04 8.819998716503074320e+03 7.612736489756657932e+01
5.754637527918592968e+04 8.681251427061324648e+03 7.555131083636129574e+01
5.754637528051721165e+04 8.459719866540282965e+03 7.463947105762125034e+01
5.754637528184850089e+04 8.388156501105237112e+03 7.433232876931178623e+01
5.754637528317978285e+04 8.270370651859537247e+03 7.383661841789545122e+01
5.754637528451106482e+04 8.237543117642811922e+03 7.369607960959041293e+01
5.754637528584235406e+04 8.489166708819975611e+03 7.475236399470477977e+01
5.754637528717363602e+04 8.429951387413166231e+03 7.450356599103733402e+01
5.754637528850491799e+04 8.480476972726850363e+03 7.472093956925456837e+01
5.754637528983620723e+04 8.583866407323057501e+03 7.515952356519957789e+01
5.754637529116748919e+04 8.289011916137147637e+03 7.392013889543737548e+01
5.754637529249877116e+04 8.292040186173209804e+03 7.392637219790834990e+01
5.754637529383006040e+04 8.519507263573912496e+03 7.488139462519865219e+01
5.754637529516134236e+04 8.804073115189838063e+03 7.607377218368274896e+01
5.754637529649262433e+04 8.877140519109016168e+03 7.636236846566070824e+01
5.754637529782391357e+04 8.756639569098813809e+03 7.586635126034154553e+01
5.754637529915519553e+04 8.793269283573012217e+03 7.601958665382507263e+01
5.754637530048648478e+04 8.767946400603956135e+03 7.592156394517218132e+01
5.754637530181776674e+04 8.870392655719739196e+03 7.634198362603333976e+01
5.754637530314904870e+04 8.529254711441673862e+03 7.492890296744567991e+01
5.754637530448033795e+04 8.352022091062566687e+03 7.418431819468686683e+01
5.754637530581161991e+04 8.435381926768874109e+03 7.453697770426155955e+01
5.754637530714290187e+04 8.341958832798465664e+03 7.413926982057145665e+01
5.754637530847419112e+04 8.358748761339054909e+03 7.421356033284075693e+01
5.754637530980547308e+04 7.901856133496078655e+03 7.225390756725630581e+01
5.754637531113675504e+04 7.861897108876849416e+03 7.208618091408150974e+01
5.754637531246804429e+04 7.918160859418900145e+03 7.233779061607661731e+01
5.754637531379932625e+04 8.053577464104138926e+03 7.291752795844220714e+01
5.754637531513061549e+04 8.328590327317970150e+03 7.407910780866249922e+01
5.754637531646189746e+04 8.683645919008031342e+03 7.556472572078671135e+01
5.754637531779317942e+04 8.800228679088833815e+03 7.605757492686740306e+01
5.754637531912446866e+04 8.818542308733005484e+03 7.612310271340737700e+01
5.754637532045575063e+04 8.759618512190676483e+03 7.587718642688329851e+01
5.754637532178703259e+04 8.867092612131928036e+03 7.631746490353278034e+01
5.754637532311832183e+04 9.089155457423081316e+03 7.722105840560956835e+01
5.754637532444960380e+04 9.161444966777760783e+03 7.751937176082354597e+01
5.754637532578088576e+04 8.913062794581355774e+03 7.650865406008237812e+01
5.754637532711217500e+04 8.595783044607400370e+03 7.519865334385004019e+01
5.754637532844345697e+04 8.274765736444529466e+03 7.385133679561602094e+01
5.754637532977473893e+04 8.143038453327331808e+03 7.329669489913810310e+01
5.754637533110602817e+04 8.125896797409816827e+03 7.322641744993927659e+01
5.754637533243731013e+04 8.189904393709639407e+03 7.350469951735645679e+01
5.754637533376859938e+04 8.776172738244364155e+03 7.594329594551543039e+01
5.754637533509988134e+04 9.077310259649506406e+03 7.717983261379737314e+01
5.754637533643116330e+04 9.122250999745821900e+03 7.734981528579756116e+01
5.754637533776245255e+04 8.782151641411152013e+03 7.597165860786482483e+01
5.754637533909373451e+04 8.245288232157981838e+03 7.373262576243658373e+01
5.754637534042501647e+04 7.911312497319581780e+03 7.230483766830109005e+01
5.754637534175630572e+04 8.128876587970451510e+03 7.323634709280838706e+01
5.754637534308758768e+04 8.616944427216267286e+03 7.528394852322136899e+01
5.754637534441886964e+04 8.932004673172843468e+03 7.658563422586010461e+01
5.754637534575015889e+04 8.855694403193809194e+03 7.628047967035425359e+01
5.754637534708144085e+04 8.469542349628316515e+03 7.466827002856146578e+01
5.754637534841273009e+04 8.340106729789802557e+03 7.413015167993474108e+01
5.754637534974401206e+04 8.540679297803084410e+03 7.496959113230765581e+01
5.754637535107529402e+04 8.250329345920470587e+03 7.373897392200115064e+01
5.754637535240658326e+04 7.741584635739592159e+03 7.155527641290491658e+01
5.754637535373786523e+04 7.724871730908426798e+03 7.148948761391019957e+01
5.754637535506914719e+04 8.002341084018670699e+03 7.269110434634261253e+01
5.754637535640043643e+04 8.192761287787903711e+03 7.350386994707558586e+01
5.754637535773171840e+04 8.109260851016359084e+03 7.314650937396481822e+01
5.754637535906300036e+04 7.990278553997464769e+03 7.264076358042417780e+01
5.754637536039428960e+04 8.378302604250495278e+03 7.429549880443151721e+01
5.754637536172557157e+04 8.881207681793483061e+03 7.638586956110297876e+01
5.754637536305685353e+04 9.172033645802051979e+03 7.755232707737918929e+01
5.754637536438814277e+04 9.709503440432743446e+03 7.969570255599336406e+01
5.754637536571942474e+04 9.843275322311756099e+03 8.021124439214536039e+01
5.754637536705071398e+04 9.249622072550619123e+03 7.786500690145902581e+01
5.754637536838199594e+04 8.526587551356453332e+03 7.491276353270900756e+01
5.754637536971327791e+04 8.020095597900072789e+03 7.276944059037644763e+01
5.754637537104456715e+04 7.843274724179979785e+03 7.200347820356515172e+01
5.754637537237584911e+04 7.886566263578652979e+03 7.218770567189741882e+01
5.754637537370713108e+04 8.131881496974951006e+03 7.323840613564865976e+01
5.754637537503842032e+04 8.437535518846234481e+03 7.453067197623376217e+01
5.754637537636970228e+04 8.116752902943691879e+03 7.317759652125252501e+01
5.754637537770098425e+04 7.900541878520669343e+03 7.224691121507717639e+01
5.754637537903227349e+04 7.886276181744178757e+03 7.219696072465917780e+01
5.754637538036355545e+04 8.141688352613437928e+03 7.328642565157663569e+01
5.754637538169484469e+04 8.538843085456408517e+03 7.495703221160707130e+01
5.754637538302612666e+04 8.418134260268256185e+03 7.445810622864055972e+01
5.754637538435740862e+04 8.183922460473978390e+03 7.346531093697436177e+01
5.754637538568869786e+04 8.716038565615888729e+03 7.569466432879509910e+01
5.754637538701997983e+04 8.718382597331830766e+03 7.570819046464893631e+01
5.754637538835126179e+04 8.325765437127867699e+03 7.406979965933071242e+01
5.754637538968255103e+04 8.240753219813035685e+03 7.371852081374629506e+01
5.754637539101383300e+04 8.746051539890104323e+03 7.581533665407138756e+01
5.754637539234511496e+04 9.059881006583615090e+03 7.710044464267278386e+01
5.754637539367640420e+04 8.761490381695926771e+03 7.588895686266569385e+01
5.754637539500768617e+04 8.459505636191581289e+03 7.462531551058725654e+01
5.754637539633897541e+04 8.435125965715340499e+03 7.451500776407561943e+01
5.754637539767025737e+04 8.622113643513104762e+03 7.530444692152404684e+01
5.754637539900153934e+04 8.623055061172608475e+03 7.531108884665640346e+01
5.754637540033282858e+04 8.786200073121517562e+03 7.597858324528596086e+01
5.754637540166411054e+04 8.700648283023123440e+03 7.562870216119482336e+01
5.754637540299539251e+04 8.192599468846246964e+03 7.350391842159095290e+01
5.754637540432668175e+04 8.110723134515739730e+03 7.316177834376524913e+01
5.754637540565796371e+04 8.280948478223877828e+03 7.388345005213186312e+01
5.754637540698924568e+04 8.137917301768121433e+03 7.326669899529393604e+01
5.754637540832053492e+04 8.146098467184206129e+03 7.330872793462479819e+01
5.754637540965181688e+04 8.290686439542045264e+03 7.392788759942482102e+01
5.754637541098309885e+04 8.452211223370706648e+03 7.459921450129529319e+01
5.754637541231438809e+04 8.291171592419448643e+03 7.391936642355756248e+01
5.754637541364567005e+04 8.463399605015765701e+03 7.463441776460427945e+01
5.754637541497695929e+04 8.809186029243159282e+03 7.607145055357648289e+01
5.754637541630824126e+04 8.461091288401672500e+03 7.463533208638638428e+01
5.754637541763952322e+04 8.227112012099063577e+03 7.365482312246632546e+01
5.754637541897081246e+04 8.192483375213290856e+03 7.350320991570440299e+01
5.754637542030209443e+04 8.393583847037099986e+03 7.435293520580398763e+01
5.754637542163337639e+04 8.556100071892769847e+03 7.503011695568345374e+01
5.754637542296466563e+04 8.606081961957121166e+03 7.525132025733911689e+01
5.754637542429594760e+04 8.491397237231700274e+03 7.476176701503382560e+01
5.754637542562722956e+04 8.572705173251240922e+03 7.510061221397303655e+01
5.754637542695851880e+04 8.589020514840996839e+03 7.517444830933925459e+01
5.754637542828980077e+04 8.546677950395831431e+03 7.500235892854003339e+01
5.754637542962109001e+04 8.813916891730448697e+03 7.610166740998126045e+01
5.754637543095237197e+04 8.879770617715083063e+03 7.637346390426154130e+01
5.754637543228365394e+04 8.863175399406434735e+03 7.630592549247495526e+01
5.754637543361494318e+04 8.687010647292920112e+03 7.558419102697182268e+01
5.754637543494622514e+04 8.839244977747181110e+03 7.621116262119220153e+01
5.754637543627750711e+04 9.107168086183653941e+03 7.729944366721456106e+01
5.754637543760879635e+04 9.021982057859717315e+03 7.694762537268080393e+01
5.754637543894007831e+04 8.477777739764076614e+03 7.470907687282172560e+01
5.754637544027136028e+04 7.988387561947816721e+03 7.263347638479137913e+01
5.754637544160264952e+04 7.909883111004674902e+03 7.229811986738896223e+01
5.754637544293393148e+04 8.088922422705721146e+03 7.307059849340626556e+01
5.754637544426521345e+04 8.064032305797551089e+03 7.296223102958542484e+01
5.754637544559650269e+04 8.340241184318423620e+03 7.412952895072642434e+01
5.754637544692778465e+04 8.650022939631942791e+03 7.542687476876876929e+01
5.754637544825907389e+04 8.623842658521487465e+03 7.531720202065726255e+01
5.754637544959035586e+04 8.420887813876996006e+03 7.447010096090900788e+01
5.754637545092163782e+04 8.354217830193292684e+03 7.418455191983507291e+01
5.754637545225292706e+04 8.423251993776111703e+03 7.447482952546569379e+01
5.754637545358420903e+04 8.697899447657011478e+03 7.563152214034916199e+01
5.754637545491549099e+04 8.859133804462524495e+03 7.629602846853704534e+01
5.754637545624678023e+04 9.166523267926859262e+03 7.753410804477586282e+01
5.754637545757806220e+04 9.340521347370493459e+03 7.823356620136833328e+01
5.754637545890934416e+04 9.345842352540941647e+03 7.825661714413537595e+01
5.754637546024063340e+04 9.065481830288852507e+03 7.713780310289834574e+01
5.754637546157191537e+04 8.713842540266707147e+03 7.569316907807487382e+01
5.754637546290320461e+04 8.428808134741020694e+03 7.450023452421984871e+01
5.754637546423448657e+04 8.407088700669068203e+03 7.441739613619562022e+01
5.754637546556576854e+04 8.478091574442583806e+03 7.471786833559573893e+01
5.754637546689705778e+04 8.538437246149012935e+03 7.497592417380759855e+01
5.754637546822833974e+04 7.924280685819960127e+03 7.235773873572571802e+01
5.754637546955962171e+04 7.989834803485153316e+03 7.263436032523173935e+01
5.754637547089091095e+04 8.100518429496466524e+03 7.312728333799989855e+01
5.754637547222219291e+04 8.178302374859775227e+03 7.345446005023097769e+01
5.754637547355347488e+04 8.223755348478585802e+03 7.364377475667494366e+01
5.754637547488476412e+04 8.454205584069894030e+03 7.461498381452371120e+01
5.754637547621604608e+04 8.717684809115935423e+03 7.570840632702682171e+01
5.754637547754732805e+04 8.714678891248182481e+03 7.569550297831285945e+01
5.754637547887861729e+04 8.350479080682456697e+03 7.418225298988785710e+01
5.754637548020989925e+04 8.490598206089489395e+03 7.476762454186442142e+01
5.754637548154118849e+04 9.413540117064845617e+03 7.853372695468424070e+01
5.754637548287247046e+04 9.299075738597128293e+03 7.807480557166839219e+01
5.754637548420375242e+04 8.183922100494781262e+03 7.347312402034830825e+01
5.754637548553504166e+04 7.855410134661561642e+03 7.206569231475572224e+01
5.754637548686632363e+04 8.270071238414731852e+03 7.384076439207137810e+01
5.754637548819760559e+04 8.707134691818335341e+03 7.566770895352478021e+01
5.754637548952889483e+04 8.625237800675360631e+03 7.533173192726188461e+01
5.754637549086017680e+04 8.687781739481904879e+03 7.559092312298233196e+01
5.754637549219145876e+04 8.762655513906309352e+03 7.590336365348159120e+01
5.754637549352274800e+04 8.786737502549623969e+03 7.600549190751604556e+01
5.754637549485402997e+04 8.687877772214444121e+03 7.559298180915627086e+01
5.754637549618531921e+04 9.146917584842805809e+03 7.747237283486528270e+01
5.754637549751660117e+04 8.693818461484292129e+03 7.562534313349509318e+01
5.754637549884788314e+04 8.802582156001328258e+03 7.607055528474541006e+01
5.754637550017917238e+04 8.939639741547051017e+03 7.664031071517766236e+01
5.754637550151045434e+04 8.852494103076780448e+03 7.633456086722333112e+01
5.754637550284173631e+04 8.831651458489975994e+03 7.627707732796753248e+01
5.754637550417302555e+04 8.778292121637867240e+03 7.598617503105182891e+01
5.754637550550430751e+04 8.709571632035569564e+03 7.568563188745102366e+01
5.754637550683558948e+04 8.239898987625920199e+03 7.371044133663245645e+01
5.754637550816687872e+04 8.057707084203379054e+03 7.293628071368672749e+01
5.754637550949816068e+04 8.390205804596238522e+03 7.434414411369596110e+01
5.754637551082944265e+04 8.783751149850833826e+03 7.598254488115070160e+01
5.754637551216073189e+04 9.045480733638474703e+03 7.705305523926405442e+01
5.754637551349201385e+04 8.638597188547497353e+03 7.538698941868820214e+01
5.754637551482330309e+04 8.357265002532891231e+03 7.421127415713560538e+01
5.754637551615458506e+04 8.378439724567513622e+03 7.429916943484681724e+01
5.754637551748586702e+04 8.326626001914970402e+03 7.407346974807485651e+01
5.754637551881715626e+04 8.258312586547477622e+03 7.379405488858552076e+01
5.754637552014843823e+04 8.421890803247088115e+03 7.448705291647445392e+01
5.754637552147972019e+04 8.856471647047415900e+03 7.628400597881692136e+01
5.754637552281100943e+04 8.122428552463084998e+03 7.322084829878403411e+01
5.754637552414229140e+04 7.328026752869548545e+03 6.974982637379244466e+01
5.754637552547357336e+04 6.194069908557791678e+03 6.446534682693994966e+01
5.754637552680486260e+04 5.127566905558246617e+03 5.906421424319115232e+01
5.754637552813614457e+04 4.843285608883823443e+03 5.753578568575184704e+01
5.754637552946743381e+04 4.679196763702909266e+03 5.663346478050662114e+01
5.754637553079871577e+04 4.603051486704835952e+03 5.619953418841779325e+01
5.754637553212999774e+04 4.595042846596694289e+03 5.615451191599240843e+01
5.754637553346128698e+04 4.650226900558915986e+03 5.646315882128588726e+01
5.754637553479256894e+04 4.652677972966502239e+03 5.648883129791941826e+01
5.754637553612385091e+04 4.518196556791873263e+03 5.573307125396030415e+01
5.754637553745514015e+04 4.429393806181722539e+03 5.524400108821564004e+01
5.754637553878642211e+04 4.482280274208073934e+03 5.555125266401513073e+01
5.754637554011770408e+04 4.569866614776581628e+03 5.602205687909937382e+01
5.754637554144899332e+04 4.571866685036519812e+03 5.603556255525426621e+01
5.754637554278027528e+04 4.556056118180946214e+03 5.595681765585096201e+01
5.754637554411155725e+04 4.573634481207876888e+03 5.604786706908485172e+01
5.754637554544284649e+04 4.579168059444427854e+03 5.606994819210333247e+01
5.754637554677412845e+04 4.414719912659660622e+03 5.515545060031409719e+01
5.754637554810541769e+04 4.446065320407975378e+03 5.532573904539421505e+01
5.754637554943669966e+04 4.559097324331902200e+03 5.596244552630503222e+01
5.754637555076798162e+04 4.452800663492650528e+03 5.537225582185956085e+01
5.754637555209927086e+04 4.478946477860536106e+03 5.551034989389875562e+01
5.754637555343055283e+04 4.563290725124476012e+03 5.598449904927958443e+01
