2.457373937673099805e+06 2.588022551325235981e+05 4.056832458235737704e+02
2.457373937681678683e+06 1.106471432089336740e+05 2.656458830112941314e+02
2.457373937690258026e+06 1.099065427313323889e+05 2.649273123151918412e+02
2.457373937698836904e+06 1.092193222894435748e+05 2.643041854214029627e+02
2.457373937707416248e+06 2.524590729678894568e+05 4.019556875457072920e+02
2.457373937715995125e+06 1.101073374549752625e+05 2.657924759572406401e+02
2.457373937724574469e+06 1.111134548184254236e+05 2.670015438208417322e+02
2.457373937733153347e+06 1.121939951417744014e+05 2.682079053112640850e+02
2.457373937741732690e+06 2.740711132228560164e+05 4.181451911379908211e+02
2.457373937750311568e+06 1.257507864701145299e+05 2.829898522943585135e+02
2.457373937758890912e+06 1.315967117181352805e+05 2.891302772692967551e+02
2.457373937767469790e+06 1.360724465041984804e+05 2.937242028905745883e+02
2.457373937776049133e+06 3.184850728080742992e+05 4.487934398624852861e+02
2.457373937784628011e+06 1.351231125920473132e+05 2.926803582063236036e+02
2.457373937793207355e+06 1.331964811694777163e+05 2.906890997159636072e+02
2.457373937801786233e+06 1.312517506822875293e+05 2.886430754922917004e+02
2.457373937810365576e+06 2.999132537740951520e+05 4.360140941830724159e+02
2.457373937818944454e+06 1.264724535191593459e+05 2.836036519051578466e+02
2.457373937827523798e+06 1.254531288386358792e+05 2.826027333706533113e+02
2.457373937836102676e+06 1.249863444499594043e+05 2.821738181371964060e+02
2.457373937844682019e+06 2.895703023394475458e+05 4.291718870410264799e+02
2.457373937853260897e+06 1.240476703436943353e+05 2.811912646956873800e+02
2.457373937861840241e+06 1.250503996299668070e+05 2.822381062797534241e+02
2.457373937870419119e+06 1.267417719761140615e+05 2.839941680960404824e+02
2.457373937878998462e+06 3.005423212898304919e+05 4.366257798238447663e+02
2.457373937887577340e+06 1.318772514974985679e+05 2.892586637077831142e+02
2.457373937896156684e+06 1.319502830970934592e+05 2.892611056460989971e+02
2.457373937904735561e+06 1.314223914256124990e+05 2.886194678156225564e+02
2.457373937913314439e+06 3.029630787642600480e+05 4.377399320840952441e+02
2.457373937921893783e+06 1.285362401544677268e+05 2.853198676768093947e+02
2.457373937930472661e+06 1.274136009432161372e+05 2.841012328454165754e+02
2.457373937939052004e+06 1.256377466561765032e+05 2.821822721054077761e+02
2.457373937947630882e+06 2.843747516165915295e+05 4.243658865696520479e+02
2.457373937956210226e+06 1.170047047185406846e+05 2.728616652326401777e+02
2.457373937964789104e+06 1.139040132907776715e+05 2.694643037910477688e+02
2.457373937973368447e+06 1.111475964069258480e+05 2.664145174208294975e+02
2.457373937981947325e+06 2.522742989648900402e+05 4.013377991721991407e+02
2.457373937990526669e+06 1.081623270846648375e+05 2.633989132607696320e+02
2.457373937999105547e+06 1.092990040291849291e+05 2.649883744426150542e+02
2.457373938007684890e+06 1.107248692604860262e+05 2.668874921235984630e+02
2.457373938016263768e+06 1.123887770817456476e+05 2.690280152022479569e+02
2.457373938024843112e+06 2.711728638375297305e+05 4.174950382844866112e+02
2.457373938033421990e+06 1.218407218848350312e+05 2.798620669623557546e+02
2.457373938042001333e+06 1.279484357159092760e+05 2.864250371926676166e+02
2.457373938050580211e+06 1.350516546072853962e+05 2.937928764454637189e+02
2.457373938059159555e+06 3.416453582440011087e+05 4.656088087733104999e+02
2.457373938067738432e+06 1.544547443588344322e+05 3.126288811276549495e+02
2.457373938076317776e+06 1.599697474275918503e+05 3.176813842291390415e+02
2.457373938084896654e+06 1.640163540626831818e+05 3.213117942931410767e+02
2.457373938093475997e+06 3.836398236010035034e+05 4.906884646655485085e+02
2.457373938102054875e+06 1.599314566409326799e+05 3.170909637048791296e+02
2.457373938110634219e+06 1.537415177878825925e+05 3.110178505613981201e+02
2.457373938119213097e+06 1.465488158976066334e+05 3.038393291702513466e+02
2.457373938127792440e+06 3.154661557213810738e+05 4.460428996682865659e+02
2.457373938136371318e+06 1.281038953349358490e+05 2.848786533428098551e+02
2.457373938144950196e+06 1.223938046268012404e+05 2.788540004805922194e+02
2.457373938153529540e+06 1.174759016168988310e+05 2.736175989117240306e+02
2.457373938162108418e+06 2.615747306131974619e+05 4.088045849157473981e+02
2.457373938170687761e+06 1.090480096419221954e+05 2.647589879610962953e+02
2.457373938179266639e+06 1.084646881292722101e+05 2.643341387705677334e+02
2.457373938187845983e+06 1.095128458975157264e+05 2.657225304177245562e+02
2.457373938196424861e+06 2.634746090492221992e+05 4.114763770779819652e+02
2.457373938205004204e+06 1.213285582871818187e+05 2.788788591760182385e+02
2.457373938213583082e+06 1.291329254232029780e+05 2.871053334855693606e+02
2.457373938222162426e+06 1.371555142926955305e+05 2.952812830647554279e+02
2.457373938230741303e+06 3.391495336841073004e+05 4.629349212313089197e+02
2.457373938239320647e+06 1.504064081047761720e+05 3.080516859342401403e+02
2.457373938247899525e+06 1.508835323871462606e+05 3.082768214725337543e+02
2.457373938256478868e+06 1.494667882234709978e+05 3.067064107088569358e+02
2.457373938265057746e+06 3.369969442122347536e+05 4.604261719893756322e+02
2.457373938273637090e+06 1.374963287919196882e+05 2.945843396300778636e+02
2.457373938282215968e+06 1.294719478572485386e+05 2.861680463901803932e+02
2.457373938290795311e+06 1.214711824243339506e+05 2.775031203822949237e+02
2.457373938299374189e+06 2.634736351298192167e+05 4.087965955396317099e+02
2.457373938307953533e+06 1.076821333196058404e+05 2.615533136596320105e+02
2.457373938316532411e+06 1.065595568803468632e+05 2.599580811073358859e+02
2.457373938325111754e+06 1.056991388439837901e+05 2.586377027544934890e+02
2.457373938333690632e+06 2.432112002729152446e+05 3.914621704392269521e+02
2.457373938342269976e+06 1.001041064722046576e+05 2.509445240962981245e+02
2.457373938350848854e+06 9.432665289388208475e+04 2.435327789951055024e+02
2.457373938359428197e+06 8.745636048218084034e+04 2.345338264239079251e+02
2.457373938368007075e+06 7.952414996189040539e+04 2.237941927391193815e+02
