5.730822779230000015e+04 5.047226952423059265e+04 1.929624032972450891e+02
5.730822779409559735e+04 4.980828379897522245e+04 1.919054911760401865e+02
5.730822779589119455e+04 5.046304414796239871e+04 1.928784854560676933e+02
5.730822779768679175e+04 5.093438167118931597e+04 1.936971876216439057e+02
5.730822779948238895e+04 5.090943213636043947e+04 1.936498579682073853e+02
5.730822780127797887e+04 5.126103915885240713e+04 1.942510141388670206e+02
5.730822780307357607e+04 5.213653590975557017e+04 1.956504147996937775e+02
5.730822780486917327e+04 5.350386362278521847e+04 1.977881008824068090e+02
5.730822780666477047e+04 5.368842419447901193e+04 1.980981845223502944e+02
5.730822780846036767e+04 5.354276521352070267e+04 1.979065191373245796e+02
5.730822781025596487e+04 5.207220835752271523e+04 1.955571178569594792e+02
5.730822781205156207e+04 5.084593264194055519e+04 1.935259350432793610e+02
5.730822781384715927e+04 4.966715831987182901e+04 1.916351528702859923e+02
5.730822781564275647e+04 5.022002827130969672e+04 1.925395551226399959e+02
5.730822781743835367e+04 5.230933240480767563e+04 1.958898959917542868e+02
5.730822781923394359e+04 5.358199809330081916e+04 1.978682008165313277e+02
5.730822782102954079e+04 5.370864964370145753e+04 1.981283254965060223e+02
5.730822782282513799e+04 5.164974242574879463e+04 1.947894187794419167e+02
5.730822782462073519e+04 5.076025765768907877e+04 1.933820967072694543e+02
5.730822782641633239e+04 4.987150733831058460e+04 1.919521584448233398e+02
5.730822782821192959e+04 4.915795326560341346e+04 1.907798954436185284e+02
5.730822783000752679e+04 4.993785509764624294e+04 1.921125860333651474e+02
5.730822783180312399e+04 5.080897577596145129e+04 1.934616673392242205e+02
5.730822783359872119e+04 5.092816375858114770e+04 1.936489439926318425e+02
5.730822783539431839e+04 5.055750730397274310e+04 1.930586030870467198e+02
5.730822783718990831e+04 5.116444624728666531e+04 1.940225302856238727e+02
5.730822783898550551e+04 5.081026907319242309e+04 1.934758446584960154e+02
5.730822784078110271e+04 5.115253572921548766e+04 1.940169515587406011e+02
5.730822784257669991e+04 5.165130570015501144e+04 1.948530123495627322e+02
5.730822784437229711e+04 5.169814152538083727e+04 1.948878012765195820e+02
5.730822784616789431e+04 5.192379723949732579e+04 1.952482192281805453e+02
5.730822784796349151e+04 5.165939077819058730e+04 1.948453954866927234e+02
5.730822784975908871e+04 5.170446624188133865e+04 1.949331321901001672e+02
5.730822785155468591e+04 5.148147583425414632e+04 1.945420251166863181e+02
5.730822785335028311e+04 5.177011090884495934e+04 1.950190832399252656e+02
5.730822785514587304e+04 5.251398063543432363e+04 1.962044380889589945e+02
5.730822785694147024e+04 5.171218146058358252e+04 1.949243762609636974e+02
5.730822785873706744e+04 5.057690173905011761e+04 1.931080612749645411e+02
5.730822786053266464e+04 5.058101652356852719e+04 1.930969768446228727e+02
5.730822786232826184e+04 5.179090203226600715e+04 1.950580302149318470e+02
5.730822786412385904e+04 5.230767628049471386e+04 1.959065356969749701e+02
5.730822786591945624e+04 5.181519485461147997e+04 1.951023863554424338e+02
5.730822786771505343e+04 5.150498153206780262e+04 1.945614992228296103e+02
5.730822786951065063e+04 5.136723399697773857e+04 1.943403135071827990e+02
5.730822787130624783e+04 5.222109148095062119e+04 1.956911758621435524e+02
5.730822787310183776e+04 5.288495682071819465e+04 1.968052048687218871e+02
5.730822787489743496e+04 5.285265049259104853e+04 1.967591665632243405e+02
5.730822787669303216e+04 5.245065394244353956e+04 1.961549342621060248e+02
5.730822787848862936e+04 5.261924440264808800e+04 1.964419109482551562e+02
5.730822788028422656e+04 5.340266337057578494e+04 1.976513346027451803e+02
5.730822788207982376e+04 5.298515760708446760e+04 1.969963057878884456e+02
5.730822788387542096e+04 5.161951003597614908e+04 1.948011321676044361e+02
5.730822788567101816e+04 5.006104041413466621e+04 1.923396659283830843e+02
5.730822788746661536e+04 4.987100400946546870e+04 1.919571082505462698e+02
5.730822788926221256e+04 5.051841459097676125e+04 1.930603506047489475e+02
5.730822789105780248e+04 5.080123739152585040e+04 1.935146871014543422e+02
5.730822789285339968e+04 5.136153088919575384e+04 1.944267407911534633e+02
5.730822789464899688e+04 5.153122630499025399e+04 1.945973014024861811e+02
5.730822789644459408e+04 5.109888401510183758e+04 1.940974557960344100e+02
5.730822789824019128e+04 5.021838284977716103e+04 1.928490580823570042e+02
5.730822790003578848e+04 5.040378827638217626e+04 1.928856617233749660e+02
5.730822790183138568e+04 5.153936754594997910e+04 1.946928260006000357e+02
5.730822790362698288e+04 5.249856739607158670e+04 1.962503593426232271e+02
5.730822790542258008e+04 5.332242936118992657e+04 1.974740394225013063e+02
5.730822790721817728e+04 5.458946321689175966e+04 1.995031606334071625e+02
5.730822790901376720e+04 5.488770550593877851e+04 1.999554057549526647e+02
5.730822791080936440e+04 5.458791413001632463e+04 1.994486027204770267e+02
5.730822791260496160e+04 5.438862249652385071e+04 1.991685619369108622e+02
5.730822791440055880e+04 5.398318371905189997e+04 1.985379646119237123e+02
5.730822791619615600e+04 5.380930251555304130e+04 1.981785379927839585e+02
5.730822791799175320e+04 5.351473156136319449e+04 1.977675648654708311e+02
5.730822791978735040e+04 5.514931110594161146e+04 2.003750284883087716e+02
5.730822792158294760e+04 5.609670747446469613e+04 2.018949504205641574e+02
5.730822792337854480e+04 5.472802717271222355e+04 1.997173547668019182e+02
5.730822792517414200e+04 5.154112357059767237e+04 1.946602251550278595e+02
5.730822792696973193e+04 5.068163888895184209e+04 1.932887967492613086e+02
5.730822792876532912e+04 5.294261729154935165e+04 1.969346667159342417e+02
5.730822793056092632e+04 5.377606010171279195e+04 1.982420835995804964e+02
5.730822793235652352e+04 5.320782107399083907e+04 1.973352043267662452e+02
5.730822793415212072e+04 5.134706288634165685e+04 1.943630235721348072e+02
5.730822793594771792e+04 5.105917231972052105e+04 1.938942655105915662e+02
5.730822793774331512e+04 5.174487515848585463e+04 1.949582059218275845e+02
5.730822793953891232e+04 5.275257787826366257e+04 1.966414297144540626e+02
5.730822794133450952e+04 5.303963115376439964e+04 1.970295111237772119e+02
5.730822794313010672e+04 5.245615983873506775e+04 1.961298960626703547e+02
5.730822794492569665e+04 5.190532568545795220e+04 1.952752698610927951e+02
5.730822794672129385e+04 5.067754567079013214e+04 1.932873377790858171e+02
5.730822794851689105e+04 5.091808221845605294e+04 1.936947401197944600e+02
5.730822795031248825e+04 5.205610785631141334e+04 1.955300283443344824e+02
5.730822795210808545e+04 5.230981400094996934e+04 1.958827171599092480e+02
5.730822795390368265e+04 5.216095023637465056e+04 1.955783934047718731e+02
5.730822795569927985e+04 5.272575078053741890e+04 1.966031764858887243e+02
5.730822795749487705e+04 5.275430574288084608e+04 1.966389338476144246e+02
5.730822795929047425e+04 5.268606271907164773e+04 1.964898284149025756e+02
5.730822796108607145e+04 5.208958204546585330e+04 1.955072243155589717e+02
5.730822796288166137e+04 5.236802742292786570e+04 1.960049156773708319e+02
5.730822796467725857e+04 5.246754879235725093e+04 1.961248474957250778e+02
5.730822796647285577e+04 5.059447737523006072e+04 1.931255330277556368e+02
5.730822796826845297e+04 4.844112694221432321e+04 1.896744994623955733e+02
5.730822797006405017e+04 4.612401750506249664e+04 1.857736382775625259e+02
5.730822797185964737e+04 4.337211555330717965e+04 1.810720366130248351e+02
5.730822797365524457e+04 4.164848403326745756e+04 1.780886890635733266e+02
5.730822797545084177e+04 4.117799791600233584e+04 1.772533854048391504e+02
5.730822797724643897e+04 4.060476099546910700e+04 1.762267878795542231e+02
5.730822797904203617e+04 4.013272846708122233e+04 1.754397449856735705e+02
5.730822798083762609e+04 3.994704773153724818e+04 1.750568097198186592e+02
5.730822798263322329e+04 3.974739590375955595e+04 1.747390914393172920e+02
5.730822798442882049e+04 3.979270795014777104e+04 1.748111497955970322e+02
5.730822798622441769e+04 3.982945673738943151e+04 1.748787545399426051e+02
5.730822798802001489e+04 3.975122724025835487e+04 1.747902920466538603e+02
5.730822798981561209e+04 3.997733928538131295e+04 1.751952941847762304e+02
5.730822799161120929e+04 3.978545366157509125e+04 1.747745329842607305e+02
5.730822799340680649e+04 3.979903596162782196e+04 1.748255980250933987e+02
5.730822799520240369e+04 3.988608880474120815e+04 1.749512433067022243e+02
5.730822799699800089e+04 3.969651251531589514e+04 1.745871307493647464e+02
5.730822799879359081e+04 3.983057334995646670e+04 1.748768123718263325e+02
5.730822800058918801e+04 3.986199941713986482e+04 1.749372350524903084e+02
5.730822800238478521e+04 4.005547022082994954e+04 1.752891091872915297e+02
5.730822800418038241e+04 3.988980506439165038e+04 1.749770725609637907e+02
5.730822800597597961e+04 3.956635359909696854e+04 1.743921190653154554e+02
5.730822800777157681e+04 3.967861625900507352e+04 1.745525904207284498e+02
5.730822800956717401e+04 3.964746951723998063e+04 1.745390362050433453e+02
5.730822801136277121e+04 3.968488390955137584e+04 1.746200294057382223e+02
5.730822801315836841e+04 3.920134659699021722e+04 1.737689561969174861e+02
5.730822801495396561e+04 3.946297803537496657e+04 1.742277471196070735e+02
5.730822801674955554e+04 3.964964054423167545e+04 1.744609164287368230e+02
5.730822801854515274e+04 3.984587266698780877e+04 1.749029185606628971e+02
5.730822802034074994e+04 3.998824503308285784e+04 1.751458847554557963e+02
5.730822802213634714e+04 3.989467538321621396e+04 1.749878542549413964e+02
5.730822802393194434e+04 4.013358943488582008e+04 1.753896669613418737e+02
5.730822802572754154e+04 4.016700272482038417e+04 1.755334219731930432e+02
5.730822802752313873e+04 3.987237522728432668e+04 1.749789878258134479e+02
5.730822802931873593e+04 3.980218995613409788e+04 1.748498181271109502e+02
5.730822803111433313e+04 3.981919441948232998e+04 1.748198758815699421e+02
5.730822803290992306e+04 3.973103328436903394e+04 1.746944690280629118e+02
5.730822803470552026e+04 3.957908545775117818e+04 1.743891107096849566e+02
5.730822803650111746e+04 3.959162853863273631e+04 1.744414011950611894e+02
5.730822803829671466e+04 3.987923861089372804e+04 1.749327169609533712e+02
5.730822804009231186e+04 3.985349166590815003e+04 1.749281470203684421e+02
5.730822804188790906e+04 3.978530604574497556e+04 1.748031068402608526e+02
5.730822804368350626e+04 3.999532207279706927e+04 1.751276608054243979e+02
5.730822804547910346e+04 3.995451321703058784e+04 1.750506583710590292e+02
5.730822804727470066e+04 3.996916488512666547e+04 1.750877903641128910e+02
5.730822804907029786e+04 3.977343218309598160e+04 1.747748905440307681e+02
5.730822805086588778e+04 3.974552757464892784e+04 1.747336546067179768e+02
5.730822805266148498e+04 3.987271905932399386e+04 1.749503641278182329e+02
5.730822805445708218e+04 4.013162880660848168e+04 1.753957966062811522e+02
5.730822805625267938e+04 4.012301887044494651e+04 1.753712680221104563e+02
5.730822805804827658e+04 4.025534487217764399e+04 1.756445124377238756e+02
5.730822805984387378e+04 4.000164895028197498e+04 1.751571892884692545e+02
5.730822806163947098e+04 3.980003841608484800e+04 1.748558045194460533e+02
5.730822806343506818e+04 3.976417505098783295e+04 1.747448221637316976e+02
5.730822806523066538e+04 3.995457944481723825e+04 1.750603459991346256e+02
5.730822806702626258e+04 3.994505214897308906e+04 1.750515711306605908e+02
5.730822806882185250e+04 3.961485882798136299e+04 1.744812178220080625e+02
5.730822807061744970e+04 3.943458500627712783e+04 1.741350470663182648e+02
5.730822807241304690e+04 3.951572928354010219e+04 1.742615430893979465e+02
5.730822807420864410e+04 3.924111798156103760e+04 1.738023665728929075e+02
5.730822807600424130e+04 3.955915013406448270e+04 1.744369072206324063e+02
5.730822807779983850e+04 3.986925656155408069e+04 1.748951648733126092e+02
5.730822807959543570e+04 3.995985600305883418e+04 1.751256195257778074e+02
5.730822808139103290e+04 3.964849659134760441e+04 1.745539613461113220e+02
5.730822808318663010e+04 3.997993459649498982e+04 1.751640737086117952e+02
5.730822808498222730e+04 4.011062183211937372e+04 1.753774357830895383e+02
5.730822808677781723e+04 4.012797435569107620e+04 1.753849662823540996e+02
5.730822808857341442e+04 4.023584442234908056e+04 1.755390573102522751e+02
5.730822809036901162e+04 3.992369543781271204e+04 1.750961112220436178e+02
5.730822809216460882e+04 3.992582753421241796e+04 1.750719085994613806e+02
5.730822809396020602e+04 3.994978904190741014e+04 1.750065333507245100e+02
5.730822809575580322e+04 3.996800134315696778e+04 1.751097693546848291e+02
5.730822809755140042e+04 3.956218513181354501e+04 1.744059927211388015e+02
5.730822809934699762e+04 3.952434605297000235e+04 1.742656599577124723e+02
5.730822810114259482e+04 3.966415498274391575e+04 1.745456370894479790e+02
5.730822810293819202e+04 3.984811201709022862e+04 1.749301155943917081e+02
5.730822810473378195e+04 4.008453845385592285e+04 1.753359633373820543e+02
5.730822810652937915e+04 4.025780417888954980e+04 1.756315965947160862e+02
5.730822810832497635e+04 4.023984859657021298e+04 1.755728778163309869e+02
5.730822811012057355e+04 4.022255058125390497e+04 1.755932860331701022e+02
5.730822811191617075e+04 4.013051255591305380e+04 1.753898565086434189e+02
5.730822811371176795e+04 3.986849512464967847e+04 1.749246390178154513e+02
5.730822811550736515e+04 3.968074801216796914e+04 1.745801598815721150e+02
5.730822811730296235e+04 3.978522569221348385e+04 1.747558446634532459e+02
5.730822811909855955e+04 3.958411393814446637e+04 1.744194595241901027e+02
5.730822812089415675e+04 3.984470070632846182e+04 1.748433614506915603e+02
5.730822812268974667e+04 3.991636293616125477e+04 1.749996359069064624e+02
5.730822812448534387e+04 3.971911518491455354e+04 1.746765702769918107e+02
5.730822812628094107e+04 3.966037207025375392e+04 1.745381196755346025e+02
5.730822812807653827e+04 3.966048406848119339e+04 1.745577103471291025e+02
5.730822812987213547e+04 3.998460201773065637e+04 1.751054054902996882e+02
5.730822813166773267e+04 3.987654987003321730e+04 1.749899917938398062e+02
5.730822813346332987e+04 4.004655773138946824e+04 1.752729628144329297e+02
5.730822813525892707e+04 3.998699033756226709e+04 1.751543320013186360e+02
5.730822813705452427e+04 4.015997621502845868e+04 1.754406769034178808e+02
5.730822813885012147e+04 3.985603046829695813e+04 1.748598367039016068e+02
5.730822814064571139e+04 3.992832811255967681e+04 1.749996164948827300e+02
5.730822814244130859e+04 3.971933772058934846e+04 1.746618793740162516e+02
5.730822814423690579e+04 3.942611721690416744e+04 1.741161277545265023e+02
5.730822814603250299e+04 3.991270907969840482e+04 1.749971200466757466e+02
5.730822814782810019e+04 3.994485678557529172e+04 1.751092576201458542e+02
5.730822814962369739e+04 3.973669954177946784e+04 1.746780418033513342e+02
5.730822815141929459e+04 4.016176061325919000e+04 1.754483832481970751e+02
5.730822815321489179e+04 4.004404265990616841e+04 1.752608901242102490e+02
5.730822815501048899e+04 3.991521272907994717e+04 1.750530138384221459e+02
5.730822815680608619e+04 4.018350101999236358e+04 1.755090891143854606e+02
5.730822815860167611e+04 4.023205048495300434e+04 1.755624749629183157e+02
5.730822816039727331e+04 4.037611159119462536e+04 1.758716468125646202e+02
5.730822816219287051e+04 4.025020740813984594e+04 1.755860352690177706e+02
5.730822816398846771e+04 4.019089861711201956e+04 1.754862739080095082e+02
5.730822816578406491e+04 4.001448141905791999e+04 1.752351647892249389e+02
5.730822816757966211e+04 4.006194010832298227e+04 1.752292280583096726e+02
5.730822816937525931e+04 3.975968054403684073e+04 1.747102738725534437e+02
5.730822817117085651e+04 4.014298052375040425e+04 1.754408311469616422e+02
5.730822817296645371e+04 4.017426672543949098e+04 1.754491144266863500e+02
5.730822817476205091e+04 3.964785928621677886e+04 1.745374099839425810e+02
5.730822817655764084e+04 4.007011362912884942e+04 1.752570736183428153e+02
5.730822817835323804e+04 3.994084161626594869e+04 1.749906794117793538e+02
5.730822818014883524e+04 4.012285007104936085e+04 1.753355812150050497e+02
5.730822818194443244e+04 4.018133797099378717e+04 1.754710788217510071e+02
5.730822818374002964e+04 4.006546296236136550e+04 1.753207719263476747e+02
5.730822818553562684e+04 3.998695574145248975e+04 1.751244027938405736e+02
5.730822818733122404e+04 4.009050621300042985e+04 1.752799956380479216e+02
5.730822818912682123e+04 3.992411062858959485e+04 1.750186757303642366e+02
5.730822819092241843e+04 3.957979765924190724e+04 1.743972805576242422e+02
5.730822819271801563e+04 3.982698768891183136e+04 1.748635641045170530e+02
5.730822819451360556e+04 3.972775133236161491e+04 1.746342932206853504e+02
5.730822819630920276e+04 3.992685350042699429e+04 1.749695478150683812e+02
5.730822819810479996e+04 3.954924373805936193e+04 1.743417725474434121e+02
5.730822819990039716e+04 3.977584349411174480e+04 1.746941806261789623e+02
5.730822820169599436e+04 3.987948816399415227e+04 1.749298146052377376e+02
5.730822820349159156e+04 4.022265252219889953e+04 1.755296102860227165e+02
5.730822820528718876e+04 4.011776182663568034e+04 1.753658511265507514e+02
5.730822820708278596e+04 4.043189878787867929e+04 1.759577098264685446e+02
5.730822820887838316e+04 4.017072346938814007e+04 1.754862974082257665e+02
5.730822821067398036e+04 3.979535237318551663e+04 1.747545421532976491e+02
5.730822821246957028e+04 3.981124912052334548e+04 1.747972577925914095e+02
5.730822821426516748e+04 3.975098519817341730e+04 1.746908851026344109e+02
5.730822821606076468e+04 3.996925097724007355e+04 1.751481250308595179e+02
5.730822821785636188e+04 4.009798129493801389e+04 1.752696844045995874e+02
5.730822821965195908e+04 4.010479410540028766e+04 1.753227589969504834e+02
5.730822822144755628e+04 4.007238371783741604e+04 1.752033576196238016e+02
5.730822822324315348e+04 3.978225823648177175e+04 1.747348182101459031e+02
5.730822822503875068e+04 3.957926853098140418e+04 1.743942578491051734e+02
5.730822822683434788e+04 3.927600278356281342e+04 1.738533242115293831e+02
5.730822822862994508e+04 3.975784972752405884e+04 1.747639836863474443e+02
5.730822823042553500e+04 3.961305637099137675e+04 1.744701983541204129e+02
5.730822823222113220e+04 3.986027316457145935e+04 1.749041325208656872e+02
5.730822823401672940e+04 3.993207188178313663e+04 1.750171308326004009e+02
5.730822823581232660e+04 3.995789275095437188e+04 1.751237333853881637e+02
5.730822823760792380e+04 3.997147856159989169e+04 1.751199768515711526e+02
5.730822823940352100e+04 4.010199259743333823e+04 1.753334698250843360e+02
5.730822824119911820e+04 3.997446506616671832e+04 1.750690341791194271e+02
5.730822824299471540e+04 3.988152418040738849e+04 1.749339886074702122e+02
5.730822824479031260e+04 4.008230458055384224e+04 1.752986165223661033e+02
5.730822824658590980e+04 3.979742763772731269e+04 1.748227101115168693e+02
5.730822824838149972e+04 3.996194028135461849e+04 1.749980542837942323e+02
5.730822825017709692e+04 4.008148223119727481e+04 1.752429816106965177e+02
5.730822825197269412e+04 4.007661883955071971e+04 1.753116007514046544e+02
5.730822825376829132e+04 3.991762402028012002e+04 1.750072623906437457e+02
5.730822825556388852e+04 4.002526307996535616e+04 1.752093025578327001e+02
5.730822825735948572e+04 3.976051020490114752e+04 1.747284339590976572e+02
5.730822825915508292e+04 3.974409411539168650e+04 1.747453261738368724e+02
5.730822826095068012e+04 3.981115164639784052e+04 1.748080251621656203e+02
5.730822826274627732e+04 3.985514000104227307e+04 1.748875794340279413e+02
5.730822826454186725e+04 3.983407087641119870e+04 1.748288149870336952e+02
5.730822826633746445e+04 3.994184956894432253e+04 1.749787670427424189e+02
5.730822826813306165e+04 3.994598926236236730e+04 1.750871628865726848e+02
5.730822826992865885e+04 3.994667454534355784e+04 1.750953774941180825e+02
5.730822827172425605e+04 4.004729479595676821e+04 1.752261267128367308e+02
5.730822827351985325e+04 4.019888022547020955e+04 1.755936255868823821e+02
5.730822827531545045e+04 4.008341250915468845e+04 1.753484446610021337e+02
5.730822827711104765e+04 3.986164342345033947e+04 1.749456410300959419e+02
5.730822827890664485e+04 3.995852362333881320e+04 1.751002185433783893e+02
5.730822828070224205e+04 4.015119976528834377e+04 1.754405387805281009e+02
5.730822828249783197e+04 3.986290909985016333e+04 1.748894542644786725e+02
5.730822828429342917e+04 3.980500905523447727e+04 1.748201877702539093e+02
5.730822828608902637e+04 3.979623759951206011e+04 1.747750665444272329e+02
5.730822828788462357e+04 3.949741128687653691e+04 1.742512894839962314e+02
5.730822828968022077e+04 3.987890777190998779e+04 1.749443376529253555e+02
5.730822829147581797e+04 4.004411060965430806e+04 1.752324665274186373e+02
5.730822829327141517e+04 4.000263515760099108e+04 1.751377255531909327e+02
5.730822829506701237e+04 3.975817632866138592e+04 1.747492667498853223e+02
5.730822829686260957e+04 3.975207247448462294e+04 1.747497320644296792e+02
5.730822829865820677e+04 3.997616281222779071e+04 1.751345463290214468e+02
5.730822830045379669e+04 4.000341013726062374e+04 1.751570430562301794e+02
5.730822830224939389e+04 3.983755353635403299e+04 1.748340080877954676e+02
5.730822830404499109e+04 4.019864645719605323e+04 1.755258817508349694e+02
5.730822830584058829e+04 4.013267445174680324e+04 1.754343052073897411e+02
5.730822830763618549e+04 4.042135807917305647e+04 1.758842414676196597e+02
5.730822830943178269e+04 4.001006966172718967e+04 1.751880126963650355e+02
5.730822831122737989e+04 4.001564640126215090e+04 1.752175949113480726e+02
5.730822831302297709e+04 4.015855961105792812e+04 1.754097135738404916e+02
5.730822831481857429e+04 4.032761062158909044e+04 1.757141024699235459e+02
5.730822831661417149e+04 4.011585003354754008e+04 1.753945102078460252e+02
5.730822831840976141e+04 4.035253090923824493e+04 1.758153067234803189e+02
5.730822832020535861e+04 4.015956062590768852e+04 1.754213953704905293e+02
5.730822832200095581e+04 4.010442338732168719e+04 1.753115385574178333e+02
5.730822832379655301e+04 3.970649368495462841e+04 1.745741035006476523e+02
5.730822832559215021e+04 3.970010056834389979e+04 1.745701976187656328e+02
5.730822832738774741e+04 3.988085284403381957e+04 1.749262604875247860e+02
5.730822832918334461e+04 4.012887831868675130e+04 1.754194357290510879e+02
5.730822833097894181e+04 4.021052994480250345e+04 1.755127994631530726e+02
5.730822833277453901e+04 4.006908585932382266e+04 1.753345925233050480e+02
5.730822833457013621e+04 3.968780667633242410e+04 1.746581042645461253e+02
5.730822833636572614e+04 3.976282205045135925e+04 1.747751064980724323e+02
5.730822833816132334e+04 4.010729297749938269e+04 1.754470670947421809e+02
5.730822833995692054e+04 4.008258774659746268e+04 1.754286736135680655e+02
5.730822834175251774e+04 4.027513307347464433e+04 1.756430907782632289e+02
5.730822834354811494e+04 3.998845754382129235e+04 1.751653794072572623e+02
5.730822834534371214e+04 3.961813638062433893e+04 1.745102611978947778e+02
5.730822834713930934e+04 3.961600308937700902e+04 1.744907260722111744e+02
5.730822834893490653e+04 3.994938450530619593e+04 1.750473489257217352e+02
5.730822835073050373e+04 3.982285871450704872e+04 1.748367395847876651e+02
5.730822835252610093e+04 3.980838987300922599e+04 1.748071597455542872e+02
5.730822835432169086e+04 3.986861194193284609e+04 1.749875421946900360e+02
5.730822835611728806e+04 3.993023066282663058e+04 1.750576130836769551e+02
5.730822835791288526e+04 3.981054344317057257e+04 1.747957051178785264e+02
5.730822835970848246e+04 3.999874829476718151e+04 1.751093371415435627e+02
5.730822836150407966e+04 3.995905399770317308e+04 1.750583055888197350e+02
5.730822836329967686e+04 3.983406478951773170e+04 1.749007516659123667e+02
5.730822836509527406e+04 3.956688218458362826e+04 1.746008478836538700e+02
5.730822836689087126e+04 3.963105834220092220e+04 1.746909936535063252e+02
5.730822836868646846e+04 3.927961500020762469e+04 1.739771427347433246e+02
5.730822837048206566e+04 3.878504959893118212e+04 1.730350014493030528e+02
5.730822837227765558e+04 3.844442745175861637e+04 1.723452598413258272e+02
5.730822837407325278e+04 3.854408841486927122e+04 1.725327993643530817e+02
5.730822837586884998e+04 3.827407034604548244e+04 1.720747521253804564e+02
5.730822837766444718e+04 3.847618750109327084e+04 1.724035534755039691e+02
5.730822837946004438e+04 3.875339915164394915e+04 1.729267343225572517e+02
5.730822838125564158e+04 3.866243464306867827e+04 1.727776600433286092e+02
5.730822838305123878e+04 3.845316515082737897e+04 1.724344406764565178e+02
5.730822838484683598e+04 3.849167272826837143e+04 1.724478998193966390e+02
5.730822838664243318e+04 3.869561233516267384e+04 1.728179024240391755e+02
5.730822838843803038e+04 3.878057790509750339e+04 1.729606059736973691e+02
5.730822839023362030e+04 3.882644953543687006e+04 1.730475401421791730e+02
5.730822839202921750e+04 3.873195492303690116e+04 1.729063405776436468e+02
5.730822839382481470e+04 3.825909971597502590e+04 1.720912774972608759e+02
5.730822839562041190e+04 3.858271901182390866e+04 1.726545353332005561e+02
5.730822839741600910e+04 3.868254925486723369e+04 1.728305367960163039e+02
5.730822839921160630e+04 3.867312923159397906e+04 1.727588370477608066e+02
5.730822840100720350e+04 3.839842945453934954e+04 1.723117485671195368e+02
5.730822840280280070e+04 3.857783180320532119e+04 1.726578765289805233e+02
5.730822840459839790e+04 3.845120717021200107e+04 1.723649444621950977e+02
5.730822840639399510e+04 3.839758416012265661e+04 1.722607916844586953e+02
5.730822840818958502e+04 3.847191306867955427e+04 1.724434756564469069e+02
5.730822840998518222e+04 3.865200846195813938e+04 1.727578372157353499e+02
5.730822841178077942e+04 3.869783890207059449e+04 1.728283328938172190e+02
5.730822841357637662e+04 3.844509545606965548e+04 1.723589704553428419e+02
5.730822841537197382e+04 3.846128339948734356e+04 1.724240913795199219e+02
5.730822841716757102e+04 3.858125852620248043e+04 1.726140699387618440e+02
5.730822841896316822e+04 3.902010282756026572e+04 1.733635271747193087e+02
5.730822842075876542e+04 3.888715489364449604e+04 1.731811419300496766e+02
5.730822842255436262e+04 3.863565749295129353e+04 1.727853626979089370e+02
5.730822842434995982e+04 3.862514636100050120e+04 1.728112588315322000e+02
5.730822842614554975e+04 3.865513232482987223e+04 1.727992042576849769e+02
5.730822842794114695e+04 3.860380362162634265e+04 1.726956273437886580e+02
5.730822842973674415e+04 3.839090922822901484e+04 1.723723400852687178e+02
5.730822843153234135e+04 3.877569231048334768e+04 1.729935435587227346e+02
5.730822843332793855e+04 3.848176607544047147e+04 1.725343191963941365e+02
5.730822843512353575e+04 3.857239693183066993e+04 1.727112057481708973e+02
5.730822843691913295e+04 3.838806586023063574e+04 1.723336190698075825e+02
5.730822843871473015e+04 3.856842605638540408e+04 1.727392472395759739e+02
5.730822844051032735e+04 3.867425998692518624e+04 1.728852166626040514e+02
5.730822844230592455e+04 3.891084059479988355e+04 1.732959836541370748e+02
5.730822844410151447e+04 3.882093502311599150e+04 1.731468228222157677e+02
5.730822844589711167e+04 3.831193466554595216e+04 1.722803314208711924e+02
5.730822844769270887e+04 3.852917199828605953e+04 1.726319998762462262e+02
5.730822844948830607e+04 3.860515005276496959e+04 1.727837204787610119e+02
5.730822845128390327e+04 3.836090331800033891e+04 1.722858137775616001e+02
5.730822845307950047e+04 3.837115033614978893e+04 1.722814275783557889e+02
5.730822845487509767e+04 3.858324029212612368e+04 1.726301031958193164e+02
5.730822845667069487e+04 3.855075546957264305e+04 1.726981232930565966e+02
5.730822845846629207e+04 3.855023409225099022e+04 1.726670581468026171e+02
5.730822846026188927e+04 3.864466768564243102e+04 1.728468661816687018e+02
5.730822846205747919e+04 3.860310915847307479e+04 1.726686748850221704e+02
5.730822846385307639e+04 3.854422539851213514e+04 1.726219691781477366e+02
5.730822846564867359e+04 3.838620044221523131e+04 1.723281108072949621e+02
5.730822846744427079e+04 3.837051905104462639e+04 1.722850284206614617e+02
5.730822846923986799e+04 3.878682095178544841e+04 1.730602357877564828e+02
5.730822847103546519e+04 3.865073022655102977e+04 1.728638500436192942e+02
5.730822847283106239e+04 3.874121003800311883e+04 1.729701858751156749e+02
5.730822847462665959e+04 3.842047985793893895e+04 1.723986047271989719e+02
5.730822847642225679e+04 3.847520564251237374e+04 1.725059210655119557e+02
5.730822847821785399e+04 3.858212507794280100e+04 1.726600386171698744e+02
5.730822848001344391e+04 3.829602365939672018e+04 1.721718849790326828e+02
5.730822848180904111e+04 3.830348975324628555e+04 1.721970666134765224e+02
5.730822848360463831e+04 3.856986937913871225e+04 1.726762859418530240e+02
5.730822848540023551e+04 3.873315552014681452e+04 1.729682749094021119e+02
5.730822848719583271e+04 3.862512079524970613e+04 1.728319025574544980e+02
