2.457463929402499925e+06 6.596719677123423899e+05 6.361601094002179480e+02
2.457463929412430618e+06 6.518580153806194430e+05 6.324542175211630592e+02
2.457463929422361776e+06 6.337046685330002801e+05 6.237575027953669178e+02
2.457463929432292469e+06 6.313512001578877680e+05 6.226138787145295055e+02
2.457463929442223627e+06 6.586718627000466222e+05 6.358180406390077906e+02
2.457463929452154320e+06 7.002296265110644745e+05 6.553662907041600647e+02
2.457463929462085012e+06 7.307292173796785064e+05 6.693260132075787396e+02
2.457463929472016171e+06 7.477970660451165168e+05 6.770193104480782722e+02
2.457463929481946863e+06 7.487103116689778399e+05 6.774752447903225629e+02
2.457463929491878022e+06 7.425982711401957786e+05 6.747207331616256170e+02
2.457463929501808714e+06 7.413688565163230523e+05 6.741876313553045748e+02
2.457463929511739872e+06 7.379104171447650297e+05 6.726478655859881428e+02
2.457463929521670565e+06 7.346147600535084493e+05 6.711737525823681381e+02
2.457463929531601258e+06 7.307692524233341683e+05 6.694385883341361705e+02
2.457463929541532416e+06 7.217981542476135073e+05 6.654092755934805155e+02
2.457463929551463109e+06 7.089974082901303191e+05 6.595564747726120913e+02
2.457463929561394267e+06 7.061299782706053229e+05 6.582334597297558503e+02
2.457463929571324959e+06 7.096482871048954548e+05 6.598644568220664723e+02
2.457463929581255652e+06 7.223821077948438469e+05 6.656556679240990206e+02
2.457463929591186810e+06 7.241455234131903853e+05 6.664649372201939741e+02
2.457463929601117503e+06 7.253649655967220897e+05 6.670218108864743272e+02
2.457463929611048661e+06 7.164166408732195850e+05 6.629418902591983169e+02
2.457463929620979354e+06 7.144564477889325935e+05 6.620363746395580620e+02
2.457463929630910512e+06 7.223718374210546026e+05 6.656628483359799020e+02
2.457463929640841205e+06 7.358009955730026122e+05 6.717601778037198983e+02
2.457463929650771897e+06 7.471813523308279691e+05 6.768644994962330657e+02
2.457463929660703056e+06 7.483009700525082881e+05 6.773598967472006507e+02
2.457463929670633748e+06 7.476469844440947054e+05 6.770522285732409955e+02
2.457463929680564906e+06 7.498645451540990034e+05 6.780696279543800529e+02
2.457463929690495599e+06 7.513354844146623509e+05 6.787525120325497028e+02
2.457463929700426292e+06 7.466908066105600446e+05 6.766621594719916857e+02
2.457463929710357450e+06 7.353461591748879291e+05 6.715743322002517743e+02
2.457463929720288143e+06 7.208572125202143798e+05 6.649931530725299353e+02
2.457463929730219301e+06 7.090708736655059038e+05 6.596274949097908120e+02
2.457463929740149993e+06 7.073158588760015555e+05 6.588203362649190922e+02
2.457463929750081152e+06 7.153974786806763150e+05 6.625316047960000105e+02
2.457463929760011844e+06 7.251257885564687895e+05 6.669292273856076463e+02
2.457463929769942537e+06 7.348645322060893523e+05 6.713472100966799871e+02
2.457463929779873695e+06 7.354958760754007380e+05 6.716105576911922981e+02
2.457463929789804388e+06 7.328537023816254223e+05 6.704023328522055181e+02
2.457463929799735546e+06 7.246765719367973506e+05 6.666859493401398140e+02
2.457463929809666239e+06 7.144214604666501982e+05 6.620356072208236355e+02
2.457463929819596931e+06 7.160844913155377144e+05 6.627608728522678803e+02
2.457463929829528090e+06 7.246593327365613077e+05 6.666340953955478881e+02
2.457463929839458782e+06 7.252136706838033861e+05 6.669087490711301598e+02
2.457463929849389941e+06 7.126267418695520610e+05 6.611717817068494014e+02
2.457463929859320633e+06 6.857701325962665724e+05 6.487340546140721926e+02
2.457463929869251326e+06 6.579223696325835772e+05 6.355709470690464968e+02
2.457463929879182484e+06 6.476200713623150950e+05 6.306228786046791583e+02
2.457463929889113177e+06 6.604529983110860921e+05 6.367706924350114832e+02
2.457463929899044335e+06 6.803042777551050531e+05 6.461435723123964863e+02
2.457463929908975028e+06 6.975564088735706173e+05 6.541862063201177762e+02
2.457463929918906186e+06 7.122523024237840436e+05 6.609325596542799985e+02
2.457463929928836878e+06 7.151077334144252818e+05 6.622354290056631498e+02
2.457463929938767571e+06 7.191961737679921789e+05 6.641038385190986446e+02
2.457463929948698729e+06 7.222748016141937114e+05 6.655261805722050212e+02
2.457463929958629422e+06 7.213166297599768732e+05 6.650796923116711241e+02
2.457463929968560580e+06 7.086567442244335543e+05 6.592708943609832204e+02
2.457463929978491273e+06 6.874299947339859791e+05 6.494718225710892057e+02
2.457463929988421965e+06 6.686385027118509170e+05 6.406603977870537392e+02
2.457463929998353124e+06 6.812344980398403713e+05 6.465757502291003220e+02
2.457463930008283816e+06 7.083773143130246317e+05 6.591759508035212320e+02
2.457463930018214975e+06 7.330759962568777846e+05 6.704433195685207920e+02
2.457463930028145667e+06 7.377338808891256340e+05 6.725421164834904175e+02
2.457463930038076825e+06 7.298894567894312786e+05 6.689868259090293350e+02
2.457463930048007518e+06 7.262287822812544182e+05 6.673304995703929308e+02
2.457463930057938211e+06 7.230936543087129248e+05 6.658688574947694860e+02
2.457463930067869369e+06 7.169837854294214630e+05 6.631040992142544610e+02
2.457463930077800062e+06 7.131665885505106999e+05 6.613761641837401157e+02
2.457463930087731220e+06 7.100560421255759429e+05 6.599286928515092541e+02
2.457463930097661912e+06 7.057493048109724186e+05 6.579319100922806456e+02
