5.742236268150000251e+04 1.863023178786949984e+03 3.663715771411494870e+01
5.742236268273037422e+04 1.863765302178762568e+03 3.663435171435104820e+01
5.742236268396073865e+04 1.842649106004099394e+03 3.645001596970831770e+01
5.742236268519111036e+04 1.839747853494596711e+03 3.643476645703380967e+01
5.742236268642148207e+04 1.848919140882312831e+03 3.651948401621553586e+01
5.742236268765184650e+04 1.868670175853133514e+03 3.668209358399717246e+01
5.742236268888221821e+04 1.870242294064142698e+03 3.669295734461093872e+01
5.742236269011258264e+04 1.832007363283701579e+03 3.636974151211158102e+01
5.742236269134295435e+04 1.842981886385019607e+03 3.645256827104696384e+01
5.742236269257332606e+04 1.895314830125999833e+03 3.690380168240397296e+01
5.742236269380369049e+04 1.880629600115925768e+03 3.678712912455336692e+01
5.742236269503406220e+04 1.835400373205688084e+03 3.641014091537861930e+01
5.742236269626443391e+04 1.851155572491683643e+03 3.652992158584294202e+01
5.742236269749479834e+04 1.835079989483984036e+03 3.639806719373009258e+01
5.742236269872517005e+04 1.841734880302180045e+03 3.645181903886589225e+01
5.742236269995554176e+04 1.796540974650607268e+03 3.604983867119623397e+01
5.742236270118590619e+04 1.841148788644791921e+03 3.643733659139024894e+01
5.742236270241627790e+04 1.860374948032697603e+03 3.660488452771641477e+01
5.742236270364664233e+04 1.837457806641481056e+03 3.641387813863380529e+01
5.742236270487701404e+04 1.841354645021724536e+03 3.644862374968983687e+01
5.742236270610738575e+04 1.828340970299254195e+03 3.633471054951021983e+01
5.742236270733775018e+04 1.869494854036467586e+03 3.669564546811113814e+01
5.742236270856812189e+04 1.903052837037066411e+03 3.698245003073227366e+01
5.742236270979849360e+04 1.950295599377930330e+03 3.738642262171250508e+01
5.742236271102885803e+04 2.030882405325460013e+03 3.803917441463889304e+01
5.742236271225922974e+04 2.142545500689675009e+03 3.895222541092197588e+01
5.742236271348960145e+04 2.331036594543021238e+03 4.044060217846561045e+01
5.742236271471996588e+04 2.430037742001508832e+03 4.119687472797887295e+01
5.742236271595033759e+04 2.469946214089814930e+03 4.148974826650482584e+01
5.742236271718070202e+04 2.401965637119178155e+03 4.097388036220860386e+01
5.742236271841107373e+04 2.375555330435356154e+03 4.077398437779475415e+01
5.742236271964144544e+04 2.452121622431287051e+03 4.135716625346096009e+01
5.742236272087180987e+04 2.428828136060414181e+03 4.117842874202893455e+01
5.742236272210218158e+04 2.401582995891836617e+03 4.097088695570914751e+01
5.742236272333255329e+04 2.396712121018587823e+03 4.093609754628648290e+01
5.742236272456291772e+04 2.376763385435923738e+03 4.078079737747404465e+01
5.742236272579328943e+04 2.439919959316745917e+03 4.126612330386966931e+01
5.742236272702366114e+04 2.363336648398540547e+03 4.067535626400613324e+01
5.742236272825402557e+04 2.395081116530401687e+03 4.092644578946402589e+01
5.742236272948439728e+04 2.415085525771141874e+03 4.107963761168727501e+01
5.742236273071476171e+04 2.461651241771263358e+03 4.142646313899205524e+01
5.742236273194513342e+04 2.381234461547071987e+03 4.081277244117649872e+01
5.742236273317550513e+04 2.372698306349182531e+03 4.075439390567131426e+01
5.742236273440586956e+04 2.377757603750193994e+03 4.079191065435432506e+01
5.742236273563624127e+04 2.387912441277634571e+03 4.086570788084063821e+01
5.742236273686661298e+04 2.395885594854933970e+03 4.092990339127204180e+01
5.742236273809697741e+04 2.411802722498627190e+03 4.105199027548565738e+01
5.742236273932734912e+04 2.461717311737019372e+03 4.143168816358093665e+01
5.742236274055772083e+04 2.440766505614435118e+03 4.127314631103079989e+01
5.742236274178808526e+04 2.461352159643975938e+03 4.141732603073938179e+01
5.742236274301845697e+04 2.463389646076105691e+03 4.143932092755592578e+01
5.742236274424882140e+04 2.476138500350944014e+03 4.153504105160826043e+01
5.742236274547919311e+04 2.439490277477118070e+03 4.125447017514152748e+01
5.742236274670956482e+04 2.423488418195326631e+03 4.113013780528116570e+01
5.742236274793992925e+04 2.391782457115103171e+03 4.089541244389124586e+01
5.742236274917030096e+04 2.362038998156350317e+03 4.067174489761523404e+01
5.742236275040067267e+04 2.387111685447744549e+03 4.085688717317109564e+01
5.742236275163103710e+04 2.344663740656919344e+03 4.053484914858894683e+01
5.742236275286140881e+04 2.441236382401634273e+03 4.127125000804954169e+01
5.742236275409178052e+04 2.427582204201260538e+03 4.116789817016901765e+01
5.742236275532214495e+04 2.433663104720138108e+03 4.121882979274860048e+01
5.742236275655251666e+04 2.463595129230125167e+03 4.144327800951543139e+01
5.742236275778288109e+04 2.427075104258006377e+03 4.116220881552965238e+01
5.742236275901325280e+04 2.494814298128728296e+03 4.167944372200499714e+01
5.742236276024362451e+04 2.501074661650264261e+03 4.172532703418743694e+01
5.742236276147398894e+04 2.463261352817641637e+03 4.143421792341514021e+01
5.742236276270436065e+04 2.502655647782155938e+03 4.173372660358425179e+01
5.742236276393473236e+04 2.445965283580573214e+03 4.130551209864080420e+01
5.742236276516509679e+04 2.347612048018938822e+03 4.055742931038894028e+01
5.742236276639546850e+04 2.295348394853050195e+03 4.015080248478847125e+01
5.742236276762584021e+04 2.311098041907031529e+03 4.026796488959562481e+01
5.742236276885620464e+04 2.378337509933733145e+03 4.078298623622018226e+01
5.742236277008657635e+04 2.374440862830393598e+03 4.076624572299595428e+01
5.742236277131694078e+04 2.400091343567547483e+03 4.095626235333050147e+01
5.742236277254731249e+04 2.428383829902266370e+03 4.117524233754789975e+01
5.742236277377768420e+04 2.406529819671110999e+03 4.101332235198998433e+01
5.742236277500804863e+04 2.565702898518409256e+03 4.221112697821549631e+01
5.742236277623842034e+04 2.518919553611661286e+03 4.186013791559066277e+01
5.742236277746879205e+04 2.448356004168153504e+03 4.132745002304893234e+01
5.742236277869915648e+04 2.530973370683836492e+03 4.194489024843500857e+01
5.742236277992952819e+04 2.572720167005866642e+03 4.225168081097724837e+01
5.742236278115989990e+04 2.449439626343086275e+03 4.133638227218282424e+01
5.742236278239026433e+04 2.450503612908811647e+03 4.134131018611735442e+01
5.742236278362063604e+04 2.424466461038377929e+03 4.114430271098930092e+01
5.742236278485100047e+04 2.284505088856402836e+03 4.006553644898718858e+01
5.742236278608137218e+04 2.360864834318367230e+03 4.066253013630849011e+01
5.742236278731174389e+04 2.353792359084722193e+03 4.061141170148435009e+01
5.742236278854210832e+04 2.371418338155632227e+03 4.075193107672619419e+01
5.742236278977248003e+04 2.364171683957849837e+03 4.067939210621646851e+01
5.742236279100285174e+04 2.360382010025301497e+03 4.065970139564898034e+01
5.742236279223321617e+04 2.422330312953575685e+03 4.113144506323310168e+01
5.742236279346358788e+04 2.456104680736208593e+03 4.138875137511742253e+01
5.742236279469395959e+04 2.460116730212112543e+03 4.142264670803433546e+01
5.742236279592432402e+04 2.466086513333314088e+03 4.146484621991096020e+01
5.742236279715469573e+04 2.395170304156655220e+03 4.092422489671223929e+01
5.742236279838506016e+04 2.346118109290485791e+03 4.054936889976784897e+01
5.742236279961543187e+04 2.407196066603887175e+03 4.101449368243645210e+01
5.742236280084580358e+04 2.439245828740685738e+03 4.125220590861765402e+01
5.742236280207616801e+04 2.453311014885358418e+03 4.136112303007832480e+01
5.742236280330653972e+04 2.415103933682139541e+03 4.106852897829180904e+01
5.742236280453691143e+04 2.358990254294832539e+03 4.064791142933551527e+01
5.742236280576727586e+04 2.342789675043415173e+03 4.052358488752636845e+01
5.742236280699764757e+04 2.362128584690752632e+03 4.067005223281568504e+01
5.742236280822801928e+04 2.447747046850759943e+03 4.132008170525308799e+01
5.742236280945838371e+04 2.472550815109761515e+03 4.150522146080864871e+01
5.742236281068875542e+04 2.496831389912854320e+03 4.169141230318818003e+01
5.742236281191911985e+04 2.487343222150105248e+03 4.162042586523751453e+01
5.742236281314949156e+04 2.407336597618666929e+03 4.102080082576190989e+01
5.742236281437986327e+04 2.348399786917419533e+03 4.056567662510216365e+01
5.742236281561022770e+04 2.384786993599190282e+03 4.083595893226580387e+01
5.742236281684059941e+04 2.427161980230770041e+03 4.116119565564904548e+01
5.742236281807097112e+04 2.374687572378282766e+03 4.076828931247950294e+01
5.742236281930133555e+04 2.350428007894178336e+03 4.057836511668999435e+01
5.742236282053170726e+04 2.416440728341735394e+03 4.108275678345286508e+01
5.742236282176207897e+04 2.433827141528130596e+03 4.121244000827550735e+01
5.742236282299244340e+04 2.425854625216476506e+03 4.115321421483000108e+01
5.742236282422281511e+04 2.433159184013143658e+03 4.121343455349808949e+01
5.742236282545317954e+04 2.390783129562831618e+03 4.089063229142962541e+01
5.742236282668355125e+04 2.431672962260451186e+03 4.120199796145561066e+01
5.742236282791392296e+04 2.388290810544999204e+03 4.087075133210966982e+01
5.742236282914428739e+04 2.339160744763106322e+03 4.049255470526683354e+01
5.742236283037465910e+04 2.363293431856410280e+03 4.068144917419974860e+01
5.742236283160503081e+04 2.303935525771579250e+03 4.022082240797968211e+01
5.742236283283539524e+04 2.322621763751519211e+03 4.037214680600260408e+01
5.742236283406576695e+04 2.426513174363614326e+03 4.116273769401149707e+01
5.742236283529613866e+04 2.344425206883609917e+03 4.053582298917734761e+01
5.742236283652650309e+04 2.391552344190170970e+03 4.088961120456247755e+01
5.742236283775687480e+04 2.422970722097137696e+03 4.113395312191303077e+01
5.742236283898723923e+04 2.439469841089482543e+03 4.126340928034566957e+01
5.742236284021761094e+04 2.432775951499333132e+03 4.121708483719348948e+01
5.742236284144798265e+04 2.441702593275201707e+03 4.127914681177556844e+01
5.742236284267834708e+04 2.420142285975454797e+03 4.111114625581780757e+01
5.742236284390871879e+04 2.399007171423048931e+03 4.095519719942089409e+01
5.742236284513909050e+04 2.434347448075795910e+03 4.121949253309650629e+01
5.742236284636945493e+04 2.519017980146851187e+03 4.185828779177751358e+01
5.742236284759982664e+04 2.475708520600449447e+03 4.153692149127805067e+01
5.742236284883019835e+04 2.376008986062365693e+03 4.078189465543227499e+01
5.742236285006056278e+04 2.394665467731160788e+03 4.092445977652805311e+01
5.742236285129093449e+04 2.367605050411400953e+03 4.071255537239211009e+01
5.742236285252129892e+04 2.374814112731556634e+03 4.076134878314001497e+01
5.742236285375167063e+04 2.395565107006084418e+03 4.091175746789907919e+01
5.742236285498204234e+04 2.396150128739469437e+03 4.092485330911265606e+01
5.742236285621240677e+04 2.421363625789324942e+03 4.112495923823784238e+01
5.742236285744277848e+04 2.482571547028603618e+03 4.158462218886813133e+01
5.742236285867315019e+04 2.432305927985546077e+03 4.120515014364023898e+01
5.742236285990351462e+04 2.480514653643186648e+03 4.156579540228501912e+01
5.742236286113388633e+04 2.494010423300151615e+03 4.167028536904268776e+01
5.742236286236425076e+04 2.410021206494728631e+03 4.104015904409114057e+01
5.742236286359462247e+04 2.445066281365917348e+03 4.129570874207042408e+01
5.742236286482499418e+04 2.386183439848899525e+03 4.085494839009101042e+01
5.742236286605535861e+04 2.417306746569370716e+03 4.109292182292631423e+01
5.742236286728573032e+04 2.459088586105508966e+03 4.141779682211913638e+01
5.742236286851610203e+04 2.467933472165885632e+03 4.148336693793478958e+01
5.742236286974646646e+04 2.452916282079632765e+03 4.135752503057657492e+01
5.742236287097683817e+04 2.454771751123721515e+03 4.137323896655226463e+01
5.742236287220720988e+04 2.432128873960397868e+03 4.120226197632866416e+01
5.742236287343757431e+04 2.368059057125922209e+03 4.070953908126591614e+01
5.742236287466794602e+04 2.415028977534733713e+03 4.107186781886751703e+01
5.742236287589831045e+04 2.403620808718773787e+03 4.099088397430453767e+01
5.742236287712868216e+04 2.432888824611574819e+03 4.121483073370768579e+01
5.742236287835905387e+04 2.416928717917828635e+03 4.108538200792321504e+01
5.742236287958941830e+04 2.389295107116015970e+03 4.087771984938444092e+01
5.742236288081979001e+04 2.419169454365568981e+03 4.110962385293614574e+01
5.742236288205016172e+04 2.443790872035445318e+03 4.129563068300276285e+01
5.742236288328052615e+04 2.481631486064624823e+03 4.157826702447863454e+01
5.742236288451089786e+04 2.428247598555634340e+03 4.117646225685889760e+01
5.742236288574126957e+04 2.367710127805279171e+03 4.071404744630142147e+01
5.742236288697163400e+04 2.433636590940905080e+03 4.121318655912111950e+01
5.742236288820200571e+04 2.419876940743898558e+03 4.110856102062626150e+01
5.742236288943237014e+04 2.350943330026310832e+03 4.057940147619873272e+01
5.742236289066274185e+04 2.317845821065896416e+03 4.032431924429469206e+01
5.742236289189311356e+04 2.418229479801987054e+03 4.110017270780727472e+01
5.742236289312347799e+04 2.406730838872146251e+03 4.101001288366173014e+01
5.742236289435384970e+04 2.440230511991313051e+03 4.126989203137780038e+01
5.742236289558422141e+04 2.429072475239264804e+03 4.118247734850066877e+01
5.742236289681458584e+04 2.358591625290541288e+03 4.064252007691779767e+01
5.742236289804495755e+04 2.310639252502459385e+03 4.027355287228157010e+01
5.742236289927532926e+04 2.348637919133138439e+03 4.056559935262026784e+01
5.742236290050569369e+04 2.404953007795219946e+03 4.100211937923408811e+01
5.742236290173606540e+04 2.381915241207200779e+03 4.082374115033564976e+01
5.742236290296642983e+04 2.406040145142605979e+03 4.100707145806456566e+01
5.742236290419680154e+04 2.429429403658189131e+03 4.118098728456602231e+01
5.742236290542717325e+04 2.488736905575258334e+03 4.162691723507987973e+01
5.742236290665753768e+04 2.429428791129081674e+03 4.118644262423659086e+01
5.742236290788790939e+04 2.467194518775918823e+03 4.147596644194076987e+01
5.742236290911828110e+04 2.368365520136306259e+03 4.072263329835025303e+01
5.742236291034864553e+04 2.383305605415162972e+03 4.082785918075769160e+01
5.742236291157901724e+04 2.327121065073664795e+03 4.039877859301679308e+01
5.742236291280938894e+04 2.307022225025284115e+03 4.024500489663569169e+01
5.742236291403975338e+04 2.431596157958742879e+03 4.119892451865860750e+01
5.742236291527012509e+04 2.438752615822686494e+03 4.138617851482252519e+01
5.742236291650048952e+04 2.386209031217129450e+03 4.118501863294074639e+01
5.742236291773086123e+04 2.370200851931193483e+03 4.104781956874456483e+01
5.742236291896123294e+04 2.392449767250764125e+03 4.104751904429329556e+01
5.742236292019159737e+04 2.490937465045344197e+03 4.165287828487629440e+01
5.742236292142196908e+04 2.436381225542029370e+03 4.123506572437318596e+01
5.742236292265234079e+04 2.459195398463143192e+03 4.141129934737058704e+01
5.742236292388270522e+04 2.413108629464292335e+03 4.105678464618531365e+01
5.742236292511307693e+04 2.410428416745276536e+03 4.103874815450016911e+01
5.742236292634344863e+04 2.429747751528414028e+03 4.119132444679435423e+01
5.742236292757381307e+04 2.418701829278592868e+03 4.110190579467429473e+01
5.742236292880418478e+04 2.743305458508314587e+03 4.349417959068775730e+01
5.742236293003454921e+04 2.906568747234825423e+03 4.465202438325589185e+01
5.742236293126492092e+04 2.414592193171036342e+03 4.106985539824315623e+01
5.742236293249529263e+04 2.355193388265694466e+03 4.061757390892864095e+01
5.742236293372565706e+04 2.320513787602216780e+03 4.035401657757476812e+01
5.742236293495602877e+04 2.343432152849743488e+03 4.053146583262962110e+01
5.742236293618640047e+04 2.376552350044700688e+03 4.078626800859688473e+01
5.742236293741676491e+04 2.377869807728322485e+03 4.079921569953067007e+01
5.742236293864713662e+04 2.384312021956623994e+03 4.084417276260400342e+01
5.742236293987750832e+04 2.586308335110901226e+03 4.236546600600438950e+01
5.742236294110787276e+04 2.555053135247618229e+03 4.212208323210224847e+01
5.742236294233824447e+04 2.485822636352858808e+03 4.161018122606150627e+01
5.742236294356860890e+04 2.418635874440377393e+03 4.109971731987673138e+01
5.742236294479898061e+04 2.347574513659361855e+03 4.055522945226680065e+01
5.742236294602935232e+04 2.315532936408644673e+03 4.030581438996928512e+01
5.742236294725971675e+04 2.347719963003139583e+03 4.055937270479037693e+01
5.742236294849008846e+04 2.407411394073611973e+03 4.101720908448110237e+01
5.742236294972046016e+04 2.414869170314750136e+03 4.107020136198163129e+01
5.742236295095082460e+04 2.410893474896711268e+03 4.104198634986322958e+01
5.742236295218119631e+04 2.423654584644339593e+03 4.113398440538397693e+01
5.742236295341156801e+04 2.396232223359098043e+03 4.093031740140769159e+01
5.742236295464193245e+04 2.410889206592790742e+03 4.105521599495225615e+01
5.742236295587230416e+04 2.462500107728900275e+03 4.143774923435594104e+01
5.742236295710266859e+04 2.463459710497453671e+03 4.143970352863832574e+01
5.742236295833304030e+04 2.424632934318869047e+03 4.114645232909180095e+01
5.742236295956341201e+04 2.409872464407368625e+03 4.103076980554324393e+01
5.742236296079377644e+04 2.413508566346873522e+03 4.106300527859987426e+01
5.742236296202414815e+04 2.432710728381778154e+03 4.121098848718789043e+01
5.742236296325451985e+04 2.498661306429014530e+03 4.171220711048441387e+01
5.742236296448488429e+04 2.344750256590661138e+03 4.054287596243394631e+01
5.742236296571525600e+04 2.378906401207692852e+03 4.079689581568655399e+01
5.742236296694562770e+04 2.375940547727064313e+03 4.077620076567355056e+01
5.742236296817599214e+04 2.373283950011985780e+03 4.076343006656622237e+01
5.742236296940636385e+04 2.410033885655060203e+03 4.103504123198926123e+01
5.742236297063672828e+04 2.396658770810277929e+03 4.093467699407364790e+01
5.742236297186709999e+04 2.340710539253545448e+03 4.050692930994121355e+01
5.742236297309747169e+04 2.428633423401518030e+03 4.117236803691788083e+01
5.742236297432783613e+04 2.471957737847857970e+03 4.150225327465174274e+01
5.742236297555820784e+04 2.434959925213110637e+03 4.122351232699000434e+01
5.742236297678857954e+04 2.436809518766586280e+03 4.123906186979318989e+01
5.742236297801894398e+04 2.364392878079191178e+03 4.067923735678531472e+01
5.742236297924931569e+04 2.456557844189038406e+03 4.138533531795062714e+01
5.742236298047968739e+04 2.371854950280430785e+03 4.074644192898038142e+01
5.742236298171005183e+04 2.319799072326582063e+03 4.034380492693452425e+01
5.742236298294042354e+04 2.346552403198134016e+03 4.054644822690200101e+01
5.742236298417078797e+04 2.448888758846500878e+03 4.133473704168402207e+01
5.742236298540115968e+04 2.489406246582532731e+03 4.162844277274053439e+01
5.742236298663153138e+04 2.469730412352087569e+03 4.149417675979492515e+01
5.742236298786189582e+04 2.481101464443238001e+03 4.157596402803934410e+01
5.742236298909226753e+04 2.489120142095531719e+03 4.163303531870521113e+01
5.742236299032263923e+04 2.466568775479103351e+03 4.146363867042747842e+01
5.742236299155300367e+04 2.461749891305674282e+03 4.143188585300990212e+01
5.742236299278337538e+04 2.479813143634345124e+03 4.156401428333751369e+01
5.742236299401374708e+04 2.409883965438632003e+03 4.103275714370945337e+01
5.742236299524411152e+04 2.413559571525373030e+03 4.106164419145790134e+01
5.742236299647448323e+04 2.415367211208251319e+03 4.107894421612760993e+01
5.742236299770484766e+04 2.370416460886428013e+03 4.074061424483014804e+01
5.742236299893521937e+04 2.362130860819804184e+03 4.067469465587139865e+01
5.742236300016559107e+04 2.324708544351882665e+03 4.038271327123882060e+01
5.742236300139595551e+04 2.341235996355189400e+03 4.050958874404994958e+01
5.742236300262632722e+04 2.325322175261445409e+03 4.038631999631684977e+01
5.742236300385669892e+04 2.413244262435695418e+03 4.106949041317745497e+01
5.742236300508706336e+04 2.444381985419931425e+03 4.130083439583957272e+01
5.742236300631743507e+04 2.485072037304069454e+03 4.160234264015735306e+01
5.742236300754780677e+04 2.481707071797509798e+03 4.158242763829576205e+01
5.742236300877817121e+04 2.474294497273443540e+03 4.152421296072467527e+01
5.742236301000854291e+04 2.464202083263558507e+03 4.144635140480180979e+01
5.742236301123890735e+04 2.420975890703777623e+03 4.111460310714817723e+01
5.742236301246927906e+04 2.354163282546182472e+03 4.060705340068270885e+01
5.742236301369965076e+04 2.422042106064932796e+03 4.112247296501352878e+01
5.742236301493001520e+04 2.380641286675817355e+03 4.081589251021092934e+01
5.742236301616038691e+04 2.358893871504161780e+03 4.064274138817230408e+01
5.742236301739075861e+04 2.405416687494296184e+03 4.099724868766561769e+01
5.742236301862112305e+04 2.408819601618393790e+03 4.102523159027641242e+01
5.742236301985149476e+04 2.426534544860708138e+03 4.116286810859307366e+01
5.742236302108186646e+04 2.437843806531265272e+03 4.124794036667660180e+01
5.742236302231223090e+04 2.463156510829530816e+03 4.143531007985752979e+01
5.742236302354260260e+04 2.496910050905261869e+03 4.168471506753117950e+01
5.742236302477296704e+04 2.421293520225362499e+03 4.111914379500287708e+01
5.742236302600333875e+04 2.400710266263206904e+03 4.095872866570734772e+01
5.742236302723371045e+04 2.377524404431211224e+03 4.078324222238598651e+01
5.742236302846407489e+04 2.345698857461819898e+03 4.054471943104609721e+01
5.742236302969444660e+04 2.427516385829133014e+03 4.117091352581480379e+01
5.742236303092481830e+04 2.412522574448772957e+03 4.105944434311295765e+01
5.742236303215518274e+04 2.392269494595532251e+03 4.089911742767669267e+01
5.742236303338555444e+04 2.379830603413332028e+03 4.080890384061757459e+01
5.742236303461592615e+04 2.367102997580422198e+03 4.071227528617030345e+01
5.742236303584629059e+04 2.387764627890003339e+03 4.086374389805542506e+01
5.742236303707666229e+04 2.369580374343592666e+03 4.072759389843977118e+01
5.742236303830702673e+04 2.372102689016382101e+03 4.074228517566990604e+01
5.742236303953739844e+04 2.403382469291488633e+03 4.098804518324837431e+01
5.742236304076777014e+04 2.417569510941302724e+03 4.109364188383892724e+01
5.742236304199813458e+04 2.467017128286282059e+03 4.146714335030672771e+01
5.742236304322850629e+04 2.386873526572964238e+03 4.085439618746207202e+01
5.742236304445887799e+04 2.459368002110772522e+03 4.141780478773434737e+01
5.742236304568924243e+04 2.449600341386671516e+03 4.133793026597565046e+01
5.742236304691961413e+04 2.436969915517689515e+03 4.124337204869677720e+01
5.742236304814998584e+04 2.422324344063971239e+03 4.113386182478556208e+01
5.742236304938035028e+04 2.373001376010069180e+03 4.074903640706241958e+01
5.742236305061072198e+04 2.374543221692996667e+03 4.077158230979976850e+01
5.742236305184108642e+04 2.409231415469627336e+03 4.103769229173093436e+01
5.742236305307145813e+04 2.431261955945569753e+03 4.120031417505670390e+01
5.742236305430182983e+04 2.462388965566231036e+03 4.143506289234332485e+01
5.742236305553219427e+04 2.431946466815942131e+03 4.120994548627540155e+01
5.742236305676256598e+04 2.443315220129501995e+03 4.128954330307962550e+01
5.742236305799293768e+04 2.380839884701171741e+03 4.081402661954071220e+01
5.742236305922330212e+04 2.330091589617656155e+03 4.042876977323714982e+01
5.742236306045367382e+04 2.362460177378329718e+03 4.067798261857581110e+01
5.742236306168404553e+04 2.410267661963381215e+03 4.103584738754065597e+01
5.742236306291440997e+04 2.419698524951873424e+03 4.110839835663471575e+01
5.742236306414478167e+04 2.438509784301466425e+03 4.125293218091320568e+01
5.742236306537514611e+04 2.459251160969854027e+03 4.141282652448121837e+01
5.742236306660551782e+04 2.396943612070968811e+03 4.094293092697554215e+01
5.742236306783588952e+04 2.355317494091064873e+03 4.061444766804200412e+01
5.742236306906625396e+04 2.314176031040088674e+03 4.030316555628197506e+01
5.742236307029662566e+04 2.415517097241975080e+03 4.108102934670578321e+01
5.742236307152699737e+04 2.484236645231398143e+03 4.159570845232862268e+01
5.742236307275736181e+04 2.405694830672610806e+03 4.100608542411548285e+01
5.742236307398773351e+04 2.488475652251554493e+03 4.163778656440420178e+01
5.742236307521810522e+04 2.391682982548671134e+03 4.090209983677856087e+01
5.742236307644846966e+04 2.382654626300113250e+03 4.082889169788607120e+01
5.742236307767884136e+04 2.390273901396097244e+03 4.088662014286001067e+01
5.742236307890920580e+04 2.382781293319801534e+03 4.082396236486898289e+01
5.742236308013957751e+04 2.376420540918789357e+03 4.077723245219554826e+01
5.742236308136994921e+04 2.393043807601342905e+03 4.090471843079420466e+01
5.742236308260031365e+04 2.423202425814072285e+03 4.114115570417355627e+01
5.742236308383068535e+04 2.396007581050786030e+03 4.093432094899628026e+01
5.742236308506105706e+04 2.416216210516186493e+03 4.108516828478917660e+01
5.742236308629142150e+04 2.422312977836892060e+03 4.113378573904280699e+01
5.742236308752179320e+04 2.458296425178094978e+03 4.139994695570367611e+01
5.742236308875216491e+04 2.491659957378122726e+03 4.165621172331319855e+01
5.742236308998252935e+04 2.548878304143801415e+03 4.208978162346824803e+01
5.742236309121290105e+04 2.476029254163312544e+03 4.153513413849975677e+01
5.742236309244326549e+04 2.399577859579769665e+03 4.095925160422662969e+01
5.742236309367363720e+04 2.388713934852636157e+03 4.087310705395160682e+01
5.742236309490400890e+04 2.399100278712773616e+03 4.095438960983395305e+01
5.742236309613437334e+04 2.416039374036844038e+03 4.108109607802062158e+01
5.742236309736474504e+04 2.465005583358433341e+03 4.144599816623058786e+01
5.742236309859511675e+04 2.458121799941940026e+03 4.139586950109643482e+01
5.742236309982548119e+04 2.533862217406016043e+03 4.197229071501596565e+01
5.742236310105585289e+04 2.567853343827219760e+03 4.222248371272158352e+01
5.742236310228622460e+04 2.477286908630903781e+03 4.155275524611253957e+01
5.742236310351658904e+04 2.423621916309425160e+03 4.114276130062980030e+01
5.742236310474696074e+04 2.411025787479015435e+03 4.104256387057222355e+01
5.742236310597732518e+04 2.361022572790483082e+03 4.066095657534643948e+01
5.742236310720769688e+04 2.312222400413740161e+03 4.028868664699036373e+01
5.742236310843806859e+04 2.376400079530432322e+03 4.077282316270166973e+01
5.742236310966843303e+04 2.394953246987728562e+03 4.091430785408211790e+01
5.742236311089880473e+04 2.393846196404239436e+03 4.091555666250195600e+01
5.742236311212917644e+04 2.415699562020359735e+03 4.108534735665126902e+01
5.742236311335954088e+04 2.389503976692946253e+03 4.088109283699763807e+01
5.742236311458991258e+04 2.393502582213307051e+03 4.091389743282839930e+01
5.742236311582028429e+04 2.395919282334509262e+03 4.093216303331983852e+01
5.742236311705064873e+04 2.389728738073417389e+03 4.088479466293798481e+01
5.742236311828102043e+04 2.372651307134562103e+03 4.075348390330391624e+01
5.742236311951138487e+04 2.371599228304920416e+03 4.074455110785417844e+01
5.742236312074175657e+04 2.437727954019327626e+03 4.125731373996200801e+01
5.742236312197212828e+04 2.451191811298325320e+03 4.136158869074414923e+01
5.742236312320249272e+04 2.464846553987402331e+03 4.146399211268603580e+01
5.742236312443286442e+04 2.520715766411931327e+03 4.187309687861812080e+01
5.742236312566323613e+04 2.458976125367465556e+03 4.140868986758068360e+01
5.742236312689360057e+04 2.421729739943170898e+03 4.112618134132840453e+01
5.742236312812397227e+04 2.436305963287125905e+03 4.124250413979228824e+01
5.742236312935434398e+04 2.418809453492737248e+03 4.110500440238971009e+01
5.742236313058470841e+04 2.384288252328736235e+03 4.083379957022227558e+01
5.742236313181508012e+04 2.354429524668103568e+03 4.062276442968153134e+01
5.742236313304544456e+04 2.431124042629096493e+03 4.120194584415428807e+01
5.742236313427581626e+04 2.437846180364980228e+03 4.124509174766662767e+01
5.742236313550618797e+04 2.482828999508604284e+03 4.159742725168601396e+01
5.742236313673655241e+04 2.450311325037465849e+03 4.134486021492186580e+01
5.742236313796692411e+04 2.485276624099881246e+03 4.160322800998437742e+01
5.742236313919729582e+04 2.380420179521275713e+03 4.080512883319357087e+01
5.742236314042766026e+04 2.404552616524138102e+03 4.099254430712776553e+01
5.742236314165803196e+04 2.391666978251662385e+03 4.090118601129592690e+01
5.742236314288840367e+04 2.386559193909138230e+03 4.086585384343998584e+01
5.742236314411876810e+04 2.439196112602370249e+03 4.125824445621942260e+01
5.742236314534913981e+04 2.462743157581605374e+03 4.143126903604981948e+01
5.742236314657950425e+04 2.418797952701409031e+03 4.110357855113318948e+01
5.742236314780987595e+04 2.371964375109803768e+03 4.073964308119511202e+01
5.742236314904024766e+04 2.450987641855154379e+03 4.134322191553361847e+01
5.742236315027061210e+04 2.496964789514860058e+03 4.169830068765369901e+01
5.742236315150098380e+04 2.452560169059762757e+03 4.136252964628687323e+01
5.742236315273135551e+04 2.496090770310851894e+03 4.169809297731541164e+01
5.742236315396171995e+04 2.455543302864967700e+03 4.139023219503512507e+01
5.742236315519209165e+04 2.506350323736888640e+03 4.176207704611144322e+01
5.742236315642246336e+04 2.560099049337268752e+03 4.215857907897934354e+01
5.742236315765282779e+04 2.519004112006700325e+03 4.185162814786257002e+01
5.742236315888319950e+04 2.458747036724368172e+03 4.140972770288541227e+01
5.742236316011356394e+04 2.435875996542250505e+03 4.124056623300299407e+01
5.742236316134393564e+04 2.404782291844102019e+03 4.100531283499519475e+01
5.742236316257430735e+04 2.351283211159193343e+03 4.058479402654283774e+01
5.742236316380467179e+04 2.343652814782926725e+03 4.052935287803405373e+01
5.742236316503504349e+04 2.459355195535300027e+03 4.141186190729049343e+01
5.742236316626541520e+04 2.408935777528761719e+03 4.102463588694543972e+01
5.742236316749577963e+04 2.428833639336894976e+03 4.117679989941594698e+01
5.742236316872615134e+04 2.490580240219734605e+03 4.164337416473779996e+01
5.742236316995652305e+04 2.511465263574736582e+03 4.180057694896802900e+01
5.742236317118688748e+04 2.473966695209215231e+03 4.152265205890115141e+01
5.742236317241725919e+04 2.451299046647317027e+03 4.135444871210923878e+01
5.742236317364762363e+04 2.427998008513038712e+03 4.118288967372493659e+01
5.742236317487799533e+04 2.367105695144757647e+03 4.070816892561178690e+01
5.742236317610836704e+04 2.371177685358736198e+03 4.073379058114586115e+01
5.742236317733873148e+04 2.351082118488437573e+03 4.058004935049875428e+01
5.742236317856910318e+04 2.308754302320393435e+03 4.026086371955370424e+01
5.742236317979947489e+04 2.446958232304318244e+03 4.131786106455478347e+01
5.742236318102983932e+04 2.461782147497811366e+03 4.142921035768189597e+01
5.742236318226021103e+04 2.473202714844569073e+03 4.151417325994603402e+01
5.742236318349058274e+04 2.499449952713355287e+03 4.170926208156711823e+01
5.742236318472094717e+04 2.433487162670152884e+03 4.121667789235269908e+01
5.742236318595131888e+04 2.438040405998688129e+03 4.125289693218599751e+01
5.742236318718168332e+04 2.467618867289661011e+03 4.147966252283783462e+01
5.742236318841205502e+04 2.480211147664977034e+03 4.157274061089992045e+01
5.742236318964242673e+04 2.435419746168722213e+03 4.122513287171002361e+01
5.742236319087279117e+04 2.355448121676683058e+03 4.061346427280764715e+01
5.742236319210316287e+04 2.333337820904459022e+03 4.044426074988165709e+01
5.742236319333353458e+04 2.424887105848223200e+03 4.114408321786132916e+01
5.742236319456389901e+04 2.353372423464615622e+03 4.060741689543485222e+01
5.742236319579427072e+04 2.376113178050443366e+03 4.079364951722280352e+01
5.742236319702464243e+04 2.389627486151687208e+03 4.088876106756597295e+01
5.742236319825500686e+04 2.415756302703828169e+03 4.108438242722672840e+01
5.742236319948537857e+04 2.437458809201284112e+03 4.124943803537225762e+01
5.742236320071574301e+04 2.465079170774791237e+03 4.145479109869464196e+01
5.742236320194611471e+04 2.458643295414171007e+03 4.140273352457024458e+01
5.742236320317648642e+04 2.467006796807947467e+03 4.146889901009674873e+01
5.742236320440685085e+04 2.496488493367825868e+03 4.169042034489128667e+01
5.742236320563722256e+04 2.485430550354186835e+03 4.160757195394688068e+01
5.742236320686759427e+04 2.468412990780843757e+03 4.147683453590607172e+01
5.742236320809795870e+04 2.446635046392470031e+03 4.131569461844918578e+01
5.742236320932833041e+04 2.432585617639721931e+03 4.120232509375130547e+01
5.742236321055869485e+04 2.355763655498245953e+03 4.062246268799835036e+01
5.742236321178906655e+04 2.284828188414592205e+03 4.007253525970367747e+01
5.742236321301943826e+04 2.336177630771706390e+03 4.047257900544037312e+01
5.742236321424980270e+04 2.421381808646587615e+03 4.112310373410648623e+01
5.742236321548017440e+04 2.451541756861710837e+03 4.134861955278058332e+01
5.742236321671054611e+04 2.438031098748087516e+03 4.124272571122821063e+01
5.742236321794091054e+04 2.411434890770447964e+03 4.104513798293159965e+01
5.742236321917128225e+04 2.394650835200827714e+03 4.092425350118396210e+01
5.742236322040165396e+04 2.414548536168394548e+03 4.107422291565132610e+01
5.742236322163201839e+04 2.439416110300069249e+03 4.126179047937551303e+01
5.742236322286239010e+04 2.463945147424148672e+03 4.144136967843261488e+01
5.742236322409275454e+04 2.444826770470901465e+03 4.130427528968633055e+01
5.742236322532312624e+04 2.358969645237130408e+03 4.064344571364701153e+01
5.742236322655349795e+04 2.432222445811116359e+03 4.120996702005975720e+01
5.742236322778386238e+04 2.444275215398089586e+03 4.129826902167526725e+01
5.742236322901423409e+04 2.450915275245560224e+03 4.135038449991322551e+01
5.742236323024460580e+04 2.434038117864975447e+03 4.122344095494203486e+01
5.742236323147497023e+04 2.393386592072076837e+03 4.090830350908946400e+01
5.742236323270534194e+04 2.408004740242795833e+03 4.102111871259272391e+01
5.742236323393571365e+04 2.469029117675801444e+03 4.148929898728431453e+01
5.742236323516607808e+04 2.406248745324374795e+03 4.101879864770936024e+01
5.742236323639644979e+04 2.442473179229454217e+03 4.129163611754994889e+01
5.742236323762681423e+04 2.476630158220209978e+03 4.153667888921682305e+01
5.742236323885718593e+04 2.419106646192399694e+03 4.110726658029971503e+01
5.742236324008755764e+04 2.400839248293693345e+03 4.096787287971658031e+01
5.742236324131792207e+04 2.458834972297064724e+03 4.140302904891343161e+01
5.742236324254829378e+04 2.346682932226171943e+03 4.056065704109433057e+01
5.742236324377866549e+04 2.392408310075356894e+03 4.090084303360536921e+01
5.742236324500902992e+04 2.493789704156685275e+03 4.166708652386570577e+01
5.742236324623940163e+04 2.431237818571924890e+03 4.120014362404634056e+01
5.742236324746977334e+04 2.385020967142841073e+03 4.084553978331283020e+01
5.742236324870013777e+04 2.382840090287217663e+03 4.083331995243127466e+01
5.742236324993050948e+04 2.423442035138908068e+03 4.114383358351498998e+01
5.742236325116087392e+04 2.444841023694250453e+03 4.130706825103812463e+01
5.742236325239124562e+04 2.438798451733099228e+03 4.125366315518996885e+01
5.742236325362161733e+04 2.409373470027554959e+03 4.102620182741645749e+01
5.742236325485198176e+04 2.463051178857288960e+03 4.143261184126237140e+01
5.742236325608235347e+04 2.467761678971926813e+03 4.147614876724952637e+01
5.742236325731272518e+04 2.486572433241800354e+03 4.161443594829793113e+01
5.742236325854308961e+04 2.427644176538185093e+03 4.117366004633520760e+01
5.742236325977346132e+04 2.374780529945519902e+03 4.077165496500215625e+01
5.742236326100383303e+04 2.328866414204160719e+03 4.041141139055653042e+01
5.742236326223419746e+04 2.363731169053612120e+03 4.068524714182316160e+01
5.742236326346456917e+04 2.454449713138721108e+03 4.137863934783542419e+01
5.742236326469493360e+04 2.482062244292851574e+03 4.158973998548606232e+01
5.742236326592530531e+04 2.544526037633081614e+03 4.205469028665383036e+01
5.742236326715567702e+04 2.479961144865197639e+03 4.156978921800113369e+01
5.742236326838604145e+04 2.426243917552672428e+03 4.116743562901753961e+01
5.742236326961641316e+04 2.404597391637009423e+03 4.099379255077209194e+01
5.742236327084678487e+04 2.406321115766813364e+03 4.100911326998427597e+01
5.742236327207714930e+04 2.495653180515682834e+03 4.169086888737196972e+01
5.742236327330752101e+04 2.491986752584205988e+03 4.166759307292161907e+01
5.742236327453789272e+04 2.518807220921307817e+03 4.185981479183408993e+01
5.742236327576825715e+04 2.462081662589307143e+03 4.143154674654545744e+01
5.742236327699862886e+04 2.461770935386029578e+03 4.142729954285740490e+01
5.742236327822899329e+04 2.416014898858752076e+03 4.108356265849529620e+01
5.742236327945936500e+04 2.428855935553985546e+03 4.117494161579827505e+01
5.742236328068973671e+04 2.434542994608407753e+03 4.121496773769758448e+01
5.742236328192010114e+04 2.491082070405771447e+03 4.164606730467510687e+01
5.742236328315047285e+04 2.472977364112459782e+03 4.151547761936295444e+01
5.742236328438084456e+04 2.410285236434671333e+03 4.104446112973747063e+01
5.742236328561120899e+04 2.393708712609370195e+03 4.091256314459445065e+01
5.742236328684158070e+04 2.381060119666338323e+03 4.081054423146153454e+01
5.742236328807195241e+04 2.494612493410981187e+03 4.166941563916252278e+01
5.742236328930231684e+04 2.394726511905235384e+03 4.092500748302935420e+01
5.742236329053268855e+04 2.391707076626677463e+03 4.089768519124221768e+01
5.742236329176305298e+04 2.435443186316360425e+03 4.123687604319708555e+01
5.742236329299342469e+04 2.396199823947642017e+03 4.093709667873848446e+01
5.742236329422379640e+04 2.382950810097732301e+03 4.082657227335531758e+01
5.742236329545416083e+04 2.420770203072991990e+03 4.111681071895555561e+01
5.742236329668453254e+04 2.447721412638508809e+03 4.132046941172166044e+01
5.742236329791490425e+04 2.475808263965147944e+03 4.154512406997847052e+01
5.742236329914526868e+04 2.414000435783686044e+03 4.106900057275147731e+01
5.742236330037564039e+04 2.376090047338687782e+03 4.078822743462264100e+01
5.742236330160601210e+04 2.392145997016041292e+03 4.090037759971511377e+01
5.742236330283637653e+04 2.467335390436563102e+03 4.146942955494609606e+01
5.742236330406674824e+04 2.458651081240527674e+03 4.140540383571416072e+01
5.742236330529711267e+04 2.496466593622131768e+03 4.168680064111478600e+01
5.742236330652748438e+04 2.435466632472651327e+03 4.123706037925286694e+01
5.742236330775785609e+04 2.445660410343980857e+03 4.131635305153915283e+01
5.742236330898822052e+04 2.426578871896805595e+03 4.117049351544841329e+01
5.742236331021859223e+04 2.380309133893541002e+03 4.081385003917165477e+01
5.742236331144896394e+04 2.365828132271192771e+03 4.070026795326089797e+01
5.742236331267932837e+04 2.408836094230600793e+03 4.102789580630338406e+01
5.742236331390970008e+04 2.459766960436132649e+03 4.141417105856220360e+01
5.742236331514007179e+04 2.351391554984023514e+03 4.059458663548377189e+01
5.742236331637043622e+04 2.351590775337152536e+03 4.059407090025256792e+01
5.742236331760080793e+04 2.512622878204367680e+03 4.181528418254854529e+01
5.742236331883117236e+04 2.480484249922715662e+03 4.157915806086861465e+01
5.742236332006154407e+04 2.419149169347016141e+03 4.111003398738174752e+01
5.742236332129191578e+04 2.510562447758594772e+03 4.179039815590399343e+01
5.742236332252228021e+04 2.553335915384233886e+03 4.211280867007998552e+01
5.742236332375265192e+04 2.419705420437757766e+03 4.111049276217705284e+01
5.742236332498302363e+04 2.372325013002319338e+03 4.074471897143926213e+01
5.742236332621338806e+04 2.351382310509468880e+03 4.058430878499331840e+01
5.742236332744375977e+04 2.441670426725166635e+03 4.127281612692461010e+01
5.742236332867413148e+04 2.426690072457477527e+03 4.117278872342473761e+01
5.742236332990449591e+04 2.354863087228662152e+03 4.061845982303781000e+01
5.742236333113486762e+04 2.349695961129453735e+03 4.057615217547493813e+01
5.742236333236523205e+04 2.342824226185751741e+03 4.052087896675094925e+01
5.742236333359560376e+04 2.381217997195295084e+03 4.082109566839164927e+01
5.742236333482597547e+04 2.416865215782902851e+03 4.109908016453372426e+01
5.742236333605633990e+04 2.359229388616385677e+03 4.064769322032460508e+01
5.742236333728671161e+04 2.386336405633832783e+03 4.085504963286491886e+01
5.742236333851708332e+04 2.454324222491448836e+03 4.137730367636454076e+01
5.742236333974744775e+04 2.482564926339746307e+03 4.159135597684620933e+01
5.742236334097781946e+04 2.450553734677267130e+03 4.134885838850258466e+01
5.742236334220819117e+04 2.426553981124025086e+03 4.117284817618384807e+01
5.742236334343855560e+04 2.388350860996360097e+03 4.092310160631197391e+01
5.742236334466892731e+04 2.439212525650258158e+03 4.126462447419048374e+01
5.742236334589929174e+04 2.400435265390471159e+03 4.096769172118482061e+01
5.742236334712966345e+04 2.435482066550710897e+03 4.123162407060930690e+01
5.742236334836003516e+04 2.405087256971170973e+03 4.099841448009210154e+01
5.742236334959039959e+04 2.411556849579459140e+03 4.105073655488133966e+01
5.742236335082077130e+04 2.418085602677869701e+03 4.108828866212301989e+01
5.742236335205114301e+04 2.378188147535018288e+03 4.076157462614320792e+01
5.742236335328150744e+04 2.418356720556103483e+03 4.100775014637144267e+01
5.742236335451187915e+04 2.453128926471708837e+03 4.121313187626324748e+01
5.742236335574225086e+04 2.251598035142415938e+03 3.961253281685731054e+01
5.742236335697261529e+04 1.627402028516255996e+03 3.432046834766669008e+01
5.742236335820298700e+04 6.542130951107316150e+02 2.386445150744147981e+01
5.742236335943335143e+04 3.471954089943051969e+01 1.346138396633199719e+01
5.742236336066372314e+04 -1.802284099274583795e+01 1.201321344596002483e+01
5.742236336189409485e+04 -9.735171952205357471e+00 1.200912883096860817e+01
5.742236336312445928e+04 -2.116619264950760027e+00 1.199886124143986876e+01
5.742236336435483099e+04 2.955515620306758406e-01 nan
5.742236336558520270e+04 -7.177207717383915497e-02 1.199977153776084471e+01
5.742236336681556713e+04 1.692882484469557247e-02 nan
5.742236336804593884e+04 -3.842034623222638241e-03 1.199998103567620866e+01
5.742236336927631055e+04 8.209165680721374923e-04 nan
5.742236337050667498e+04 -1.572428835611745931e-04 1.199999895721558119e+01
5.742236337173704669e+04 2.350363482907314784e-05 nan
5.742236337296741112e+04 -8.767550417316759353e-07 1.200000000185283788e+01
5.742236337419778283e+04 -1.309168200917176538e-06 1.199999998379214361e+01
5.742236337542815454e+04 7.788254683971483557e-07 nan
5.742236337665851897e+04 -2.941718787673752453e-07 1.199999999631080350e+01
5.742236337788889068e+04 7.095893612988940527e-08 nan
