2.457340039420600049e+06 1.765457889099638851e+04 3.618198031503098377e+02
2.457340081748624798e+06 2.489644164997614280e+04 3.691662849950961913e+02
2.457340124076649081e+06 3.020905438574386062e+04 3.737166583435503640e+02
2.457340166404673830e+06 1.909258841621129250e+04 3.685522803831478313e+02
2.457340208732698578e+06 3.294098464525412419e+04 3.758619410015220978e+02
2.457340251060722861e+06 2.438949490827937552e+04 3.698445916457305884e+02
2.457340293388747610e+06 2.669947133979733917e+04 3.701220298399732087e+02
2.457340335716772359e+06 3.188098596004882711e+04 3.773916525017486379e+02
2.457340378044796642e+06 2.818773352776156389e+04 3.735532811782991871e+02
2.457340420372821391e+06 3.759247109275522234e+04 3.804531854548974366e+02
2.457340462700845674e+06 2.865265629642402928e+04 3.701110153366128657e+02
2.457340505028870422e+06 2.849895567500528705e+04 3.708696877159972018e+02
2.457340547356895171e+06 2.977741729394365393e+04 3.721499867640886805e+02
2.457340589684919454e+06 3.565345949835525244e+04 3.770295979901171108e+02
2.457340632012944203e+06 2.828119957356220402e+04 3.713346414555641672e+02
2.457340674340968952e+06 2.973712478611788538e+04 3.680059046285323916e+02
2.457340716668993235e+06 3.413611832488854998e+04 3.630162110476296107e+02
2.457340758997017983e+06 3.170261203443340492e+04 3.618214308120871578e+02
2.457340801325042732e+06 3.482983759384280711e+04 3.638463583339834599e+02
2.457340843653067015e+06 3.319432752314575191e+04 3.639854077936519730e+02
2.457340885981091764e+06 3.922997212403167214e+04 3.695928188046175933e+02
2.457340928309116513e+06 3.590077384536825411e+04 3.666058487399635624e+02
2.457340970637140796e+06 3.540843675887357676e+04 3.653556867955353482e+02
2.457341012965165544e+06 3.437708159519571927e+04 3.648187095115903844e+02
2.457341055293190293e+06 4.579794387335532520e+04 3.755317356581504100e+02
2.457341097621214576e+06 3.312120006101437320e+04 3.675151810834701678e+02
2.457341139949239325e+06 4.040256170415965607e+04 3.703956592277257300e+02
2.457341182277264073e+06 3.648440894922532607e+04 3.670068339682913461e+02
2.457341224605288357e+06 4.185469601383432746e+04 3.715158555481691565e+02
2.457341266933313105e+06 4.089565078357138555e+04 3.707561695811224922e+02
2.457341309261337388e+06 3.971109698641761497e+04 3.696334774102803635e+02
2.457341351589362137e+06 3.269792821187920345e+04 3.634069877162823445e+02
2.457341393917386886e+06 3.549176208351012610e+04 3.658037229546195022e+02
2.457341436245411169e+06 3.394026362545092707e+04 3.648891578297725573e+02
2.457341478573435917e+06 3.563541223869925307e+04 3.662005489232499258e+02
2.457341520901460666e+06 3.981256787192268530e+04 3.698078866271934544e+02
2.457341563229484949e+06 2.627546522177412407e+04 3.583626716745521890e+02
2.457341605557509698e+06 2.205689408358957735e+03 3.362623641368632548e+02
