5.745938794449999841e+04 1.283132228233281967e+04 1.071580755957131288e+02
5.745938794919884094e+04 1.292604343371323193e+04 1.074065920039471109e+02
5.745938795389767620e+04 1.291905309131084323e+04 1.073806375970001170e+02
5.745938795859651873e+04 1.279728943741959483e+04 1.069710438159009556e+02
5.745938796329535398e+04 1.278979297223702815e+04 1.070140751974055888e+02
5.745938796799419652e+04 1.292117543812024633e+04 1.073889178691656383e+02
5.745938797269303177e+04 1.288056549475849533e+04 1.072233762483912329e+02
5.745938797739187430e+04 1.282365545732625833e+04 1.071126551291062725e+02
5.745938798209071683e+04 1.287956901752699559e+04 1.073348732156085816e+02
5.745938798678955209e+04 1.274882130871590198e+04 1.069149616058731453e+02
5.745938799148839462e+04 1.289235626604829486e+04 1.072421436474408694e+02
5.745938799618722987e+04 1.289169524095322413e+04 1.071541622294843421e+02
5.745938800088607240e+04 1.279460108320700601e+04 1.070178770619132536e+02
5.745938800558491494e+04 1.291533416094014501e+04 1.074834692460793235e+02
5.745938801028375019e+04 1.288893008342661415e+04 1.073035888403061620e+02
5.745938801498259272e+04 1.279242110198508635e+04 1.070033572887225120e+02
5.745938801968142798e+04 1.284738673807687883e+04 1.071484847070097999e+02
5.745938802438027051e+04 1.295723086596341818e+04 1.075282140707650171e+02
5.745938802907910576e+04 1.295849490335961127e+04 1.074703716527780131e+02
5.745938803377794829e+04 1.279162190053152881e+04 1.069778685629111123e+02
5.745938803847679083e+04 1.273315349363115820e+04 1.068860758318421347e+02
5.745938804317562608e+04 1.313455221560088103e+04 1.079841577830143535e+02
5.745938804787446861e+04 1.281655407534047117e+04 1.071071359525396502e+02
5.745938805257330387e+04 1.300532467504597116e+04 1.075189503239657967e+02
5.745938805727214640e+04 1.296537289025871360e+04 1.075081641624644817e+02
5.745938806197098893e+04 1.294528408637352550e+04 1.074777892749005730e+02
5.745938806666982418e+04 1.296759027918047468e+04 1.075344732998289459e+02
5.745938807136866671e+04 1.327286786126541847e+04 1.083847822518231396e+02
5.745938807606750197e+04 1.331383731302082742e+04 1.085495744730086045e+02
5.745938808076634450e+04 1.341280024322216559e+04 1.088415192088784380e+02
5.745938808546517976e+04 1.346976863601664809e+04 1.089984922232452078e+02
5.745938809016402229e+04 1.346098967065373290e+04 1.089243022441315389e+02
5.745938809486286482e+04 1.350041753976435575e+04 1.090283915366037775e+02
5.745938809956170007e+04 1.351072490797668615e+04 1.090492498601482936e+02
5.745938810426054260e+04 1.369607908717283499e+04 1.095464733397459582e+02
5.745938810895937786e+04 1.347152151340592900e+04 1.088736110322346065e+02
5.745938811365822039e+04 1.352906199194557848e+04 1.091618718026044093e+02
5.745938811835706292e+04 1.367738410278170522e+04 1.096015234937504630e+02
5.745938812305589818e+04 1.376105983594045392e+04 1.098157432249808778e+02
5.745938812775474071e+04 1.375637933139480992e+04 1.097520742437122010e+02
5.745938813245357596e+04 1.358553569177588724e+04 1.092760371443481517e+02
5.745938813715241849e+04 1.361411447172952830e+04 1.093403800819899061e+02
5.745938814185125375e+04 1.365107598590721318e+04 1.094562561065680200e+02
5.745938814655009628e+04 1.385332069695283826e+04 1.100238217393899589e+02
5.745938815124893881e+04 1.377129155963008816e+04 1.097872110830650030e+02
5.745938815594777407e+04 1.375570264746770408e+04 1.098167232280345047e+02
5.745938816064661660e+04 1.360222355887921367e+04 1.093734518501752717e+02
5.745938816534545185e+04 1.340721405252331533e+04 1.087572453073185841e+02
5.745938817004429438e+04 1.357405752645286157e+04 1.091982081460682537e+02
5.745938817474312964e+04 1.353459120674369660e+04 1.091826681887330608e+02
5.745938817944197217e+04 1.357655283093784055e+04 1.092498394640079056e+02
5.745938818414081470e+04 1.370323116708288399e+04 1.097122429883183230e+02
5.745938818883964996e+04 1.365913570537116721e+04 1.095367324349351179e+02
5.745938819353849249e+04 1.352791937391555621e+04 1.091601753357847429e+02
5.745938819823732774e+04 1.357905908229119086e+04 1.093805305196488291e+02
5.745938820293617027e+04 1.366279994757303029e+04 1.094442796812723628e+02
5.745938820763501280e+04 1.354468338468539514e+04 1.091581407874662091e+02
5.745938821233384806e+04 1.365095386968256935e+04 1.094245325079662052e+02
5.745938821703269059e+04 1.355186361429542194e+04 1.091935941512062129e+02
5.745938822173152585e+04 1.341358300958504697e+04 1.088635189352764030e+02
5.745938822643036838e+04 1.344860134509497584e+04 1.090029319693937566e+02
5.745938823112920363e+04 1.343010392689679793e+04 1.088352326260002627e+02
5.745938823582804616e+04 1.341067550200286860e+04 1.086823912319330816e+02
5.745938824052688869e+04 1.357583241852335414e+04 1.092815723723025485e+02
5.745938824522572395e+04 1.368657763990194508e+04 1.095855362594501230e+02
5.745938824992456648e+04 1.363956993263856748e+04 1.094879777986726168e+02
5.745938825462340174e+04 1.362317265615217184e+04 1.093431890142663292e+02
5.745938825932224427e+04 1.351091769117948206e+04 1.089310515127573211e+02
5.745938826402108680e+04 1.341045992262651089e+04 1.087560397873020008e+02
5.745938826871992205e+04 1.343906629702684222e+04 1.088588549321494980e+02
5.745938827341876458e+04 1.352109699492157233e+04 1.091661140201305784e+02
5.745938827811759984e+04 1.350819044030306395e+04 1.090428090252461431e+02
5.745938828281644237e+04 1.369483228942542701e+04 1.095226143834036208e+02
5.745938828751527763e+04 1.342593444771029681e+04 1.087576119377065709e+02
5.745938829221412016e+04 1.374657902794093752e+04 1.097490875472081200e+02
5.745938829691296269e+04 1.349043843642280262e+04 1.089403501913267291e+02
5.745938830161179794e+04 1.364321911802517934e+04 1.093458523646719271e+02
5.745938830631064047e+04 1.354376856708583909e+04 1.091453949787950961e+02
5.745938831100947573e+04 1.376117548131532931e+04 1.097356213528131974e+02
5.745938831570831826e+04 1.364665803141014840e+04 1.095022162515667929e+02
5.745938832040715351e+04 1.371948883064560869e+04 1.096653951798686961e+02
5.745938832510599605e+04 1.358549499396901228e+04 1.093274781224421162e+02
5.745938832980483858e+04 1.360021260931525103e+04 1.092732687201663850e+02
5.745938833450367383e+04 1.353079789769002309e+04 1.091894000026293838e+02
5.745938833920251636e+04 1.343293950697631408e+04 1.087997602491571030e+02
5.745938834390135162e+04 1.339393097536357527e+04 1.087210592210140021e+02
5.745938834860019415e+04 1.372419993148856884e+04 1.096272557554407996e+02
5.745938835329903668e+04 1.364941200858850971e+04 1.094190831760634808e+02
5.745938835799787194e+04 1.359133964786519209e+04 1.092598781322400043e+02
5.745938836269671447e+04 1.364788253825780885e+04 1.094476299402375474e+02
5.745938836739554972e+04 1.359537615388670565e+04 1.093264275369085112e+02
5.745938837209439225e+04 1.364218421088552168e+04 1.094530058545859958e+02
5.745938837679322751e+04 1.351545608770692161e+04 1.090596858578183088e+02
5.745938838149207004e+04 1.369303144742118457e+04 1.096301165795903927e+02
5.745938838619091257e+04 1.376904007126646502e+04 1.098624935384511190e+02
5.745938839088974782e+04 1.370830659967522661e+04 1.096328662505644758e+02
5.745938839558859036e+04 1.357184215879321710e+04 1.092725374375944654e+02
5.745938840028742561e+04 1.361651021044047229e+04 1.093963176714253507e+02
5.745938840498626814e+04 1.346560507512108234e+04 1.090141134796342186e+02
5.745938840968511067e+04 1.348857363664102013e+04 1.090388295711915987e+02
5.745938841438394593e+04 1.345756337322236868e+04 1.089046497300467564e+02
5.745938841908278846e+04 1.353813589696619965e+04 1.091541243275150492e+02
5.745938842378162371e+04 1.344034599669139425e+04 1.088250842296853875e+02
5.745938842848046625e+04 1.350584602453099797e+04 1.090378505193552172e+02
5.745938843317930150e+04 1.361092374028408267e+04 1.092677065087051602e+02
5.745938843787814403e+04 1.341173853431461976e+04 1.088028080309419039e+02
5.745938844257698656e+04 1.329573921889154008e+04 1.084553000199441186e+02
5.745938844727582182e+04 1.312443052884256576e+04 1.079817042358997128e+02
5.745938845197466435e+04 1.323966421759806690e+04 1.082383848776155162e+02
5.745938845667349960e+04 1.307986601025068194e+04 1.077651886933364409e+02
5.745938846137234214e+04 1.331862773320500310e+04 1.086178053705028077e+02
5.745938846607117739e+04 1.321840534357049000e+04 1.082973238341476474e+02
5.745938847077001992e+04 1.315663069759118662e+04 1.080189802906447056e+02
5.745938847546886245e+04 1.309818382398540052e+04 1.078204710252712886e+02
5.745938848016769771e+04 1.309003405054465475e+04 1.078670552233526223e+02
5.745938848486654024e+04 1.304601061525587647e+04 1.077660317398488417e+02
5.745938848956537549e+04 1.309326921114143261e+04 1.078827133176326356e+02
5.745938849426421802e+04 1.303278507771299337e+04 1.076925299637783127e+02
5.745938849896306056e+04 1.293377610067961723e+04 1.074150237638604608e+02
5.745938850366189581e+04 1.309432548439329730e+04 1.079196493593194930e+02
5.745938850836073834e+04 1.317603924461656061e+04 1.081100187007288582e+02
5.745938851305957360e+04 1.317935772321689728e+04 1.080902911893996361e+02
5.745938851775841613e+04 1.313539486985708936e+04 1.079507968303755234e+02
5.745938852245725138e+04 1.312590315254878806e+04 1.078971600517938327e+02
5.745938852715609391e+04 1.313468032799301545e+04 1.080177824980737711e+02
5.745938853185493645e+04 1.314320310757100015e+04 1.080595409559656304e+02
5.745938853655377170e+04 1.316981019243872288e+04 1.079969493434076071e+02
5.745938854125261423e+04 1.315764475913621209e+04 1.080677893407298598e+02
5.745938854595144949e+04 1.313167692941204223e+04 1.079870836482608780e+02
5.745938855065029202e+04 1.320011641281364064e+04 1.081576074897844109e+02
5.745938855534913455e+04 1.312982240989055936e+04 1.080189803608530212e+02
5.745938856004796980e+04 1.315321814429167716e+04 1.079563245474271156e+02
5.745938856474681234e+04 1.328888562744360752e+04 1.084869100063144316e+02
5.745938856944564759e+04 1.301071861476279082e+04 1.076547134841259776e+02
5.745938857414449012e+04 1.302056674310987364e+04 1.076718851576764706e+02
5.745938857884332538e+04 1.318811653820905849e+04 1.081644316265877279e+02
5.745938858354216791e+04 1.312601098825115514e+04 1.079071753540051475e+02
5.745938858824101044e+04 1.315568192951842502e+04 1.079780839312884240e+02
5.745938859293984569e+04 1.314052958003353160e+04 1.079649904399278455e+02
5.745938859763868822e+04 1.304894732375235981e+04 1.076456650380680884e+02
5.745938860233752348e+04 1.299410142170040490e+04 1.075383785681980839e+02
5.745938860703636601e+04 1.278138522040531097e+04 1.070127867228353722e+02
5.745938861173520854e+04 1.256432618279645976e+04 1.063075431064743981e+02
5.745938861643404380e+04 1.248577434130357142e+04 1.060635001338771417e+02
5.745938862113288633e+04 1.252928059200433927e+04 1.062797742318417562e+02
5.745938862583172158e+04 1.246361451244297314e+04 1.059795699395975106e+02
5.745938863053056411e+04 1.241173847944743466e+04 1.059216959237830338e+02
5.745938863522939937e+04 1.251362718337305341e+04 1.060606618539341639e+02
5.745938863992824190e+04 1.251290246965988626e+04 1.061009842031280073e+02
