5.748056179210000118e+04 0.000000000000000000e+00 0.000000000000000000e+00
5.748056180100966594e+04 0.000000000000000000e+00 0.000000000000000000e+00
5.748056180991932342e+04 0.000000000000000000e+00 0.000000000000000000e+00
5.748056181882898818e+04 0.000000000000000000e+00 0.000000000000000000e+00
5.748056182773865294e+04 0.000000000000000000e+00 0.000000000000000000e+00
5.748056183664831769e+04 0.000000000000000000e+00 0.000000000000000000e+00
5.748056184555797518e+04 0.000000000000000000e+00 0.000000000000000000e+00
5.748056185446763993e+04 0.000000000000000000e+00 0.000000000000000000e+00
5.748056186337730469e+04 0.000000000000000000e+00 0.000000000000000000e+00
5.748056187228696945e+04 0.000000000000000000e+00 0.000000000000000000e+00
5.748056188119662693e+04 0.000000000000000000e+00 0.000000000000000000e+00
5.748056189010629168e+04 0.000000000000000000e+00 0.000000000000000000e+00
5.748056189901595644e+04 0.000000000000000000e+00 0.000000000000000000e+00
5.748056190792562120e+04 0.000000000000000000e+00 0.000000000000000000e+00
5.748056191683527868e+04 0.000000000000000000e+00 0.000000000000000000e+00
5.748056192574494344e+04 0.000000000000000000e+00 0.000000000000000000e+00
5.748056193465460819e+04 0.000000000000000000e+00 0.000000000000000000e+00
5.748056194356427295e+04 0.000000000000000000e+00 0.000000000000000000e+00
5.748056195247393043e+04 0.000000000000000000e+00 0.000000000000000000e+00
5.748056196138359519e+04 0.000000000000000000e+00 0.000000000000000000e+00
5.748056197029325995e+04 0.000000000000000000e+00 0.000000000000000000e+00
5.748056197920292470e+04 0.000000000000000000e+00 0.000000000000000000e+00
5.748056198811258218e+04 0.000000000000000000e+00 0.000000000000000000e+00
5.748056199702224694e+04 0.000000000000000000e+00 0.000000000000000000e+00
5.748056200593191170e+04 0.000000000000000000e+00 0.000000000000000000e+00
5.748056201484157646e+04 0.000000000000000000e+00 0.000000000000000000e+00
5.748056202375123394e+04 0.000000000000000000e+00 0.000000000000000000e+00
5.748056203266089869e+04 0.000000000000000000e+00 0.000000000000000000e+00
5.748056204157056345e+04 0.000000000000000000e+00 0.000000000000000000e+00
5.748056205048022821e+04 0.000000000000000000e+00 0.000000000000000000e+00
5.748056205938988569e+04 0.000000000000000000e+00 0.000000000000000000e+00
5.748056206829955045e+04 0.000000000000000000e+00 0.000000000000000000e+00
5.748056207720921520e+04 0.000000000000000000e+00 0.000000000000000000e+00
5.748056208611887996e+04 0.000000000000000000e+00 0.000000000000000000e+00
5.748056209502853744e+04 0.000000000000000000e+00 0.000000000000000000e+00
5.748056210393820220e+04 0.000000000000000000e+00 0.000000000000000000e+00
5.748056211284786696e+04 0.000000000000000000e+00 0.000000000000000000e+00
5.748056212175753171e+04 0.000000000000000000e+00 0.000000000000000000e+00
5.748056213066718919e+04 0.000000000000000000e+00 0.000000000000000000e+00
5.748056213957685395e+04 0.000000000000000000e+00 0.000000000000000000e+00
5.748056214848651871e+04 0.000000000000000000e+00 0.000000000000000000e+00
5.748056215739617619e+04 0.000000000000000000e+00 0.000000000000000000e+00
5.748056216630584095e+04 0.000000000000000000e+00 0.000000000000000000e+00
5.748056217521550570e+04 0.000000000000000000e+00 0.000000000000000000e+00
5.748056218412517046e+04 0.000000000000000000e+00 0.000000000000000000e+00
5.748056219303482794e+04 0.000000000000000000e+00 0.000000000000000000e+00
5.748056220194449270e+04 0.000000000000000000e+00 0.000000000000000000e+00
5.748056221085415746e+04 0.000000000000000000e+00 0.000000000000000000e+00
5.748056221976382221e+04 0.000000000000000000e+00 0.000000000000000000e+00
5.748056222867347969e+04 0.000000000000000000e+00 0.000000000000000000e+00
5.748056223758314445e+04 0.000000000000000000e+00 0.000000000000000000e+00
5.748056224649280921e+04 0.000000000000000000e+00 0.000000000000000000e+00
5.748056225540247397e+04 0.000000000000000000e+00 0.000000000000000000e+00
5.748056226431213145e+04 0.000000000000000000e+00 0.000000000000000000e+00
5.748056227322179620e+04 0.000000000000000000e+00 0.000000000000000000e+00
5.748056228213146096e+04 0.000000000000000000e+00 0.000000000000000000e+00
5.748056229104112572e+04 0.000000000000000000e+00 0.000000000000000000e+00
5.748056229995078320e+04 0.000000000000000000e+00 0.000000000000000000e+00
5.748056230886044796e+04 0.000000000000000000e+00 0.000000000000000000e+00
5.748056231777011271e+04 0.000000000000000000e+00 0.000000000000000000e+00
5.748056232667977747e+04 0.000000000000000000e+00 0.000000000000000000e+00
5.748056233558943495e+04 0.000000000000000000e+00 0.000000000000000000e+00
5.748056234449909971e+04 0.000000000000000000e+00 0.000000000000000000e+00
5.748056235340876447e+04 0.000000000000000000e+00 0.000000000000000000e+00
5.748056236231842922e+04 0.000000000000000000e+00 0.000000000000000000e+00
5.748056237122808670e+04 0.000000000000000000e+00 0.000000000000000000e+00
5.748056238013775146e+04 0.000000000000000000e+00 0.000000000000000000e+00
5.748056238904741622e+04 0.000000000000000000e+00 0.000000000000000000e+00
5.748056239795708098e+04 0.000000000000000000e+00 0.000000000000000000e+00
5.748056240686673846e+04 0.000000000000000000e+00 0.000000000000000000e+00
5.748056241577640321e+04 0.000000000000000000e+00 0.000000000000000000e+00
5.748056242468606797e+04 0.000000000000000000e+00 0.000000000000000000e+00
5.748056243359573273e+04 0.000000000000000000e+00 0.000000000000000000e+00
5.748056244250539021e+04 0.000000000000000000e+00 0.000000000000000000e+00
5.748056245141505497e+04 0.000000000000000000e+00 0.000000000000000000e+00
5.748056246032471972e+04 0.000000000000000000e+00 0.000000000000000000e+00
5.748056246923438448e+04 0.000000000000000000e+00 0.000000000000000000e+00
5.748056247814404196e+04 0.000000000000000000e+00 0.000000000000000000e+00
5.748056248705370672e+04 0.000000000000000000e+00 0.000000000000000000e+00
