5.737344129779999639e+04 4.671255512538377843e+03 7.482231866732146841e+01
5.737344130849088106e+04 4.798502238761155240e+03 7.533714364671716623e+01
5.737344131918176572e+04 4.898283983445509875e+03 7.568231614042714739e+01
5.737344132987264311e+04 4.908603884407893929e+03 7.575192652371704582e+01
5.737344134056352777e+04 5.089276302052405299e+03 7.646102255834487949e+01
5.737344135125441244e+04 5.219229646068124566e+03 7.699673168963086312e+01
5.737344136194529710e+04 5.304981694129910466e+03 7.745080730987849904e+01
5.737344137263618177e+04 5.605684458821917360e+03 7.858907407548298352e+01
5.737344138332705916e+04 5.826108199483031058e+03 7.956142681103690961e+01
5.737344139401794382e+04 6.102686994293346288e+03 8.066232789131170478e+01
5.737344140470882849e+04 6.279173333089089283e+03 8.114965702413628890e+01
5.737344141539971315e+04 6.234474153322862549e+03 8.110984389603609657e+01
5.737344142609059782e+04 6.448293338811965441e+03 8.195577285665473255e+01
5.737344143678147520e+04 6.517493179945584416e+03 8.213363562348214941e+01
5.737344144747235987e+04 6.625455502664211963e+03 8.251958487792424535e+01
5.737344145816324453e+04 6.610609075659487644e+03 8.240995117537660519e+01
5.737344146885412920e+04 6.591512405633426170e+03 8.244577084164649250e+01
5.737344147954501386e+04 6.762562350995188353e+03 8.308764285984595688e+01
5.737344149023589125e+04 6.567028438130547329e+03 8.245364552539756176e+01
5.737344150092677592e+04 6.735639121145252830e+03 8.312737213392256308e+01
5.737344151161766058e+04 6.548543014761120503e+03 8.246089901440461745e+01
5.737344152230854525e+04 6.496521312069255146e+03 8.216304487249007593e+01
5.737344153299942991e+04 6.516994749053281339e+03 8.218968000645020311e+01
5.737344154369030730e+04 6.480723744715854991e+03 8.218459921763555087e+01
5.737344155438119196e+04 6.529786967002990423e+03 8.223384518334773929e+01
5.737344156507207663e+04 6.753578873655691496e+03 8.297763299352924093e+01
5.737344157576296129e+04 6.790725521431431844e+03 8.319555267121887709e+01
5.737344158645384596e+04 6.832824687143185656e+03 8.349378280276702924e+01
5.737344159714472335e+04 6.787082581468443095e+03 8.317481373427989411e+01
5.737344160783560801e+04 6.627213685038144831e+03 8.255095246895048433e+01
5.737344161852649268e+04 6.496220292386358778e+03 8.215398556293929744e+01
5.737344162921737734e+04 6.337505117578210047e+03 8.141032588263757930e+01
5.737344163990826200e+04 6.357446679957014567e+03 8.140770829195307101e+01
5.737344165059913939e+04 6.450573614017122964e+03 8.194318707123943568e+01
5.737344166129002406e+04 6.517164528643696030e+03 8.216417968660435633e+01
5.737344167198090872e+04 6.586883426897321442e+03 8.239959179215624374e+01
5.737344168267179339e+04 6.531052516574470246e+03 8.209596763479794390e+01
5.737344169336267805e+04 6.539427404752977964e+03 8.214197602905650797e+01
5.737344170405355544e+04 6.471111253822320577e+03 8.204966697660285035e+01
5.737344171474444011e+04 6.575961702346057791e+03 8.245621176945282116e+01
5.737344172543532477e+04 6.739696387046012205e+03 8.296066758465478586e+01
5.737344173612620943e+04 6.695231585124794037e+03 8.280358785440569136e+01
5.737344174681709410e+04 6.617834659847721923e+03 8.251127124982683370e+01
5.737344175750797149e+04 6.635359665234434942e+03 8.263806251631675082e+01
5.737344176819885615e+04 6.547676813474504343e+03 8.227385528009999405e+01
5.737344177888974082e+04 6.521977065620525536e+03 8.213774049980877123e+01
5.737344178958062548e+04 6.638570268193230731e+03 8.273733167681859868e+01
5.737344180027151015e+04 6.506815675294104949e+03 8.221872388289276046e+01
5.737344181096238754e+04 6.482292977804167094e+03 8.214315987173425526e+01
5.737344182165327220e+04 6.423299691896174409e+03 8.182501347938811875e+01
5.737344183234415686e+04 6.356139994111372289e+03 8.158476770033904302e+01
5.737344184303504153e+04 6.385960886026023218e+03 8.164523237785964227e+01
5.737344185372592619e+04 6.555481480365946481e+03 8.238505493350541542e+01
5.737344186441680358e+04 6.651992490462778733e+03 8.273151530275174537e+01
5.737344187510768825e+04 6.622031543821312880e+03 8.252460668582644132e+01
5.737344188579857291e+04 6.757397120458650534e+03 8.296173435324035950e+01
5.737344189648945758e+04 6.776609279666085058e+03 8.309507300012896280e+01
5.737344190718034224e+04 6.614227306265100196e+03 8.252675644456917325e+01
5.737344191787121963e+04 6.496849629983070372e+03 8.208807191635442280e+01
5.737344192856210429e+04 6.448264384832711585e+03 8.189384902223520157e+01
5.737344193925298896e+04 6.500412578360141197e+03 8.203923776940274593e+01
5.737344194994387362e+04 6.350415188378154198e+03 8.149461084114641096e+01
5.737344196063475829e+04 6.319302547190111000e+03 8.149283635473732090e+01
5.737344197132563568e+04 6.371123295693109867e+03 8.156058634451325418e+01
5.737344198201652034e+04 6.381218899870195855e+03 8.144035504169534079e+01
5.737344199270740501e+04 6.259938559639826963e+03 8.123586574234997215e+01
