5.748242428569999902e+04 4.780913871909046065e+03 5.771647081926717249e+01
5.748242428887726419e+04 5.040120409119524084e+03 5.910518287705646401e+01
5.748242429205453664e+04 5.469876742934765389e+03 6.137306456640083496e+01
5.748242429523180181e+04 6.132451787700772002e+03 6.465147882574217419e+01
5.748242429840907425e+04 7.613300894991090900e+03 7.147629680908093519e+01
5.748242430158633942e+04 1.080437072873918260e+04 8.428606687053631674e+01
5.748242430476361187e+04 1.930520308722003392e+04 1.114415216504335859e+02
5.748242430794087704e+04 3.381945045708629186e+04 1.466152219823209180e+02
5.748242431111814221e+04 4.791286667914310237e+04 1.740953693585850317e+02
5.748242431429541466e+04 6.369365211631903367e+04 2.004333900237175499e+02
5.748242431747267983e+04 7.854733551483160409e+04 2.223938177483505569e+02
5.748242432064995228e+04 8.008628410207098932e+04 2.245453073335663987e+02
5.748242432382721745e+04 7.885835222370775591e+04 2.228377976567497001e+02
5.748242432700448990e+04 8.144483153406850761e+04 2.264414240681195167e+02
5.748242433018175507e+04 8.272203918647915998e+04 2.281975148733967274e+02
5.748242433335902024e+04 9.212153113584707899e+04 2.407356607670867277e+02
5.748242433653629269e+04 1.013094183314516849e+05 2.523829153381525714e+02
5.748242433971355786e+04 1.048273519187634374e+05 2.567043313824379425e+02
5.748242434289083030e+04 1.094706022604893369e+05 2.622952475186291394e+02
5.748242434606809547e+04 9.407940246475032473e+04 2.432772771701568502e+02
5.748242434924536792e+04 7.556925562277439167e+04 2.182065251448154015e+02
5.748242435242263309e+04 7.558057715095560707e+04 2.182191449032011690e+02
5.748242435559989826e+04 8.021566321767131740e+04 2.247627564865782972e+02
5.748242435877717071e+04 8.320435431231078110e+04 2.288817820326177639e+02
5.748242436195443588e+04 8.083803143771576288e+04 2.256245469275784217e+02
5.748242436513170833e+04 7.938919455019582529e+04 2.236072283655328476e+02
5.748242436830897350e+04 8.383409035288318410e+04 2.297342949539485630e+02
5.748242437148624595e+04 8.816388126466190442e+04 2.355446580171283983e+02
5.748242437466351112e+04 8.559294847281083639e+04 2.321140629513007241e+02
5.748242437784077629e+04 8.263124649807755486e+04 2.280949813131954045e+02
5.748242438101804873e+04 8.362982950549702218e+04 2.294664332214868523e+02
5.748242438419531391e+04 8.452938102529253229e+04 2.306776661760949878e+02
5.748242438737258635e+04 7.999480924798479828e+04 2.244568910282686431e+02
5.748242439054985152e+04 7.993251911949891655e+04 2.243723026815774233e+02
5.748242439372712397e+04 8.131454390677847550e+04 2.262989958397903365e+02
5.748242439690438914e+04 7.990034619345745887e+04 2.243380963914456174e+02
5.748242440008165431e+04 8.243324230786711269e+04 2.278343809086832721e+02
5.748242440325892676e+04 8.249161007419628731e+04 2.279184410840315422e+02
5.748242440643619193e+04 8.341583706122302101e+04 2.291861130183123976e+02
5.748242440961346438e+04 8.341627362133705174e+04 2.291914001522732747e+02
5.748242441279072955e+04 7.909878566102906188e+04 2.232284968761934749e+02
5.748242441596800199e+04 7.584213628649734892e+04 2.186193911646707591e+02
5.748242441914526717e+04 7.244042949633435637e+04 2.137080122970571381e+02
5.748242442232253234e+04 7.596674535520262725e+04 2.188108038567928872e+02
5.748242442549980478e+04 7.961442193086120824e+04 2.239579922778616208e+02
5.748242442867706995e+04 8.287352217556885444e+04 2.284620816601123181e+02
5.748242443185434240e+04 8.935008759434195235e+04 2.371573003935068016e+02
5.748242443503160757e+04 9.094729954562016064e+04 2.392502527716331429e+02
5.748242443820888002e+04 9.677546242521677050e+04 2.467475516519934331e+02
5.748242444138614519e+04 9.807315495578327682e+04 2.483857126916265941e+02
5.748242444456341036e+04 9.177070004196438822e+04 2.403270752973857327e+02
5.748242444774068281e+04 9.215229006317869062e+04 2.408239522988333476e+02
5.748242445091794798e+04 8.941698597266597790e+04 2.372454149100270229e+02
5.748242445409522043e+04 9.064522740550986782e+04 2.388542750208659982e+02
5.748242445727248560e+04 9.650996225762524409e+04 2.464062823100863682e+02
5.748242446044975804e+04 9.952591923064815637e+04 2.502010465457519501e+02
5.748242446362702321e+04 9.628241149699692323e+04 2.461166917596597727e+02
5.748242446680428839e+04 9.315887084436499572e+04 2.421123217036457618e+02
5.748242446998156083e+04 8.943837580044580682e+04 2.372609810360379470e+02
5.748242447315882600e+04 9.747665608570947370e+04 2.476179240299713058e+02
5.748242447633609845e+04 9.293374190825666301e+04 2.418111338201257752e+02
5.748242447951336362e+04 7.960742939687872422e+04 2.239211910116508193e+02
5.748242448269063607e+04 7.567526220053974248e+04 2.183681122263961072e+02
5.748242448586790124e+04 7.565884061345383816e+04 2.183504910140154323e+02
5.748242448904516641e+04 7.476053558130101010e+04 2.170615885118394317e+02
5.748242449222243886e+04 7.045368027007192723e+04 2.107715438620881230e+02
5.748242449539970403e+04 7.267015654638982960e+04 2.140326651446865185e+02
5.748242449857697648e+04 8.622499774794947007e+04 2.329808545694309885e+02
5.748242450175424165e+04 9.662109194270758599e+04 2.465295757370596448e+02
5.748242450493151409e+04 8.958790608790691476e+04 2.374489909416086562e+02
5.748242450810877926e+04 8.209370365323861188e+04 2.273684156514510448e+02
5.748242451128604444e+04 7.750503768874536036e+04 2.209824093482260423e+02
5.748242451446331688e+04 6.950740958778224012e+04 2.093599005450105324e+02
5.748242451764058205e+04 7.310753907922326471e+04 2.146710785251209472e+02
5.748242452081785450e+04 7.884513830503811187e+04 2.228737657598264548e+02
5.748242452399511967e+04 8.264570813526849088e+04 2.281445619490345678e+02
5.748242452717239212e+04 8.057072773146856343e+04 2.252847732481430114e+02
5.748242453034965729e+04 7.505757255895152048e+04 2.175095466521888454e+02
5.748242453352692246e+04 7.703774781730350514e+04 2.203384606504319834e+02
5.748242453670419491e+04 8.624843216353995376e+04 2.330344475605676564e+02
5.748242453988146008e+04 9.221574412718732492e+04 2.409008607282276557e+02
5.748242454305873252e+04 9.170122128703785711e+04 2.402326756850159484e+02
5.748242454623599770e+04 8.820427736410948273e+04 2.356454627703859614e+02
5.748242454941327014e+04 8.870828926745604258e+04 2.363127672964513692e+02
5.748242455259053531e+04 9.696094404155224038e+04 2.469834154133805839e+02
5.748242455576780048e+04 9.433587786937093188e+04 2.436390108836278046e+02
5.748242455894507293e+04 8.509752944379641849e+04 2.314817819777231875e+02
5.748242456212233810e+04 7.818007870466366876e+04 2.219391529305337087e+02
5.748242456529961055e+04 7.934256030447792728e+04 2.235761625321083557e+02
5.748242456847687572e+04 8.625087861746680574e+04 2.330306639633045336e+02
5.748242457165414817e+04 9.352038041869907465e+04 2.425844391616091116e+02
5.748242457483141334e+04 9.760651385775418021e+04 2.477914103672428041e+02
5.748242457800867851e+04 9.070778200941973773e+04 2.389304964956246522e+02
5.748242458118595096e+04 8.178739922162378207e+04 2.269578331601302921e+02
5.748242458436321613e+04 8.602000286432060238e+04 2.327116498471347938e+02
5.748242458754048857e+04 9.124432339457297348e+04 2.396258375374464151e+02
5.748242459071775374e+04 8.621813604825898074e+04 2.329790509164079140e+02
5.748242459389502619e+04 8.227622923169906426e+04 2.276323631108347456e+02
5.748242459707229136e+04 9.156577368110198586e+04 2.400435376068505775e+02
5.748242460024955653e+04 1.033084080420461687e+05 2.548748657631551566e+02
5.748242460342682898e+04 9.583096972809186263e+04 2.455388149470698238e+02
5.748242460660409415e+04 7.949227054039192444e+04 2.237837360434754714e+02
5.748242460978136660e+04 6.701790500504919328e+04 2.056207455663837607e+02
5.748242461295863177e+04 6.498850347347583011e+04 2.025116580833141882e+02
5.748242461613590422e+04 7.090509917821682757e+04 2.114390598438528457e+02
5.748242461931316939e+04 7.301645217624986253e+04 2.145371155431429315e+02
5.748242462249043456e+04 7.858492423900197900e+04 2.225036972204773917e+02
5.748242462566770701e+04 8.310066389968209842e+04 2.287585701546184396e+02
5.748242462884497218e+04 8.517958472322807938e+04 2.315828979786525679e+02
5.748242463202224462e+04 8.617899802296706184e+04 2.329254406804850817e+02
5.748242463519950979e+04 8.476220706963409611e+04 2.310131884050176438e+02
5.748242463837678224e+04 7.996048914243048057e+04 2.244227998768959367e+02
5.748242464155404741e+04 8.129630961550926440e+04 2.262754165055108331e+02
5.748242464473131986e+04 8.563769809135602554e+04 2.321937043447060205e+02
5.748242464790858503e+04 8.987071564645915350e+04 2.378281306641447941e+02
5.748242465108585020e+04 9.367891392562918190e+04 2.427888054042379906e+02
5.748242465426312265e+04 9.783570539449698117e+04 2.480859448250614605e+02
5.748242465744038782e+04 9.480633191147883190e+04 2.442295689319484779e+02
5.748242466061766027e+04 9.389608395462318731e+04 2.430681265304252179e+02
5.748242466379492544e+04 8.993433167148666689e+04 2.379233757035886185e+02
5.748242466697219788e+04 8.455422466977829754e+04 2.307407947918109983e+02
5.748242467014946305e+04 8.221140549852520053e+04 2.275459968790129608e+02
5.748242467332672823e+04 8.447490391468130110e+04 2.306365895289413004e+02
5.748242467650400067e+04 8.806531942739782971e+04 2.354484435026685389e+02
5.748242467968126584e+04 8.946267772130692902e+04 2.372997743377773929e+02
5.748242468285853829e+04 9.662677375591491000e+04 2.465546246028638393e+02
5.748242468603580346e+04 1.030684249552108959e+05 2.545860895797581804e+02
5.748242468921307591e+04 9.634451509731184342e+04 2.461897287096028037e+02
5.748242469239034108e+04 8.527997715065219381e+04 2.317211559099395970e+02
5.748242469556760625e+04 7.737558593698695768e+04 2.208052818930431727e+02
5.748242469874487870e+04 7.859174735621121363e+04 2.225245469764822985e+02
5.748242470192214387e+04 8.335753008237964241e+04 2.291223615353555942e+02
5.748242470509941631e+04 7.954242472768067091e+04 2.238493134813996051e+02
5.748242470827668149e+04 7.296174209529857035e+04 2.144626294763715464e+02
5.748242471145395393e+04 7.777371502548259741e+04 2.213606999960285862e+02
5.748242471463121910e+04 7.937392052953728125e+04 2.236035217023775488e+02
5.748242471780848427e+04 7.512477771378762554e+04 2.175813630694607355e+02
5.748242472098575672e+04 7.376557771692433744e+04 2.156161796892592406e+02
5.748242472416302189e+04 7.947109918083477532e+04 2.237361047273709858e+02
5.748242472734029434e+04 8.442711527221805591e+04 2.305491532542881146e+02
5.748242473051755951e+04 8.124186202935168694e+04 2.261867507376204571e+02
5.748242473369483196e+04 7.987800356900677434e+04 2.242941006636906707e+02
5.748242473687209713e+04 7.922732683314557653e+04 2.233821305672381641e+02
5.748242474004936230e+04 8.025549923856520036e+04 2.248224191471242079e+02
5.748242474322663475e+04 8.514639859565219376e+04 2.315161390829558172e+02
5.748242474640389992e+04 8.888384851733353571e+04 2.365152551278330861e+02
5.748242474958117236e+04 8.803682999595665024e+04 2.353841686820781547e+02
5.748242475275843753e+04 7.723877002625743626e+04 2.205869465136546808e+02
5.748242475593570998e+04 7.948276032683742233e+04 2.237402099818781096e+02
5.748242475911297515e+04 8.941330153358868847e+04 2.372012699231420356e+02
5.748242476229024032e+04 9.472338930632024130e+04 2.440957253681270629e+02
5.748242476546751277e+04 8.559896581526414957e+04 2.321244002080958921e+02
5.748242476864477794e+04 7.859490895545673266e+04 2.224924714826946115e+02
5.748242477182205039e+04 8.331722030003774853e+04 2.290333431340234256e+02
5.748242477499931556e+04 9.317369075378947309e+04 2.421137554979681852e+02
5.748242477817658801e+04 8.942133373893518001e+04 2.372230592714164459e+02
5.748242478135385318e+04 8.139087183776183520e+04 2.263898362907987689e+02
5.748242478453111835e+04 8.062339890145495883e+04 2.253329212982272054e+02
5.748242478770839080e+04 7.843598044065025169e+04 2.222710926902116455e+02
5.748242479088565597e+04 8.106744870376745530e+04 2.259569877104747206e+02
5.748242479406292841e+04 8.540903661778416426e+04 2.318748140474571073e+02
5.748242479724019358e+04 8.765919147418481589e+04 2.348867320513154766e+02
5.748242480041746603e+04 9.694377712049744150e+04 2.469347833309311966e+02
5.748242480359473120e+04 9.529586214355388074e+04 2.448423166033195173e+02
5.748242480677199637e+04 8.650681841710158915e+04 2.333539190064091713e+02
5.748242480994926882e+04 8.628756686237647955e+04 2.330628188938266021e+02
5.748242481312653399e+04 8.989620548271152074e+04 2.378474941589449543e+02
5.748242481630380644e+04 9.272382370031694882e+04 2.415356896614641471e+02
5.748242481948107161e+04 8.617508304758473241e+04 2.329064109498363848e+02
5.748242482265834406e+04 7.971283071280362492e+04 2.240647784597118175e+02
5.748242482583560923e+04 8.274604159279748274e+04 2.282567921662376023e+02
5.748242482901287440e+04 9.082510449543748109e+04 2.390612861630355610e+02
5.748242483219014684e+04 9.155772230775242497e+04 2.400234074499738028e+02
5.748242483536741202e+04 8.327227750748941617e+04 2.289802686963164433e+02
5.748242483854468446e+04 7.880973509192033089e+04 2.227974101460538350e+02
5.748242484172194963e+04 8.153506408330795239e+04 2.265894640502987727e+02
5.748242484489922208e+04 7.959780835021249368e+04 2.239046084682519222e+02
5.748242484807648725e+04 8.414097470787921338e+04 2.301574094004913036e+02
5.748242485125375242e+04 8.957945993517102033e+04 2.374227476527007639e+02
5.748242485443102487e+04 9.136428006231150357e+04 2.397647859801521975e+02
5.748242485760829004e+04 8.289792995308885293e+04 2.284638538617161601e+02
5.748242486078556249e+04 7.580325188790878747e+04 2.185404921696959661e+02
5.748242486396282766e+04 7.788771615893038688e+04 2.214980308936552262e+02
5.748242486714010010e+04 7.596597165849692828e+04 2.187754750383604119e+02
5.748242487031736528e+04 7.567311415217678586e+04 2.183569219820066678e+02
5.748242487349463045e+04 7.871564311567423283e+04 2.226707911291877338e+02
5.748242487667190289e+04 8.952087671752017923e+04 2.373574329609689357e+02
5.748242487984916806e+04 9.092600430601854168e+04 2.391930707527163520e+02
5.748242488302644051e+04 8.290221984460804379e+04 2.284787236565770456e+02
5.748242488620370568e+04 8.581184974376141327e+04 2.324240843233693283e+02
5.748242488938097813e+04 8.447937828264707059e+04 2.306211119023169260e+02
5.748242489255824330e+04 8.813640509804451722e+04 2.355258477920004623e+02
5.748242489573550847e+04 9.459039513447805075e+04 2.439404998862122511e+02
5.748242489891278092e+04 9.528287624618895643e+04 2.448261416783741140e+02
5.748242490209004609e+04 9.103470311772225250e+04 2.393436566816543234e+02
5.748242490526731854e+04 8.415413517383503495e+04 2.301772506698076199e+02
5.748242490844458371e+04 8.703250897035686648e+04 2.340535119990505848e+02
5.748242491162185615e+04 8.780017189752038394e+04 2.350758991503320772e+02
5.748242491479912132e+04 8.765945829690033861e+04 2.348857108089392511e+02
5.748242491797638650e+04 8.830746989803829638e+04 2.357433643661998133e+02
5.748242492115365894e+04 8.822692028064402984e+04 2.356342052865970516e+02
5.748242492433092411e+04 9.459489288025567657e+04 2.439359256551266526e+02
5.748242492750819656e+04 9.868474133301837719e+04 2.491156086290947371e+02
5.748242493068546173e+04 8.993680174577831349e+04 2.378875847994659125e+02
5.748242493386273418e+04 8.053125083267447189e+04 2.251951682488025313e+02
5.748242493703999935e+04 7.371952022940323513e+04 2.155250991206929143e+02
5.748242494021726452e+04 7.326890526031263289e+04 2.148670182784562144e+02
5.748242494339453697e+04 7.311901531945861643e+04 2.146535128075018690e+02
5.748242494657180214e+04 8.186044806451929617e+04 2.270163450076234710e+02
5.748242494974907459e+04 8.742796636174926243e+04 2.345451859883269776e+02
5.748242495292633976e+04 8.087857485810492653e+04 2.256470057795309856e+02
5.748242495610361220e+04 7.351772586415328260e+04 2.152082404421032322e+02
5.748242495928087737e+04 7.089332367076200899e+04 2.113668650114466629e+02
5.748242496245814255e+04 6.568290692972186662e+04 2.035085834501376780e+02
5.748242496563541499e+04 4.671295683582047059e+04 1.719200946947237867e+02
5.748242496881268016e+04 2.347611130256864635e+04 1.225842634667631756e+02
5.748242497198995261e+04 1.241544925053601219e+04 9.006920789426739304e+01
5.748242497516721778e+04 7.780432113701259368e+03 7.220177625989397541e+01
5.748242497834449023e+04 6.108057611079719209e+03 6.456310228486373148e+01
5.748242498152175540e+04 5.359086496636742595e+03 6.079422150531712532e+01
