5.742938096100000257e+04 4.736070902748318986e+03 5.744640338396961710e+01
5.742938096285345819e+04 4.767192071330676299e+03 5.761820158076950804e+01
5.742938096470691380e+04 4.731513098591532071e+03 5.742260109343710184e+01
5.742938096656036942e+04 4.736407907576240177e+03 5.745170486695143097e+01
5.742938096841383231e+04 4.759159425697774168e+03 5.756648123280515250e+01
5.742938097026728792e+04 4.797671047745716351e+03 5.776538672498507765e+01
5.742938097212074354e+04 4.830188953506377402e+03 5.795507288564938619e+01
5.742938097397419915e+04 4.703568469857353193e+03 5.727107952629613408e+01
5.742938097582765477e+04 4.783299531164549080e+03 5.769588188330696710e+01
5.742938097768111038e+04 4.788814829969763196e+03 5.773488840807459610e+01
5.742938097953457327e+04 4.833191137811541012e+03 5.798291909971005964e+01
5.742938098138802889e+04 4.848527539663680727e+03 5.806272832529202788e+01
5.742938098324148450e+04 4.938829997622760857e+03 5.855226721951271429e+01
5.742938098509494012e+04 5.095012456232436307e+03 5.938722224296335384e+01
5.742938098694839573e+04 5.455176781500804282e+03 6.126777557067745050e+01
5.742938098880185134e+04 6.222109278260251813e+03 6.506790923364498269e+01
5.742938099065531424e+04 7.562752664776980964e+03 7.122348014824154916e+01
5.742938099250876985e+04 9.119330709012969237e+03 7.776926597458977142e+01
5.742938099436222547e+04 1.055054652226953476e+04 8.333375266254306268e+01
5.742938099621568108e+04 1.115284056852883987e+04 8.555185335269246139e+01
5.742938099806913669e+04 1.120984295836503043e+04 8.578275905074441710e+01
5.742938099992259231e+04 1.088486116501706056e+04 8.459247663258980765e+01
5.742938100177605520e+04 1.073738718920854080e+04 8.406760251423924046e+01
5.742938100362951081e+04 1.039795607202438077e+04 8.278731345221096660e+01
5.742938100548296643e+04 9.905891220624636844e+03 8.090657029563936931e+01
5.742938100733642204e+04 9.806582868153975141e+03 8.051517681120009229e+01
5.742938100918987766e+04 9.879943939054704970e+03 8.077619829626998182e+01
5.742938101104333327e+04 1.008851765443055410e+04 8.156765207498067127e+01
5.742938101289679616e+04 1.075377058238402606e+04 8.408496711092426779e+01
5.742938101475025178e+04 1.128967703749836619e+04 8.605713872440695411e+01
5.742938101660370739e+04 1.129818637074079197e+04 8.610860523304948799e+01
5.742938101845716301e+04 1.111271962218235240e+04 8.543244672459937306e+01
5.742938102031061862e+04 1.044485982201022307e+04 8.295455678980633252e+01
5.742938102216407424e+04 1.023886226825876292e+04 8.216180296522129822e+01
5.742938102401753713e+04 1.039810604039214923e+04 8.279143223755636427e+01
5.742938102587099274e+04 1.093396947672176611e+04 8.479226160509251997e+01
5.742938102772444836e+04 1.141629567423355911e+04 8.654106277948044124e+01
5.742938102957790397e+04 1.163610343139701581e+04 8.733342259530131457e+01
5.742938103143135959e+04 1.178805208436657449e+04 8.788553990013193129e+01
5.742938103328481520e+04 1.164590385121495456e+04 8.739123650348440719e+01
5.742938103513827809e+04 1.126383049014798962e+04 8.602504525900275212e+01
5.742938103699173371e+04 1.061655709996968835e+04 8.363609022741488275e+01
5.742938103884518932e+04 9.754205042803747347e+03 8.034923519033316097e+01
5.742938104069864494e+04 9.940902584523668338e+03 8.105491501890880102e+01
5.742938104255210055e+04 1.075700462663023063e+04 8.414600754388860082e+01
5.742938104440555617e+04 1.148270118862255731e+04 8.680010367564166529e+01
5.742938104625901178e+04 1.166926465820239173e+04 8.745835125527719356e+01
5.742938104811247467e+04 1.128891276568662579e+04 8.607520732766430172e+01
5.742938104996593029e+04 1.055926809191950997e+04 8.339748983324594178e+01
5.742938105181938590e+04 1.003501585020170205e+04 8.140657662115933135e+01
5.742938105367284152e+04 9.671060757392362575e+03 7.999206395161920113e+01
5.742938105552629713e+04 9.524669490765201772e+03 7.941097607438480566e+01
5.742938105737975275e+04 9.673851909891280229e+03 7.999847690625105656e+01
5.742938105923321564e+04 1.017237242030467314e+04 8.191006896771197887e+01
5.742938106108667125e+04 1.114917788069494964e+04 8.556893174322514994e+01
5.742938106294012687e+04 1.205553847025018331e+04 8.882629340763014625e+01
5.742938106479358248e+04 1.226257359748594899e+04 8.954109619681739218e+01
5.742938106664703810e+04 1.226643773840458925e+04 8.955515049453890697e+01
5.742938106850049371e+04 1.188438617495783728e+04 8.821979832550994161e+01
5.742938107035395660e+04 1.143123929527429209e+04 8.660368999715238658e+01
5.742938107220741222e+04 1.140396840353758671e+04 8.650520376897466690e+01
5.742938107406086783e+04 1.115105593142966973e+04 8.559318062870868005e+01
5.742938107591432345e+04 1.089604347003358635e+04 8.466152072172918963e+01
5.742938107776777906e+04 1.056741840596411566e+04 8.342688664394388809e+01
5.742938107962123468e+04 1.075340622464708576e+04 8.411508195105641050e+01
5.742938108147469757e+04 1.042349133857728884e+04 8.286324855957407465e+01
5.742938108332815318e+04 1.040938700016714756e+04 8.280462684887132241e+01
5.742938108518160880e+04 1.009048679332297070e+04 8.159206573019187658e+01
5.742938108703506441e+04 1.001128760844797580e+04 8.128716362201591039e+01
5.742938108888852003e+04 1.060552252951137962e+04 8.353822935768734226e+01
5.742938109074197564e+04 1.147559831874412703e+04 8.673259127252971723e+01
5.742938109259543853e+04 1.182176732796033502e+04 8.796308734769266380e+01
5.742938109444889415e+04 1.221403328205540129e+04 8.934538221979585160e+01
5.742938109630234976e+04 1.234147285210553491e+04 8.980309415331628031e+01
5.742938109815580538e+04 1.218531587633520940e+04 8.925330458681786183e+01
5.742938110000926099e+04 1.181910277482585661e+04 8.796432768540309155e+01
5.742938110186271660e+04 1.100994949174194153e+04 8.504834611430617031e+01
5.742938110371617950e+04 9.947970347656035301e+03 8.107497444705801115e+01
5.742938110556963511e+04 9.861223688568086800e+03 8.075043773563335492e+01
5.742938110742309073e+04 1.002957850092697845e+04 8.139877584143005151e+01
5.742938110927654634e+04 1.016341162974080908e+04 8.189960388109119549e+01
5.742938111113000195e+04 1.028872028214919555e+04 8.237002415679549472e+01
5.742938111298345757e+04 1.039987417862985603e+04 8.278396523058735568e+01
5.742938111483692046e+04 1.085767766989357551e+04 8.449389230358566749e+01
5.742938111669037607e+04 1.189783305304970963e+04 8.826984689380921623e+01
5.742938111854383169e+04 1.234047410022171061e+04 8.983190697784276324e+01
5.742938112039728730e+04 1.146916890346141736e+04 8.675056490718567659e+01
5.742938112225074292e+04 1.082190306310462438e+04 8.438813311003660544e+01
5.742938112410419853e+04 1.090608637559158888e+04 8.469944136371515242e+01
5.742938112595765415e+04 1.189318261350582907e+04 8.827658077936266068e+01
5.742938112781111704e+04 1.269271201931070027e+04 9.107551938994799912e+01
5.742938112966457265e+04 1.239363214539076762e+04 9.005601090312971735e+01
5.742938113151802827e+04 1.107299896876095045e+04 8.537839365402575709e+01
5.742938113337148388e+04 1.028366881958206432e+04 8.248639958589015464e+01
5.742938113522493950e+04 1.032862572608878327e+04 8.276549857178066816e+01
5.742938113707839511e+04 1.052032105312328349e+04 8.371083551328005967e+01
5.742938113893185800e+04 1.097377782842602937e+04 8.591637743355616408e+01
5.742938114078531362e+04 1.159021638249575699e+04 8.886870237623806190e+01
5.742938114263876923e+04 1.123711528766315860e+04 8.833763212628906558e+01
5.742938114449222485e+04 1.087430423587477162e+04 8.750136677658414897e+01
5.742938114634568046e+04 1.081349442279785580e+04 8.742883226254633655e+01
5.742938114819913608e+04 1.060850208621128331e+04 8.664412489074379664e+01
5.742938115005259897e+04 1.042866361258264078e+04 8.596965252946436920e+01
5.742938115190605458e+04 1.042964841407963286e+04 8.589213205338502632e+01
5.742938115375951020e+04 1.041922739777951028e+04 8.559433411852390350e+01
5.742938115561296581e+04 1.063685035839859665e+04 8.618681001587030721e+01
5.742938115746642143e+04 1.087730519631644529e+04 8.701243115409752704e+01
5.742938115931987704e+04 1.077702425273854351e+04 8.675531956973406977e+01
5.742938116117333993e+04 1.011279868940183951e+04 8.460228816963437737e+01
5.742938116302679555e+04 9.838873071313153559e+03 8.388373136514670136e+01
5.742938116488025116e+04 1.024185606466056925e+04 8.541952080862681385e+01
5.742938116673370678e+04 1.122392411218412053e+04 8.883755308856657962e+01
5.742938116858716239e+04 1.204653212444005476e+04 9.153024835099772361e+01
5.742938117044061801e+04 1.242977604697310198e+04 9.270580497475485515e+01
5.742938117229408090e+04 1.194551670101041782e+04 9.107519031712833169e+01
5.742938117414753651e+04 1.134347471843937819e+04 8.915945981046195357e+01
5.742938117600099213e+04 1.090414215014728325e+04 8.777808230840086878e+01
5.742938117785444774e+04 1.069584584593659929e+04 8.717198247379712939e+01
5.742938117970790336e+04 1.073942665059591127e+04 8.750509843660050535e+01
5.742938118156135897e+04 1.099142248902910433e+04 8.846672218052610503e+01
5.742938118341482186e+04 1.154011613965997822e+04 9.027660322768306855e+01
5.742938118526827748e+04 1.156271475417096553e+04 9.014408019702101171e+01
5.742938118712173309e+04 1.193752530782321992e+04 9.112839845844153785e+01
5.742938118897518871e+04 1.213867178342758234e+04 9.167728588087639707e+01
5.742938119082864432e+04 1.199615461172999130e+04 9.133826676487714735e+01
5.742938119268209994e+04 1.200890205130813956e+04 9.163127350298466922e+01
5.742938119453555555e+04 1.208525964812927123e+04 9.206634748863862683e+01
5.742938119638901844e+04 1.143829248511674814e+04 8.979588713071352402e+01
5.742938119824247406e+04 1.059466549474579188e+04 8.651742780164360624e+01
5.742938120009592967e+04 1.069226482848602427e+04 8.653637916325806145e+01
5.742938120194938529e+04 1.090865983166479054e+04 8.706254802344469113e+01
5.742938120380284090e+04 1.100000667463320497e+04 8.728093597860134878e+01
5.742938120565629652e+04 1.112330188814381654e+04 8.783384807827897589e+01
5.742938120750975941e+04 1.089707768525377105e+04 8.724831115229690681e+01
5.742938120936321502e+04 1.030579244508525517e+04 8.545792897611748629e+01
5.742938121121667064e+04 9.468096080912559046e+03 8.277120525846173393e+01
5.742938121307012625e+04 9.163091660823945858e+03 8.173340525489324193e+01
5.742938121492358187e+04 1.026450501806280045e+04 8.583806361336300483e+01
5.742938121677703748e+04 1.097704680625922811e+04 8.842999037791867067e+01
5.742938121863050037e+04 1.036688473724393225e+04 8.600578509999212429e+01
5.742938122048395599e+04 1.108404545431894985e+04 8.853864289310756419e+01
5.742938122233741160e+04 1.155143023002566770e+04 9.019826398363103692e+01
5.742938122419086721e+04 1.132987741559682399e+04 8.925254005396818968e+01
5.742938122604432283e+04 1.092711108906882873e+04 8.768309879625860503e+01
5.742938122789777844e+04 1.108138717327292034e+04 8.817248750761454801e+01
5.742938122975124134e+04 1.126764102387156345e+04 8.874666831274670642e+01
5.742938123160469695e+04 1.107509686649071227e+04 8.794559880492232651e+01
5.742938123345815256e+04 1.090664906707612499e+04 8.722250090156931890e+01
5.742938123531160818e+04 1.130280424568080343e+04 8.854552455159547719e+01
5.742938123716506379e+04 1.160573901049375672e+04 8.976788993798666638e+01
5.742938123901851941e+04 1.178540697392551920e+04 9.066112676457031228e+01
5.742938124087198230e+04 1.191517186727806620e+04 9.128217244059118229e+01
5.742938124272543791e+04 1.151582819258285599e+04 8.994544082549485609e+01
5.742938124457889353e+04 1.103018220463526995e+04 8.847638705630815537e+01
5.742938124643234914e+04 1.095186804067237244e+04 8.830192770169038852e+01
5.742938124828580476e+04 1.152432243839548937e+04 9.024258840973052997e+01
5.742938125013926037e+04 1.234543563088390511e+04 9.286853109716628296e+01
5.742938125199272326e+04 1.255055006709737063e+04 9.314158274672313098e+01
5.742938125384617888e+04 1.227838246191806866e+04 9.197202765469276642e+01
5.742938125569963449e+04 1.107014831791030156e+04 8.783936309125634523e+01
5.742938125755309011e+04 1.073247436472695153e+04 8.664734422059460428e+01
5.742938125940654572e+04 1.110385943667278298e+04 8.797088617418158663e+01
5.742938126126000134e+04 1.155065357048501028e+04 8.960272864327863829e+01
5.742938126311346423e+04 1.151739512659590582e+04 8.966552346925925576e+01
5.742938126496691984e+04 1.144780813941470115e+04 8.976612550228279019e+01
5.742938126682037546e+04 1.142578189792030207e+04 9.002292953073001058e+01
5.742938126867383107e+04 1.141507246871764801e+04 8.993644864535126260e+01
5.742938127052728669e+04 1.061662960005075183e+04 8.679718248573482242e+01
5.742938127238074230e+04 1.039245876841430800e+04 8.571051389258343534e+01
5.742938127423419792e+04 1.060738706500553599e+04 8.666714394880736450e+01
5.742938127608766081e+04 1.101224435573783012e+04 8.842171825083121917e+01
5.742938127794111642e+04 1.150634935386430698e+04 9.031662104311898531e+01
5.742938127979457204e+04 1.139870289235916789e+04 8.955614167496256073e+01
5.742938128164802765e+04 1.135463862614979007e+04 8.883010012751876161e+01
5.742938128350148327e+04 1.174709816746991237e+04 9.013466186064992769e+01
5.742938128535493888e+04 1.197666911013978461e+04 9.104112312808953789e+01
5.742938128720840177e+04 1.169943966598224506e+04 9.022590578532401651e+01
5.742938128906185739e+04 1.114308340215449789e+04 8.860903151770763486e+01
5.742938129091531300e+04 1.063048266992852041e+04 8.686763368217404491e+01
5.742938129276876862e+04 1.009542261833495650e+04 8.474696898331922057e+01
5.742938129462222423e+04 1.009831696576134891e+04 8.475994247851528485e+01
5.742938129647567985e+04 1.078368567769680885e+04 8.711859979511311280e+01
5.742938129832914274e+04 1.137512839618638463e+04 8.915695377195444848e+01
5.742938130018259835e+04 1.122857269873166297e+04 8.864391720735194724e+01
5.742938130203605397e+04 1.131862151355641072e+04 8.893656626155265599e+01
5.742938130388950958e+04 1.160066634921029072e+04 8.986785796972044693e+01
5.742938130574296520e+04 1.232736308127868142e+04 9.245881529443533964e+01
5.742938130759642081e+04 1.320230164536968005e+04 9.540849930897806530e+01
5.742938130944988370e+04 1.300922787022882039e+04 9.457569963968425952e+01
5.742938131130333932e+04 1.179600629636456870e+04 9.027924110444955375e+01
5.742938131315679493e+04 1.041353986549548972e+04 8.547715720242621273e+01
5.742938131501025055e+04 9.937283615463138631e+03 8.413636045082695603e+01
5.742938131686370616e+04 1.003961552415734877e+04 8.506549020969735864e+01
5.742938131871716178e+04 1.111735030107834245e+04 8.909364287012404304e+01
5.742938132057062467e+04 1.204272704898536358e+04 9.208194081670585263e+01
5.742938132242408028e+04 1.145762631154516930e+04 8.985645549240942387e+01
5.742938132427753590e+04 1.053052120097266925e+04 8.642515532035555736e+01
5.742938132613099151e+04 1.055940558018814954e+04 8.640303065036921737e+01
5.742938132798444713e+04 1.133430131700260790e+04 8.912867128301637365e+01
5.742938132983790274e+04 1.126109033785067732e+04 8.895031976741167057e+01
5.742938133169136563e+04 1.047151099840431380e+04 8.627524286812533205e+01
5.742938133354482125e+04 9.974317475799125532e+03 8.447488569932643543e+01
5.742938133539827686e+04 1.076928158285397694e+04 8.734530122276186148e+01
5.742938133725173248e+04 1.112783992001985825e+04 8.872515410885914378e+01
5.742938133910518809e+04 1.082874412102849237e+04 8.766654357708185330e+01
5.742938134095864370e+04 1.059261924978938259e+04 8.685315136747529152e+01
5.742938134281210660e+04 1.024585308884658843e+04 8.575355401680108969e+01
5.742938134466556221e+04 1.035894767843134105e+04 8.609741506572167680e+01
5.742938134651901782e+04 1.086438329230828640e+04 8.756539355081478959e+01
5.742938134837247344e+04 1.131713272528884409e+04 8.885996486320595977e+01
5.742938135022592905e+04 1.099210181335382731e+04 8.768989374745419241e+01
5.742938135207938467e+04 1.070977528229104792e+04 8.680125837855513282e+01
5.742938135393284028e+04 1.107194875329247770e+04 8.818778330009749311e+01
5.742938135578630317e+04 1.119303953533525419e+04 8.865547060492365006e+01
5.742938135763975879e+04 1.171304507984327756e+04 9.031144157105575232e+01
5.742938135949321440e+04 1.190279817356602871e+04 9.068276334306514741e+01
5.742938136134667002e+04 1.228624921707714566e+04 9.179189988234527675e+01
5.742938136320012563e+04 1.148382149969295097e+04 8.921665947966957333e+01
5.742938136505358125e+04 1.073644231014660181e+04 8.694747155224068536e+01
5.742938136690704414e+04 1.059501349315484549e+04 8.642358967538702075e+01
5.742938136876049975e+04 1.087761075888056257e+04 8.748327086615215364e+01
5.742938137061395537e+04 1.196164949689778950e+04 9.146811697728784907e+01
5.742938137246741098e+04 1.278273448450285832e+04 9.414690100211677759e+01
5.742938137432086660e+04 1.248786067756689772e+04 9.297165669813081479e+01
5.742938137617432221e+04 1.158174731203121519e+04 8.998259516348144871e+01
5.742938137802778510e+04 1.098283866812599081e+04 8.784872761611825354e+01
5.742938137988124072e+04 1.078890937579866841e+04 8.717422805442618028e+01
5.742938138173469633e+04 1.074937886749811696e+04 8.711254455476793623e+01
5.742938138358815195e+04 1.122541889871393869e+04 8.880613822459649498e+01
5.742938138544160756e+04 1.182990858042634682e+04 9.107663056081710806e+01
5.742938138729506318e+04 1.157987327577908400e+04 9.026076479961193400e+01
5.742938138914852607e+04 1.078101301365787003e+04 8.746351652913152463e+01
5.742938139100198168e+04 1.030452042988222820e+04 8.585235161871000287e+01
5.742938139285543730e+04 1.022816224321868867e+04 8.541065777055827368e+01
5.742938139470889291e+04 1.092412097140263177e+04 8.765497892921437995e+01
5.742938139656234853e+04 1.110029184892481680e+04 8.835190074175558550e+01
5.742938139841580414e+04 1.060768228631354941e+04 8.699169031680352759e+01
5.742938140026926703e+04 1.072950334357692736e+04 8.770592505888480162e+01
5.742938140212272265e+04 1.079954790200683965e+04 8.794072558024484465e+01
5.742938140397617826e+04 1.071103883149181820e+04 8.722943713615866557e+01
5.742938140582963388e+04 1.062013205976440440e+04 8.647665123723776048e+01
5.742938140768308949e+04 1.009543553136327864e+04 8.450611833917402294e+01
5.742938140953654511e+04 9.727983578792944172e+03 8.340804813628291470e+01
5.742938141139000800e+04 9.678066332304500975e+03 8.334539122009891798e+01
5.742938141324346361e+04 9.857511029570294340e+03 8.389157381668846369e+01
5.742938141509691923e+04 1.022218350629807719e+04 8.522065928572689586e+01
5.742938141695037484e+04 1.026793307066784473e+04 8.556387257596925622e+01
5.742938141880383046e+04 1.151985605436004153e+04 8.979624695736754347e+01
5.742938142065728607e+04 1.283367744337047952e+04 9.396457379383859632e+01
5.742938142251074896e+04 1.221584640736425172e+04 9.184573777229353198e+01
5.742938142436420458e+04 1.143287420392504828e+04 8.926829027340662037e+01
5.742938142621766019e+04 1.087673763295828758e+04 8.750130655043261640e+01
5.742938142807111581e+04 1.067189358199311755e+04 8.684005940109747712e+01
5.742938142992457142e+04 1.108969021420887111e+04 8.840207216389315192e+01
5.742938143177802704e+04 1.113788965381463640e+04 8.867772290321045148e+01
5.742938143363148265e+04 1.129250772744061032e+04 8.933819580748435385e+01
5.742938143548494554e+04 1.164946478289135484e+04 9.057479997637852875e+01
5.742938143733840116e+04 1.191307114449524124e+04 9.140180217929952278e+01
5.742938143919185677e+04 1.246072796563378870e+04 9.299836251464316206e+01
5.742938144104531239e+04 1.264704971585382191e+04 9.339409759555982760e+01
5.742938144289876800e+04 1.165947376540702862e+04 8.989872641749697380e+01
5.742938144475222362e+04 1.064049579893918599e+04 8.645173328030364246e+01
5.742938144660568651e+04 1.018976635740157690e+04 8.502327157983805250e+01
5.742938144845914212e+04 9.840635173893475439e+03 8.373267797725175399e+01
5.742938145031259774e+04 9.485025306805278888e+03 8.239412760108292844e+01
5.742938145216605335e+04 1.010628260622922244e+04 8.486097298546579282e+01
5.742938145401950896e+04 1.146941251693469349e+04 9.000567223867405175e+01
5.742938145587296458e+04 1.270108981815777588e+04 9.451026775412276493e+01
5.742938145772642747e+04 1.308161720788617276e+04 9.599755607350738273e+01
5.742938145957988309e+04 1.172457372621793365e+04 9.102975159123430160e+01
5.742938146143333870e+04 1.112610132215056183e+04 8.834161772491697207e+01
5.742938146328679431e+04 1.099048366746927240e+04 8.753415043434547727e+01
5.742938146514024993e+04 1.099026250416589937e+04 8.750867350838046832e+01
5.742938146699370554e+04 1.106238498774248001e+04 8.815980811901535219e+01
5.742938146884716843e+04 1.103600058242100022e+04 8.852516774875770977e+01
5.742938147070062405e+04 1.067018496835424230e+04 8.699156555877534913e+01
5.742938147255407966e+04 9.993680433797197111e+03 8.408059456927080078e+01
5.742938147440753528e+04 9.931379546196745650e+03 8.369124199815826159e+01
5.742938147626099089e+04 9.839854541958638947e+03 8.359687515280624837e+01
5.742938147811444651e+04 9.604537317374197301e+03 8.294289661023988458e+01
5.742938147996790940e+04 1.002153728750440314e+04 8.437588517642619479e+01
5.742938148182136501e+04 1.018484466131993577e+04 8.474898595923518485e+01
5.742938148367482063e+04 9.853361539306471968e+03 8.364873239335184962e+01
5.742938148552827624e+04 9.754551476415139405e+03 8.352755217510730290e+01
5.742938148738173186e+04 1.021440156131676849e+04 8.510548591377498440e+01
5.742938148923518747e+04 1.047065032789414545e+04 8.586017421401062677e+01
5.742938149108865036e+04 1.092798237706954387e+04 8.747947757646247169e+01
5.742938149294210598e+04 1.195112974960309839e+04 9.114597885408012701e+01
5.742938149479556159e+04 1.239276345144190782e+04 9.272888841208312272e+01
5.742938149664901721e+04 1.207484375514581188e+04 9.170331702873808410e+01
5.742938149850247282e+04 1.151332077644780293e+04 8.976409697172861968e+01
5.742938150035592844e+04 1.058986470952298987e+04 8.644034529125814004e+01
5.742938150220938405e+04 1.048110608301121465e+04 8.620534864036487477e+01
5.742938150406284694e+04 1.039761326258751615e+04 8.602419810197483230e+01
5.742938150591630256e+04 1.018764208918862278e+04 8.527601399464059284e+01
5.742938150776975817e+04 1.033801309481332646e+04 8.593064761179454081e+01
5.742938150962321379e+04 1.070971241367855509e+04 8.742974499114205855e+01
5.742938151147666940e+04 1.106157645769556621e+04 8.854605104033524299e+01
5.742938151333012502e+04 1.081419081524571811e+04 8.729729707028383245e+01
5.742938151518358791e+04 1.026273185029075830e+04 8.514276823648856407e+01
5.742938151703704352e+04 1.019942711739222796e+04 8.502190868338648500e+01
5.742938151889049914e+04 9.990607995970251068e+03 8.445435921863868600e+01
5.742938152074395475e+04 9.490098531051626196e+03 8.312004010966695944e+01
5.742938152259741037e+04 9.118666568958093194e+03 8.191362777909520787e+01
5.742938152445086598e+04 9.050589147757635146e+03 8.128472365419449375e+01
5.742938152630432887e+04 9.721255456656403112e+03 8.338329538531262131e+01
5.742938152815778449e+04 1.044626032212610153e+04 8.588574703767061180e+01
5.742938153001124010e+04 1.051204811557429275e+04 8.615225046902563122e+01
5.742938153186469572e+04 1.065111333972053581e+04 8.671404959477699492e+01
5.742938153371815133e+04 1.107160005976614229e+04 8.856991296067864994e+01
5.742938153557160695e+04 1.096914780737155706e+04 8.820135625627965226e+01
5.742938153742506984e+04 1.086865267440002572e+04 8.761825052606620545e+01
5.742938153927852545e+04 1.084578542224373268e+04 8.746048372011202332e+01
5.742938154113198107e+04 1.054497724987537731e+04 8.620874177838312846e+01
5.742938154298543668e+04 1.043242456000146922e+04 8.572977320230344844e+01
5.742938154483889230e+04 1.072619692958255291e+04 8.685557850777369993e+01
5.742938154669234791e+04 1.132466199537310422e+04 8.901654365965715954e+01
5.742938154854581080e+04 1.163021541225149122e+04 9.012768258055601223e+01
5.742938155039926642e+04 1.141440969586354549e+04 8.939447885571466657e+01
5.742938155225272203e+04 1.119403322456378373e+04 8.860623655413897382e+01
5.742938155410617765e+04 1.123149760321872236e+04 8.861283211931872472e+01
5.742938155595963326e+04 1.120265153686061421e+04 8.846757755059292094e+01
5.742938155781308888e+04 1.151069980121635672e+04 8.949251350288177775e+01
5.742938155966655177e+04 1.197034443903365172e+04 9.098579010643993570e+01
5.742938156152000738e+04 1.211764676852296725e+04 9.149973003227049162e+01
5.742938156337346300e+04 1.194569599209828812e+04 9.096657780265812221e+01
5.742938156522691861e+04 1.150543379106839348e+04 8.936418508639103209e+01
5.742938156708037423e+04 1.095753771966846034e+04 8.764328694987304402e+01
5.742938156893382984e+04 1.048667786161270487e+04 8.661347382076618828e+01
5.742938157078729273e+04 1.058968833049663590e+04 8.719691983993094198e+01
5.742938157264074835e+04 1.044289644414729810e+04 8.627963240338010564e+01
5.742938157449420396e+04 1.030817461874268702e+04 8.550059965037821996e+01
5.742938157634765957e+04 1.061015385388383220e+04 8.647853477570286884e+01
5.742938157820111519e+04 1.087050507112960258e+04 8.748455879067233809e+01
5.742938158005457080e+04 1.098478046042954520e+04 8.801722743517613878e+01
5.742938158190802642e+04 1.103428704759508400e+04 8.820263876753767818e+01
5.742938158376148931e+04 1.117305776140017770e+04 8.880458916689737237e+01
5.742938158561494492e+04 1.135480493194023074e+04 8.968310389506329727e+01
5.742938158746840054e+04 1.131086195249325829e+04 8.965812833632716661e+01
5.742938158932185615e+04 1.108130222495568523e+04 8.894827410982939853e+01
5.742938159117531177e+04 1.101563259635673967e+04 8.854091774792264857e+01
5.742938159302876738e+04 1.098292525628369185e+04 8.786117091863317796e+01
5.742938159488223027e+04 1.192279358599837724e+04 9.089855810605499187e+01
5.742938159673568589e+04 1.322939551447865961e+04 9.523390518639028812e+01
5.742938159858914150e+04 1.260552681565670355e+04 9.303531685569669207e+01
5.742938160044259712e+04 1.159039442763535408e+04 8.960460476954295927e+01
5.742938160229605273e+04 1.097787266958922373e+04 8.786074157551253450e+01
5.742938160414950835e+04 1.087320746566612615e+04 8.814856000231580424e+01
5.742938160600297124e+04 1.095091556189053154e+04 8.876821461498029464e+01
5.742938160785642685e+04 1.107345344563189428e+04 8.885827110106315274e+01
5.742938160970988247e+04 1.127358515350453672e+04 8.904933164706847037e+01
5.742938161156333808e+04 1.154252197184216493e+04 8.976510596403544184e+01
5.742938161341679370e+04 1.170471717352758606e+04 9.024060965676400770e+01
5.742938161527024931e+04 1.098332033904384662e+04 8.788525273946339667e+01
5.742938161712371220e+04 1.036583367166068456e+04 8.582603763728472757e+01
5.742938161897716782e+04 1.017749421281725517e+04 8.495545134539521825e+01
5.742938162083062343e+04 1.020409305938426041e+04 8.476981692584585915e+01
5.742938162268407905e+04 9.925845666702307426e+03 8.358848167069795920e+01
5.742938162453753466e+04 9.502550362933683573e+03 8.204784804859444591e+01
5.742938162639099028e+04 8.925094387493012619e+03 7.975807510363803488e+01
5.742938162824445317e+04 8.142087269998254669e+03 7.668566886844517683e+01
5.742938163009790878e+04 7.439588287837457756e+03 7.379562001278449657e+01
5.742938163195136440e+04 6.473337917713753995e+03 6.951956674857346741e+01
5.742938163380482001e+04 5.595540440100056003e+03 6.553566075114207479e+01
5.742938163565827563e+04 5.183307114438072858e+03 6.365020044501837049e+01
5.742938163751173124e+04 4.810747762829943895e+03 6.193060569004278904e+01
5.742938163936519413e+04 4.687274874245500541e+03 6.137454420759501517e+01
5.742938164121864975e+04 4.526017834883536125e+03 6.089891411553897171e+01
5.742938164307210536e+04 4.331824897431850331e+03 6.043915216436256799e+01
5.742938164492556098e+04 4.359578960653667309e+03 6.072311673025392764e+01
5.742938164677901659e+04 4.336474754186247992e+03 6.041719449947539999e+01
5.742938164863247221e+04 4.402201777848926213e+03 6.004484341189948537e+01
5.742938165048593510e+04 4.506805273299351029e+03 6.026154639772404664e+01
5.742938165233939071e+04 4.442920686749104789e+03 6.008734595001917711e+01
5.742938165419284633e+04 4.545290411212075924e+03 6.028798742694424817e+01
5.742938165604630194e+04 4.534367199272184735e+03 6.004878689854434981e+01
