5.736348854869999923e+04 2.903953617212508107e+03 1.437558670530380596e+02
5.736348855258261756e+04 2.671481651432994113e+03 1.434687280005933303e+02
5.736348855646523589e+04 2.311294375966110238e+03 1.439180195388079539e+02
5.736348856034784694e+04 2.039809948590096610e+03 1.438569638481989443e+02
5.736348856423046527e+04 1.415837569316878216e+03 1.447394337361687064e+02
5.736348856811308360e+04 5.865347274374908011e+02 1.443475162132402261e+02
5.736348857199570193e+04 2.685819668771539000e+03 1.435363095407043090e+02
5.736348857587832026e+04 4.110246072549500241e+03 1.422015773918458592e+02
5.736348857976093132e+04 3.395812288362383697e+03 1.423351141944184803e+02
5.736348858364354965e+04 2.432310655721532385e+03 1.433079444558210582e+02
5.736348858752616798e+04 3.409188648189116066e+03 1.429348019975178374e+02
5.736348859140878631e+04 5.460990622862118471e+03 1.421705001435232703e+02
5.736348859529140464e+04 3.794104098726682423e+03 1.431577534570023147e+02
5.736348859917401569e+04 6.415565701401530532e+03 1.446454042190959797e+02
5.736348860305663402e+04 1.245980298901818423e+04 1.428973930204594467e+02
5.736348860693925235e+04 1.631407632167468728e+04 1.406606430198778241e+02
5.736348861082187068e+04 1.746915735879752901e+04 1.396445909478028682e+02
5.736348861470448901e+04 1.824773798869150414e+04 1.397465745288082246e+02
5.736348861858710006e+04 1.832366149041810058e+04 1.395526434219925704e+02
5.736348862246971839e+04 1.818941281518976757e+04 1.392595102013023904e+02
5.736348862635233672e+04 1.826402949936637378e+04 1.390735381490727036e+02
5.736348863023495505e+04 1.841639393025657773e+04 1.395350727084547771e+02
5.736348863411757338e+04 1.847968214422815072e+04 1.397045914569523575e+02
5.736348863800019171e+04 1.845658239316527033e+04 1.395231306894668819e+02
5.736348864188280277e+04 1.832272089538037835e+04 1.391718784847881238e+02
5.736348864576542110e+04 1.840374701717174321e+04 1.395233361472022295e+02
5.736348864964803943e+04 1.838175891628165118e+04 1.394363575233042525e+02
5.736348865353065776e+04 1.833013112133907998e+04 1.394636060765728018e+02
5.736348865741327609e+04 1.844179691475477739e+04 1.395513175430957062e+02
5.736348866129588714e+04 1.876992650960372703e+04 1.401155944107966889e+02
5.736348866517850547e+04 1.946131511367957137e+04 1.418514140117860904e+02
5.736348866906112380e+04 2.127904189074359601e+04 1.455868585729795655e+02
5.736348867294374213e+04 2.226000480282914941e+04 1.476610458141092579e+02
5.736348867682636046e+04 2.257276169204530015e+04 1.483615294246960445e+02
5.736348868070897151e+04 2.368926179575846618e+04 1.510782956960593708e+02
5.736348868459158984e+04 2.382473387718090089e+04 1.516782488895316021e+02
5.736348868847420817e+04 2.333900138003371103e+04 1.507417685013872415e+02
5.736348869235682650e+04 2.257270793818688981e+04 1.487746124051232925e+02
5.736348869623944483e+04 2.283813097762875987e+04 1.496092782871245390e+02
5.736348870012205589e+04 2.325327957859553862e+04 1.506013140368565359e+02
5.736348870400467422e+04 2.339778667411801871e+04 1.508781008281319203e+02
5.736348870788729255e+04 2.275033309106287561e+04 1.495540625492876359e+02
5.736348871176991088e+04 2.252138226236150513e+04 1.492506678910178266e+02
5.736348871565252921e+04 2.313099255001445999e+04 1.503238205432724328e+02
5.736348871953514026e+04 2.316632791053161782e+04 1.502652402506032843e+02
5.736348872341775859e+04 2.279130522652936634e+04 1.496649162107982818e+02
5.736348872730037692e+04 2.311049170109199622e+04 1.504753236904762446e+02
5.736348873118299525e+04 2.335697989334451267e+04 1.508959141720077071e+02
5.736348873506561358e+04 2.325194334892898769e+04 1.505957466970253051e+02
5.736348873894822464e+04 2.386930377822871014e+04 1.517349950295575240e+02
5.736348874283084297e+04 2.395255934341248940e+04 1.520346824394351870e+02
5.736348874671346130e+04 2.357970090768466616e+04 1.512220500761514757e+02
5.736348875059607963e+04 2.321329714839194639e+04 1.504284584127149742e+02
5.736348875447869796e+04 2.348750687653155182e+04 1.510273720100565242e+02
5.736348875836130901e+04 2.322907566037521610e+04 1.505904241872439968e+02
5.736348876224392734e+04 2.331894597394566881e+04 1.506925687552084128e+02
5.736348876612654567e+04 2.279321757070751482e+04 1.498844675178071384e+02
5.736348877000916400e+04 2.226060933574070805e+04 1.488652034152539159e+02
5.736348877389178233e+04 2.261574169642880588e+04 1.496713740800725532e+02
5.736348877777439338e+04 2.288576296675532285e+04 1.503496133927118308e+02
5.736348878165701171e+04 2.257486392709982465e+04 1.495743396826511855e+02
5.736348878553963004e+04 2.206218430306063601e+04 1.485488157424552469e+02
5.736348878942224837e+04 2.308345479585194335e+04 1.505082376311985684e+02
5.736348879330486670e+04 2.290341380787700837e+04 1.499374752102618515e+02
5.736348879718747776e+04 2.251697944134550926e+04 1.490598910655926090e+02
5.736348880107009609e+04 2.284877785315579240e+04 1.496565244935233636e+02
5.736348880495271442e+04 2.321866831533926597e+04 1.503914946051669688e+02
5.736348880883533275e+04 2.262472540005488918e+04 1.492042817742992042e+02
5.736348881271795108e+04 2.292421747710392810e+04 1.498017197315515148e+02
5.736348881660056941e+04 2.284220772512415351e+04 1.497996790370366114e+02
5.736348882048318046e+04 2.331645209772579256e+04 1.505135542062824072e+02
5.736348882436579879e+04 2.373100364901104331e+04 1.515717275052129480e+02
5.736348882824841712e+04 2.354292144198063033e+04 1.512885690583936480e+02
5.736348883213103545e+04 2.298449389518194585e+04 1.501828619856033242e+02
5.736348883601365378e+04 2.331970678284329551e+04 1.510282724423662728e+02
5.736348883989626484e+04 2.272118168976220477e+04 1.498844201746534281e+02
5.736348884377888317e+04 2.241858174947839871e+04 1.487300735607412605e+02
5.736348884766150150e+04 2.315415032675478869e+04 1.501877048449706251e+02
5.736348885154411983e+04 2.412662227336149226e+04 1.523595197788509097e+02
5.736348885542673816e+04 2.379354116406261164e+04 1.517023828150090594e+02
5.736348885930934921e+04 2.268883041548338952e+04 1.494341440767497033e+02
5.736348886319196754e+04 2.201031723174687068e+04 1.478156605449673577e+02
5.736348886707458587e+04 2.254765241888192031e+04 1.490583700883888980e+02
5.736348887095720420e+04 2.325873874535103459e+04 1.507424096449367426e+02
5.736348887483982253e+04 2.340416804547508218e+04 1.510348492251818868e+02
5.736348887872243358e+04 2.310705494638995879e+04 1.501544017888126632e+02
5.736348888260505191e+04 2.352387942154450138e+04 1.510739865879519925e+02
5.736348888648767024e+04 2.313208239485295780e+04 1.502802378491325612e+02
5.736348889037028857e+04 2.333498975530517782e+04 1.505774930580180921e+02
5.736348889425290690e+04 2.382121420581776692e+04 1.516227368310073018e+02
5.736348889813551796e+04 2.321463537089742022e+04 1.504464422058119055e+02
5.736348890201813629e+04 2.276037315310324630e+04 1.497409826325387598e+02
5.736348890590075462e+04 2.301320915134507231e+04 1.501776231360925635e+02
5.736348890978337295e+04 2.302169377736887691e+04 1.500808035903227449e+02
5.736348891366599128e+04 2.303325036780446680e+04 1.501494112893697377e+02
5.736348891754860233e+04 2.301538678186159086e+04 1.500860748632421178e+02
5.736348892143122066e+04 2.295774744871606526e+04 1.500395951082630859e+02
5.736348892531383899e+04 2.348786060025296320e+04 1.512030690676296842e+02
5.736348892919645732e+04 2.323956337351263574e+04 1.507316623382675118e+02
5.736348893307907565e+04 2.313753544675449302e+04 1.502690842231816646e+02
5.736348893696168670e+04 2.365130207869132209e+04 1.511907514894675728e+02
5.736348894084430503e+04 2.396953930699891862e+04 1.520350572483694975e+02
5.736348894472692336e+04 2.419150494558924038e+04 1.525561538348028705e+02
5.736348894860954169e+04 2.463959371076058233e+04 1.532264038898472904e+02
5.736348895249216002e+04 2.407471622519542143e+04 1.520393653573061670e+02
5.736348895637477108e+04 2.423893997074770596e+04 1.524900315085571094e+02
5.736348896025738941e+04 2.372924358844848757e+04 1.511732304294708626e+02
5.736348896414000774e+04 2.369004504014622580e+04 1.503896958023294133e+02
5.736348896802262607e+04 2.400864978406545561e+04 1.507788672087091015e+02
5.736348897190524440e+04 2.394135857611984102e+04 1.504640662356117389e+02
5.736348897578785545e+04 2.367001464483281597e+04 1.496849147967855345e+02
5.736348897967047378e+04 2.329145317606669414e+04 1.491549936667794327e+02
5.736348898355309211e+04 2.379075800431935932e+04 1.501415878229239524e+02
5.736348898743571044e+04 2.380314967640840769e+04 1.501145480096635652e+02
5.736348899131832877e+04 2.347420032416025788e+04 1.493182625300236737e+02
5.736348899520094710e+04 2.334800379000647808e+04 1.491906267634787753e+02
5.736348899908355816e+04 2.438367974002697883e+04 1.513637225106636777e+02
5.736348900296617649e+04 2.465643064626366686e+04 1.518476218379925058e+02
5.736348900684879482e+04 2.455444774053055153e+04 1.516198868668535340e+02
5.736348901073141315e+04 2.457609678907295165e+04 1.516645715386872553e+02
5.736348901461403148e+04 2.352406279262437238e+04 1.495244321850365452e+02
5.736348901849664253e+04 2.380179810058423027e+04 1.500989042009463219e+02
5.736348902237926086e+04 2.381798877948337031e+04 1.501670867617515057e+02
5.736348902626187919e+04 2.376102879311317156e+04 1.499258081210086004e+02
5.736348903014449752e+04 2.360720016833882983e+04 1.495942193215735188e+02
5.736348903402711585e+04 2.361871789506253845e+04 1.497077625184472254e+02
5.736348903790972690e+04 2.391197582895640517e+04 1.503241724759556632e+02
5.736348904179234523e+04 2.415799759536055353e+04 1.508627391130650892e+02
5.736348904567496356e+04 2.370491265990861575e+04 1.499060871952799801e+02
5.736348904955758189e+04 2.322997346892355199e+04 1.488148900942067598e+02
5.736348905344020022e+04 2.340042922347470812e+04 1.492746056187176009e+02
5.736348905732281128e+04 2.345187224815520312e+04 1.493688274267029215e+02
5.736348906120542961e+04 2.304256158993127974e+04 1.484723013918037964e+02
5.736348906508804794e+04 2.317851478199613484e+04 1.489582108399152105e+02
5.736348906897066627e+04 2.325316533021687064e+04 1.489088300956611874e+02
5.736348907285328460e+04 2.420222331665320235e+04 1.509978370725063144e+02
5.736348907673589565e+04 2.391993698896465503e+04 1.505923868734553537e+02
5.736348908061851398e+04 2.332147694632675848e+04 1.499043132003782830e+02
5.736348908450113231e+04 2.324900906982790912e+04 1.499810219619559746e+02
5.736348908838375064e+04 2.356049026253836200e+04 1.505948214038227491e+02
5.736348909226636897e+04 2.335982731519811932e+04 1.504468262170912851e+02
5.736348909614898002e+04 2.377735912210537572e+04 1.514495331489330852e+02
5.736348910003159835e+04 2.361348894798474066e+04 1.510111412050982835e+02
5.736348910391421668e+04 2.314582314180777030e+04 1.499324215338272097e+02
5.736348910779683501e+04 2.280490799769279693e+04 1.492800917521301187e+02
5.736348911167945334e+04 2.298533149947219499e+04 1.498288902671247911e+02
5.736348911556206440e+04 2.335563146967210196e+04 1.504133602164490071e+02
5.736348911944468273e+04 2.256019623528498414e+04 1.487220143159698864e+02
5.736348912332730106e+04 2.214603207471914357e+04 1.477203875855882131e+02
5.736348912720991939e+04 2.283764212287944974e+04 1.494279573645043229e+02
5.736348913109253772e+04 2.173136684607369534e+04 1.471124892746867374e+02
5.736348913497514877e+04 1.976344078346549213e+04 1.427870704017836090e+02
5.736348913885776710e+04 1.858178846444230658e+04 1.402633528928295448e+02
5.736348914274038543e+04 1.858609340834950126e+04 1.403690882219372327e+02
5.736348914662300376e+04 1.816825520783639513e+04 1.393714299961635277e+02
5.736348915050562209e+04 1.814116342399813220e+04 1.392688943912388595e+02
5.736348915438823315e+04 1.805919397576571646e+04 1.392751091536428589e+02
5.736348915827085148e+04 1.819679405763871182e+04 1.393549796980818201e+02
5.736348916215346981e+04 1.798021539018791736e+04 1.389618767404325013e+02
5.736348916603608814e+04 1.815328025038653868e+04 1.393002632455337846e+02
5.736348916991870647e+04 1.810334091288487980e+04 1.392220298737449014e+02
5.736348917380132480e+04 1.803377514476770011e+04 1.390355919406910630e+02
5.736348917768393585e+04 1.828057723294592142e+04 1.392800683440645173e+02
5.736348918156655418e+04 1.818867347441201127e+04 1.392613698338807637e+02
5.736348918544917251e+04 1.819665274160730769e+04 1.391144201723055573e+02
5.736348918933179084e+04 1.813271099941594002e+04 1.391241792773175519e+02
5.736348919321440917e+04 1.813544601920656714e+04 1.391020355017628276e+02
5.736348919709702022e+04 1.828225448257463722e+04 1.392285477058103424e+02
5.736348920097963855e+04 1.791773419551447296e+04 1.387363973150304162e+02
5.736348920486225688e+04 1.804788357850208558e+04 1.391056754576648018e+02
5.736348920874487521e+04 1.807678963327493329e+04 1.389086663322916877e+02
5.736348921262749354e+04 1.804102722070355230e+04 1.389196556427310156e+02
5.736348921651010460e+04 1.795829353477062978e+04 1.387566264402211402e+02
5.736348922039272293e+04 1.794288453226806450e+04 1.387965738705652257e+02
5.736348922427534126e+04 1.794678018848503416e+04 1.386859966477146315e+02
5.736348922815795959e+04 1.786556373607180285e+04 1.386356452914788520e+02
5.736348923204057792e+04 1.812304093724397535e+04 1.392213933885253141e+02
5.736348923592318897e+04 1.806226289000724501e+04 1.391177544596486939e+02
5.736348923980580730e+04 1.801127555192466389e+04 1.390365241183336877e+02
5.736348924368842563e+04 1.810699191887541019e+04 1.391266258679386851e+02
