# id ra dec s L A b x y a flux x_0 y_0
0.000000000000000000e+00 1.582326655625191165e+02 6.611184669733518149e+01 2.739939285524051193e+00 1.877404917357413012e+02 8.998860568759138800e+01 4.758604584509475188e+01 1.392102903454622265e+03 5.781872840425755840e+02 6.010000000000000142e+01 2.852246485822413862e+07 1.778718045859699942e+03 5.820529801138211496e+02
1.000000000000000000e+00 1.580949833061934839e+02 6.611368196255577345e+01 2.993846559123964024e+00 1.886607743256857646e+02 9.018291161948152990e+01 4.898193534955282047e+01 8.227217025085673185e+02 1.489871602889015321e+03 6.010000000000000142e+01 1.635993393585133366e+06 7.054488503300036655e+02 5.424608236854733150e+02
2.000000000000000000e+00 1.581951778421768040e+02 6.608640502011553508e+01 4.234898314367311123e+00 1.925453266473272151e+02 9.003507279631867277e+01 4.892899819733715816e+01 1.669477510552644389e+03 1.077658931165416789e+03 6.010000000000000142e+01 7.053191156190088950e+05 1.484747278549594739e+03 1.070959026870054458e+03
3.000000000000000000e+00 1.581339228825020200e+02 6.608588561479963630e+01 4.400822510084062777e+00 1.935045516186342240e+02 9.013029354452667974e+01 4.900330872471059251e+01 1.438062790885079494e+03 1.495626500177101434e+03 6.010000000000000142e+01 6.709612476114183664e+05 1.006646888982771998e+03 1.079068911723314613e+03
4.000000000000000000e+00 1.582163199935795319e+02 6.607188519265926629e+01 3.247861000654282737e+00 1.899107024788478668e+02 9.006307971013801250e+01 4.892169621533003010e+01 1.993651612353654855e+03 1.074736001881467246e+03 6.010000000000000142e+01 1.139706949767098995e+06 1.648875386421652820e+03 1.351054569438747876e+03
5.000000000000000000e+00 1.581805864441130325e+02 6.605375850531113713e+01 4.564113315111166358e+00 1.940739400360168929e+02 8.997540392511990603e+01 4.895274760383249202e+01 2.155600158770321741e+03 1.490874918714580645e+03 6.010000000000000142e+01 7.033601140175799374e+05 1.368549472915031856e+03 1.699095965887609509e+03
6.000000000000000000e+00 1.581815486840661151e+02 6.598021755649077136e+01 7.543003971152365317e+00 2.069626145151203787e+02 9.011608506953379560e+01 4.903040361022428328e+01 3.383818482162774217e+03 2.196386848818830003e+03 6.010000000000000142e+01 8.364031640442744829e+05 1.370861860865415110e+03 3.115004650532660889e+03
7.000000000000000000e+00 1.580655480308429617e+02 6.596425673466954720e+01 6.340601959707913515e+00 1.987883282405647947e+02 9.010904987875083805e+01 4.908929392841442763e+01 3.193437784862027911e+03 3.137200163240978782e+03 6.010000000000000142e+01 7.862379310013188515e+05 4.600756599838941838e+02 3.418108994383566369e+03
8.000000000000000000e+00 1.581855663344611287e+02 6.595042714977761023e+01 7.935361025603002716e+00 2.076146109142592024e+02 9.006554845616298621e+01 4.895416046886047212e+01 3.896068728357907275e+03 2.456712384504651709e+03 6.010000000000000142e+01 9.086723598425347591e+05 1.400275423189401181e+03 3.688671446456703507e+03
9.000000000000000000e+00 1.581409192466237243e+02 6.594900676011346263e+01 4.391497082711923738e+00 1.943477269763680226e+02 9.003263115727800425e+01 4.898667732280244991e+01 3.744064744288490147e+03 2.773106062427487359e+03 6.010000000000000142e+01 7.619243826551414095e+05 1.049852776135278873e+03 3.714627058515110548e+03
