2.457463928134900052e+06 9.017406606540613211e+03 1.199477504411184015e+02
2.457463928145432845e+06 9.020374474532385648e+03 1.201479542669033975e+02
2.457463928155965637e+06 9.111167214184484692e+03 1.202207372550411293e+02
2.457463928166498430e+06 9.355520470065541303e+03 1.206807746495842366e+02
2.457463928177031223e+06 9.219827127134758484e+03 1.204999740572717428e+02
2.457463928187564015e+06 9.293039833883463871e+03 1.207259611125134455e+02
2.457463928198096808e+06 9.251063769568632779e+03 1.204964570720015899e+02
2.457463928208629135e+06 9.221291701797499627e+03 1.207826572633453281e+02
2.457463928219161928e+06 9.236800683332130575e+03 1.209256251191491032e+02
2.457463928229694720e+06 9.217489539232930838e+03 1.206585329799194994e+02
2.457463928240227513e+06 9.136302061656851947e+03 1.202601850034058941e+02
2.457463928250760306e+06 9.175434730643652074e+03 1.202143451472663145e+02
2.457463928261293098e+06 9.428412042850659418e+03 1.208533560620044938e+02
2.457463928271825891e+06 9.376805536619793202e+03 1.206464023259681397e+02
2.457463928282358684e+06 9.407566812870736612e+03 1.208224640363269486e+02
2.457463928292891476e+06 9.359404770020088108e+03 1.206260666605802783e+02
2.457463928303424269e+06 9.230474683747723248e+03 1.204670746287546876e+02
2.457463928313957062e+06 9.202046345047594514e+03 1.200140010529862167e+02
2.457463928324489854e+06 9.081537819466395376e+03 1.197731462395862678e+02
2.457463928335022647e+06 9.313568088792811977e+03 1.203777760503064655e+02
2.457463928345554974e+06 9.370962812141211543e+03 1.204546912463447796e+02
2.457463928356087767e+06 9.478820258308811390e+03 1.207045298112904703e+02
2.457463928366620559e+06 9.418504071439672771e+03 1.206764127664811355e+02
2.457463928377153352e+06 9.309397697510041326e+03 1.201387578586676597e+02
2.457463928387686145e+06 9.084583680904397625e+03 1.194068109079971549e+02
2.457463928398218937e+06 9.200800541313858048e+03 1.194533936765675293e+02
2.457463928408751730e+06 9.166274373699405260e+03 1.197432835538941589e+02
2.457463928419284523e+06 9.283512738291738060e+03 1.199331185887639464e+02
2.457463928429817315e+06 9.413900922072323738e+03 1.201967225813327644e+02
2.457463928440350108e+06 9.549251634705075048e+03 1.205851705099919400e+02
2.457463928450882901e+06 9.385239868117338119e+03 1.202878481242974971e+02
2.457463928461415693e+06 9.321848234040129682e+03 1.200774998999056749e+02
2.457463928471948486e+06 9.445238213230713882e+03 1.204843871107774618e+02
2.457463928482481278e+06 9.377454086986936090e+03 1.201945609434329754e+02
2.457463928493013605e+06 9.450494683284294297e+03 1.202768098879022318e+02
2.457463928503546398e+06 9.357414429131382349e+03 1.201910015738346260e+02
2.457463928514079191e+06 9.311754863378413575e+03 1.197414469621452469e+02
2.457463928524611983e+06 9.435080886881749393e+03 1.198790803771760380e+02
2.457463928535144776e+06 9.351418863465121831e+03 1.200432200785173933e+02
2.457463928545677569e+06 9.426582462537067840e+03 1.201365816025233073e+02
2.457463928556210361e+06 9.340026642628203263e+03 1.197956106448225597e+02
2.457463928566743154e+06 9.488305618093423618e+03 1.201127269509925100e+02
2.457463928577275947e+06 9.556350259669197840e+03 1.206046090144606353e+02
2.457463928587808739e+06 9.470762533860142867e+03 1.203982357688628753e+02
2.457463928598341532e+06 9.443963434779223462e+03 1.202027276466923951e+02
2.457463928608874325e+06 9.502079516405347022e+03 1.202346368185853578e+02
2.457463928619407117e+06 9.536658909479041540e+03 1.204855135545396649e+02
2.457463928629939444e+06 9.537343094847272368e+03 1.203751618222402016e+02
2.457463928640472237e+06 9.597562658462549734e+03 1.207704399529818886e+02
2.457463928651005030e+06 9.604700411703495774e+03 1.205312865473010930e+02
2.457463928661537822e+06 9.403725425606335193e+03 1.200916385307830723e+02
2.457463928672070615e+06 9.397036044237942406e+03 1.200976962812386972e+02
2.457463928682603408e+06 9.427744662729017364e+03 1.198979056900736424e+02
2.457463928693136200e+06 9.342041602384710131e+03 1.198345012122071438e+02
2.457463928703668993e+06 9.269157482942908246e+03 1.197254946846149011e+02
2.457463928714201786e+06 9.160735424440294082e+03 1.192610832751645233e+02
2.457463928724734578e+06 9.169866353329502090e+03 1.194508200214894771e+02
2.457463928735267371e+06 9.326616151514057492e+03 1.197281297212569910e+02
2.457463928745800164e+06 9.227776754000422443e+03 1.196733766677476467e+02
2.457463928756332956e+06 8.926973497147666421e+03 1.190978283093236314e+02
2.457463928766865283e+06 9.175983477668742125e+03 1.195604158276750582e+02
2.457463928777398076e+06 9.197642416672641048e+03 1.194426839075940165e+02
2.457463928787930869e+06 9.281224649364348807e+03 1.197529076607644072e+02
2.457463928798463661e+06 9.133699954255162083e+03 1.195204737095357075e+02
2.457463928808996454e+06 9.030824113357488386e+03 1.190991904978543516e+02
2.457463928819529247e+06 9.048275990839067163e+03 1.191507546682088048e+02
2.457463928830062039e+06 9.087639494086055493e+03 1.194008156900095230e+02
