5.742937886450000224e+04 2.466445741280646325e+04 1.375804698347889428e+02
5.742937886638394411e+04 2.431220698623582939e+04 1.371083970385405735e+02
5.742937886826787872e+04 2.455584354859892119e+04 1.373496863233381475e+02
5.742937887015182059e+04 2.445745659922836057e+04 1.372366768307682605e+02
5.742937887203576247e+04 2.421704802196186210e+04 1.368123727803322822e+02
5.742937887391969707e+04 2.470985464157888418e+04 1.380683710328174527e+02
5.742937887580363895e+04 2.420363985867926385e+04 1.371889010288532802e+02
5.742937887768758083e+04 2.323434194461979496e+04 1.350998621614989474e+02
5.742937887957151543e+04 2.330976746906434710e+04 1.354383624796110439e+02
5.742937888145545730e+04 2.356647664057584552e+04 1.360755839586868774e+02
5.742937888333939918e+04 2.217128399919467120e+04 1.327679482912079436e+02
5.742937888522333378e+04 2.117500474608134391e+04 1.305105858344526268e+02
5.742937888710727566e+04 2.013853073758217579e+04 1.279266078490140472e+02
5.742937888899121026e+04 1.959325095635580146e+04 1.266285839407269265e+02
5.742937889087515214e+04 1.917836814518738538e+04 1.256429247657847128e+02
5.742937889275909401e+04 1.920172792502570519e+04 1.257689068174599072e+02
5.742937889464302862e+04 1.948257932679790611e+04 1.264133587269985810e+02
5.742937889652697049e+04 1.943027261353710128e+04 1.261977614059546084e+02
5.742937889841091237e+04 1.940872831868680805e+04 1.261309367336082232e+02
5.742937890029484697e+04 1.951774244224638824e+04 1.263492394198536033e+02
5.742937890217878885e+04 1.926955681226198431e+04 1.258502414406032131e+02
5.742937890406273073e+04 1.904923625821749010e+04 1.252581953422134688e+02
5.742937890594666533e+04 1.936239359464283916e+04 1.260284158943822206e+02
5.742937890783060720e+04 1.994685612490557105e+04 1.275105046232982744e+02
5.742937890971454908e+04 2.054580559970310060e+04 1.289656631894342240e+02
5.742937891159848368e+04 2.182922563687350703e+04 1.320590786674279684e+02
5.742937891348242556e+04 2.259907039201431326e+04 1.338368231956158354e+02
5.742937891536636744e+04 2.266979242269453243e+04 1.340449622172073703e+02
5.742937891725030204e+04 2.266276738895599919e+04 1.339914998713105092e+02
5.742937891913424392e+04 2.295290320145401711e+04 1.346339196584687556e+02
5.742937892101818579e+04 2.333721701740506251e+04 1.355831145536304803e+02
5.742937892290212039e+04 2.329689402569319645e+04 1.354628528179113687e+02
5.742937892478606227e+04 2.345069821810870781e+04 1.357621471636840909e+02
5.742937892666999687e+04 2.373311778167771990e+04 1.364430524980203359e+02
5.742937892855393875e+04 2.336035857365005359e+04 1.355271677529470651e+02
5.742937893043788063e+04 2.318138017929020862e+04 1.351600355429072238e+02
5.742937893232181523e+04 2.332073177845320242e+04 1.354575093181952923e+02
5.742937893420575710e+04 2.345533372856249116e+04 1.358266843434623752e+02
5.742937893608969898e+04 2.339689179023725956e+04 1.357171929132055084e+02
5.742937893797363358e+04 2.376953652873486499e+04 1.365731514378561258e+02
5.742937893985757546e+04 2.392010275771984379e+04 1.369137628390646739e+02
5.742937894174151734e+04 2.348210177257202304e+04 1.358813056773009009e+02
5.742937894362545194e+04 2.278248994566725742e+04 1.342234716458511627e+02
5.742937894550939382e+04 2.257751924873175449e+04 1.338278488294915292e+02
5.742937894739333569e+04 2.226696553895519537e+04 1.330855082761817982e+02
5.742937894927727029e+04 2.267303094041929580e+04 1.340235497390110311e+02
5.742937895116121217e+04 2.301764239173054011e+04 1.348468178556017847e+02
5.742937895304515405e+04 2.342343590228550602e+04 1.357389529388146059e+02
5.742937895492908865e+04 2.383637540397333942e+04 1.367706710726038182e+02
5.742937895681303053e+04 2.391931450338481227e+04 1.370373498831301902e+02
5.742937895869697240e+04 2.329936890042953382e+04 1.357884147554911465e+02
5.742937896058090701e+04 2.269739824878461150e+04 1.346873684852106692e+02
5.742937896246484888e+04 2.261644440488440887e+04 1.357793753035500401e+02
5.742937896434878348e+04 2.348280261313861411e+04 1.391681611916488919e+02
5.742937896623272536e+04 2.351949044497198702e+04 1.396273029815567384e+02
5.742937896811666724e+04 2.210311680159784737e+04 1.364232684518976271e+02
5.742937897000060184e+04 2.084089747776853255e+04 1.338368407668318696e+02
5.742937897188454372e+04 2.093693140853905788e+04 1.340039260992268453e+02
5.742937897376848559e+04 2.176868009694349166e+04 1.363958053043842824e+02
5.742937897565242019e+04 2.177020446292348424e+04 1.368565916446551967e+02
5.742937897753636207e+04 2.169378167063478031e+04 1.363349318694693864e+02
5.742937897942030395e+04 2.195075829976615205e+04 1.365352963594383482e+02
5.742937898130423855e+04 2.191537696292664987e+04 1.363073227165913011e+02
5.742937898318818043e+04 2.197140691280172905e+04 1.366239509570157509e+02
5.742937898507212230e+04 2.200227140669808432e+04 1.371322242489857217e+02
5.742937898695605691e+04 2.277589458679096060e+04 1.387961713821961780e+02
5.742937898883999878e+04 2.300238653459971101e+04 1.393634259179743253e+02
5.742937899072394066e+04 2.311528854249101641e+04 1.397363796977600714e+02
5.742937899260787526e+04 2.227126928053780648e+04 1.375953635906897148e+02
5.742937899449181714e+04 2.226035553151459317e+04 1.373169799425367330e+02
5.742937899637575902e+04 2.260025857439624451e+04 1.376381590051447859e+02
5.742937899825969362e+04 2.289232376610160645e+04 1.379491573280284058e+02
5.742937900014363549e+04 2.285321562003787403e+04 1.379832075630282304e+02
5.742937900202757010e+04 2.256222198012336594e+04 1.376485981046941447e+02
5.742937900391151197e+04 2.308806713700816908e+04 1.393244278080892968e+02
5.742937900579545385e+04 2.254446883483356214e+04 1.388630917126757254e+02
5.742937900767938845e+04 2.240555973328988330e+04 1.386668301176817693e+02
5.742937900956333033e+04 2.295250661367347129e+04 1.397553850520749847e+02
5.742937901144727221e+04 2.340215946095368054e+04 1.402017913528498241e+02
5.742937901333120681e+04 2.304647778027310778e+04 1.390402740433815154e+02
5.742937901521514868e+04 2.232294210057610690e+04 1.380591156808298479e+02
5.742937901709909056e+04 2.184275782352412716e+04 1.379932609346315928e+02
5.742937901898302516e+04 2.216266819403670888e+04 1.381157127584471027e+02
5.742937902086696704e+04 2.308805599719440579e+04 1.385977883188944588e+02
5.742937902275090892e+04 2.282038482145210946e+04 1.378572259591390718e+02
5.742937902463484352e+04 2.219085696798557183e+04 1.370321622160957986e+02
5.742937902651878539e+04 2.232375060223397304e+04 1.376483549118290171e+02
5.742937902840272727e+04 2.306120653686374862e+04 1.394144745692343577e+02
5.742937903028666187e+04 2.356071917094047603e+04 1.406502092538292175e+02
5.742937903217060375e+04 2.328340898588279379e+04 1.395473832375313350e+02
5.742937903405454563e+04 2.351675224090343909e+04 1.400203210327269687e+02
5.742937903593848023e+04 2.387698021112167407e+04 1.410023552852227340e+02
5.742937903782242211e+04 2.611671071006188140e+04 1.461098226304233094e+02
5.742937903970635671e+04 3.215257868879875605e+04 1.589771390572115877e+02
5.742937904159029858e+04 3.699364858805349650e+04 1.682846274493268481e+02
5.742937904347424046e+04 3.879735252395232237e+04 1.709446074092851973e+02
5.742937904535817506e+04 3.859502936441413476e+04 1.698980299819449726e+02
5.742937904724211694e+04 3.799236340091846068e+04 1.687713971385181537e+02
5.742937904912605882e+04 3.894823191172028601e+04 1.708452254317138852e+02
5.742937905100999342e+04 4.139298591835147818e+04 1.752929883239908122e+02
5.742937905289393530e+04 4.281108260498762684e+04 1.777067184960865802e+02
5.742937905477787717e+04 4.249340978569801518e+04 1.772447175413179536e+02
5.742937905666181177e+04 3.957011793418785965e+04 1.721884122573793832e+02
5.742937905854575365e+04 3.855269350755306368e+04 1.703814809632749530e+02
5.742937906042969553e+04 4.109554240993131680e+04 1.750512130849596417e+02
5.742937906231363013e+04 4.155271997023279982e+04 1.760852828071919873e+02
5.742937906419757201e+04 4.135768271160906443e+04 1.752919135366915384e+02
5.742937906608151388e+04 4.251900673763127998e+04 1.771895474988428703e+02
5.742937906796544848e+04 4.250881765999244817e+04 1.771862091531287149e+02
5.742937906984939036e+04 4.071584049934202631e+04 1.739115024922035673e+02
5.742937907173333224e+04 3.876017235864089889e+04 1.702781071483111646e+02
5.742937907361726684e+04 3.785537599136409699e+04 1.686634126154187072e+02
5.742937907550120872e+04 3.765291663295512262e+04 1.683370809194924789e+02
5.742937907738514332e+04 3.821288230479652702e+04 1.692949489351885006e+02
5.742937907926908520e+04 3.932953314185897761e+04 1.717894764533136254e+02
5.742937908115302707e+04 4.177698221567478322e+04 1.763260723453595631e+02
5.742937908303696167e+04 4.434004116625657480e+04 1.801598178059014685e+02
5.742937908492090355e+04 4.384374016629015387e+04 1.790894410275684834e+02
5.742937908680484543e+04 4.230773582450384856e+04 1.764516398792950724e+02
5.742937908868878003e+04 4.027679485948306683e+04 1.728818958141539781e+02
5.742937909057272191e+04 3.930722383649084077e+04 1.714499815637429379e+02
5.742937909245666378e+04 4.270563736185427842e+04 1.777846327421569583e+02
5.742937909434059839e+04 4.550250152225372585e+04 1.827574020592442423e+02
5.742937909622454026e+04 4.072596132481288078e+04 1.741142414516468762e+02
5.742937909810848214e+04 3.526977483061658859e+04 1.633765975195803719e+02
5.742937909999241674e+04 3.667720941102651705e+04 1.662634592467413768e+02
5.742937910187635862e+04 3.909948436220722942e+04 1.710177235372991049e+02
5.742937910376030050e+04 3.915887829730122030e+04 1.712178667212957635e+02
5.742937910564423510e+04 3.765846146147176478e+04 1.688651075965985342e+02
5.742937910752817697e+04 3.764345666770781827e+04 1.688907434688565274e+02
5.742937910941211885e+04 3.662414696760801598e+04 1.670690022166428435e+02
5.742937911129605345e+04 3.665607959037804540e+04 1.671086497455441986e+02
5.742937911317999533e+04 3.785765999762288993e+04 1.685710215744242078e+02
5.742937911506393721e+04 3.965981539790775423e+04 1.715349769546018877e+02
5.742937911694787181e+04 4.088655280298771686e+04 1.738523927639761837e+02
5.742937911883181368e+04 4.084979109965308453e+04 1.741682063463519512e+02
5.742937912071574829e+04 3.815533193457037851e+04 1.693984214780202251e+02
5.742937912259969016e+04 3.549131224262931937e+04 1.641636027901674879e+02
5.742937912448363204e+04 3.562535195596786798e+04 1.643704625247733873e+02
5.742937912636756664e+04 3.742556325049107545e+04 1.678989069577244209e+02
5.742937912825150852e+04 3.682969726690562675e+04 1.668054175636802938e+02
5.742937913013545040e+04 3.764595045378970826e+04 1.683083163654530949e+02
5.742937913201938500e+04 3.865010269143938058e+04 1.702563692076067241e+02
5.742937913390332687e+04 3.957689170251908217e+04 1.715925803880589626e+02
5.742937913578726875e+04 3.858859930713348149e+04 1.696778592831735182e+02
5.742937913767120335e+04 4.010406270010260050e+04 1.727214344229485050e+02
5.742937913955514523e+04 3.946873990556735225e+04 1.716706103919845816e+02
5.742937914143908711e+04 3.780179162603861187e+04 1.686228178019693473e+02
5.742937914332302171e+04 3.832185283003367658e+04 1.694794711073531914e+02
5.742937914520696359e+04 3.858738249192148942e+04 1.696870264327239965e+02
5.742937914709090546e+04 3.803266596439255227e+04 1.682909467103076793e+02
5.742937914897484006e+04 3.726436577629376552e+04 1.669087113159476985e+02
5.742937915085878194e+04 3.764478235206440877e+04 1.681468227080294184e+02
5.742937915274272382e+04 3.659546355807542568e+04 1.660604552594422501e+02
5.742937915462665842e+04 3.754499423887945886e+04 1.676813333866669780e+02
5.742937915651060030e+04 4.008591716481639742e+04 1.723860208515312991e+02
5.742937915839453490e+04 3.919081326337204518e+04 1.707952730350797026e+02
5.742937916027847677e+04 3.637565910098987661e+04 1.652289491769205938e+02
5.742937916216241865e+04 3.615747356477156427e+04 1.645940054016884631e+02
5.742937916404635325e+04 3.647106596621115023e+04 1.650361611620213580e+02
5.742937916593029513e+04 3.697948445747705409e+04 1.661760198624280633e+02
5.742937916781423701e+04 3.901768657398548385e+04 1.698119735747619075e+02
5.742937916969817161e+04 4.001992713285346690e+04 1.714286855079917871e+02
5.742937917158211349e+04 4.065487286601970845e+04 1.727242610764070321e+02
5.742937917346605536e+04 3.871336280479054403e+04 1.690704785926506872e+02
5.742937917534998996e+04 3.600105190791204950e+04 1.639920710852522348e+02
5.742937917723393184e+04 3.731734005065984093e+04 1.667605747760233328e+02
5.742937917911787372e+04 3.794399453367225942e+04 1.679945309976346550e+02
5.742937918100180832e+04 4.081227812874410301e+04 1.732608364119366797e+02
5.742937918288575020e+04 4.271962279052781378e+04 1.766177561618930838e+02
5.742937918476969207e+04 4.082524503190750693e+04 1.731802216132735168e+02
5.742937918665362668e+04 4.146028605566333135e+04 1.743506541658763069e+02
5.742937918853756855e+04 3.939889494442152500e+04 1.708043587341558691e+02
5.742937919042151043e+04 3.564027860995128867e+04 1.638221344557447026e+02
5.742937919230544503e+04 3.527010671919368906e+04 1.629481432632103406e+02
5.742937919418938691e+04 3.683219340142075816e+04 1.659139923167054747e+02
5.742937919607332151e+04 3.821437009495471284e+04 1.686970433450360076e+02
5.742937919795726339e+04 3.807659254746892839e+04 1.681887207197857208e+02
5.742937919984120526e+04 3.816629653253874858e+04 1.680611297810424958e+02
5.742937920172513986e+04 3.898010717691574973e+04 1.696125863959148887e+02
5.742937920360908174e+04 3.991405015635514428e+04 1.711660332543104914e+02
5.742937920549302362e+04 3.850857934030373872e+04 1.687664844229033179e+02
5.742937920737695822e+04 3.913322225834327401e+04 1.704086731872958751e+02
5.742937920926090010e+04 3.874832396644580149e+04 1.698221923792122823e+02
5.742937921114484197e+04 3.796500966968548892e+04 1.681410747335151825e+02
5.742937921302877658e+04 3.773670010849769460e+04 1.673510506074735247e+02
5.742937921491271845e+04 3.831025063185850740e+04 1.684746704566493918e+02
5.742937921679666033e+04 4.001525859569170279e+04 1.715697214123631511e+02
5.742937921868059493e+04 4.072619806530436472e+04 1.727870403757136444e+02
5.742937922056453681e+04 4.003469877174636349e+04 1.716411495245558285e+02
5.742937922244847869e+04 3.817173349794487876e+04 1.682092365945603660e+02
5.742937922433241329e+04 3.758898492564997287e+04 1.667723068679416087e+02
5.742937922621635516e+04 3.858059196990874625e+04 1.682470868375825432e+02
5.742937922810029704e+04 3.941207136469442776e+04 1.699903212915120605e+02
5.742937922998423164e+04 3.950549588990899792e+04 1.703169674915889402e+02
5.742937923186817352e+04 3.912992820203819429e+04 1.694627254689724793e+02
5.742937923375210812e+04 4.000687081276465324e+04 1.710368055617460072e+02
5.742937923563605000e+04 3.853908921534600086e+04 1.686199164491971487e+02
5.742937923751999188e+04 3.827797948984403774e+04 1.679777310164923563e+02
5.742937923940392648e+04 3.708987474369627307e+04 1.657127825559312555e+02
5.742937924128786835e+04 3.675008007497859217e+04 1.654026391365501922e+02
5.742937924317181023e+04 3.833598833943744830e+04 1.684867332222934806e+02
5.742937924505574483e+04 3.750349327749984514e+04 1.671373029719887597e+02
5.742937924693968671e+04 3.899185946299027273e+04 1.698495126318751716e+02
5.742937924882362859e+04 4.077289109862596524e+04 1.728130223661580089e+02
5.742937925070756319e+04 4.032218218940223596e+04 1.722527950728988628e+02
5.742937925259150506e+04 3.893412999922928429e+04 1.701302426751205132e+02
5.742937925447544694e+04 3.860965438203602389e+04 1.698789390836689392e+02
5.742937925635938154e+04 3.768089328734765877e+04 1.681227606197333273e+02
5.742937925824332342e+04 3.727180137172561808e+04 1.664544163244141828e+02
5.742937926012726530e+04 3.769384316420408868e+04 1.668008751232308953e+02
5.742937926201119990e+04 3.703856251755591074e+04 1.657841190926170327e+02
5.742937926389514178e+04 3.716313539976994798e+04 1.662371942846362174e+02
5.742937926577908365e+04 3.795343408879626077e+04 1.674510107961089034e+02
5.742937926766301825e+04 3.818379524588247295e+04 1.677295805678028842e+02
5.742937926954696013e+04 3.698791628439805208e+04 1.654660204894425419e+02
5.742937927143089473e+04 3.782715765866259608e+04 1.669412670398949672e+02
5.742937927331483661e+04 3.919198496317639365e+04 1.693387382482447947e+02
5.742937927519877849e+04 3.871890142619715334e+04 1.687566339994250484e+02
5.742937927708271309e+04 3.852687825267792505e+04 1.683438393228294387e+02
5.742937927896665497e+04 3.737129006910482713e+04 1.659176186787518645e+02
5.742937928085059684e+04 3.605770787473386736e+04 1.633473987829040652e+02
5.742937928273453144e+04 3.851029510961550113e+04 1.680487493489453925e+02
5.742937928461847332e+04 4.027240246036658937e+04 1.714010463779375470e+02
5.742937928650241520e+04 4.105787990164374060e+04 1.728076473355557141e+02
5.742937928838634980e+04 4.006184393291050219e+04 1.708707181047713846e+02
5.742937929027029168e+04 3.761381570572139753e+04 1.665816316275469546e+02
5.742937929215423355e+04 3.831474001401240821e+04 1.681048871495912067e+02
5.742937929403816815e+04 3.853664810830094939e+04 1.685341019041599964e+02
5.742937929592211003e+04 3.826696638995218382e+04 1.678151177114866357e+02
5.742937929780605191e+04 3.769838405860180501e+04 1.670801460180156823e+02
5.742937929968998651e+04 3.773883281041386363e+04 1.674269037331557115e+02
5.742937930157392839e+04 3.702040958535987738e+04 1.660683825215501770e+02
5.742937930345787026e+04 3.718523053222291492e+04 1.661444696500198859e+02
5.742937930534180487e+04 3.983600690386156202e+04 1.706176555892274962e+02
5.742937930722574674e+04 4.006242974847935693e+04 1.708326713340676690e+02
5.742937930910968134e+04 3.843238810225301859e+04 1.679969921217979731e+02
5.742937931099362322e+04 3.822509692461824307e+04 1.675459200957421899e+02
5.742937931287756510e+04 3.795973013590180199e+04 1.668516484191527525e+02
5.742937931476149970e+04 3.555282827799547522e+04 1.622141682757756200e+02
5.742937931664544158e+04 3.544868099793043075e+04 1.619046795102460408e+02
5.742937931852938345e+04 3.682080935656612564e+04 1.643355440213161387e+02
5.742937932041331806e+04 3.791049693444815784e+04 1.663248013414554975e+02
5.742937932229725993e+04 3.942223066319205827e+04 1.690931936029629128e+02
5.742937932418120181e+04 3.921416745685834758e+04 1.685899412500998551e+02
5.742937932606513641e+04 3.824976753250742331e+04 1.667158364217077349e+02
5.742937932794907829e+04 3.888370752827081742e+04 1.679750741227051378e+02
5.742937932983302017e+04 3.917056803776171728e+04 1.687115664287565835e+02
5.742937933171695477e+04 4.110399180286804767e+04 1.722826824732948694e+02
5.742937933360089664e+04 3.879034393136846484e+04 1.681485269526075683e+02
5.742937933548483852e+04 3.611134382193467172e+04 1.631828166541066025e+02
5.742937933736877312e+04 3.692869716017330211e+04 1.647806838251497652e+02
5.742937933925271500e+04 3.939670297658420168e+04 1.694180630096659286e+02
5.742937934113665688e+04 4.073501689527685085e+04 1.716339525156473371e+02
5.742937934302059148e+04 3.868284132637025323e+04 1.677225169844129766e+02
5.742937934490453335e+04 3.812888914787066460e+04 1.668619517285058294e+02
5.742937934678847523e+04 3.787809340648636135e+04 1.664344948508054074e+02
5.742937934867240983e+04 3.842888637234320777e+04 1.672897200753584741e+02
5.742937935055635171e+04 4.033689758400229766e+04 1.707204689937127853e+02
5.742937935244028631e+04 4.010494425294389657e+04 1.703828216435268814e+02
5.742937935432422819e+04 3.841039208476241038e+04 1.672889618894950843e+02
5.742937935620817007e+04 3.888233948223335756e+04 1.681765697260238710e+02
5.742937935809210467e+04 3.946147942888788384e+04 1.692499960155901704e+02
5.742937935997604654e+04 3.843054774953017477e+04 1.672520101269347492e+02
5.742937936185998842e+04 3.776348207782445388e+04 1.660208912835863373e+02
5.742937936374392302e+04 3.775716540303394868e+04 1.660788482630155727e+02
5.742937936562786490e+04 3.865593877244024770e+04 1.679561564660661190e+02
5.742937936751180678e+04 3.896339622647201759e+04 1.686501964057385123e+02
5.742937936939574138e+04 3.739355906595761189e+04 1.657083395734874216e+02
5.742937937127968326e+04 3.639902431649775826e+04 1.635656071002863712e+02
5.742937937316362513e+04 3.685672430604244437e+04 1.642466112181006679e+02
5.742937937504755973e+04 3.904611979474993132e+04 1.683986469140342592e+02
5.742937937693150161e+04 4.074793200196528051e+04 1.718158900643580012e+02
5.742937937881544349e+04 4.011458491321512702e+04 1.706981099378916440e+02
5.742937938069937809e+04 3.737908214981817582e+04 1.653762990969516693e+02
5.742937938258331997e+04 3.424650727194291539e+04 1.590589167519910347e+02
5.742937938446726184e+04 3.408732395250732225e+04 1.587387830684779715e+02
5.742937938635119644e+04 3.538411217906513048e+04 1.613823826525710956e+02
5.742937938823513832e+04 3.611541558076663205e+04 1.628843012279086793e+02
5.742937939011907292e+04 3.660795249428851093e+04 1.638757112032963335e+02
5.742937939200301480e+04 3.602104769017399667e+04 1.628534913403111659e+02
5.742937939388695668e+04 3.391196660478934064e+04 1.588434151426783956e+02
5.742937939577089128e+04 3.298846855106917792e+04 1.568306251682091954e+02
5.742937939765483316e+04 3.303334048062258080e+04 1.569085797895444330e+02
5.742937939953877503e+04 3.302506435912723100e+04 1.569872469469290763e+02
5.742937940142270963e+04 3.366426116951971926e+04 1.583374981893970812e+02
5.742937940330665151e+04 3.511119018561641133e+04 1.609567587745770254e+02
5.742937940519059339e+04 3.673535678287359042e+04 1.639620732565763319e+02
5.742937940707452799e+04 3.638667916503762535e+04 1.634795838133118480e+02
5.742937940895846987e+04 3.512894523486415710e+04 1.613515980869077282e+02
5.742937941084241174e+04 3.599301061610675242e+04 1.629278465738583463e+02
5.742937941272634635e+04 3.659473325911052962e+04 1.638757700680392873e+02
5.742937941461028822e+04 3.484999918035203154e+04 1.603407563294465774e+02
5.742937941649423010e+04 3.303644330163382983e+04 1.566918764705854983e+02
5.742937941837816470e+04 3.202549748398527663e+04 1.545594716843117169e+02
5.742937942026210658e+04 3.253121033183665713e+04 1.555314876363341625e+02
5.742937942214604846e+04 3.475658416592639696e+04 1.598230178641065606e+02
5.742937942402998306e+04 3.415483323347847909e+04 1.585971860545048742e+02
5.742937942591392493e+04 3.468380786947906017e+04 1.595389683172961668e+02
5.742937942779785953e+04 3.480902438050710771e+04 1.597946398286883039e+02
5.742937942968180141e+04 3.653838115853473573e+04 1.631326083715659081e+02
5.742937943156574329e+04 3.535569555075887911e+04 1.608901055248538796e+02
5.742937943344967789e+04 3.296028251559411729e+04 1.560322958118209442e+02
5.742937943533361977e+04 3.275976202015042873e+04 1.555076583589250561e+02
5.742937943721756164e+04 3.199764359982147653e+04 1.538559527253140686e+02
5.742937943910149625e+04 3.147194365394358101e+04 1.527603810631725594e+02
5.742937944098543812e+04 3.299282513877918245e+04 1.558374066679689065e+02
5.742937944286938000e+04 3.500218923085836286e+04 1.598548317071308986e+02
5.742937944475331460e+04 3.664413844421914837e+04 1.630080267019245071e+02
5.742937944663725648e+04 3.515069211575837107e+04 1.601132415905871369e+02
5.742937944852119836e+04 3.245212149340911128e+04 1.547681976696945867e+02
5.742937945040513296e+04 3.197615235659451719e+04 1.537272501429564500e+02
5.742937945228907483e+04 3.296422029179636593e+04 1.556833421764117702e+02
5.742937945417301671e+04 3.534998468344085268e+04 1.603836967616946367e+02
5.742937945605695131e+04 3.604591812024708634e+04 1.617814552292404926e+02
5.742937945794089319e+04 3.262320902762292098e+04 1.550040437682629602e+02
5.742937945982483507e+04 3.075856933800152547e+04 1.512047854841418655e+02
5.742937946170876967e+04 3.197333674014816643e+04 1.537092579267576866e+02
5.742937946359271155e+04 3.275869956231337346e+04 1.553347631706629102e+02
5.742937946547664615e+04 3.450494476842542645e+04 1.588131945342932738e+02
5.742937946736058802e+04 3.594303588089218101e+04 1.616142882452405729e+02
5.742937946924452990e+04 3.494820243845581717e+04 1.595701858959156993e+02
5.742937947112846450e+04 3.343799638024806336e+04 1.567005138821196795e+02
5.742937947301240638e+04 3.116152600860653911e+04 1.519682621522942441e+02
5.742937947489634826e+04 3.241861594008623069e+04 1.544893787050748131e+02
5.742937947678028286e+04 3.281575972466100939e+04 1.553243907553711267e+02
5.742937947866422473e+04 3.280821646683185827e+04 1.553725725761654246e+02
5.742937948054816661e+04 3.310123296265160752e+04 1.560462334880286051e+02
5.742937948243210121e+04 3.297900594337940856e+04 1.559412616941288832e+02
5.742937948431604309e+04 3.586896654416797537e+04 1.617997147681996637e+02
5.742937948619998497e+04 3.755658875806874130e+04 1.651861785002046759e+02
5.742937948808391957e+04 3.475172246774206724e+04 1.599188975019976624e+02
5.742937948996786145e+04 3.343595132911548717e+04 1.572800237591266637e+02
5.742937949185180332e+04 3.326690551532844256e+04 1.569619624434357945e+02
5.742937949373573792e+04 3.497598474365545553e+04 1.603607858317438399e+02
5.742937949561967980e+04 3.543384161375850090e+04 1.613665401001580904e+02
5.742937949750362168e+04 3.234669760071254859e+04 1.552520966557578106e+02
5.742937949938755628e+04 3.133129276754282182e+04 1.530909821706503635e+02
5.742937950127149816e+04 3.314887191351151705e+04 1.566353861224693560e+02
5.742937950315543276e+04 3.138127370731216070e+04 1.532594239081628871e+02
5.742937950503937464e+04 3.007860420851977688e+04 1.505666918465065862e+02
5.742937950692331651e+04 3.084799000283684290e+04 1.521003741068888075e+02
5.742937950880725111e+04 2.957737140399197233e+04 1.495703641345147332e+02
5.742937951069119299e+04 2.416747231780548827e+04 1.378059963592433519e+02
5.742937951257513487e+04 1.879834594290844689e+04 1.250486051817596120e+02
5.742937951445906947e+04 1.621637300249507462e+04 1.182668513656975477e+02
5.742937951634301135e+04 1.563884305101716382e+04 1.166961628100989117e+02
5.742937951822695322e+04 1.552227353432665404e+04 1.163229296392936476e+02
5.742937952011088782e+04 1.513320371771478858e+04 1.155337202732269901e+02
5.742937952199482970e+04 1.530478883719085570e+04 1.159374323122583235e+02
5.742937952387877158e+04 1.515157201675465694e+04 1.156430212480438939e+02
5.742937952576270618e+04 1.509693946087735276e+04 1.157553795881456296e+02
5.742937952764664806e+04 1.499379967440016117e+04 1.153819721321298459e+02
5.742937952953058993e+04 1.498536106199703136e+04 1.152850527659538216e+02
5.742937953141452454e+04 1.497285238587963795e+04 1.150884614456338255e+02
5.742937953329846641e+04 1.480302373041165629e+04 1.145859340204696082e+02
5.742937953518240829e+04 1.449112927599987233e+04 1.141332541264192173e+02
5.742937953706634289e+04 1.439716807127980610e+04 1.140728297733500085e+02
5.742937953895028477e+04 1.429850632958426104e+04 1.134974027258923286e+02
5.742937954083421937e+04 1.466303626067795085e+04 1.140422839045043730e+02
5.742937954271816125e+04 1.475918516092615573e+04 1.143754590017306896e+02
5.742937954460210312e+04 1.456231375348614893e+04 1.140695814871585299e+02
5.742937954648603773e+04 1.432415794601408197e+04 1.135194421112691430e+02
5.742937954836997960e+04 1.450380178758364855e+04 1.140940443105052111e+02
5.742937955025392148e+04 1.448147616713317620e+04 1.138777280870670836e+02
5.742937955213785608e+04 1.453870596808934715e+04 1.138596609769842445e+02
5.742937955402179796e+04 1.457495059291684447e+04 1.139478509696089645e+02
5.742937955590573983e+04 1.455344859399648340e+04 1.140469811371844600e+02
5.742937955778967444e+04 1.441184101400302279e+04 1.136674101456625579e+02
5.742937955967361631e+04 1.453229972412563075e+04 1.141732955632460289e+02
