5.742957213000000047e+04 -6.952529830705955760e-02 3.067232421395141295e-02
5.742957217208754446e+04 -7.334407302968060094e-02 3.096259616029385306e-02
5.742957221417508845e+04 -5.187358086792670520e-02 3.036851513478520947e-02
5.742957223521885317e+04 -7.367391133294631800e-02 3.096685559302095672e-02
5.742957225626262516e+04 3.363308457283409325e-02 3.066267065744801915e-02
5.742957227730639715e+04 7.455144730295515387e-02 3.047888175616458167e-02
5.742957229835016915e+04 3.889518938394331826e-02 3.014461819610613630e-02
5.742957231939394114e+04 5.109959074241743338e-02 3.008480483978873132e-02
5.742957234043771314e+04 -9.617946682279665538e-03 2.971260914609123033e-02
5.742957236148148513e+04 8.839333478169919545e-02 3.152761952514238769e-02
5.742957238252525713e+04 4.616084136817022454e-02 3.015789748582354754e-02
5.742957240356902184e+04 1.444734516643819688e-02 2.966935966565930824e-02
5.742957242461279384e+04 -8.113162942237295283e-03 2.941375512047741947e-02
5.742957244565656583e+04 -5.355170255377572630e-03 2.823364623609090143e-02
5.742957246670033783e+04 8.207493601304349795e-03 2.717218250507362140e-02
5.742957248774410982e+04 -4.340991953732498132e-03 2.684723249990987257e-02
5.742957250878788182e+04 -2.278708184840638751e-02 2.601108888471848415e-02
5.742957252983165381e+04 -1.688498972320928715e-03 2.671799839431391113e-02
5.742957255087542580e+04 -1.716484844151011657e-02 2.623110306245513348e-02
5.742957257191919052e+04 -1.862078695513957882e-02 2.661246485588978847e-02
5.742957259296296252e+04 1.016402310255770658e-02 2.711138791749568427e-02
5.742957261400673451e+04 3.921694031696176808e-02 2.803529033124812705e-02
5.742957263505050651e+04 1.803476491957312078e-02 2.722778616339917648e-02
5.742957265609427850e+04 -7.097902623601370919e-02 2.622071167153888077e-02
5.742957267713805049e+04 4.880626711917912530e-02 2.767448916762510133e-02
5.742957269818182249e+04 -1.739639478591925581e-02 2.767043478994252528e-02
5.742957271922559448e+04 2.410788396995400262e-02 2.801387906545468529e-02
5.742957274026935920e+04 -1.007194050573900768e-02 2.700599784260672778e-02
5.742957276131313120e+04 3.648065646295606257e-03 2.735296640667975177e-02
5.742957278235690319e+04 -5.439619840658593830e-02 2.640368020701443219e-02
5.742957280340067518e+04 1.525223853844082100e-02 2.746597492385456640e-02
5.742957282444444718e+04 2.415403052821929464e-02 2.769766128506190306e-02
