5.736835664920000272e+04 -1.041658646955703820e-15 1.568056121444637654e+02
5.736835664983752213e+04 -2.785461443196016790e-14 1.568056121444637654e+02
5.736835665047504153e+04 -5.012675062234475003e-12 1.568056121444637370e+02
5.736835665111256094e+04 -7.951665747276589718e-09 1.568056121444479061e+02
5.736835665175008035e+04 4.755886198338303878e-06 1.568056121539418371e+02
5.736835665238759975e+04 -2.515107462869037845e-04 1.568056116432246370e+02
5.736835665302511916e+04 1.791371501827128676e-01 1.568059691488779492e+02
5.736835665366263856e+04 2.975530256100352631e+02 1.573974924863997558e+02
5.736835665430015797e+04 5.915382598979802424e+03 1.681817889200919751e+02
5.736835665493767738e+04 1.336825920539911203e+04 1.815025123886015024e+02
5.736835665557519678e+04 2.079652427775723845e+04 1.938706467560220119e+02
5.736835665621271619e+04 2.858147961026139092e+04 2.060374353276932311e+02
5.736835665685023559e+04 3.594713708898620098e+04 2.169215542093878355e+02
5.736835665748774773e+04 4.340401527069918666e+04 2.274104429092626276e+02
5.736835665812526713e+04 5.099609800477563113e+04 2.376143119700174395e+02
5.736835665876278654e+04 5.799181771057053993e+04 2.466432364146776877e+02
5.736835665940030594e+04 6.577829792921773333e+04 2.563190125717580941e+02
5.736835666003782535e+04 7.305893331047645188e+04 2.650468511773867135e+02
5.736835666067534476e+04 8.098821813627514348e+04 2.742364606232584379e+02
5.736835666131286416e+04 8.874370364639823674e+04 2.829360612912374791e+02
5.736835666195038357e+04 9.602644265238013759e+04 2.908685728258341783e+02
5.736835666258790297e+04 1.030283937044850172e+05 2.982964063901929421e+02
5.736835666322542238e+04 1.106805078199851268e+05 3.062079642783490385e+02
5.736835666386294179e+04 1.180295154650784971e+05 3.136183144615027913e+02
5.736835666450046119e+04 1.256695078081522952e+05 3.211408450821775773e+02
5.736835666513798060e+04 1.336383533753065567e+05 3.288038486082037934e+02
5.736835666577550001e+04 1.409087866754646529e+05 3.356426547269661569e+02
5.736835666641301941e+04 1.483476989720249549e+05 3.424986304461896793e+02
5.736835666705053882e+04 1.559189781263614132e+05 3.493384624243025769e+02
5.736835666768805822e+04 1.631387204776762228e+05 3.557382468874377537e+02
5.736835666832557763e+04 1.708549099467929918e+05 3.624531952083546003e+02
5.736835666896309704e+04 1.777640893436402839e+05 3.683619902212702186e+02
5.736835666960061644e+04 1.855318467169658397e+05 3.748938572424248719e+02
5.736835667023813585e+04 1.934498615331257170e+05 3.814369718029487899e+02
5.736835667087565525e+04 2.006598583270267991e+05 3.872988658057130351e+02
5.736835667151317466e+04 2.080771520935341250e+05 3.932381213189520395e+02
5.736835667215069407e+04 2.153919990912429057e+05 3.990087711216719981e+02
5.736835667278821347e+04 2.231809150741182384e+05 4.050630468474307690e+02
5.736835667342572560e+04 2.307133497705591726e+05 4.108331091898502905e+02
5.736835667406324501e+04 2.386953527716879034e+05 4.168604028716387120e+02
5.736835667470076442e+04 2.466391429089162266e+05 4.227735378640350064e+02
5.736835667533828382e+04 2.550140634535047866e+05 4.289193276811392366e+02
5.736835667597580323e+04 2.617424903015143354e+05 4.337937948362637144e+02
5.736835667661332263e+04 2.694746719281034893e+05 4.393286582446729653e+02
5.736835667725084204e+04 2.766778761092936620e+05 4.444228533371214098e+02
5.736835667788836145e+04 2.845030084361658664e+05 4.498915205609055192e+02
5.736835667852588085e+04 2.921951770773284952e+05 4.552032355699267896e+02
5.736835667916340026e+04 2.998391330111540738e+05 4.604209575290543626e+02
5.736835667980091966e+04 3.074490606643263018e+05 4.655573680173088178e+02
5.736835668043843907e+04 3.148751822956773685e+05 4.705156627943413810e+02
5.736835668107595848e+04 3.226479042863906943e+05 4.756500185840363883e+02
5.736835668171347788e+04 3.305581578170164139e+05 4.808189353963040844e+02
5.736835668235099729e+04 3.381689432002196554e+05 4.857402490016009438e+02
5.736835668298851670e+04 3.451422753970621270e+05 4.902059996809135782e+02
5.736835668362603610e+04 3.525456780665474944e+05 4.949030700971576948e+02
5.736835668426355551e+04 3.606497959907893091e+05 4.999941224596978486e+02
5.736835668490107491e+04 3.679918098581828526e+05 5.045620686906262904e+02
5.736835668553859432e+04 3.747499539496360812e+05 5.087304995953383582e+02
5.736835668617611373e+04 3.824262438216707669e+05 5.134241934195779322e+02
5.736835668681363313e+04 3.895909543146452634e+05 5.177666911328433343e+02
5.736835668745115254e+04 3.973286861298578442e+05 5.224159538444065447e+02
5.736835668808867194e+04 4.039826904665026814e+05 5.263812131350854315e+02
5.736835668872618407e+04 4.131289745190008543e+05 5.317834230909943471e+02
5.736835668936370348e+04 4.195869503483612207e+05 5.355649764199725951e+02
5.736835669000122289e+04 4.260822449725967017e+05 5.393416385815885405e+02
5.736835669063874229e+04 4.345041646929659764e+05 5.441995065535282947e+02
5.736835669127626170e+04 4.419736123837548657e+05 5.484719753459120284e+02
5.736835669191378111e+04 4.490640102230522316e+05 5.524970645980009749e+02
5.736835669255130051e+04 4.567704107071866747e+05 5.568388516366217118e+02
5.736835669318881992e+04 4.640805073555054259e+05 5.609263027325343955e+02
5.736835669382633932e+04 4.718658613091271836e+05 5.652469931969602612e+02
5.736835669446385873e+04 4.785283053350052796e+05 5.689184395274759254e+02
5.736835669510137814e+04 4.874813497689726646e+05 5.738151650188481199e+02
5.736835669573889754e+04 4.951442263007808360e+05 5.779733051257541092e+02
5.736835669637641695e+04 5.026970507709198864e+05 5.820426588591466270e+02
5.736835669701393635e+04 5.101889756191029446e+05 5.860512859485415902e+02
5.736835669765145576e+04 5.176956955938281608e+05 5.900405153429234133e+02
5.736835669828897517e+04 5.252892606077233795e+05 5.940486410049492179e+02
5.736835669892649457e+04 5.335322161744239274e+05 5.983691461873806929e+02
5.736835669956401398e+04 5.405061727034591604e+05 6.020002972920045750e+02
5.736835670020153339e+04 5.482156948538994184e+05 6.059891164729668844e+02
5.736835670083905279e+04 5.557821195064038038e+05 6.098785327354147512e+02
5.736835670147657220e+04 5.640141099521856522e+05 6.140820944467571962e+02
5.736835670211409160e+04 5.708760226480199490e+05 6.175641781669436341e+02
5.736835670275161101e+04 5.774216408871592721e+05 6.208675587872783126e+02
5.736835670338913042e+04 5.861842652688422240e+05 6.252624775188627382e+02
5.736835670402664982e+04 5.928461093535210239e+05 6.285831833146274903e+02
5.736835670466416195e+04 6.009830538352505537e+05 6.326155298813265517e+02
5.736835670530168136e+04 6.070953167546174955e+05 6.356276999719536889e+02
5.736835670593920076e+04 6.165437674478753470e+05 6.402560852150661503e+02
5.736835670657672017e+04 6.229351441003427608e+05 6.433680634463559045e+02
5.736835670721423958e+04 6.298981016310546547e+05 6.467413033968134641e+02
5.736835670785175898e+04 6.381348875946339685e+05 6.507090784264855756e+02
5.736835670848927839e+04 6.454131434119325131e+05 6.541950891228532328e+02
5.736835670912679780e+04 6.524153413381656865e+05 6.575314352457634186e+02
5.736835670976431720e+04 6.643891553797775414e+05 6.631977247490833633e+02
5.736835671040183661e+04 6.760224264621853363e+05 6.686568750404543380e+02
5.736835671103935601e+04 6.857751911341063678e+05 6.731994462704321904e+02
5.736835671167687542e+04 6.924187649097243557e+05 6.762763695920313012e+02
5.736835671231439483e+04 7.036614496929061133e+05 6.814516901865210912e+02
5.736835671295191423e+04 7.107633260956959566e+05 6.847007220748419059e+02
5.736835671358943364e+04 7.146506164286222775e+05 6.864726034357736353e+02
5.736835671422695304e+04 7.212329027651093202e+05 6.894625183635389476e+02
5.736835671486447245e+04 7.313006228519742144e+05 6.940107270658601237e+02
5.736835671550199186e+04 7.404164253294578521e+05 6.981033346367220247e+02
5.736835671613951126e+04 7.486512056749862386e+05 7.017798825464194579e+02
5.736835671677703067e+04 7.557129453364235815e+05 7.049174354740168837e+02
5.736835671741455008e+04 7.626139274756065570e+05 7.079701297881529172e+02
5.736835671805206948e+04 7.702510282186404802e+05 7.113331797664511669e+02
5.736835671868958889e+04 7.778158475665168371e+05 7.146487981722721088e+02
5.736835671932710829e+04 7.833413600554021541e+05 7.170609109654676558e+02
5.736835671996462770e+04 7.943136003932936583e+05 7.218268492137214025e+02
5.736835672060213983e+04 8.002444663172115106e+05 7.243899443312677704e+02
5.736835672123965924e+04 8.049318993403232889e+05 7.264092765705171360e+02
5.736835672187717864e+04 8.045398691119167488e+05 7.262406062696769595e+02
5.736835672251469805e+04 8.109798181513466407e+05 7.290064377936532765e+02
5.736835672315221746e+04 8.194011585757345892e+05 7.326074829742282191e+02
5.736835672378973686e+04 8.262406574468124891e+05 7.355191438054197306e+02
5.736835672442725627e+04 8.327953465810811613e+05 7.382987820748288641e+02
5.736835672506477567e+04 8.417269994518934982e+05 7.420696562031312169e+02
5.736835672570229508e+04 8.480621329351456370e+05 7.447327259389545588e+02
5.736835672633981449e+04 8.567733645217786543e+05 7.483791504485620862e+02
5.736835672697733389e+04 8.633929568887795322e+05 7.511382017015824886e+02
5.736835672761485330e+04 8.726672897658108268e+05 7.549867920060798951e+02
5.736835672825237270e+04 8.777547366278810659e+05 7.570896316767425560e+02
5.736835672888989211e+04 8.872644898886845913e+05 7.610048003662183191e+02
5.736835672952741152e+04 8.952991091673886403e+05 7.642970255271296764e+02
5.736835673016493092e+04 9.024900978328899946e+05 7.672315889909357338e+02
5.736835673080245033e+04 9.088148168694213964e+05 7.698033908365098341e+02
5.736835673143996974e+04 9.175240435822332511e+05 7.733308006531847241e+02
5.736835673207748914e+04 9.245846358979040524e+05 7.761787148822041900e+02
5.736835673271500855e+04 9.316536449141085614e+05 7.790195941510828561e+02
5.736835673335252795e+04 9.385848044721772894e+05 7.817950516568333796e+02
5.736835673399004736e+04 9.477039530360136414e+05 7.854317097288015930e+02
5.736835673462756677e+04 9.553425853377220919e+05 7.884650378019790651e+02
5.736835673526508617e+04 9.617027274666588055e+05 7.909817979363758695e+02
5.736835673590260558e+04 9.686592303873873316e+05 7.937254052832862499e+02
5.736835673654011771e+04 9.761151424451913917e+05 7.966554864106847162e+02
5.736835673717763711e+04 9.837247928300139029e+05 7.996349138943088519e+02
5.736835673781515652e+04 9.919331147347514052e+05 8.028363449104801930e+02
5.736835673845267593e+04 1.001013164442783571e+06 8.063629628007103065e+02
5.736835673909019533e+04 1.003600893001119606e+06 8.073651950175334377e+02
5.736835673972771474e+04 1.012700420263860608e+06 8.108796227954633196e+02
5.736835674036523415e+04 1.020401637951593148e+06 8.138421368544060215e+02
5.736835674100275355e+04 1.027581390203634743e+06 8.165943723032088428e+02
5.736835674164027296e+04 1.034202029042334645e+06 8.191240859304890591e+02
5.736835674227779236e+04 1.042094253322333214e+06 8.221294960810359953e+02
5.736835674291531177e+04 1.050112606052001007e+06 8.251717268438737847e+02
5.736835674355283118e+04 1.056659981976383831e+06 8.276475631180459231e+02
5.736835674419035058e+04 1.064898735688219080e+06 8.307524961173073734e+02
5.736835674482786999e+04 1.071569778996941168e+06 8.332581303972306159e+02
5.736835674546538939e+04 1.080630925597756170e+06 8.366494657254002050e+02
5.736835674610290880e+04 1.088279393273967085e+06 8.395014120275375262e+02
5.736835674674042821e+04 1.095906324681005906e+06 8.423357127212573232e+02
5.736835674737794761e+04 1.103987385414696764e+06 8.453284071200880589e+02
5.736835674801546702e+04 1.111293869201047812e+06 8.480251577934789111e+02
5.736835674865298643e+04 1.118673619433996733e+06 8.507402730247628142e+02
5.736835674929050583e+04 1.132474969620859949e+06 8.557948679520328596e+02
5.736835674992802524e+04 1.131999580070037395e+06 8.556212582350752882e+02
5.736835675056554464e+04 1.141073792375097750e+06 8.589290542497884644e+02
5.736835675120306405e+04 1.148620209324905882e+06 8.616702564369192032e+02
5.736835675184058346e+04 1.155736198212100659e+06 8.642471428258023707e+02
5.736835675247809559e+04 1.164100052128972951e+06 8.672661255811897263e+02
5.736835675311561499e+04 1.170303169843446929e+06 8.694984077916153637e+02
5.736835675375313440e+04 1.178884465064292774e+06 8.725770972614299126e+02
5.736835675439065380e+04 1.186720567748105153e+06 8.753789778390646461e+02
5.736835675502817321e+04 1.195095101845265366e+06 8.783635002965975218e+02
5.736835675566569262e+04 1.200747200440150918e+06 8.803720805858704352e+02
5.736835675630321202e+04 1.208335237119919155e+06 8.830614492774268456e+02
5.736835675694073143e+04 1.216572113400851376e+06 8.859715406690736472e+02
5.736835675757825084e+04 1.224429986720099114e+06 8.887388489877450866e+02
5.736835675821577024e+04 1.231245116636018502e+06 8.911319755779788920e+02
5.736835675885328965e+04 1.247649286589684896e+06 8.968661015550499087e+02
5.736835675949080905e+04 1.252578610850409605e+06 8.985820117170752610e+02
5.736835676012832846e+04 1.253417450277868425e+06 8.988736876912504385e+02
5.736835676076584787e+04 1.260234392123931320e+06 9.012405311998884372e+02
5.736835676140336727e+04 1.270259591664113570e+06 9.047100335411732885e+02
5.736835676204088668e+04 1.276844859916867688e+06 9.069818286206412949e+02
5.736835676267840608e+04 1.284464686177317519e+06 9.096034459371970797e+02
5.736835676331592549e+04 1.293566833595203934e+06 9.127251891982615462e+02
5.736835676395344490e+04 1.299896787049657665e+06 9.148898796609546480e+02
5.736835676459096430e+04 1.307471818721079268e+06 9.174736436000080175e+02
5.736835676522848371e+04 1.315382176635475131e+06 9.201640399391686742e+02
5.736835676586600312e+04 1.321463220725688152e+06 9.222269313751118034e+02
5.736835676650352252e+04 1.331273160139588639e+06 9.255450961931800293e+02
5.736835676714104193e+04 1.337279710756239947e+06 9.275709240929503494e+02
5.736835676777855406e+04 1.343587938307658769e+06 9.296937460488194347e+02
5.736835676841607346e+04 1.354378756640290143e+06 9.333138394453289948e+02
5.736835676905359287e+04 1.361059468344909837e+06 9.355480574056944079e+02
5.736835676969111228e+04 1.367593349574171007e+06 9.377280221278751924e+02
5.736835677032863168e+04 1.375375855138096260e+06 9.403179831638391306e+02
5.736835677096615109e+04 1.382024707845565397e+06 9.425250354253081468e+02
5.736835677160367050e+04 1.391149714114238508e+06 9.455456474022812472e+02
5.736835677224118990e+04 1.398989896202749340e+06 9.481332633795306037e+02
5.736835677287870931e+04 1.406662481583501212e+06 9.506587458124436125e+02
5.736835677351622871e+04 1.414544423904167721e+06 9.532461722661701060e+02
5.736835677415374812e+04 1.428561454974679975e+06 9.578303134476246896e+02
5.736835677479126753e+04 1.454122619164610747e+06 9.661338607966712289e+02
5.736835677542878693e+04 1.498011246689029969e+06 9.802270294072918659e+02
5.736835677606630634e+04 1.542070277802480385e+06 9.941739906206308888e+02
5.736835677670382574e+04 1.542946620871966705e+06 9.944494145229203923e+02
5.736835677734134515e+04 1.556885190238470910e+06 9.988199256618003119e+02
5.736835677797886456e+04 1.573643329132832587e+06 1.004049341769626608e+03
5.736835677861638396e+04 1.563494962363796309e+06 1.000885783432541643e+03
5.736835677925390337e+04 1.562418161668761866e+06 1.000549524532881946e+03
5.736835677989142278e+04 1.584296595016049454e+06 1.007359604056580565e+03
5.736835678052894218e+04 1.603896659860972315e+06 1.013421636049432095e+03
5.736835678116646159e+04 1.617733732083802577e+06 1.017679508761170155e+03
5.736835678180398099e+04 1.616675082192801870e+06 1.017354376002040453e+03
5.736835678244150040e+04 1.636927915735793766e+06 1.023556518876642713e+03
5.736835678307901981e+04 1.634154219306640327e+06 1.022709336550053308e+03
5.736835678371653194e+04 1.656058440389739815e+06 1.029380651286776128e+03
5.736835678435405134e+04 1.632034583127512597e+06 1.022061453365058355e+03
5.736835678499157075e+04 1.645930127584861591e+06 1.026301286046421410e+03
5.736835678562909015e+04 1.668772495302519295e+06 1.033233182570166264e+03
5.736835678626660956e+04 1.657821980523175560e+06 1.029915888714697303e+03
5.736835678690412897e+04 1.606119519480522722e+06 1.014106848253834983e+03
5.736835678754164837e+04 1.583067639658766100e+06 1.006978289133747353e+03
5.736835678817916778e+04 1.589892024500794010e+06 1.009093908074464707e+03
5.736835678881668719e+04 1.596898991630764911e+06 1.011261523924067887e+03
5.736835678945420659e+04 1.602973759169946425e+06 1.013137009234790753e+03
5.736835679009172600e+04 1.609341976309431018e+06 1.015099372078120382e+03
5.736835679072924540e+04 1.616920910291748121e+06 1.017429884037392753e+03
5.736835679136676481e+04 1.622342643833981594e+06 1.019093789793774818e+03
5.736835679200428422e+04 1.632017991677118232e+06 1.022056380440041494e+03
5.736835679264180362e+04 1.639605346100047231e+06 1.024373633647669294e+03
5.736835679327932303e+04 1.650097416081911884e+06 1.027569406439874001e+03
5.736835679391684243e+04 1.654825095167652005e+06 1.029006163479977658e+03
5.736835679455436184e+04 1.664851380047194427e+06 1.032046565097474968e+03
5.736835679519188125e+04 1.673685131943173707e+06 1.034717936185743156e+03
5.736835679582940065e+04 1.681779138613390503e+06 1.037159564210526469e+03
5.736835679646692006e+04 1.697321699778027833e+06 1.041832070134754304e+03
5.736835679710443947e+04 1.717350470339139458e+06 1.047822525030819406e+03
5.736835679774195887e+04 1.738595684440110577e+06 1.054139603076873755e+03
5.736835679837947828e+04 1.743309466505519813e+06 1.055536080181984971e+03
5.736835679901699768e+04 1.751748603795261821e+06 1.058031605091283836e+03
5.736835679965450981e+04 1.761696417460613418e+06 1.060965720894357219e+03
5.736835680029202922e+04 1.759843900138829369e+06 1.060419934547992398e+03
5.736835680092954863e+04 1.768230845574946143e+06 1.062888648205606387e+03
5.736835680156706803e+04 1.780729044625490205e+06 1.066556914979660860e+03
5.736835680220458744e+04 1.793879668909073807e+06 1.070403098401798843e+03
5.736835680284210684e+04 1.803534510021304712e+06 1.073218090027984772e+03
5.736835680347962625e+04 1.807780187547752401e+06 1.074453636606691816e+03
5.736835680411714566e+04 1.820207774303285638e+06 1.078062084918838764e+03
5.736835680475466506e+04 1.825934241782309720e+06 1.079720751451014394e+03
5.736835680539218447e+04 1.836485444712967379e+06 1.082770244763682285e+03
5.736835680602970388e+04 1.828592743791921996e+06 1.080489918911764335e+03
5.736835680666722328e+04 1.844585017968442757e+06 1.085105357202827918e+03
5.736835680730474269e+04 1.855301488698203582e+06 1.088187222143495546e+03
5.736835680794226209e+04 1.854685823718376923e+06 1.088010404281128785e+03
5.736835680857978150e+04 1.838540053832790814e+06 1.083363066402715276e+03
5.736835680921730091e+04 1.837522507858475670e+06 1.083069511809628693e+03
5.736835680985482031e+04 1.843046841040743282e+06 nan
5.736835681049233972e+04 1.851988048096013255e+06 nan
5.736835681112985912e+04 1.864682419088919647e+06 1.090877862975766220e+03
5.736835681176737853e+04 1.875556378353033448e+06 1.093988453536254610e+03
5.736835681240489794e+04 1.881924775320900371e+06 nan
5.736835681304241734e+04 1.888940291341054486e+06 1.097804938087066375e+03
5.736835681367993675e+04 1.905918989137481200e+06 nan
5.736835681431745616e+04 1.908948401087203063e+06 nan
5.736835681495497556e+04 1.914529361089964630e+06 1.105065106370973581e+03
5.736835681559248769e+04 1.919924719677583780e+06 nan
5.736835681623000710e+04 1.925091054470269475e+06 1.108431846266761340e+03
5.736835681686752650e+04 1.926904826789720450e+06 1.109770063732245035e+03
5.736835681750504591e+04 1.923116660701115848e+06 1.109542616086492217e+03
5.736835681814256532e+04 1.927242887254988076e+06 1.111572578252027824e+03
5.736835681878008472e+04 1.929890030833819183e+06 1.113166327726037480e+03
5.736835681941760413e+04 1.953661867499269778e+06 1.120638185822165724e+03
5.736835682005512353e+04 2.010522312212670222e+06 1.137213103592213884e+03
5.736835682069264294e+04 2.092662176282841712e+06 1.160402445213853298e+03
5.736835682133016235e+04 2.112797024236187339e+06 1.166630709501682077e+03
5.736835682196768175e+04 2.100462780580068007e+06 1.164084307801119394e+03
5.736835682260520116e+04 2.131004315226705745e+06 1.173133661956567494e+03
5.736835682324272057e+04 2.095228533336909721e+06 1.164339933287094937e+03
5.736835682388023997e+04 2.072492267672764836e+06 1.159044763783892449e+03
5.736835682451775938e+04 2.084295654638408218e+06 1.163012235185768759e+03
5.736835682515527878e+04 2.117300452057795133e+06 1.172687209926134756e+03
5.736835682579279819e+04 2.147271479201782029e+06 1.181436778296759940e+03
5.736835682643031760e+04 2.119622566171430517e+06 1.174884749885138945e+03
5.736835682706783700e+04 2.135101821789046284e+06 1.179785958907421900e+03
5.736835682770535641e+04 2.117822864044561982e+06 1.175999683415685240e+03
5.736835682834287581e+04 2.149174010058503132e+06 1.185127913030145692e+03
5.736835682898039522e+04 2.127492921955776401e+06 1.180167506578254233e+03
5.736835682961791463e+04 2.083341286255542655e+06 1.169204324565736442e+03
5.736835683025543403e+04 2.135113076427191496e+06 1.183768075106288961e+03
5.736835683089294616e+04 2.114928212644807529e+06 1.179187294256745417e+03
5.736835683153046557e+04 2.034350635344361886e+06 1.158483394472787268e+03
5.736835683216798498e+04 1.931385891783384839e+06 1.131175499965252811e+03
5.736835683280550438e+04 1.917471682209652849e+06 1.128159929733809577e+03
5.736835683344302379e+04 1.918624341379428515e+06 1.129278569155484320e+03
5.736835683408054319e+04 1.919692603422414511e+06 1.130524272865869079e+03
5.736835683471806260e+04 1.923288934800113551e+06 1.132373142120582997e+03
5.736835683535558201e+04 1.921943296042768750e+06 1.132800663380853848e+03
5.736835683599310141e+04 1.923470469126419164e+06 1.134061948564531349e+03
5.736835683663062082e+04 1.920727908671149518e+06 1.134247796854019953e+03
5.736835683726814023e+04 1.920487035095455591e+06 1.134980303968635781e+03
5.736835683790565963e+04 1.920059908314357977e+06 1.135662110562873750e+03
5.736835683854317904e+04 1.918811051234057872e+06 1.136185377188734037e+03
5.736835683918069844e+04 1.922172103502773447e+06 1.137964352937748799e+03
5.736835683981821785e+04 1.918463775566348340e+06 1.137821304856563302e+03
5.736835684045573726e+04 1.918405325265467865e+06 1.138678201607202482e+03
5.736835684109325666e+04 1.917148162740052678e+06 1.139106388771316233e+03
5.736835684173077607e+04 1.920575418576874537e+06 1.140901514489904230e+03
5.736835684236829547e+04 1.918906280599819496e+06 1.141264620724492033e+03
5.736835684300581488e+04 1.915960857936445624e+06 1.141173621804017785e+03
5.736835684364333429e+04 1.917837886366690509e+06 1.142665451551824162e+03
5.736835684428085369e+04 1.913990225535945036e+06 1.142287971262059045e+03
5.736835684491837310e+04 1.911546127199691487e+06 1.142498354784924913e+03
5.736835684555589251e+04 1.905190308587056119e+06 1.141650047420136389e+03
5.736835684619341191e+04 1.901877632665918209e+06 1.141575409634723883e+03
5.736835684683092404e+04 1.902032289415716426e+06 1.142194298011824458e+03
5.736835684746844345e+04 1.903645321168661118e+06 1.143494847505846110e+03
5.736835684810596285e+04 1.903864916166357696e+06 1.144390682354889805e+03
5.736835684874348226e+04 1.904832119975806912e+06 1.145430400761978490e+03
5.736835684938100167e+04 1.906416870220634621e+06 1.146628761387586565e+03
5.736835685001852107e+04 1.905271267122569028e+06 1.147071985302977509e+03
5.736835685065604048e+04 1.905682528458468383e+06 1.148100651229312462e+03
5.736835685129355988e+04 1.903596059307347052e+06 1.148459508797464650e+03
5.736835685193107929e+04 1.902271445034729084e+06 1.148936380391613739e+03
5.736835685256859870e+04 1.902815460111412453e+06 1.149747514078923587e+03
5.736835685320611810e+04 1.907195976231263950e+06 1.151279918447701220e+03
5.736835685384363751e+04 1.907904222404584521e+06 1.152263375973742313e+03
5.736835685448115692e+04 1.910615798377934145e+06 1.153840302944551240e+03
5.736835685511867632e+04 1.911205962114607450e+06 1.154787817201947746e+03
5.736835685575619573e+04 1.909698686701410916e+06 1.155302218794358623e+03
5.736835685639371513e+04 1.908280079271916533e+06 1.155652901405596367e+03
5.736835685703123454e+04 1.909040993212983012e+06 1.156891023843593530e+03
5.736835685766875395e+04 1.908293034311637050e+06 1.157324100377443983e+03
5.736835685830627335e+04 1.910255377497220412e+06 1.158666536899602761e+03
5.736835685894379276e+04 1.908541814363010228e+06 1.159115172461461498e+03
5.736835685958131216e+04 1.912931742869224865e+06 1.161015871060399604e+03
5.736835686021883157e+04 1.907360358772897394e+06 1.160302867973277444e+03
5.736835686085635098e+04 1.909160291030463763e+06 1.161733473592437804e+03
5.736835686149387038e+04 1.914332813912898069e+06 1.163890244838459694e+03
5.736835686213138979e+04 1.936691227110123727e+06 1.170647816377635309e+03
5.736835686276890192e+04 2.021608122237621341e+06 1.193859089357598123e+03
5.736835686340642133e+04 2.203127961462645791e+06 1.241362716432569414e+03
5.736835686404394073e+04 2.394037100473926868e+06 1.289163333721184244e+03
5.736835686468146014e+04 2.387653572463561781e+06 1.288269679686580048e+03
5.736835686531897954e+04 2.424640593113064300e+06 1.298085679542849675e+03
5.736835686595649895e+04 2.502518934428608976e+06 1.317462011102634733e+03
5.736835686659401836e+04 2.433291147087889258e+06 1.301479931086909119e+03
5.736835686723153776e+04 2.447615167611411307e+06 1.305742741270011948e+03
5.736835686786905717e+04 2.485228160242282785e+06 1.315400385838125658e+03
5.736835686850657657e+04 2.610127416200643405e+06 1.345412657303965716e+03
5.736835686914409598e+04 2.600281959782148246e+06 1.344012394387249060e+03
5.736835686978161539e+04 2.552321131078640930e+06 1.333446707393400857e+03
5.736835687041913479e+04 2.602993973776203115e+06 1.345970273405215721e+03
5.736835687105665420e+04 2.574604578168116044e+06 1.339984669537965374e+03
5.736835687169417361e+04 2.696987058222465217e+06 1.369040874462116790e+03
5.736835687233169301e+04 2.490768229674079455e+06 1.322080780770847468e+03
5.736835687296921242e+04 2.542244306688160636e+06 1.334657837305463318e+03
5.736835687360673182e+04 2.601693715802088380e+06 1.349275453757899413e+03
5.736835687424425123e+04 2.557895379440929741e+06 1.339702564773105451e+03
5.736835687488177064e+04 2.224809025589717086e+06 1.260346486172099503e+03
5.736835687551929004e+04 2.028531076461184770e+06 1.211591042012725893e+03
5.736835687615680945e+04 2.045028572087209206e+06 1.216670488410813505e+03
5.736835687679432885e+04 2.034482692564469762e+06 1.214521516421033994e+03
5.736835687743184826e+04 1.980160800928794080e+06 1.201301366746334452e+03
5.736835687806936767e+04 1.914244798304266529e+06 1.184810990331101948e+03
5.736835687870687980e+04 1.898567656552715693e+06 1.181405762795030569e+03
5.736835687934439920e+04 1.895880173580425559e+06 1.181653988366884732e+03
5.736835687998191861e+04 1.898404526028265711e+06 1.182990630132948354e+03
5.736835688061943802e+04 1.896952284843206871e+06 1.183431316617057973e+03
5.736835688125695742e+04 1.894854190826773643e+06 1.183573805617478229e+03
5.736835688189447683e+04 1.893520817519285018e+06 1.184025682358410222e+03
5.736835688253199623e+04 1.895081918930374552e+06 1.185197872448698263e+03
5.736835688316951564e+04 1.893040380134845152e+06 1.185639456247252156e+03
5.736835688380703505e+04 1.892443953883683076e+06 1.186242237947067679e+03
5.736835688444455445e+04 1.890760050639566034e+06 1.186591324558809674e+03
5.736835688508207386e+04 1.890468318795826752e+06 1.187301308936650003e+03
5.736835688571959327e+04 1.891484748152447166e+06 1.188273904749148869e+03
5.736835688635711267e+04 1.899048513407973340e+06 1.191078463332633646e+03
5.736835688699463208e+04 1.921798537577304291e+06 1.198114185989275256e+03
5.736835688763215148e+04 1.987500646752494853e+06 1.215675681347617910e+03
5.736835688826967089e+04 2.069160359374735039e+06 1.237405282887609019e+03
5.736835688890719030e+04 2.091661038828738499e+06 1.243725365943523457e+03
5.736835688954470970e+04 2.085453987712184433e+06 1.242885397399777730e+03
5.736835689018222911e+04 2.120866766573013738e+06 1.252571212069692137e+03
5.736835689081974851e+04 2.075555361045223661e+06 1.242281114871666887e+03
5.736835689145726792e+04 2.061895579297541175e+06 1.239327538339461626e+03
5.736835689209478733e+04 2.074976163178656949e+06 1.243461671720724098e+03
5.736835689273230673e+04 2.110448619854673278e+06 1.253096405234822896e+03
5.736835689336982614e+04 2.131226933221837971e+06 1.258876162723890047e+03
5.736835689400733827e+04 2.107900409793398343e+06 1.254043719881412699e+03
5.736835689464485768e+04 2.132212734495758545e+06 1.260840900319691627e+03
5.736835689528237708e+04 2.113144633581745438e+06 1.256681422227039320e+03
5.736835689591989649e+04 2.147813311900588684e+06 1.265967881487571049e+03
5.736835689655741589e+04 2.104438255734282546e+06 1.256216745752029965e+03
5.736835689719493530e+04 2.066577916213456774e+06 1.247367570340973543e+03
5.736835689783245471e+04 2.118352189098081086e+06 1.261013138032764573e+03
5.736835689846997411e+04 2.110638667231027503e+06 1.259871551268056464e+03
5.736835689910749352e+04 2.002033753762352280e+06 1.233298397638934148e+03
5.736835689974501292e+04 1.901210097741755657e+06 1.208309301408233750e+03
5.736835690038253233e+04 1.883392555598433828e+06 1.204312450758298382e+03
5.736835690102005174e+04 1.883813944715122227e+06 1.205222271192661310e+03
5.736835690165757114e+04 1.888192216167610837e+06 1.207098185450845449e+03
5.736835690229509055e+04 1.883255366754125338e+06 1.206747274679481961e+03
5.736835690293260996e+04 1.885052692617843859e+06 1.207894126578895566e+03
5.736835690357012936e+04 1.881451714100615121e+06 1.207746610699518669e+03
5.736835690420764877e+04 1.879922132701729657e+06 1.208421346897903959e+03
5.736835690484516817e+04 1.881089129612599965e+06 1.209797438835843650e+03
5.736835690548268758e+04 1.881012289836250711e+06 1.209964118303199712e+03
5.736835690612020699e+04 1.878634593901180662e+06 1.210207304845380577e+03
5.736835690675772639e+04 1.881176229347897228e+06 1.211609985140549952e+03
5.736835690739524580e+04 1.880162772777711973e+06 1.211961618339128336e+03
5.736835690803276520e+04 1.879713723960413132e+06 1.212838502986430058e+03
5.736835690867028461e+04 1.878967464071483817e+06 1.213391964631179007e+03
5.736835690930780402e+04 1.878069119403620018e+06 1.214130528824105113e+03
5.736835690994531615e+04 1.877977094147590920e+06 1.214825956190372153e+03
5.736835691058283555e+04 1.877707425218167249e+06 1.215479223289265292e+03
5.736835691122035496e+04 1.880091465670886915e+06 1.216787014578819708e+03
5.736835691185787437e+04 1.877416807406999869e+06 1.216687424190973616e+03
5.736835691249539377e+04 1.877978683506535366e+06 1.217790455329635506e+03
5.736835691313291318e+04 1.876968994469215861e+06 1.218402518911053448e+03
5.736835691377043258e+04 1.876151719215615653e+06 1.219001080295623296e+03
5.736835691440795199e+04 1.881276624097609427e+06 1.220944574441640043e+03
5.736835691504547140e+04 1.875125949547725264e+06 1.220558657718255063e+03
5.736835691568299080e+04 1.875296519953799667e+06 1.221206322045587740e+03
5.736835691632051021e+04 1.874372126193745062e+06 1.221385335300975385e+03
5.736835691695802961e+04 1.873135633381832391e+06 1.221905834866343184e+03
5.736835691759554902e+04 1.874090414501034888e+06 1.223127415182538471e+03
5.736835691823306843e+04 1.874588371858394705e+06 1.224345882674801032e+03
5.736835691887058783e+04 1.875868135837860638e+06 1.224804815825017613e+03
5.736835691950810724e+04 1.875301068341131555e+06 1.225572086795814130e+03
5.736835692014562665e+04 1.877594429142856039e+06 1.226831069444179320e+03
5.736835692078314605e+04 1.882242733235523570e+06 1.229035792028173319e+03
5.736835692142066546e+04 1.879039519484580494e+06 1.228602879629947893e+03
5.736835692205818486e+04 1.879640695895885117e+06 1.229671356545689150e+03
5.736835692269570427e+04 1.876244353327989345e+06 1.229603223470109469e+03
5.736835692333322368e+04 1.876325854788188357e+06 1.230260178480726836e+03
5.736835692397074308e+04 1.876459669023795519e+06 1.231246620276957856e+03
5.736835692460826249e+04 1.875469465177222155e+06 1.231655854077327831e+03
5.736835692524578189e+04 1.874677947098500794e+06 1.232423898450001161e+03
5.736835692588329402e+04 1.877975785998599837e+06 1.233963847608728884e+03
5.736835692652081343e+04 1.875383284916298930e+06 1.233956056632679292e+03
5.736835692715833284e+04 1.875555835006650537e+06 1.234745335450162884e+03
5.736835692779585224e+04 1.876721542297470616e+06 1.235696035731299617e+03
5.736835692843337165e+04 1.878355079550286522e+06 1.236972004699109675e+03
5.736835692907089106e+04 1.875509002855135594e+06 1.236953559988812913e+03
5.736835692970841046e+04 1.877202537022172008e+06 1.238319200607556013e+03
5.736835693034592987e+04 1.876477035324238706e+06 1.238820699775816593e+03
5.736835693098344927e+04 1.873142217791503295e+06 1.238857149026336401e+03
5.736835693162096868e+04 1.870917547756538261e+06 1.239031889568328552e+03
5.736835693225848809e+04 1.873365712735581445e+06 1.240350967266690077e+03
5.736835693289600749e+04 1.868711919813478831e+06 1.239939336289601670e+03
5.736835693353352690e+04 1.867439186234581983e+06 1.240827347149828483e+03
5.736835693417104630e+04 1.868952168486969778e+06 1.241559972238284672e+03
5.736835693480856571e+04 1.869216157015514094e+06 1.242242317604481741e+03
5.736835693544608512e+04 1.871131444723515306e+06 1.243586360860581635e+03
5.736835693608360452e+04 1.870562091055478901e+06 1.244153764857887836e+03
5.736835693672112393e+04 1.870912245867650723e+06 1.244908946417444895e+03
5.736835693735864334e+04 1.869313557934583630e+06 1.245401455958105771e+03
5.736835693799616274e+04 1.867165743608985329e+06 1.245634407118753870e+03
5.736835693863368215e+04 1.868363836447708542e+06 1.246633683311625191e+03
5.736835693927120155e+04 1.870481914043101482e+06 1.247749682092930925e+03
5.736835693990872096e+04 1.867744617460096721e+06 1.248033566933435850e+03
5.736835694054624037e+04 1.869354657730542589e+06 1.248892814929094129e+03
5.736835694118375977e+04 1.868375820786078926e+06 1.249478821917828782e+03
5.736835694182127190e+04 1.868172917535398621e+06 1.250363152623465112e+03
5.736835694245879131e+04 1.866903257072542328e+06 1.250796263916232647e+03
5.736835694309631072e+04 1.866562240595279960e+06 1.251548548716308460e+03
5.736835694373383012e+04 1.867808902217475465e+06 1.252326652262432162e+03
5.736835694437134953e+04 1.865222145012079971e+06 1.252746095039492502e+03
5.736835694500886893e+04 1.865659425621051807e+06 1.253671809388108386e+03
5.736835694564638834e+04 1.863707249207249610e+06 1.253851258132254088e+03
5.736835694628390775e+04 1.865175138088899199e+06 1.254974332154147078e+03
5.736835694692142715e+04 1.867201046729634516e+06 1.256366910952418266e+03
5.736835694755894656e+04 1.866029510977967409e+06 1.257098597128431720e+03
5.736835694819646596e+04 1.864898237956703175e+06 1.257356096956553074e+03
5.736835694883398537e+04 1.868960957446524408e+06 1.259153070657507897e+03
5.736835694947150478e+04 1.873795312995285727e+06 1.261103664869505337e+03
5.736835695010902418e+04 1.872806796737121418e+06 1.261785168159828800e+03
5.736835695074654359e+04 1.870844799582731677e+06 1.261980287529989710e+03
5.736835695138406300e+04 1.874847597676001024e+06 1.263807653230866435e+03
5.736835695202158240e+04 1.867761783490767237e+06 1.263189139182750068e+03
5.736835695265910181e+04 1.866000174347253516e+06 1.264074427869892133e+03
5.736835695329662121e+04 1.868598322012196295e+06 1.264924007613076810e+03
5.736835695393414062e+04 1.868953552756220801e+06 1.266148807198279201e+03
5.736835695457166003e+04 1.870469320256296080e+06 1.267686406598191752e+03
5.736835695520917943e+04 1.868401352361721452e+06 1.267828370049027171e+03
5.736835695584669884e+04 1.870114275621518027e+06 1.269114000973788279e+03
5.736835695648421824e+04 1.871344198813454714e+06 1.270108440608601995e+03
5.736835695712173765e+04 1.873649184627775801e+06 1.271092331406430048e+03
5.736835695775924978e+04 1.870063975880519487e+06 1.271067319884988365e+03
5.736835695839676919e+04 1.867415680969997076e+06 1.271400945305000505e+03
5.736835695903428859e+04 1.867245569246207131e+06 1.271947494034613328e+03
5.736835695967180800e+04 1.874568441977575189e+06 1.274503808857008380e+03
5.736835696030932741e+04 1.864688099851576146e+06 1.272840623972771709e+03
5.736835696094684681e+04 1.859725058206254151e+06 1.272417759139079635e+03
5.736835696158436622e+04 1.859373910754918586e+06 1.273341442346731583e+03
5.736835696222188562e+04 1.853298598298564786e+06 1.272812944127418405e+03
5.736835696285940503e+04 1.845327471771792043e+06 1.270856748911262002e+03
5.736835696349692444e+04 1.837201676815976389e+06 1.269877742706269146e+03
5.736835696413444384e+04 1.830903739284876501e+06 1.268912299967139688e+03
5.736835696477196325e+04 1.824259646132841241e+06 1.268060756382597447e+03
5.736835696540948265e+04 1.819120773870040663e+06 1.266773203367444466e+03
5.736835696604700206e+04 1.809123160440894077e+06 1.265365003231795299e+03
5.736835696668452147e+04 1.798206432028323179e+06 1.264776939398058630e+03
5.736835696732204087e+04 1.773693466560481116e+06 1.265191564146471364e+03
5.736835696795956028e+04 1.729988662058231886e+06 1.269814251965431140e+03
5.736835696859707969e+04 1.683170041836883873e+06 1.273094535594227182e+03
5.736835696923459909e+04 1.678135165227156598e+06 1.272655828341399229e+03
5.736835696987211850e+04 1.660460461929481942e+06 1.277463431770908528e+03
5.736835697050963790e+04 1.663023537050350569e+06 1.283162356533140610e+03
5.736835697114715731e+04 1.695597523586747237e+06 1.282738835394922035e+03
5.736835697178467672e+04 1.691687589400256518e+06 1.281598955700233319e+03
5.736835697242219612e+04 1.670385189014602453e+06 1.282125006878048453e+03
5.736835697305970825e+04 1.654243499431419652e+06 1.282040536221949424e+03
5.736835697369722766e+04 1.625055219113955740e+06 1.279445247763776706e+03
5.736835697433474706e+04 1.625336133832005551e+06 1.278673907743428799e+03
5.736835697497226647e+04 1.627911728206072934e+06 1.276257925602550586e+03
5.736835697560978588e+04 1.641804042676695855e+06 1.278057158104619702e+03
5.736835697624730528e+04 1.616165943685268518e+06 1.278102602188889250e+03
5.736835697688482469e+04 1.636109406007969286e+06 1.272970258025327894e+03
5.736835697752234410e+04 1.621823124768558657e+06 1.272048684043012599e+03
5.736835697815986350e+04 1.626340119931113208e+06 1.272233427759911592e+03
5.736835697879738291e+04 1.611581174638975412e+06 1.272695025005217076e+03
5.736835697943490231e+04 1.645809786315277219e+06 1.256125032130356658e+03
5.736835698007242172e+04 1.685477433372787666e+06 1.253023423680903761e+03
5.736835698070994113e+04 1.687116298386121634e+06 1.252518972044547809e+03
5.736835698134746053e+04 1.673898881592854392e+06 1.249469643314891982e+03
5.736835698198497994e+04 1.623228504204172408e+06 1.237379532300226629e+03
5.736835698262249934e+04 1.604369587633675663e+06 1.233384034903075190e+03
5.736835698326001875e+04 1.594218142038247082e+06 1.231528855044691909e+03
5.736835698389753816e+04 1.588424301170841558e+06 1.230917832619561295e+03
5.736835698453505756e+04 1.584294079802469816e+06 1.230104974131982772e+03
5.736835698517257697e+04 1.571937467111002887e+06 1.227920088015955344e+03
5.736835698581009638e+04 1.563278551156672882e+06 1.226596033426972099e+03
5.736835698644761578e+04 1.554999989203396253e+06 1.225267846677969146e+03
5.736835698708513519e+04 1.546884594568753615e+06 1.224261049765357711e+03
5.736835698772265459e+04 1.541634895864294609e+06 1.223334316668250267e+03
5.736835698836017400e+04 1.531990342046893202e+06 1.221979489015099034e+03
5.736835698899768613e+04 1.526316817449815804e+06 1.220920739470826675e+03
5.736835698963520554e+04 1.517330610179892741e+06 1.219453199884856986e+03
5.736835699027272494e+04 1.510316693418082781e+06 1.218403896711061634e+03
5.736835699091024435e+04 1.501955969553369097e+06 1.217156217665522490e+03
5.736835699154776376e+04 1.491445992671736516e+06 1.215797786401998565e+03
5.736835699218528316e+04 1.482039327876634896e+06 1.214634681258237379e+03
5.736835699282280257e+04 1.474623175936462125e+06 1.214146452358027773e+03
5.736835699346032197e+04 1.466920140591036761e+06 1.212963146709025523e+03
5.736835699409784138e+04 1.455355656862617936e+06 1.211198211350404108e+03
5.736835699473536079e+04 1.447970928618523758e+06 1.209897399356363394e+03
5.736835699537288019e+04 1.440546669750610832e+06 1.208256520353727637e+03
5.736835699601039960e+04 1.434514721834997879e+06 1.207313910968517348e+03
5.736835699664791900e+04 1.427296966185841942e+06 1.206415011964919813e+03
5.736835699728543841e+04 1.420751527148854919e+06 1.205687617525329642e+03
5.736835699792295782e+04 1.410520093574187253e+06 1.204045274725416220e+03
5.736835699856047722e+04 1.401173850808137795e+06 1.202853267107938564e+03
5.736835699919799663e+04 1.395903303445409052e+06 1.201631529710237828e+03
5.736835699983551604e+04 1.389159640399046708e+06 1.200625763679532383e+03
5.736835700047303544e+04 1.377507704948451836e+06 1.198944411347239566e+03
5.736835700111055485e+04 1.375718506414139876e+06 1.198659385141533903e+03
5.736835700174807425e+04 1.364028639755227137e+06 1.196835592296169807e+03
5.736835700238559366e+04 1.357824678020635387e+06 1.195815348917325537e+03
5.736835700302311307e+04 1.346331411769513041e+06 1.193511541778404990e+03
5.736835700366063247e+04 1.342732949352430878e+06 1.192403677078698593e+03
5.736835700429815188e+04 1.335387887255350128e+06 1.190581208273301399e+03
5.736835700493566401e+04 1.331615167957643978e+06 1.190462044085402340e+03
5.736835700557318341e+04 1.324036730892457999e+06 1.188953787988337581e+03
5.736835700621070282e+04 1.314170126531480812e+06 1.187229833615414009e+03
5.736835700684822223e+04 1.304822910518648103e+06 1.185743711563181705e+03
5.736835700748574163e+04 1.296568357330782805e+06 1.184433562694058310e+03
5.736835700812326104e+04 1.289631926807892509e+06 1.183261567967625524e+03
5.736835700876078045e+04 1.282080463307773229e+06 1.182296479351311064e+03
5.736835700939829985e+04 1.272433459378146566e+06 1.180513682824067928e+03
5.736835701003581926e+04 1.265419338508995716e+06 1.179555753306822908e+03
5.736835701067333866e+04 1.255525905214658473e+06 1.177937256341826242e+03
5.736835701131085807e+04 1.249922635202553356e+06 1.176933264424545769e+03
5.736835701194837748e+04 1.238563341314140707e+06 1.175050876271424613e+03
5.736835701258589688e+04 1.233855177741254913e+06 1.174544151007391974e+03
5.736835701322341629e+04 1.224783495728947222e+06 1.173160252241881835e+03
5.736835701386093569e+04 1.215488863369350322e+06 1.171572972515344873e+03
5.736835701449845510e+04 1.210607175707120681e+06 1.170865072578425952e+03
5.736835701513597451e+04 1.201582509311614558e+06 1.169540079818614231e+03
5.736835701577349391e+04 1.193690197769621853e+06 1.168186873557078570e+03
5.736835701641101332e+04 1.184150319698276464e+06 1.167735725266296640e+03
5.736835701704853273e+04 1.156442072422889993e+06 1.169785719505694942e+03
5.736835701768605213e+04 1.138362860480222851e+06 1.170790129776277809e+03
5.736835701832357154e+04 1.122952727046444314e+06 1.170142326580119970e+03
5.736835701896109094e+04 1.111719265002779197e+06 1.169253227917123922e+03
5.736835701959861035e+04 1.108273052178589394e+06 1.166652506799887760e+03
5.736835702023612976e+04 1.097678118380772881e+06 1.167098490590233951e+03
5.736835702087364189e+04 1.079812125377659220e+06 1.167097184267472358e+03
5.736835702151116129e+04 1.054390552040636539e+06 1.167334735540380279e+03
5.736835702214868070e+04 1.014042346833063755e+06 1.171622059177030224e+03
5.736835702278620010e+04 8.925632388762409100e+05 1.191489607936083530e+03
5.736835702342371951e+04 5.226922641031525563e+05 1.235558982625374028e+03
5.736835702406123892e+04 2.205851809752436820e+05 1.273403034165991130e+03
5.736835702469875832e+04 1.551641639743926935e+05 1.280451047152440424e+03
5.736835702533627773e+04 1.613144846563271713e+05 1.277368509708494003e+03
5.736835702597379714e+04 9.679193162553454749e+04 1.283541712630324582e+03
5.736835702661131654e+04 1.575577684628814459e+05 1.272298438992871979e+03
5.736835702724883595e+04 2.167185561827251222e+05 1.262721671827798900e+03
5.736835702788635535e+04 1.949686601319867186e+05 1.263292497205294922e+03
5.736835702852387476e+04 1.230998895738720894e+05 1.269921313881359993e+03
5.736835702916139417e+04 2.082788434982742183e+04 1.280763872130895834e+03
5.736835702979891357e+04 -1.868217984210583381e+04 1.284944507482297468e+03
5.736835703043643298e+04 1.435303584242728539e+04 1.278051909850317315e+03
5.736835703107395238e+04 -2.151135779954423197e+04 1.280567532508207023e+03
5.736835703171147179e+04 -5.376877277224627323e+04 1.282371963546807820e+03
5.736835703234899120e+04 -3.366347228025132790e+04 1.277099371483310506e+03
5.736835703298651060e+04 3.689083217825973406e+04 1.266454507598782811e+03
5.736835703362403001e+04 6.057781846386520192e+04 1.260850395436172676e+03
5.736835703426154942e+04 9.744964300227630883e+04 1.253863688327498267e+03
5.736835703489906882e+04 4.556226704797097482e+05 1.202930842891782049e+03
5.736835703553658823e+04 8.718409610102156876e+05 1.141505258002273422e+03
5.736835703617410036e+04 9.528574452220789390e+05 1.127778358164252722e+03
5.736835703681161976e+04 9.643382954051132547e+05 1.124804323887258079e+03
5.736835703744913917e+04 9.619426883638965664e+05 1.122378547018735162e+03
5.736835703808665858e+04 9.597752307317076484e+05 1.120880332732938086e+03
5.736835703872417798e+04 9.557971178349275142e+05 1.118926574211321167e+03
5.736835703936169739e+04 9.500112409569401061e+05 1.116235127716104898e+03
5.736835703999921679e+04 9.473651262278269278e+05 1.115075342336393305e+03
5.736835704063673620e+04 9.453262406134066405e+05 1.113902042541259107e+03
5.736835704127425561e+04 9.406329393622823991e+05 1.112489955037717209e+03
5.736835704191177501e+04 9.370755560638493625e+05 1.110222163975294734e+03
5.736835704254929442e+04 9.300101617476509418e+05 1.107561055752918719e+03
5.736835704318681383e+04 9.275526541689410806e+05 1.106470833246959501e+03
5.736835704382433323e+04 9.223689299779713620e+05 1.104541680373118197e+03
5.736835704446185264e+04 9.189435054412507452e+05 1.103499434499144627e+03
5.736835704509937204e+04 9.107896570629511261e+05 1.100670578367500411e+03
5.736835704573689145e+04 9.070374160029522609e+05 1.099194171305217651e+03
5.736835704637441086e+04 9.035945921172354138e+05 1.097787294537675962e+03
5.736835704701193026e+04 8.954925340559319593e+05 1.095557132187601610e+03
5.736835704764944967e+04 8.887189097884148359e+05 1.093166716985356743e+03
5.736835704828696907e+04 8.799133727971685585e+05 1.090549769647570201e+03
5.736835704892448848e+04 8.742820780760132475e+05 1.088387653800165253e+03
5.736835704956200789e+04 8.697883544425540604e+05 1.087061701817752237e+03
5.736835705019952729e+04 8.652440357076906366e+05 1.085326009209489712e+03
5.736835705083704670e+04 8.596519291140026180e+05 1.083577344323019133e+03
5.736835705147456611e+04 8.543165195408182917e+05 1.081633743612178023e+03
5.736835705211207824e+04 8.448559744628855260e+05 1.081024598906954679e+03
5.736835705274959764e+04 8.452459409596975893e+05 1.078389423610763743e+03
5.736835705338711705e+04 8.391991349531362066e+05 1.076377294620636121e+03
5.736835705402463645e+04 8.344574156283469638e+05 1.074987155686681035e+03
5.736835705466215586e+04 8.306306977475235472e+05 1.073375318930862477e+03
5.736835705529967527e+04 8.232906177075512242e+05 1.071035777165135869e+03
5.736835705593719467e+04 8.177569660756665980e+05 1.069124383895371238e+03
5.736835705657471408e+04 8.130008366057904204e+05 1.067571486695479962e+03
5.736835705721223349e+04 8.056115042310731951e+05 1.065245158826850457e+03
5.736835705784975289e+04 8.020957665255384054e+05 1.064322688496464480e+03
5.736835705848727230e+04 7.967499142393132206e+05 1.062205395548852948e+03
5.736835705912479170e+04 7.909552860128958710e+05 1.060565208808462103e+03
5.736835705976231111e+04 7.858623477548400406e+05 1.058848699040687961e+03
5.736835706039983052e+04 7.816261555791322608e+05 1.057212073220479851e+03
5.736835706103734992e+04 7.755295370155795245e+05 1.055524277766759269e+03
5.736835706167486933e+04 7.697882349476006348e+05 1.053821677644746387e+03
5.736835706231238873e+04 7.639940740068265004e+05 1.051883532445695437e+03
5.736835706294990814e+04 7.590549472160139121e+05 1.050123688916140509e+03
5.736835706358742755e+04 7.556683381603007438e+05 1.048816996364869510e+03
5.736835706422494695e+04 7.495631077338692266e+05 1.046605423656821586e+03
5.736835706486246636e+04 7.448977645145703573e+05 1.045028281232036989e+03
5.736835706549998577e+04 7.387584274584155064e+05 1.043634529623974231e+03
5.736835706613750517e+04 7.305444928718084702e+05 1.042187706825042142e+03
5.736835706677502458e+04 7.204290918731184211e+05 1.041574032458448755e+03
5.736835706741254398e+04 7.155019837961458834e+05 1.040485183745378890e+03
5.736835706805005611e+04 7.107381699943748536e+05 1.038628876485672436e+03
5.736835706868757552e+04 7.120572465384975076e+05 1.039646284491830784e+03
5.736835706932509493e+04 7.336095159025918692e+05 1.044605394725464748e+03
5.736835706996261433e+04 7.716586032610004768e+05 1.055392642952884671e+03
5.736835707060013374e+04 7.839569737332236255e+05 1.060209994501802385e+03
5.736835707123765314e+04 7.704652538664541207e+05 1.055899107855162356e+03
5.736835707187517255e+04 7.836303564741078299e+05 1.060421425725365225e+03
5.736835707251269196e+04 7.639544407178137917e+05 1.053899695094224853e+03
5.736835707315021136e+04 7.476003179666084470e+05 1.048034458430656287e+03
5.736835707378773077e+04 7.527948271609062795e+05 1.049734572444003788e+03
5.736835707442525018e+04 7.524494618557728827e+05 1.050091716904304349e+03
5.736835707506276958e+04 7.668293518693639198e+05 1.053979159805623794e+03
5.736835707570028899e+04 7.526534855685418006e+05 1.048431442966774057e+03
5.736835707633780839e+04 7.501635635550762527e+05 1.047381155826310760e+03
5.736835707697532780e+04 7.418752346923868172e+05 1.045086270689268986e+03
5.736835707761284721e+04 7.528870039232370909e+05 1.045962824613601697e+03
5.736835707825036661e+04 7.494043471761330729e+05 1.042042499783993890e+03
5.736835707888788602e+04 7.190147443505319534e+05 1.032000102024591342e+03
5.736835707952540542e+04 7.404303432737538824e+05 1.037905464763546206e+03
5.736835708016292483e+04 7.386957602064769017e+05 1.036998451624445352e+03
5.736835708080044424e+04 6.873123610051238211e+05 1.020991971542283181e+03
5.736835708143796364e+04 6.264203177204302046e+05 1.001987364134106201e+03
5.736835708207548305e+04 6.280710023139850236e+05 1.002171733257806409e+03
5.736835708271300246e+04 6.607514170690595638e+05 1.013159393812276107e+03
5.736835708335052186e+04 6.839639414926844183e+05 1.019659781651164849e+03
5.736835708398803399e+04 6.756342859008711530e+05 1.015648387389127606e+03
5.736835708462555340e+04 6.817050991880897200e+05 1.017012398762803286e+03
5.736835708526307280e+04 6.780147643985726172e+05 1.015344144933552684e+03
5.736835708590059221e+04 6.468041093875205843e+05 1.005470360525924207e+03
5.736835708653811162e+04 6.547368113814631943e+05 1.007733336446467320e+03
5.736835708717563102e+04 6.533283111045031110e+05 1.006799399464241105e+03
5.736835708781315043e+04 6.734515701829013415e+05 1.013059021789682902e+03
5.736835708845066983e+04 6.568131943880695617e+05 1.007398433913613871e+03
5.736835708908818924e+04 6.508984856316195801e+05 1.005435353154643622e+03
5.736835708972570865e+04 6.474084335858579725e+05 1.004080501740214800e+03
5.736835709036322805e+04 6.500673148351716809e+05 1.004817037046392898e+03
5.736835709100074746e+04 6.510488065588412574e+05 1.004388911652119532e+03
5.736835709163826687e+04 6.077872731762266485e+05 9.911194134994919978e+02
5.736835709227578627e+04 6.250056447844791692e+05 9.961536577081844825e+02
5.736835709291330568e+04 6.227790945684857434e+05 9.951362403744967651e+02
5.736835709355082508e+04 5.974588208077505697e+05 9.867758643286171036e+02
5.736835709418834449e+04 5.255217596692421939e+05 9.633866772903598985e+02
5.736835709482586390e+04 5.000738287136638537e+05 9.550073530364383032e+02
5.736835709546338330e+04 4.931661425260963151e+05 9.528166823508126981e+02
5.736835709610090271e+04 4.874144987628478557e+05 9.508428758583650051e+02
5.736835709673842211e+04 4.845908081484680297e+05 9.492524803851416664e+02
5.736835709737594152e+04 4.820355269106891938e+05 9.481165262796682782e+02
5.736835709801346093e+04 4.807242607099454617e+05 9.476433894513963878e+02
5.736835709865098033e+04 4.776333959039989859e+05 9.461109106530255985e+02
5.736835709928849974e+04 4.714865390350288944e+05 9.443289797243729708e+02
5.736835709992601187e+04 4.649887671043764567e+05 9.419485245526072958e+02
5.736835710056353128e+04 4.602017801661902340e+05 9.405290181539669447e+02
5.736835710120105068e+04 4.579474252792539774e+05 9.391321431344558732e+02
5.736835710183857009e+04 4.520762219145102426e+05 9.366459483795916867e+02
5.736835710247608949e+04 4.496919778028596193e+05 9.353814443209781757e+02
5.736835710311360890e+04 4.438575918002085527e+05 9.332430482019287865e+02
5.736835710375112831e+04 4.374680360436459305e+05 9.307211186292510092e+02
5.736835710438864771e+04 4.334884550435217097e+05 9.292422492261813431e+02
5.736835710502616712e+04 4.282701934965730179e+05 9.268323460657991291e+02
5.736835710566368653e+04 4.243081211632594932e+05 9.252346215414560220e+02
5.736835710630120593e+04 4.166668896120615536e+05 9.221197909158507855e+02
5.736835710693872534e+04 4.113360164927137084e+05 9.199729911369917090e+02
5.736835710757624474e+04 4.059595603775500786e+05 9.176292143888758801e+02
5.736835710821376415e+04 3.989158407337659737e+05 9.148850220816976844e+02
5.736835710885128356e+04 3.923839269343543565e+05 9.125101290277976887e+02
5.736835710948880296e+04 3.810695967355208704e+05 9.078242877309186269e+02
5.736835711012632237e+04 3.760718012660427485e+05 9.056986927620885126e+02
5.736835711076384177e+04 3.691074629377023084e+05 9.034626254664822227e+02
5.736835711140136118e+04 3.622321498575111618e+05 9.004440361442473204e+02
5.736835711203888059e+04 3.569415087533472106e+05 8.983753885430869559e+02
5.736835711267639999e+04 3.502761587935566204e+05 8.958943411058251058e+02
5.736835711331391940e+04 3.448638477741292445e+05 8.933548332726511489e+02
5.736835711395143881e+04 3.373565364658815088e+05 8.908348967577339863e+02
5.736835711458895821e+04 3.339435882466924377e+05 8.890294221215035577e+02
5.736835711522647034e+04 3.261365756755220937e+05 8.865223401573121009e+02
5.736835711586398975e+04 3.209433123690389330e+05 8.840341929649134727e+02
5.736835711650150915e+04 3.142553642322445521e+05 8.817526895801988758e+02
5.736835711713902856e+04 3.106962512261138763e+05 8.797242374476026043e+02
5.736835711777654797e+04 3.050368812663209392e+05 8.772094747830119559e+02
5.736835711841406737e+04 2.997838932459885255e+05 8.752113130979744255e+02
5.736835711905158678e+04 2.945218702425739029e+05 8.725961390942605931e+02
5.736835711968910618e+04 2.918767253384790383e+05 8.714040433604986902e+02
5.736835712032662559e+04 2.856277879312830046e+05 8.687430365792544080e+02
5.736835712096414500e+04 2.891825687886580126e+05 8.698923087494606534e+02
5.736835712160166440e+04 2.745205364636725280e+05 8.644998614523640299e+02
5.736835712223918381e+04 2.686817573182812193e+05 8.621106177923151108e+02
5.736835712287670322e+04 2.641653449451186461e+05 8.598128282490753236e+02
5.736835712351422262e+04 2.594583538815581705e+05 8.580651369898849907e+02
5.736835712415174203e+04 2.516220303132889094e+05 8.554837534957374601e+02
5.736835712478926143e+04 2.473390786263298942e+05 8.537007839370573947e+02
5.736835712542678084e+04 2.408397516824335326e+05 8.513953434296558953e+02
5.736835712606430025e+04 2.401821508732620860e+05 8.514233456766356767e+02
5.736835712670181965e+04 2.294558167253830470e+05 8.469634656866538762e+02
5.736835712733933906e+04 2.240356167657535989e+05 8.449268618080593569e+02
5.736835712797685846e+04 2.195635760047591757e+05 8.423898032415023636e+02
5.736835712861437787e+04 2.137958838860933902e+05 8.401030192599104112e+02
5.736835712925189728e+04 2.093001451413225150e+05 8.382665213029548568e+02
5.736835712988941668e+04 2.018798205257881200e+05 8.357486391232029064e+02
5.736835713052693609e+04 1.976230171677307226e+05 8.333744386407909133e+02
5.736835713116444822e+04 1.940374843810659368e+05 8.314576959536066170e+02
5.736835713180196763e+04 1.876228123194677755e+05 8.287369684994695263e+02
5.736835713243948703e+04 1.834812745103478665e+05 8.268050441763377876e+02
5.736835713307700644e+04 1.759892565152390162e+05 8.240228447532471137e+02
5.736835713371452584e+04 1.714678281905036420e+05 8.212314450789443754e+02
5.736835713435204525e+04 1.660474102111491375e+05 8.191410249975430133e+02
5.736835713498956466e+04 1.604103314411063911e+05 8.169284282375219846e+02
5.736835713562708406e+04 1.570056950234759133e+05 8.148389946147627825e+02
5.736835713626460347e+04 1.541154214437612100e+05 8.119696466063969638e+02
5.736835713690212287e+04 1.473643227268408518e+05 8.088588685042439010e+02
5.736835713753964228e+04 1.440812235924575943e+05 8.075022169653118453e+02
5.736835713817716169e+04 1.398876874253265560e+05 8.052028712545189819e+02
5.736835713881468109e+04 1.311699447407636326e+05 8.021749515860767588e+02
5.736835713945220050e+04 1.278124774599495577e+05 8.000202925895954422e+02
5.736835714008971991e+04 1.220198833309349138e+05 7.979837470454579034e+02
5.736835714072723931e+04 1.174252112774251727e+05 7.953482457327877455e+02
5.736835714136475872e+04 1.114052287571425550e+05 7.929808559013323475e+02
5.736835714200227812e+04 1.075548602196753491e+05 7.903861925130065629e+02
5.736835714263979753e+04 1.008506753525158856e+05 7.873508713646482420e+02
5.736835714327731694e+04 9.627688412800815422e+04 7.854446392115223716e+02
5.736835714391483634e+04 9.063723873093351722e+04 7.826671936110095658e+02
5.736835714455235575e+04 8.477132022351084743e+04 7.803552491931493478e+02
5.736835714518987515e+04 8.013101310811215080e+04 7.779330637670000215e+02
5.736835714582739456e+04 7.546816591119207442e+04 7.755471229491596432e+02
5.736835714646491397e+04 6.981504450572363567e+04 7.733650888971690165e+02
5.736835714710242610e+04 6.473009638454217929e+04 7.708622473576563152e+02
5.736835714773994550e+04 6.136393160462635569e+04 7.683456462226212125e+02
5.736835714837746491e+04 5.408935394838964567e+04 7.652868519076298526e+02
5.736835714901498432e+04 4.988768101310112979e+04 7.630332684484227457e+02
5.736835714965250372e+04 4.464918600048555527e+04 7.606885963544186779e+02
5.736835715029002313e+04 3.855242709856829606e+04 7.580150015935382726e+02
5.736835715092754253e+04 3.328481904206972104e+04 7.554371173140810924e+02
5.736835715156506194e+04 2.780534184637723956e+04 7.531547765882068006e+02
5.736835715220258135e+04 2.163328042598953471e+04 7.504761812048483307e+02
5.736835715284010075e+04 1.838949806666339282e+04 7.474972043902353107e+02
5.736835715347762016e+04 1.221115401875018142e+04 7.446628087506973088e+02
5.736835715411513956e+04 6.985890745087526739e+03 7.426063215399238970e+02
5.736835715475265897e+04 1.817605101568275131e+03 7.398111510483320217e+02
5.736835715539017838e+04 -3.015083653929876164e+03 7.372799963915189210e+02
5.736835715602769778e+04 -8.300920971147017553e+03 7.345450949312642024e+02
5.736835715666521719e+04 -1.272934325364115648e+04 7.321278155626497437e+02
5.736835715730273660e+04 -2.067850974822300486e+04 7.295166345492265236e+02
5.736835715794025600e+04 -2.425006578317680396e+04 7.269841819559434271e+02
5.736835715857777541e+04 -2.869199312789476244e+04 7.241969019958660283e+02
5.736835715921529481e+04 -3.391908333468902856e+04 7.215781135432346218e+02
5.736835715985281422e+04 -3.899396299178857589e+04 7.190142441435370984e+02
5.736835716049033363e+04 -4.527205044187861495e+04 7.160172118977213813e+02
5.736835716112785303e+04 -5.131999092931865016e+04 7.132042904475647447e+02
5.736835716176537244e+04 -5.655305380617704941e+04 7.102690057319234711e+02
5.736835716240289184e+04 -6.227657173884485383e+04 7.079717393805963184e+02
5.736835716304040398e+04 -6.643730631651490694e+04 7.052891077725536206e+02
5.736835716367792338e+04 -7.171072162200266030e+04 7.019618192632171940e+02
5.736835716431544279e+04 -7.612155008668557275e+04 6.997267816786081767e+02
5.736835716495296219e+04 -8.224434533623617608e+04 6.967481502282728343e+02
5.736835716559048160e+04 -8.796040446101222187e+04 6.938002360733627256e+02
5.736835716622800101e+04 -9.369422149538365193e+04 6.912617605695578504e+02
5.736835716686552041e+04 -9.765118048271955922e+04 6.887788490840586064e+02
5.736835716750303982e+04 -1.041982937017619261e+05 6.864397981976455867e+02
5.736835716814055922e+04 -1.114232479987272527e+05 6.832351894787909714e+02
5.736835716877807863e+04 -1.165028776282522595e+05 6.807179550886802417e+02
5.736835716941559804e+04 -1.203868741177670890e+05 6.783808553228724350e+02
5.736835717005311744e+04 -1.275924371926194290e+05 6.748801581878989282e+02
5.736835717069063685e+04 -1.316199906740334700e+05 6.725600559695170659e+02
5.736835717132815626e+04 -1.367389474434376461e+05 6.689842810239813389e+02
5.736835717196567566e+04 -1.425264680790454149e+05 6.660256499607471596e+02
5.736835717260319507e+04 -1.465802933692907682e+05 6.639416340530383422e+02
5.736835717324071447e+04 -1.522182866416720208e+05 6.613567414917419001e+02
5.736835717387823388e+04 -1.606714844120753114e+05 6.584598433621553113e+02
5.736835717451575329e+04 -1.624494108275143662e+05 6.554752906433425323e+02
5.736835717515327269e+04 -1.685283591534517473e+05 6.526474396270685929e+02
5.736835717579079210e+04 -1.740524653219248285e+05 6.498228375375349515e+02
5.736835717642831150e+04 -1.776919487457154319e+05 6.471544272661642481e+02
5.736835717706583091e+04 -1.841038271751354914e+05 6.437862349333090606e+02
5.736835717770335032e+04 -1.928554626630020794e+05 6.422842083892991241e+02
5.736835717834086245e+04 -2.074190640229018172e+05 6.414420282721338253e+02
5.736835717897838185e+04 -2.206933052638747613e+05 6.403661726516362478e+02
5.736835717961590126e+04 -2.271408142645766493e+05 6.379214179589412197e+02
5.736835718025342067e+04 -2.336118297706246376e+05 6.347368441406604234e+02
5.736835718089094007e+04 -2.410838418626993662e+05 6.327167134302961813e+02
5.736835718152845948e+04 -2.405205830554696731e+05 6.282794946641819251e+02
5.736835718216597888e+04 -2.480920389382212888e+05 6.250292376088501669e+02
5.736835718280349829e+04 -2.529804669003301533e+05 6.225610864217429707e+02
5.736835718344101770e+04 -2.641973333712955937e+05 6.210345407410194412e+02
5.736835718407853710e+04 -2.707228592065481935e+05 6.176364138728973785e+02
5.736835718471605651e+04 -2.734212863731200341e+05 6.136228046213803964e+02
5.736835718535357591e+04 -2.807631591016376624e+05 6.112950897770570009e+02
5.736835718599109532e+04 -2.870510181350647472e+05 6.077578376380256486e+02
5.736835718662861473e+04 -2.969793823304773541e+05 6.057196662685801130e+02
5.736835718726613413e+04 -2.926938738238780643e+05 6.006303181392211172e+02
5.736835718790365354e+04 -2.994516536493877647e+05 5.969449157267372357e+02
5.736835718854117295e+04 -3.077604462365715299e+05 5.950226988907448913e+02
5.736835718917869235e+04 -3.112183298672967940e+05 5.911653381218061440e+02
5.736835718981621176e+04 -2.985053405850623385e+05 5.835666135090058333e+02
5.736835719045373116e+04 -2.966159401363963261e+05 5.773510677546714760e+02
5.736835719109125057e+04 -3.002806735679305857e+05 5.736774643052168585e+02
5.736835719172876998e+04 -3.040570419922866859e+05 5.699670275769794898e+02
5.736835719236628938e+04 -3.096654373321809107e+05 5.662176415586129679e+02
5.736835719300380879e+04 -3.147369032639049110e+05 5.630388539135244628e+02
5.736835719364132819e+04 -3.190413769665885484e+05 5.596611691130433428e+02
5.736835719427884032e+04 -3.244105119301175000e+05 5.559773707309856263e+02
5.736835719491635973e+04 -3.302188386936041061e+05 5.525221726560178013e+02
5.736835719555387914e+04 -3.350017970341619221e+05 5.494378726799365040e+02
5.736835719619139854e+04 -3.416075705938713509e+05 5.458002427584434599e+02
5.736835719682891795e+04 -3.455394511753169354e+05 5.423403948311724889e+02
5.736835719746643736e+04 -3.513103646720244433e+05 5.384534064914231521e+02
5.736835719810395676e+04 -3.561676016383239767e+05 5.350092112433404736e+02
5.736835719874147617e+04 -3.623262369640543475e+05 5.311557553146511736e+02
5.736835719937899557e+04 -3.668427550641528796e+05 5.278964745081825640e+02
5.736835720001651498e+04 -3.730946904098013183e+05 5.237966500478885337e+02
5.736835720065403439e+04 -3.781891950924501871e+05 5.202476682739053331e+02
5.736835720129155379e+04 -3.844806301339860074e+05 5.169795601446680848e+02
5.736835720192907320e+04 -3.922246784029360279e+05 5.146557666778388693e+02
5.736835720256659260e+04 -4.029534195457391907e+05 5.120846789309845235e+02
5.736835720320411201e+04 -4.106569118345726747e+05 5.092347741972408244e+02
5.736835720384163142e+04 -4.160233203333062120e+05 5.055560041703664638e+02
5.736835720447915082e+04 -4.218393295425548567e+05 5.020145071559754797e+02
5.736835720511667023e+04 -4.258516644465989666e+05 4.977528105602499409e+02
5.736835720575418964e+04 -4.303124872400620370e+05 4.932217591378826569e+02
5.736835720639170904e+04 -4.353122531358348788e+05 4.896142858975348986e+02
5.736835720702922845e+04 -4.412631968124982668e+05 4.860249889985714162e+02
5.736835720766674785e+04 -4.507488642109250068e+05 4.833015617487686768e+02
5.736835720830426726e+04 -4.550418088957466534e+05 4.787622865503128651e+02
5.736835720894178667e+04 -4.599033035081141861e+05 4.747951039946606215e+02
5.736835720957930607e+04 -4.637042655398258357e+05 4.704954708268540458e+02
5.736835721021681820e+04 -4.709175249493639567e+05 4.671259599026957972e+02
5.736835721085433761e+04 -4.750013319569220184e+05 4.624457160200802264e+02
5.736835721149185702e+04 -4.777092500877306447e+05 4.572129614729560672e+02
5.736835721212937642e+04 -4.849545959075834835e+05 4.537906500712356319e+02
5.736835721276689583e+04 -4.924220408296819078e+05 4.501753184068727478e+02
5.736835721340441523e+04 -4.902794756898747291e+05 4.433417091731153050e+02
5.736835721404193464e+04 -4.897214156248446670e+05 4.366919819520248325e+02
5.736835721467945405e+04 -4.877584992045948748e+05 4.339722771082442705e+02
5.736835721531697345e+04 -4.853208363812785246e+05 4.330295488449051504e+02
5.736835721595449286e+04 -4.825101387795989285e+05 4.319386613968924280e+02
5.736835721659201226e+04 -4.806829271827490302e+05 4.312280071246229909e+02
5.736835721722953167e+04 -4.786189930965200765e+05 4.304238757851809396e+02
5.736835721786705108e+04 -4.773048751305226469e+05 4.299110973121194093e+02
5.736835721850457048e+04 -4.773485505729629658e+05 4.299281496157976221e+02
5.736835721914208989e+04 -4.757064211648671189e+05 4.292865432071208147e+02
5.736835721977960930e+04 -4.731438277331934078e+05 4.282833763416606985e+02
5.736835722041712870e+04 -4.715508509011222050e+05 4.276585948632003351e+02
5.736835722105464811e+04 -4.670260188663919689e+05 4.258789110004974532e+02
5.736835722169216751e+04 -4.647721652159162331e+05 4.249896561518448834e+02
5.736835722232968692e+04 -4.623502958004546817e+05 4.240320323153043773e+02
5.736835722296720633e+04 -4.604380827446563053e+05 4.232743994852186802e+02
5.736835722360472573e+04 -4.582338712889392627e+05 4.223993887225576032e+02
5.736835722424224514e+04 -4.561896177396497806e+05 4.215862536168872907e+02
5.736835722487976454e+04 -4.535003736616535462e+05 4.205141683062897187e+02
5.736835722551728395e+04 -4.506048325514716562e+05 4.193567770759823929e+02
5.736835722615479608e+04 -4.495658825969106401e+05 4.189407137162586423e+02
5.736835722679231549e+04 -4.460398801888240268e+05 4.175255810105702494e+02
5.736835722742983489e+04 -4.420114697955767042e+05 4.159029178730244212e+02
5.736835722806735430e+04 -4.407184066745603923e+05 4.153807219201408998e+02
5.736835722870487371e+04 -4.386542398038292886e+05 4.145457570725035907e+02
5.736835722934239311e+04 -4.328557384672884946e+05 4.121911880536117678e+02
5.736835722997991252e+04 -4.280640315201518824e+05 4.102352450344804993e+02
5.736835723061743192e+04 -4.247901590754657518e+05 4.088934919516383957e+02
5.736835723125495133e+04 -4.221453349408333888e+05 4.078063222212742289e+02
5.736835723189247074e+04 -4.198358851427912596e+05 4.068546341342971004e+02
5.736835723252999014e+04 -4.169585966592963669e+05 4.056658250594746846e+02
5.736835723316750955e+04 -4.143138346742734429e+05 4.045700077472450857e+02
5.736835723380502895e+04 -4.117194135510672932e+05 4.034921567978548183e+02
5.736835723444254836e+04 -4.093682185359416762e+05 4.025128609428562072e+02
5.736835723508006777e+04 -4.067730916239373619e+05 4.014291914067989637e+02
5.736835723571758717e+04 -4.040276329778407817e+05 4.002795529171964404e+02
5.736835723635510658e+04 -4.013566793594924966e+05 3.991579352380104524e+02
5.736835723699262599e+04 -3.986951151633345871e+05 3.980371165570735457e+02
5.736835723763014539e+04 -3.974691855166156893e+05 3.975197989000011489e+02
5.736835723826766480e+04 -3.960212492608468165e+05 3.969079304535218284e+02
5.736835723890518420e+04 -3.910585843393162941e+05 3.948036143228744663e+02
5.736835723954270361e+04 -3.890508044145060703e+05 3.939490627640147977e+02
5.736835724018022302e+04 -3.860542502032444463e+05 3.926702099431009287e+02
5.736835724081774242e+04 -3.839891209287887905e+05 3.917864357696242905e+02
5.736835724145525455e+04 -3.823880748924922664e+05 3.910998921735755403e+02
5.736835724209277396e+04 -3.789593796834000386e+05 3.896255660909134804e+02
5.736835724273029336e+04 -3.771718378267562948e+05 3.888547130070659250e+02
5.736835724336781277e+04 -3.760518352431519306e+05 3.883709474957200882e+02
5.736835724400533218e+04 -3.749027815275043831e+05 3.878740068148265436e+02
5.736835724464285158e+04 -3.734781333917573793e+05 3.872569921046293757e+02
5.736835724528037099e+04 -3.709432092289060820e+05 3.861566793788791756e+02
5.736835724591789040e+04 -3.684438407521214685e+05 3.850687217736909247e+02
5.736835724655540980e+04 -3.646312960028379457e+05 3.834032013809561477e+02
5.736835724719292921e+04 -3.619357090547266416e+05 3.822212474183865538e+02
5.736835724783044861e+04 -3.598475960901556537e+05 3.813031387522313480e+02
5.736835724846796802e+04 -3.583600271678837598e+05 3.806477286390858694e+02
5.736835724910548743e+04 -3.558857393338379334e+05 3.795550718612213359e+02
5.736835724974300683e+04 -3.527632873888787581e+05 3.781716770131840235e+02
5.736835725038052624e+04 -3.506679808642683201e+05 3.772405121354451580e+02
5.736835725101804564e+04 -3.478850108338227146e+05 3.760001806598376106e+02
5.736835725165556505e+04 -3.459487943311423296e+05 3.751348164496869799e+02
5.736835725229308446e+04 -3.431148925567229744e+05 3.738646334262326718e+02
5.736835725293060386e+04 -3.411970876128454693e+05 3.730026001381127116e+02
5.736835725356812327e+04 -3.386412862562318332e+05 3.718506879683621378e+02
5.736835725420564268e+04 -3.351025131318334606e+05 3.702498292869559009e+02
5.736835725484316208e+04 -3.308160730286532198e+05 3.683014247640101644e+02
5.736835725548068149e+04 -3.270274245509205502e+05 3.665706698821276177e+02
5.736835725611820089e+04 -3.235485169498248142e+05 3.649741845095790040e+02
5.736835725675572030e+04 -3.217526256203685771e+05 3.641473032184152316e+02
5.736835725739323243e+04 -3.191498806291831424e+05 3.629455792160389365e+02
5.736835725803075184e+04 -3.162996184217550326e+05 3.616249918655159377e+02
5.736835725866827124e+04 -3.146547494732089108e+05 3.608606897404478104e+02
5.736835725930579065e+04 -3.115371116685182787e+05 3.594075935058239111e+02
5.736835725994331005e+04 -3.089019500697488547e+05 3.581747768245614338e+02
5.736835726058082946e+04 -3.064513987515076296e+05 3.570245069645097260e+02
5.736835726121834887e+04 -3.044404372240929515e+05 3.560778014013249049e+02
5.736835726185586827e+04 -3.016836050321509247e+05 3.547758548984874665e+02
5.736835726249338768e+04 -2.992447641921832110e+05 3.536200875969259982e+02
5.736835726313090709e+04 -2.963727991210750770e+05 3.522542005061706618e+02
5.736835726376842649e+04 -2.939799781638642889e+05 3.511121333663369342e+02
5.736835726440594590e+04 -2.907190929920273484e+05 3.495497412866983495e+02
5.736835726504346530e+04 -2.875287753008028376e+05 3.480143721311724789e+02
5.736835726568098471e+04 -2.849112052628307138e+05 3.467495657375164342e+02
5.736835726631850412e+04 -2.819874531766613363e+05 3.453313356666254208e+02
5.736835726695602352e+04 -2.790638058012536494e+05 3.439073081511672285e+02
5.736835726759354293e+04 -2.771096480843226309e+05 3.429521952529952387e+02
5.736835726823106233e+04 -2.744533772979741916e+05 3.416496365691943424e+02
5.736835726886858174e+04 -2.724045961823791731e+05 3.406415709636008842e+02
5.736835726950610115e+04 -2.693003658660170622e+05 3.391084808037178391e+02
5.736835727014362055e+04 -2.670338559486353188e+05 3.379847244050338873e+02
5.736835727078113996e+04 -2.649962691603059066e+05 3.369712712805996375e+02
5.736835727141865937e+04 -2.624813511341623962e+05 3.357161851981484801e+02
5.736835727205617877e+04 -2.598146160509917536e+05 3.343801877865769825e+02
5.736835727269369818e+04 -2.571754982877832663e+05 3.330527500979068805e+02
5.736835727333121031e+04 -2.551657756172768713e+05 3.320383295957965970e+02
5.736835727396872971e+04 -2.520937357961421949e+05 3.304816800441585656e+02
5.736835727460624912e+04 -2.498983440558260190e+05 3.293647340509243122e+02
5.736835727524376853e+04 -2.471733909822127898e+05 3.279730731510457531e+02
5.736835727588128793e+04 -2.448745855442819884e+05 3.267944414960992390e+02
5.736835727651880734e+04 -2.421143420667555183e+05 3.253735827653500223e+02
5.736835727715632675e+04 -2.396083485772135609e+05 3.240782062165324646e+02
5.736835727779384615e+04 -2.369694329290405440e+05 3.227084999809550254e+02
5.736835727843136556e+04 -2.348420491008655226e+05 3.216000528934687281e+02
5.736835727906888496e+04 -2.325456954639868636e+05 3.203992624732696299e+02
5.736835727970640437e+04 -2.298590321629772952e+05 3.189886366175677495e+02
5.736835728034392378e+04 -2.276105908229294873e+05 3.178032854670556731e+02
5.736835728098144318e+04 -2.254252493153198157e+05 3.166469475599727161e+02
5.736835728161896259e+04 -2.224215172281655541e+05 3.150506458420358626e+02
5.736835728225648199e+04 -2.202312781403248082e+05 3.138815484048406574e+02
5.736835728289400140e+04 -2.178742044743346341e+05 3.126185143908172677e+02
5.736835728353152081e+04 -2.146117750747280661e+05 3.108618802060952930e+02
5.736835728416904021e+04 -2.122067528014658892e+05 3.095605286470489546e+02
5.736835728480655962e+04 -2.094241542310692312e+05 3.080480116130385682e+02
5.736835728544407903e+04 -2.069725652973983961e+05 3.067092384357133028e+02
5.736835728608159843e+04 -2.047464007208602561e+05 3.054884832768152023e+02
5.736835728671911784e+04 -2.019270521979659679e+05 3.039354087413290699e+02
5.736835728735663724e+04 -1.995902433962005889e+05 3.026421069437588471e+02
5.736835728799415665e+04 -1.978304659938228724e+05 3.016645019706768380e+02
5.736835728863167606e+04 -1.942930855995901802e+05 2.996897416425368306e+02
5.736835728926918819e+04 -1.922313537853672460e+05 2.985327440669127554e+02
5.736835728990670759e+04 -1.893098958992472326e+05 2.968855663684393562e+02
5.736835729054422700e+04 -1.864840315367735748e+05 2.952835440111468870e+02
5.736835729118174640e+04 -1.844167557427348802e+05 2.941060492987276689e+02
5.736835729181926581e+04 -1.814546697560561879e+05 2.924106175433692556e+02
5.736835729245678522e+04 -1.784716711031800660e+05 2.906932226582191561e+02
5.736835729309430462e+04 -1.758944349597516702e+05 2.892012245494639728e+02
5.736835729373182403e+04 -1.732646980815622665e+05 2.876708568698137469e+02
5.736835729436934344e+04 -1.707637226908425218e+05 2.862078299002545236e+02
5.736835729500686284e+04 -1.679068438481633493e+05 2.845274009675508751e+02
5.736835729564438225e+04 -1.656249746790952922e+05 2.831780320578701549e+02
5.736835729628190165e+04 -1.628886855898773356e+05 2.815514178852427563e+02
5.736835729691942106e+04 -1.606340228920629888e+05 2.802040155133318535e+02
5.736835729755694047e+04 -1.581979481581255095e+05 2.787408797604748543e+02
5.736835729819445987e+04 -1.551889118761013960e+05 2.769229449323778454e+02
5.736835729883197928e+04 -1.527615232482933498e+05 2.754476741125979515e+02
5.736835729946949868e+04 -1.500527612484642013e+05 2.737920110946417935e+02
5.736835730010701809e+04 -1.480226827447143733e+05 2.725445829133630014e+02
5.736835730074453750e+04 -1.450230164050282910e+05 2.706908469637466510e+02
5.736835730138205690e+04 -1.426610976091889897e+05 2.692222449706955558e+02
5.736835730201957631e+04 -1.399864284171183826e+05 2.675494470473288970e+02
5.736835730265709572e+04 -1.371028099460217927e+05 2.657341714684665135e+02
5.736835730329461512e+04 -1.348087439876994176e+05 2.642811216350695531e+02
5.736835730393213453e+04 -1.325401569327832840e+05 2.628363104995707999e+02
5.736835730456965393e+04 -1.303932198343041382e+05 2.614616223634942003e+02
5.736835730520716606e+04 -1.280367867561734311e+05 2.599444250815429882e+02
5.736835730584468547e+04 -1.249623851393474615e+05 2.579515454090188200e+02
5.736835730648220488e+04 -1.223934036331871030e+05 2.562744027728335823e+02
5.736835730711972428e+04 -1.198204488938030263e+05 2.545835921736011471e+02
5.736835730775724369e+04 -1.178452356769618928e+05 2.532779274075280114e+02
5.736835730839476309e+04 -1.155841487925726105e+05 2.517749813843352626e+02
5.736835730903228250e+04 -1.126352439806934708e+05 2.498012556180172226e+02
5.736835730966980191e+04 -1.097315802343994292e+05 2.478424523752105415e+02
5.736835731030732131e+04 -1.073647269463881821e+05 2.462342527004332737e+02
5.736835731094484072e+04 -1.048421558947575104e+05 2.445086038338794197e+02
5.736835731158236013e+04 -1.020188500368117238e+05 2.425626684131611626e+02
5.736835731221987953e+04 -9.951597751900200092e+04 2.408244406804223559e+02
5.736835731285739894e+04 -9.700600992596447759e+04 2.390685936496385580e+02
5.736835731349491834e+04 -9.448193618884978059e+04 2.372897767507016340e+02
5.736835731413243775e+04 -9.191172895170483389e+04 2.354646393816327077e+02
5.736835731476995716e+04 -8.939840374726889422e+04 2.336661089231168660e+02
5.736835731540747656e+04 -8.657327596052234003e+04 2.316277824015481031e+02
5.736835731604499597e+04 -8.426065102682905854e+04 2.299457773726098537e+02
5.736835731668251537e+04 -8.166317654633286293e+04 2.280418052039817383e+02
5.736835731732003478e+04 -7.892545946389809251e+04 2.260176732105492476e+02
5.736835731795755419e+04 -7.652745435046924104e+04 2.242296962008580010e+02
5.736835731859507359e+04 -7.389661793071897409e+04 2.222515717461030818e+02
5.736835731923259300e+04 -7.143439987867232412e+04 2.203841471970579278e+02
5.736835731987011241e+04 -6.897805808384912962e+04 2.185052773744517651e+02
5.736835732050762454e+04 -6.647041478853848821e+04 2.165703529312692694e+02
5.736835732114514394e+04 -6.406416851085679082e+04 2.146972733651333556e+02
5.736835732178266335e+04 -6.168391140702702978e+04 2.128282063358621770e+02
5.736835732242018275e+04 -5.886948901043054502e+04 2.105968148599570497e+02
5.736835732305770216e+04 -5.622699091590522585e+04 2.084799942081726272e+02
5.736835732369522157e+04 -5.381275952249405236e+04 2.065270653723538317e+02
5.736835732433274097e+04 -5.131008066502137081e+04 2.044829011584183434e+02
5.736835732497026038e+04 -4.870777758780654403e+04 2.023354646419920471e+02
5.736835732560777979e+04 -4.625097831617240445e+04 2.002869705635162063e+02
5.736835732624529919e+04 -4.364477128233266558e+04 1.980907452906060371e+02
5.736835732688281860e+04 -4.110039267078685225e+04 1.959228739098244887e+02
5.736835732752033800e+04 -3.848547927880261705e+04 1.936696220639844910e+02
5.736835732815785741e+04 -3.617104961543688114e+04 1.916531961580940333e+02
5.736835732879537682e+04 -3.359749016399666289e+04 1.893857979832791898e+02
5.736835732943289622e+04 -3.115100261060761113e+04 1.872048945412592218e+02
5.736835733007041563e+04 -2.884225718341993343e+04 1.851232180920689530e+02
5.736835733070793503e+04 -2.687657003489668205e+04 1.833322311315065747e+02
5.736835733134545444e+04 -2.458953822225141266e+04 1.812261839924404399e+02
5.736835733198297385e+04 -2.212798490852214309e+04 1.789317303198956495e+02
5.736835733262049325e+04 -1.966462958123951830e+04 1.766057573067166118e+02
5.736835733325801266e+04 -1.689249533838059506e+04 1.739510363450638408e+02
5.736835733389553207e+04 -1.417531104170691833e+04 1.713090183548879111e+02
5.736835733453305147e+04 -1.175257568158729191e+04 1.689184586055274906e+02
5.736835733517057088e+04 -8.401070537364104894e+03 1.655545685027613558e+02
5.736835733580809028e+04 -5.528135298474430783e+03 1.626156354113736313e+02
5.736835733644560241e+04 -3.008004106644764306e+03 1.599931689449217629e+02
5.736835733708312182e+04 -5.600954595079359706e+02 1.574040313889395293e+02
5.736835733772064123e+04 -1.097500266587439377e+00 1.568067869728166670e+02
5.736835733835816063e+04 2.012067019177233781e-03 nan
5.736835733899568004e+04 -6.710199699937492261e-06 1.568056121516467556e+02
5.736835733963319944e+04 1.651628236271956981e-08 nan
5.736835734027071885e+04 2.034473672096374406e-10 nan
5.736835734090823826e+04 -3.358051022769610068e-13 1.568056121444637654e+02
5.736835734154575766e+04 1.959721353730993752e-15 nan
5.736835734218327707e+04 -1.200931650784649642e-18 1.568056121444637654e+02
5.736835734282079648e+04 -4.789551368745755464e-23 1.568056121444637654e+02
5.736835734345831588e+04 -4.305061760760324643e-28 1.568056121444637654e+02
5.736835734409583529e+04 5.911544873927769230e-32 nan
