2.457545823225100059e+06 1.271739707451923168e+05 3.019211932752736516e+02
2.457545823243393097e+06 1.264744668950320483e+05 3.012051830444689244e+02
2.457545823261686135e+06 1.258694975400641270e+05 3.006538323347860455e+02
2.457545823279979639e+06 1.266911422776442341e+05 3.014381641806891707e+02
2.457545823298272677e+06 1.264323313651842909e+05 3.011875430589111033e+02
2.457545823316565715e+06 1.261072060356571164e+05 3.015924322455762763e+02
2.457545823334858753e+06 1.250643455138220161e+05 3.017576168638457261e+02
2.457545823353151791e+06 1.242956937680289411e+05 3.009710481177796737e+02
2.457545823371444829e+06 1.246025414633414184e+05 3.011353975221050518e+02
2.457545823389738332e+06 1.248270738411457278e+05 3.012280987334682436e+02
2.457545823408031370e+06 1.282961467447917676e+05 3.045979999865281229e+02
2.457545823426324409e+06 1.408722625661058119e+05 3.157487714470524338e+02
2.457545823444617447e+06 1.261687482752402721e+05 3.009237880244921257e+02
2.457545823462910485e+06 1.263684524799678475e+05 3.011454888374181564e+02
2.457545823481203988e+06 1.265981961107774987e+05 3.013677475889058996e+02
2.457545823499497026e+06 1.261188492247595277e+05 3.008384006456989255e+02
2.457545823517790064e+06 1.259941765975559829e+05 3.009612142570155697e+02
2.457545823536083102e+06 1.323723542858576402e+05 3.073304983542553259e+02
2.457545823554376140e+06 1.340622088491585455e+05 3.090151787960285219e+02
2.457545823572669178e+06 1.334882339292867400e+05 3.083407225592308691e+02
2.457545823590962682e+06 1.330077249168672424e+05 3.078576405002908700e+02
2.457545823609255720e+06 1.330218805849357741e+05 3.076609176179207452e+02
2.457545823627548758e+06 1.293410139092546888e+05 3.037375409740531609e+02
2.457545823645841796e+06 1.197832430929489201e+05 2.940447060218320416e+02
2.457545823664134834e+06 1.159452886879002326e+05 2.902518903125941847e+02
2.457545823682428338e+06 1.262287194140627544e+05 3.003109621369328579e+02
2.457545823700721376e+06 1.267421143289265456e+05 3.006692564245290669e+02
2.457545823719014414e+06 1.265756036388216744e+05 3.002143877361641557e+02
2.457545823737307452e+06 1.277625923096957704e+05 3.006243917330502313e+02
2.457545823755600490e+06 1.284955590184297616e+05 3.006251753494641434e+02
2.457545823773893993e+06 1.304226107562094694e+05 3.018619389871301451e+02
2.457545823792187031e+06 1.290910797896637087e+05 2.997704895209118945e+02
2.457545823810480069e+06 1.302869560857374454e+05 3.001879225557773907e+02
2.457545823828773107e+06 1.313604500120187877e+05 3.005479988556730859e+02
2.457545823847066145e+06 1.314755433463544177e+05 2.998885423803683352e+02
2.457545823865359183e+06 1.324773445983576530e+05 3.001859558711736895e+02
2.457545823883652687e+06 1.331966307652238756e+05 3.001389701768964642e+02
2.457545823901945725e+06 1.333848055979570199e+05 2.996195296484164601e+02
2.457545823920238763e+06 1.341134891927078716e+05 2.995960110807391175e+02
