5.742938096100000257e+04 7.060777741961340325e+03 6.990289633015079573e+01
5.742938096281949402e+04 7.140182054127556512e+03 7.025803248014172198e+01
5.742938096463898546e+04 7.093450199029103715e+03 7.007191262034822898e+01
5.742938096645848418e+04 7.029903201680601342e+03 6.979570496838772442e+01
5.742938096827797563e+04 6.996725272919988129e+03 6.963469117456804724e+01
5.742938097009746707e+04 7.090831426052889583e+03 7.003846329591836195e+01
5.742938097191695852e+04 6.959701402575577049e+03 6.945857343231848802e+01
5.742938097373644996e+04 6.965582390662304533e+03 6.946762998457994343e+01
5.742938097555594868e+04 6.887127875055597542e+03 6.907612777785209346e+01
5.742938097737544012e+04 6.932454121147984551e+03 6.928226744940667459e+01
5.742938097919493157e+04 6.902510822731613189e+03 6.915844616691040869e+01
5.742938098101442301e+04 6.910604324342592008e+03 6.922605110089061498e+01
5.742938098283391446e+04 6.933298568736519883e+03 6.933083549265404599e+01
5.742938098465341318e+04 7.036944095943022148e+03 6.981642847425057141e+01
5.742938098647290462e+04 7.060430525100333398e+03 6.994255374909589307e+01
5.742938098829239607e+04 6.967140522508680078e+03 6.951267129798917210e+01
5.742938099011188751e+04 7.005512068555966835e+03 6.965123639149103951e+01
5.742938099193137896e+04 7.086997188131937037e+03 7.003013775491236004e+01
5.742938099375087768e+04 7.146104067501500140e+03 7.027176949843867249e+01
5.742938099557036912e+04 7.241125562984842873e+03 7.070285315548562721e+01
5.742938099738986057e+04 7.296297659622632636e+03 7.094276507606642213e+01
5.742938099920935201e+04 7.434573869861284038e+03 7.156086494774255868e+01
5.742938100102884346e+04 7.806785668524621542e+03 7.317589744285251641e+01
5.742938100284834218e+04 8.182476943179044611e+03 7.476164014635901367e+01
5.742938100466783362e+04 8.879492644403251688e+03 7.762340701321930680e+01
5.742938100648732507e+04 9.679726608149279855e+03 8.077553680982714468e+01
5.742938100830681651e+04 9.757100457143578751e+03 8.106984495316658013e+01
5.742938101012631523e+04 9.926435970620346779e+03 8.170528029066777265e+01
5.742938101194580668e+04 9.965576371153372747e+03 8.186319279835903728e+01
5.742938101376529812e+04 9.887859260985027504e+03 8.157754452474686957e+01
5.742938101558478957e+04 9.998210360030758238e+03 8.200976156474240497e+01
5.742938101740428101e+04 1.044431385301146474e+04 8.369822621274659014e+01
5.742938101922377973e+04 1.070617650645781760e+04 8.467026024654113314e+01
5.742938102104327118e+04 1.048995384464032395e+04 8.385212113774619525e+01
5.742938102286276262e+04 1.065926550183135441e+04 8.445674301947738627e+01
5.742938102468225406e+04 1.068099631898436564e+04 8.451975318695704686e+01
5.742938102650174551e+04 1.060345508432144379e+04 8.424979304477042774e+01
5.742938102832124423e+04 1.031413121227247939e+04 8.317556366990810091e+01
5.742938103014073567e+04 1.072773174860504696e+04 8.473094885290571199e+01
5.742938103196022712e+04 1.125459924710558698e+04 8.665720406040556156e+01
5.742938103377971856e+04 1.138486356003378023e+04 8.713586681681960044e+01
5.742938103559921001e+04 1.094386571004656980e+04 8.554471746009414801e+01
5.742938103741870873e+04 1.052134422255655591e+04 8.398593873074295857e+01
5.742938103923820017e+04 1.061945518445547350e+04 8.433717248763586838e+01
5.742938104105769162e+04 1.061939979960475466e+04 8.434265144705753414e+01
5.742938104287718306e+04 1.047419899748150783e+04 8.377333782286370933e+01
5.742938104469667451e+04 1.026013040816822650e+04 8.296180180520340741e+01
5.742938104651617323e+04 1.011712209744368192e+04 8.242411308161580052e+01
5.742938104833566467e+04 1.026230444318830632e+04 8.298529391887292661e+01
5.742938105015515612e+04 1.029871531774334107e+04 8.310376751878477819e+01
5.742938105197464756e+04 1.019733996930484318e+04 8.272028042259998415e+01
5.742938105379413901e+04 1.046228677020840405e+04 8.365547967990526956e+01
5.742938105561363773e+04 1.054981610782763892e+04 8.394620599389287463e+01
5.742938105743312917e+04 1.058655021607478193e+04 8.407059488565045058e+01
5.742938105925262062e+04 1.101510315888345576e+04 8.564664124221428665e+01
5.742938106107211206e+04 1.120120986085062759e+04 8.633209893413521741e+01
5.742938106289160351e+04 1.113402548130920877e+04 8.608343106651213361e+01
5.742938106471110223e+04 1.086721832053289108e+04 8.511616915232264091e+01
5.742938106653059367e+04 1.048431163239766829e+04 8.367649226304951071e+01
5.742938106835008512e+04 1.024083587915926910e+04 8.279440264985184683e+01
5.742938107016957656e+04 9.985375656059850371e+03 8.184986737687096081e+01
5.742938107198906800e+04 9.615305420958220566e+03 8.046981999909105809e+01
5.742938107380856673e+04 9.457599189536134872e+03 7.986246619365303445e+01
5.742938107562805817e+04 8.864671986178303996e+03 7.753008530208246896e+01
5.742938107744754961e+04 8.311909745488999761e+03 7.527994880471585759e+01
5.742938107926704106e+04 9.865852871132086875e+03 8.147770110044488945e+01
5.742938108108653250e+04 1.055954107516047588e+04 8.410085313223908088e+01
5.742938108290603122e+04 1.069355637585898694e+04 8.458425571713351587e+01
5.742938108472552267e+04 1.054316678817017237e+04 8.401747292199745232e+01
5.742938108654501411e+04 1.057964682503479162e+04 8.415785600035553671e+01
5.742938108836450556e+04 1.072440979003440225e+04 8.466591343760566701e+01
5.742938109018399700e+04 1.059127350677637514e+04 8.414753022101581337e+01
5.742938109200349572e+04 1.059765266695801802e+04 8.415039939816870174e+01
5.742938109382298717e+04 1.059133539178503634e+04 8.413322597421074533e+01
5.742938109564247861e+04 1.053895829179757129e+04 8.395328121457514214e+01
5.742938109746197006e+04 1.025841525048412950e+04 8.290005643146137970e+01
5.742938109928146878e+04 9.896113327709053920e+03 8.151368084211776477e+01
5.742938110110096022e+04 9.978060968072924879e+03 8.183407558104789814e+01
5.742938110292045167e+04 9.808515904182337181e+03 8.118681558981415947e+01
5.742938110473994311e+04 9.762906311448916313e+03 8.100534181336263373e+01
5.742938110655943456e+04 9.922430362319508276e+03 8.160412522974219485e+01
5.742938110837893328e+04 9.931662506788621613e+03 8.163986635610159226e+01
5.742938111019842472e+04 1.022522182816945133e+04 8.275739616347884464e+01
5.742938111201791617e+04 1.064073156969840602e+04 8.430245998669556684e+01
5.742938111383740761e+04 1.133654103309341917e+04 8.683438918809201823e+01
5.742938111565689906e+04 1.150427953675815479e+04 8.744051094282575320e+01
5.742938111747639778e+04 1.077880209610939346e+04 8.479870904934922748e+01
5.742938111929588922e+04 9.864494418399701317e+03 8.134698165014968652e+01
5.742938112111538067e+04 9.515034890822140369e+03 7.999741440219710853e+01
5.742938112293487211e+04 9.457924542540176844e+03 7.977181446323527325e+01
5.742938112475436355e+04 9.532665716820923990e+03 8.005179026694199251e+01
5.742938112657386228e+04 9.667498727637264892e+03 8.057557324778903762e+01
5.742938112839335372e+04 1.020023396698290526e+04 8.260915552493817415e+01
5.742938113021284516e+04 1.090107050128248011e+04 8.525012189722738754e+01
5.742938113203233661e+04 1.135198437019167795e+04 8.687629974241778541e+01
5.742938113385182805e+04 1.109540737242714931e+04 8.594146708689619629e+01
5.742938113567132677e+04 1.032762263259475549e+04 8.310007788716502830e+01
5.742938113749081822e+04 9.989018577595812530e+03 8.179893616213873031e+01
5.742938113931030966e+04 1.016682467441106928e+04 8.247717536782143100e+01
5.742938114112980111e+04 1.040231204439102657e+04 8.337345605102413515e+01
5.742938114294929255e+04 1.051992292518477916e+04 8.380851114790401368e+01
5.742938114476879127e+04 1.064724885402839209e+04 8.428759461971078792e+01
5.742938114658828272e+04 1.066542536042758002e+04 8.434639208921971942e+01
5.742938114840777416e+04 1.052181813580093512e+04 8.383249985531914206e+01
5.742938115022726561e+04 1.022830970865243216e+04 8.273349808520165993e+01
5.742938115204675705e+04 1.004679030784264614e+04 8.203709631662920287e+01
5.742938115386625577e+04 1.019161612608464748e+04 8.258384334539175597e+01
5.742938115568574722e+04 1.029235077883533995e+04 8.295779513186620591e+01
5.742938115750523866e+04 1.011168894715928946e+04 8.227270759131299371e+01
5.742938115932473011e+04 9.817299381079734303e+03 8.114663022625212818e+01
5.742938116114422155e+04 9.841794214936302524e+03 8.123193686389389256e+01
5.742938116296372027e+04 1.039165656206618951e+04 8.333947495614167167e+01
5.742938116478321172e+04 1.088587439001569146e+04 8.515777939112183503e+01
5.742938116660270316e+04 1.111652328128119734e+04 8.599142637938282974e+01
5.742938116842219461e+04 1.094768546315408821e+04 8.538346313433365253e+01
5.742938117024168605e+04 1.057158222367051894e+04 8.399169443533803303e+01
5.742938117206118477e+04 1.030591310952088497e+04 8.298723959285860019e+01
5.742938117388067622e+04 1.018933154826782084e+04 8.254459520749993828e+01
5.742938117570016766e+04 1.040245186318871129e+04 8.335436393134622790e+01
5.742938117751965910e+04 1.064815022322477489e+04 8.426535951946942760e+01
5.742938117933915782e+04 1.047856700738556538e+04 8.365551972967298866e+01
5.742938118115864927e+04 1.040494164547045511e+04 8.338943261032135013e+01
5.742938118297814071e+04 1.055943850671100336e+04 8.394835583990258954e+01
5.742938118479763216e+04 1.073705399294914969e+04 8.461686743293941504e+01
5.742938118661712360e+04 1.052872554805075561e+04 8.383407118560438676e+01
5.742938118843662232e+04 1.007956523966465102e+04 8.213232022711051172e+01
5.742938119025611377e+04 9.804858773255713459e+03 8.108243592721100867e+01
5.742938119207560521e+04 9.803894678541950270e+03 8.108310800969553611e+01
5.742938119389509666e+04 9.727426942428426628e+03 8.080050996652531126e+01
5.742938119571458810e+04 9.548652126057164423e+03 8.009636655585897813e+01
5.742938119753408682e+04 9.802493890464376818e+03 8.108497385990892781e+01
5.742938119935357827e+04 1.026677112868316544e+04 8.286116829464441480e+01
5.742938120117306971e+04 1.085098748723859717e+04 8.500964357068788502e+01
5.742938120299256116e+04 1.043794014495014562e+04 8.347154031377810668e+01
5.742938120481205260e+04 9.393755583960817603e+03 7.949092486463540297e+01
5.742938120663155132e+04 8.573927217804803149e+03 7.619087770451096731e+01
5.742938120845104277e+04 9.055190805209493192e+03 7.813397275654288876e+01
5.742938121027053421e+04 9.490800183934399683e+03 7.986748376105269642e+01
5.742938121209002566e+04 9.749360037407432173e+03 8.085740177364718306e+01
5.742938121390951710e+04 9.920096405594216776e+03 8.152341363031038668e+01
5.742938121572901582e+04 1.012733292015086226e+04 8.231916337328409838e+01
5.742938121754850727e+04 9.894458335026713030e+03 8.142315399100769469e+01
5.742938121936799871e+04 9.728652477611010909e+03 8.078362552957736398e+01
5.742938122118749015e+04 9.604365268879109863e+03 8.029717597246562377e+01
5.742938122300698160e+04 9.799643849026440876e+03 8.106448269851384225e+01
5.742938122482648032e+04 9.448587602677171162e+03 7.970276112632991783e+01
5.742938122664597176e+04 9.213584913441583922e+03 7.878208822732963768e+01
5.742938122846546321e+04 8.786986617037904580e+03 7.705873608295357258e+01
5.742938123028495465e+04 8.712214143279163181e+03 7.675438667469552456e+01
5.742938123210444610e+04 9.030007478770412490e+03 7.804271436769970194e+01
5.742938123392394482e+04 9.522842619077802738e+03 7.999894179321651677e+01
5.742938123574343626e+04 9.930248997979508204e+03 8.155775209460755093e+01
5.742938123756292771e+04 9.769685959255468333e+03 8.091808329830247715e+01
5.742938123938241915e+04 9.435894302038799651e+03 7.964217727798512669e+01
5.742938124120191060e+04 9.567346767227907549e+03 8.015204392420044144e+01
5.742938124302140932e+04 9.523250393230859117e+03 7.999648179525934211e+01
5.742938124484090076e+04 9.389811015303925160e+03 7.947179318310367080e+01
5.742938124666039221e+04 9.570614918216193473e+03 8.017174660617197901e+01
5.742938124847988365e+04 9.742294238411383049e+03 8.084516754543568595e+01
5.742938125029937510e+04 9.902969667173962080e+03 8.145493699250670261e+01
5.742938125211887382e+04 1.010538216017233754e+04 8.224080209199819080e+01
5.742938125393836526e+04 1.008862921278961039e+04 8.216653149821411262e+01
5.742938125575785671e+04 1.006098741262216390e+04 8.205591851026443351e+01
5.742938125757734815e+04 1.019432840147357820e+04 8.257411825026362351e+01
5.742938125939683960e+04 1.037904766516365817e+04 8.327890293947667999e+01
5.742938126121633832e+04 1.039755989776666502e+04 8.334202763124602598e+01
5.742938126303582976e+04 1.030094195777946879e+04 8.297153210534929713e+01
5.742938126485532121e+04 1.024365448469456715e+04 8.274469187157795602e+01
5.742938126667481265e+04 9.837235301668131797e+03 8.120080269315924681e+01
5.742938126849431137e+04 9.384371630083562195e+03 7.945400790401103563e+01
5.742938127031380282e+04 9.696905023493967747e+03 8.067922147930664778e+01
5.742938127213329426e+04 9.681166653988811959e+03 8.061793781204544018e+01
5.742938127395278570e+04 9.442784090872950401e+03 7.976211969834896820e+01
5.742938127577227715e+04 9.437374827732868653e+03 7.975505999797421453e+01
5.742938127759177587e+04 9.474788884496119863e+03 7.988749062592974326e+01
5.742938127941126731e+04 9.352359417924371883e+03 7.941730729556854840e+01
5.742938128123075876e+04 9.338234730475722245e+03 7.938063892666849597e+01
5.742938128305025020e+04 9.620826758272689403e+03 8.049110040399543209e+01
5.742938128486974165e+04 9.459143422620150886e+03 7.988538097013955053e+01
5.742938128668924037e+04 9.234377869041269150e+03 7.896517798847132497e+01
5.742938128850873181e+04 9.384372168996636901e+03 7.955967345429108661e+01
5.742938129032822326e+04 9.394709745104008107e+03 7.963707711711755621e+01
5.742938129214771470e+04 9.326552682296347484e+03 7.937558983411037161e+01
5.742938129396720615e+04 9.577207951213613342e+03 8.035060843861943169e+01
5.742938129578670487e+04 1.004805055556248772e+04 8.217071772688618125e+01
5.742938129760619631e+04 1.049450264917657296e+04 8.386105050299902075e+01
5.742938129942568776e+04 1.002749030312194191e+04 8.209206424347540576e+01
5.742938130124517920e+04 9.257107264788755856e+03 7.910775462175858763e+01
5.742938130306467065e+04 8.997266492043607286e+03 7.807225305231808932e+01
5.742938130488416937e+04 8.575747650333376441e+03 7.638817301521117997e+01
5.742938130670366081e+04 8.794483056856430267e+03 7.728413760871949023e+01
5.742938130852315226e+04 9.338549697700978868e+03 7.942607699797126486e+01
5.742938131034264370e+04 9.892045488202249544e+03 8.157636570134880571e+01
5.742938131216213515e+04 1.008841850499063730e+04 8.233062943057086613e+01
5.742938131398163387e+04 9.951239377270218029e+03 8.177916816657156573e+01
5.742938131580112531e+04 9.661322013217011772e+03 8.065861071993352027e+01
5.742938131762061676e+04 9.692660817407626382e+03 8.081675734306942616e+01
5.742938131944010820e+04 9.616491517100614146e+03 8.051992980483279894e+01
5.742938132125959964e+04 9.605666290426819614e+03 8.045503529656755859e+01
5.742938132307909837e+04 9.390635028548287664e+03 7.962815247449822209e+01
5.742938132489858981e+04 8.844190920708853810e+03 7.746348622512122972e+01
5.742938132671808125e+04 8.993974720198608338e+03 7.806788474239695574e+01
5.742938132853757270e+04 9.351780458416636975e+03 7.948184132015160230e+01
5.742938133035706414e+04 9.838735095249176084e+03 8.139201657718757588e+01
5.742938133217656286e+04 1.014634474999766462e+04 8.255558575647206965e+01
5.742938133399605431e+04 1.021047399883804246e+04 8.279254810692566480e+01
5.742938133581554575e+04 9.532729871921446829e+03 8.020367778902198097e+01
5.742938133763503720e+04 9.397697173828320956e+03 7.966330668111643831e+01
5.742938133945452864e+04 9.617965976084864451e+03 8.049897666064124735e+01
5.742938134127402736e+04 9.615810045102694858e+03 8.048811227414499569e+01
5.742938134309351881e+04 9.497796905245295420e+03 8.002999051427606503e+01
5.742938134491301025e+04 9.250388557233260144e+03 7.906453620547323169e+01
5.742938134673250170e+04 9.558956202104080148e+03 8.025673162771960278e+01
5.742938134855199314e+04 9.561064088751989402e+03 8.028280464077219847e+01
5.742938135037149186e+04 9.707382712802311289e+03 8.083871029408665265e+01
5.742938135219098331e+04 9.887881414479288651e+03 8.153018546392596022e+01
5.742938135401047475e+04 1.001257106086111889e+04 8.200659452591159493e+01
5.742938135582996620e+04 9.781139215480683561e+03 8.113630824564978639e+01
5.742938135764946492e+04 9.664332865988812046e+03 8.069812823874708840e+01
5.742938135946895636e+04 9.807747592465941125e+03 8.125927168381379317e+01
5.742938136128844781e+04 9.959426296878804351e+03 8.180112026115052970e+01
5.742938136310793925e+04 9.837174831627226013e+03 8.136211651575948167e+01
5.742938136492743070e+04 9.586199351824532641e+03 8.043732150034146855e+01
5.742938136674692942e+04 9.588132494429344661e+03 8.048885519521930121e+01
5.742938136856642086e+04 9.278460054117686013e+03 7.932855995977269004e+01
5.742938137038591231e+04 9.181977377296439954e+03 7.900600701057319952e+01
5.742938137220540375e+04 9.770390470398288016e+03 8.135511742797088175e+01
5.742938137402489519e+04 1.035002395355932458e+04 8.360055672093554335e+01
5.742938137584439392e+04 1.057851725738607456e+04 8.449914334491147372e+01
5.742938137766388536e+04 9.945108187513555094e+03 8.214235783722047302e+01
5.742938137948337680e+04 9.566942730563407167e+03 8.066380321876468429e+01
5.742938138130286825e+04 9.221687334249538253e+03 7.931719556381061409e+01
5.742938138312235969e+04 9.203283976668100877e+03 7.931374623914723543e+01
5.742938138494185841e+04 8.929121591809020174e+03 7.826031266525805563e+01
5.742938138676134986e+04 8.611670886874677308e+03 7.697160527448147604e+01
5.742938138858084130e+04 8.843103167583543836e+03 7.793654020769776025e+01
5.742938139040033275e+04 9.316279035106706942e+03 7.981276889118356621e+01
5.742938139221982419e+04 9.796834386345348321e+03 8.163035635753426789e+01
5.742938139403932291e+04 1.031052664939369788e+04 8.355803230201885867e+01
5.742938139585881436e+04 9.660361367816147322e+03 8.112006452371522869e+01
5.742938139767830580e+04 9.310777764699090767e+03 7.983622041614775355e+01
5.742938139949779725e+04 9.484710502515808912e+03 8.053240291413906959e+01
5.742938140131728869e+04 9.568000347260054696e+03 8.080464322236161934e+01
5.742938140313678741e+04 9.390534438547496393e+03 8.009552856030644818e+01
5.742938140495627886e+04 9.343514261944634200e+03 7.989668360812335379e+01
5.742938140677577030e+04 9.272368108890213989e+03 7.957487981866104576e+01
5.742938140859526175e+04 9.311088535835382572e+03 7.972486556876700092e+01
5.742938141041475319e+04 9.527919206387003214e+03 8.056410299733450131e+01
5.742938141223425191e+04 9.250393659069140995e+03 7.945039226997123194e+01
5.742938141405374336e+04 9.258452121894632000e+03 7.945262437804258582e+01
5.742938141587323480e+04 9.441354646274119659e+03 8.021226055760735107e+01
5.742938141769272625e+04 9.745553435752237419e+03 8.141861355231525010e+01
5.742938141951221769e+04 9.533079427277545619e+03 8.060830239959679488e+01
5.742938142133171641e+04 9.141615980900956856e+03 7.908500847076228979e+01
5.742938142315120785e+04 9.290515945965818901e+03 7.970034386345740529e+01
5.742938142497069930e+04 9.446543771644615845e+03 8.032320626491126347e+01
5.742938142679019074e+04 9.496077522460876935e+03 8.054522560399222186e+01
5.742938142860968219e+04 9.481578520179416955e+03 8.049477168879138844e+01
5.742938143042918091e+04 9.504359652801127595e+03 8.056669135568451168e+01
5.742938143224867235e+04 9.534857962264735761e+03 8.063683692454594620e+01
5.742938143406816380e+04 9.685915412429267235e+03 8.118238784913610573e+01
5.742938143588765524e+04 9.703077716397707263e+03 8.125973218133854914e+01
5.742938143770714669e+04 9.625232339808959296e+03 8.101183933333702214e+01
5.742938143952664541e+04 9.569626842563371611e+03 8.080549032511748919e+01
5.742938144134613685e+04 9.543120467122784248e+03 8.070496125039571211e+01
5.742938144316562830e+04 1.002112708015923636e+04 8.250849888661932141e+01
5.742938144498511974e+04 1.015580166254354845e+04 8.299335675735615325e+01
5.742938144680461846e+04 9.944357744296556120e+03 8.217313860855512075e+01
5.742938144862410991e+04 9.677491283196943186e+03 8.117344414612233550e+01
5.742938145044360135e+04 9.450153737931223077e+03 8.034367451023761930e+01
5.742938145226309280e+04 9.360725251391881102e+03 7.998180315793030104e+01
5.742938145408258424e+04 9.565927742414254681e+03 8.076181801890542999e+01
5.742938145590208296e+04 9.330339661764508492e+03 7.984587228674848802e+01
5.742938145772157441e+04 9.042091994474323656e+03 7.871728740181359285e+01
5.742938145954106585e+04 9.124032012847472288e+03 7.904933050081916690e+01
5.742938146136055730e+04 9.098599519800258349e+03 7.892544202292828004e+01
5.742938146318004874e+04 9.189264391006099686e+03 7.925395824267469891e+01
5.742938146499954746e+04 9.239505252158915027e+03 7.941235813221625506e+01
5.742938146681903891e+04 9.476437760717615674e+03 8.031954971932324838e+01
5.742938146863853035e+04 9.718174625896637735e+03 8.124893219279546486e+01
5.742938147045802179e+04 1.010034231548614480e+04 8.272364258334140175e+01
5.742938147227751324e+04 9.986141282010465147e+03 8.231768248262127941e+01
5.742938147409701196e+04 9.325928391202294733e+03 7.980284541954881661e+01
5.742938147591650340e+04 8.919105636156891705e+03 7.821735012945322296e+01
5.742938147773599485e+04 8.974299606609853072e+03 7.845118444672019109e+01
5.742938147955548629e+04 9.346288830286894154e+03 7.996103102267971963e+01
5.742938148137497774e+04 9.907198958865104942e+03 8.211577972381290635e+01
5.742938148319447646e+04 1.021802959384917995e+04 8.323452094082348651e+01
5.742938148501396790e+04 1.007838676629149631e+04 8.263612774548231243e+01
5.742938148683345935e+04 9.481978619312245428e+03 8.034244367746745752e+01
5.742938148865295079e+04 9.264506052247259504e+03 7.947865221731993302e+01
5.742938149047244224e+04 9.532408185947040693e+03 8.052339995677544948e+01
5.742938149229194096e+04 1.007123790524771539e+04 8.265060178912887068e+01
5.742938149411143240e+04 1.021413962685199112e+04 8.323392958937547803e+01
5.742938149593092385e+04 9.514360319992039877e+03 8.059360970211736230e+01
5.742938149775041529e+04 8.762791423884438700e+03 7.762916330713838420e+01
5.742938149956990674e+04 8.606366109628752383e+03 7.693891810741277482e+01
5.742938150138940546e+04 8.810611262131493277e+03 7.766907530948871852e+01
5.742938150320889690e+04 8.747760478172898729e+03 7.740379710354339693e+01
5.742938150502838835e+04 8.675299417333077145e+03 7.716172899531832741e+01
5.742938150684787979e+04 8.893788373835579478e+03 7.806125820753723588e+01
5.742938150866737124e+04 9.236148452576777345e+03 7.946098733593159125e+01
5.742938151048686996e+04 9.847967486843423103e+03 8.183555540030090469e+01
5.742938151230636140e+04 1.022309643658101777e+04 8.325889374887142935e+01
5.742938151412585285e+04 1.021015051570791729e+04 8.323583989062996125e+01
5.742938151594534429e+04 1.004190525046352923e+04 8.254585761192767279e+01
5.742938151776483573e+04 9.493439547034557108e+03 8.042941294149936482e+01
5.742938151958433446e+04 9.415720666881672514e+03 8.017307852066863916e+01
5.742938152140382590e+04 9.289971861194093435e+03 7.968468789517200435e+01
5.742938152322331734e+04 8.949463597666874193e+03 7.833179961613387832e+01
5.742938152504280879e+04 8.951111605317286376e+03 7.832229458887307771e+01
5.742938152686230751e+04 9.158735559755030408e+03 7.915772167769522127e+01
5.742938152868179895e+04 9.323484299199888483e+03 7.985228253912075047e+01
5.742938153050129040e+04 9.269598296195394141e+03 7.970948310381977819e+01
5.742938153232078184e+04 9.228830480263834033e+03 7.958796464184753461e+01
5.742938153414027329e+04 9.279848277927929303e+03 7.971294632043459671e+01
5.742938153595977201e+04 9.589925772290767782e+03 8.085253000012228597e+01
5.742938153777926345e+04 9.848525557676848621e+03 8.181541663177181078e+01
5.742938153959875490e+04 9.991296862736708135e+03 8.235523945647683774e+01
5.742938154141824634e+04 1.001875915383319261e+04 8.250907133253686254e+01
5.742938154323773779e+04 9.981339572718288764e+03 8.241158290114992724e+01
5.742938154505723651e+04 1.030214521892571793e+04 8.359076919481644552e+01
5.742938154687672795e+04 1.025819750104083141e+04 8.340870565765061428e+01
5.742938154869621940e+04 9.627335918428307195e+03 8.105096461817487352e+01
5.742938155051571084e+04 8.837476908917715264e+03 7.794384528000260559e+01
5.742938155233520229e+04 8.354363270348736478e+03 7.596716306831272902e+01
5.742938155415470101e+04 8.321781178024670226e+03 7.579390389886007995e+01
5.742938155597419245e+04 8.526856762014218475e+03 7.662373436129520599e+01
5.742938155779368390e+04 8.831901067312164741e+03 7.784078974086985170e+01
5.742938155961317534e+04 9.127772672828969007e+03 7.901028821500652555e+01
5.742938156143266679e+04 9.726571671166078886e+03 8.134860271980298307e+01
5.742938156325216551e+04 9.950090173241960656e+03 8.221816514167065293e+01
5.742938156507165695e+04 9.954906704323719168e+03 8.230061785640984340e+01
5.742938156689114840e+04 9.507174375407919797e+03 8.067201240253299943e+01
5.742938156871063984e+04 9.497229589350403330e+03 8.063855747218956083e+01
5.742938157053013128e+04 9.704002854701728211e+03 8.131213383473001954e+01
5.742938157234963001e+04 1.004015921711932788e+04 8.250404424684472815e+01
5.742938157416912145e+04 1.038775949501448486e+04 8.383429137602172432e+01
5.742938157598861289e+04 1.064442334734715223e+04 8.482761323324692171e+01
5.742938157780810434e+04 1.044203736285147534e+04 8.408811524905415524e+01
5.742938157962759578e+04 1.014476989892891652e+04 8.298103594561897012e+01
5.742938158144709450e+04 9.789172209715430654e+03 8.164737271995785761e+01
5.742938158326658595e+04 9.266378484675851723e+03 7.964298728992210386e+01
5.742938158508607739e+04 8.875175108855788494e+03 7.809607258135237373e+01
5.742938158690556884e+04 8.827384456353835049e+03 7.789112190603515273e+01
5.742938158872506028e+04 8.891120698844768413e+03 7.811719906271103753e+01
5.742938159054455900e+04 9.104354121748523539e+03 7.894118226024909291e+01
5.742938159236405045e+04 9.281879366482929981e+03 7.957432011812407779e+01
5.742938159418354189e+04 9.405608271295306622e+03 8.003561759310571233e+01
5.742938159600303334e+04 9.273765969011723428e+03 7.954162479573719224e+01
5.742938159782252478e+04 9.226382723530572548e+03 7.936933167979202608e+01
5.742938159964202350e+04 9.106530433789719609e+03 7.897025259401996777e+01
5.742938160146151495e+04 9.254238527499741394e+03 7.959103653845893689e+01
5.742938160328100639e+04 9.367063677414524136e+03 8.002729696972289730e+01
5.742938160510049784e+04 9.515191767553924365e+03 8.058730306773583152e+01
5.742938160691998928e+04 9.589963392667259541e+03 8.087961526268708212e+01
5.742938160873948800e+04 9.459411331733981569e+03 8.037040843910148169e+01
5.742938161055897945e+04 9.595743994160387956e+03 8.086888904838441761e+01
5.742938161237847089e+04 9.525895779473990842e+03 8.060223957229977998e+01
5.742938161419796234e+04 8.841986851542884324e+03 7.796529804378366180e+01
5.742938161601746106e+04 8.082593406563602912e+03 7.486698538228861821e+01
5.742938161783695250e+04 7.179255114894730468e+03 7.097853422127069223e+01
5.742938161965644395e+04 6.593566681143912319e+03 6.836474126135080098e+01
5.742938162147593539e+04 6.316921841359405335e+03 6.709904832870955715e+01
5.742938162329542683e+04 6.162938082975380894e+03 6.640519171897817330e+01
5.742938162511492555e+04 6.041566978596458284e+03 6.586432722540534712e+01
5.742938162693441700e+04 6.016179963981660876e+03 6.575652219149816347e+01
5.742938162875390844e+04 6.115310163753279085e+03 6.623728904146547336e+01
5.742938163057339989e+04 6.025523454624450096e+03 6.578475886932849903e+01
5.742938163239289133e+04 5.980687480090009558e+03 6.552633951718833316e+01
5.742938163421239005e+04 6.039904921292645668e+03 6.575419671234968177e+01
5.742938163603188150e+04 6.113116886400112890e+03 6.609794366032673452e+01
5.742938163785137294e+04 6.066555465364992415e+03 6.585187830707167222e+01
5.742938163967086439e+04 6.064805877460633383e+03 6.580189612762585227e+01
5.742938164149035583e+04 5.995468412064559743e+03 6.545596242445087398e+01
5.742938164330985455e+04 6.070385173954449783e+03 6.582155928798660227e+01
5.742938164512934600e+04 6.000675838865833612e+03 6.552156896003377540e+01
5.742938164694883744e+04 5.854957160417098748e+03 6.485827218546802442e+01
5.742938164876832889e+04 5.997610458126389858e+03 6.554821953005695434e+01
5.742938165058782033e+04 6.025766606955592579e+03 6.561345384460540231e+01
5.742938165240731905e+04 6.033396570191704086e+03 6.563648029072815859e+01
5.742938165422681050e+04 6.097500712852885044e+03 6.598187717307943956e+01
5.742938165604630194e+04 6.171545275031769961e+03 6.626257568095648764e+01
