5.736833291150000150e+04 0.000000000000000000e+00 0.000000000000000000e+00
5.736833291262478451e+04 0.000000000000000000e+00 0.000000000000000000e+00
5.736833291374956752e+04 0.000000000000000000e+00 0.000000000000000000e+00
5.736833291487435054e+04 0.000000000000000000e+00 0.000000000000000000e+00
5.736833291599913355e+04 0.000000000000000000e+00 0.000000000000000000e+00
5.736833291712391656e+04 0.000000000000000000e+00 0.000000000000000000e+00
5.736833291824869957e+04 0.000000000000000000e+00 0.000000000000000000e+00
5.736833291937348258e+04 0.000000000000000000e+00 0.000000000000000000e+00
5.736833292049826559e+04 0.000000000000000000e+00 0.000000000000000000e+00
5.736833292162304861e+04 0.000000000000000000e+00 0.000000000000000000e+00
5.736833292274783162e+04 0.000000000000000000e+00 0.000000000000000000e+00
5.736833292387261463e+04 0.000000000000000000e+00 0.000000000000000000e+00
5.736833292499739764e+04 0.000000000000000000e+00 0.000000000000000000e+00
5.736833292612218065e+04 0.000000000000000000e+00 0.000000000000000000e+00
5.736833292724696366e+04 0.000000000000000000e+00 0.000000000000000000e+00
5.736833292837173940e+04 0.000000000000000000e+00 0.000000000000000000e+00
5.736833292949652241e+04 0.000000000000000000e+00 0.000000000000000000e+00
5.736833293062130542e+04 0.000000000000000000e+00 0.000000000000000000e+00
5.736833293174608843e+04 0.000000000000000000e+00 0.000000000000000000e+00
5.736833293287087145e+04 0.000000000000000000e+00 0.000000000000000000e+00
5.736833293399565446e+04 0.000000000000000000e+00 0.000000000000000000e+00
5.736833293512043747e+04 0.000000000000000000e+00 0.000000000000000000e+00
5.736833293624522048e+04 0.000000000000000000e+00 0.000000000000000000e+00
5.736833293737000349e+04 0.000000000000000000e+00 0.000000000000000000e+00
5.736833293849478650e+04 0.000000000000000000e+00 0.000000000000000000e+00
5.736833293961956952e+04 0.000000000000000000e+00 0.000000000000000000e+00
5.736833294074435253e+04 0.000000000000000000e+00 0.000000000000000000e+00
5.736833294186913554e+04 0.000000000000000000e+00 0.000000000000000000e+00
5.736833294299391855e+04 0.000000000000000000e+00 0.000000000000000000e+00
5.736833294411870156e+04 0.000000000000000000e+00 0.000000000000000000e+00
5.736833294524348457e+04 0.000000000000000000e+00 0.000000000000000000e+00
5.736833294636826759e+04 0.000000000000000000e+00 0.000000000000000000e+00
5.736833294749305060e+04 0.000000000000000000e+00 0.000000000000000000e+00
5.736833294861783361e+04 0.000000000000000000e+00 0.000000000000000000e+00
5.736833294974261662e+04 0.000000000000000000e+00 0.000000000000000000e+00
5.736833295086739963e+04 0.000000000000000000e+00 0.000000000000000000e+00
5.736833295199218264e+04 0.000000000000000000e+00 0.000000000000000000e+00
5.736833295311696565e+04 0.000000000000000000e+00 0.000000000000000000e+00
5.736833295424174867e+04 0.000000000000000000e+00 0.000000000000000000e+00
5.736833295536653168e+04 0.000000000000000000e+00 0.000000000000000000e+00
5.736833295649131469e+04 0.000000000000000000e+00 0.000000000000000000e+00
5.736833295761609770e+04 0.000000000000000000e+00 0.000000000000000000e+00
5.736833295874088071e+04 0.000000000000000000e+00 0.000000000000000000e+00
5.736833295986565645e+04 0.000000000000000000e+00 0.000000000000000000e+00
5.736833296099043946e+04 0.000000000000000000e+00 0.000000000000000000e+00
5.736833296211522247e+04 0.000000000000000000e+00 0.000000000000000000e+00
5.736833296324000548e+04 0.000000000000000000e+00 0.000000000000000000e+00
5.736833296436478850e+04 0.000000000000000000e+00 0.000000000000000000e+00
5.736833296548957151e+04 0.000000000000000000e+00 0.000000000000000000e+00
5.736833296661435452e+04 0.000000000000000000e+00 0.000000000000000000e+00
5.736833296773913753e+04 0.000000000000000000e+00 0.000000000000000000e+00
5.736833296886392054e+04 0.000000000000000000e+00 0.000000000000000000e+00
5.736833296998870355e+04 0.000000000000000000e+00 0.000000000000000000e+00
5.736833297111348656e+04 0.000000000000000000e+00 0.000000000000000000e+00
5.736833297223826958e+04 0.000000000000000000e+00 0.000000000000000000e+00
5.736833297336305259e+04 0.000000000000000000e+00 0.000000000000000000e+00
5.736833297448783560e+04 0.000000000000000000e+00 0.000000000000000000e+00
5.736833297561261861e+04 0.000000000000000000e+00 0.000000000000000000e+00
5.736833297673740162e+04 0.000000000000000000e+00 0.000000000000000000e+00
5.736833297786218463e+04 0.000000000000000000e+00 0.000000000000000000e+00
5.736833297898696765e+04 0.000000000000000000e+00 0.000000000000000000e+00
5.736833298011175066e+04 0.000000000000000000e+00 0.000000000000000000e+00
5.736833298123653367e+04 0.000000000000000000e+00 0.000000000000000000e+00
5.736833298236131668e+04 0.000000000000000000e+00 0.000000000000000000e+00
5.736833298348609969e+04 0.000000000000000000e+00 0.000000000000000000e+00
5.736833298461088270e+04 0.000000000000000000e+00 0.000000000000000000e+00
5.736833298573566572e+04 0.000000000000000000e+00 0.000000000000000000e+00
5.736833298686044873e+04 0.000000000000000000e+00 0.000000000000000000e+00
5.736833298798523174e+04 0.000000000000000000e+00 0.000000000000000000e+00
5.736833298911001475e+04 0.000000000000000000e+00 0.000000000000000000e+00
5.736833299023479776e+04 0.000000000000000000e+00 0.000000000000000000e+00
5.736833299135957350e+04 0.000000000000000000e+00 0.000000000000000000e+00
5.736833299248435651e+04 0.000000000000000000e+00 0.000000000000000000e+00
5.736833299360913952e+04 0.000000000000000000e+00 0.000000000000000000e+00
5.736833299473392253e+04 0.000000000000000000e+00 0.000000000000000000e+00
5.736833299585870554e+04 0.000000000000000000e+00 0.000000000000000000e+00
5.736833299698348856e+04 0.000000000000000000e+00 0.000000000000000000e+00
5.736833299810827157e+04 0.000000000000000000e+00 0.000000000000000000e+00
5.736833299923305458e+04 0.000000000000000000e+00 0.000000000000000000e+00
5.736833300035783759e+04 0.000000000000000000e+00 0.000000000000000000e+00
5.736833300148262060e+04 0.000000000000000000e+00 0.000000000000000000e+00
5.736833300260740361e+04 0.000000000000000000e+00 0.000000000000000000e+00
5.736833300373218663e+04 0.000000000000000000e+00 0.000000000000000000e+00
5.736833300485696964e+04 0.000000000000000000e+00 0.000000000000000000e+00
5.736833300598175265e+04 0.000000000000000000e+00 0.000000000000000000e+00
5.736833300710653566e+04 0.000000000000000000e+00 0.000000000000000000e+00
5.736833300823131867e+04 0.000000000000000000e+00 0.000000000000000000e+00
5.736833300935610168e+04 0.000000000000000000e+00 0.000000000000000000e+00
5.736833301048088470e+04 0.000000000000000000e+00 0.000000000000000000e+00
5.736833301160566771e+04 0.000000000000000000e+00 0.000000000000000000e+00
5.736833301273045072e+04 0.000000000000000000e+00 0.000000000000000000e+00
5.736833301385523373e+04 0.000000000000000000e+00 0.000000000000000000e+00
5.736833301498001674e+04 0.000000000000000000e+00 0.000000000000000000e+00
5.736833301610479975e+04 0.000000000000000000e+00 0.000000000000000000e+00
5.736833301722958277e+04 0.000000000000000000e+00 0.000000000000000000e+00
5.736833301835436578e+04 0.000000000000000000e+00 0.000000000000000000e+00
5.736833301947914879e+04 0.000000000000000000e+00 0.000000000000000000e+00
5.736833302060393180e+04 0.000000000000000000e+00 0.000000000000000000e+00
5.736833302172871481e+04 0.000000000000000000e+00 0.000000000000000000e+00
5.736833302285349055e+04 0.000000000000000000e+00 0.000000000000000000e+00
5.736833302397827356e+04 0.000000000000000000e+00 0.000000000000000000e+00
5.736833302510305657e+04 0.000000000000000000e+00 0.000000000000000000e+00
5.736833302622783958e+04 0.000000000000000000e+00 0.000000000000000000e+00
5.736833302735262259e+04 0.000000000000000000e+00 0.000000000000000000e+00
5.736833302847740561e+04 0.000000000000000000e+00 0.000000000000000000e+00
5.736833302960218862e+04 0.000000000000000000e+00 0.000000000000000000e+00
5.736833303072697163e+04 0.000000000000000000e+00 0.000000000000000000e+00
5.736833303185175464e+04 0.000000000000000000e+00 0.000000000000000000e+00
5.736833303297653765e+04 0.000000000000000000e+00 0.000000000000000000e+00
5.736833303410132066e+04 0.000000000000000000e+00 0.000000000000000000e+00
5.736833303522610368e+04 0.000000000000000000e+00 0.000000000000000000e+00
5.736833303635088669e+04 0.000000000000000000e+00 0.000000000000000000e+00
5.736833303747566970e+04 0.000000000000000000e+00 0.000000000000000000e+00
5.736833303860045271e+04 0.000000000000000000e+00 0.000000000000000000e+00
5.736833303972523572e+04 0.000000000000000000e+00 0.000000000000000000e+00
5.736833304085001873e+04 0.000000000000000000e+00 0.000000000000000000e+00
5.736833304197480174e+04 0.000000000000000000e+00 0.000000000000000000e+00
5.736833304309958476e+04 0.000000000000000000e+00 0.000000000000000000e+00
5.736833304422436777e+04 0.000000000000000000e+00 0.000000000000000000e+00
5.736833304534915078e+04 0.000000000000000000e+00 0.000000000000000000e+00
5.736833304647393379e+04 0.000000000000000000e+00 0.000000000000000000e+00
5.736833304759871680e+04 0.000000000000000000e+00 0.000000000000000000e+00
5.736833304872349981e+04 0.000000000000000000e+00 0.000000000000000000e+00
5.736833304984828283e+04 0.000000000000000000e+00 0.000000000000000000e+00
5.736833305097306584e+04 0.000000000000000000e+00 0.000000000000000000e+00
5.736833305209784885e+04 0.000000000000000000e+00 0.000000000000000000e+00
5.736833305322263186e+04 0.000000000000000000e+00 0.000000000000000000e+00
5.736833305434740760e+04 0.000000000000000000e+00 0.000000000000000000e+00
5.736833305547219061e+04 0.000000000000000000e+00 0.000000000000000000e+00
5.736833305659697362e+04 0.000000000000000000e+00 0.000000000000000000e+00
5.736833305772175663e+04 0.000000000000000000e+00 0.000000000000000000e+00
5.736833305884653964e+04 0.000000000000000000e+00 0.000000000000000000e+00
5.736833305997132265e+04 0.000000000000000000e+00 0.000000000000000000e+00
5.736833306109610567e+04 0.000000000000000000e+00 0.000000000000000000e+00
5.736833306222088868e+04 0.000000000000000000e+00 0.000000000000000000e+00
5.736833306334567169e+04 0.000000000000000000e+00 0.000000000000000000e+00
5.736833306447045470e+04 0.000000000000000000e+00 0.000000000000000000e+00
5.736833306559523771e+04 0.000000000000000000e+00 0.000000000000000000e+00
5.736833306672002072e+04 0.000000000000000000e+00 0.000000000000000000e+00
5.736833306784480374e+04 0.000000000000000000e+00 0.000000000000000000e+00
5.736833306896958675e+04 0.000000000000000000e+00 0.000000000000000000e+00
5.736833307009436976e+04 0.000000000000000000e+00 0.000000000000000000e+00
5.736833307121915277e+04 0.000000000000000000e+00 0.000000000000000000e+00
5.736833307234393578e+04 0.000000000000000000e+00 0.000000000000000000e+00
5.736833307346871879e+04 0.000000000000000000e+00 0.000000000000000000e+00
5.736833307459350181e+04 0.000000000000000000e+00 0.000000000000000000e+00
5.736833307571828482e+04 0.000000000000000000e+00 0.000000000000000000e+00
5.736833307684306783e+04 0.000000000000000000e+00 0.000000000000000000e+00
5.736833307796785084e+04 0.000000000000000000e+00 0.000000000000000000e+00
5.736833307909263385e+04 0.000000000000000000e+00 0.000000000000000000e+00
5.736833308021741686e+04 0.000000000000000000e+00 0.000000000000000000e+00
5.736833308134219988e+04 0.000000000000000000e+00 0.000000000000000000e+00
5.736833308246698289e+04 0.000000000000000000e+00 0.000000000000000000e+00
5.736833308359176590e+04 0.000000000000000000e+00 0.000000000000000000e+00
5.736833308471654891e+04 0.000000000000000000e+00 0.000000000000000000e+00
5.736833308584132465e+04 0.000000000000000000e+00 0.000000000000000000e+00
5.736833308696610766e+04 0.000000000000000000e+00 0.000000000000000000e+00
5.736833308809089067e+04 0.000000000000000000e+00 0.000000000000000000e+00
5.736833308921567368e+04 0.000000000000000000e+00 0.000000000000000000e+00
5.736833309034045669e+04 0.000000000000000000e+00 0.000000000000000000e+00
5.736833309146523970e+04 0.000000000000000000e+00 0.000000000000000000e+00
5.736833309259002272e+04 0.000000000000000000e+00 0.000000000000000000e+00
5.736833309371480573e+04 0.000000000000000000e+00 0.000000000000000000e+00
5.736833309483958874e+04 0.000000000000000000e+00 0.000000000000000000e+00
5.736833309596437175e+04 0.000000000000000000e+00 0.000000000000000000e+00
5.736833309708915476e+04 0.000000000000000000e+00 0.000000000000000000e+00
5.736833309821393777e+04 0.000000000000000000e+00 0.000000000000000000e+00
5.736833309933872079e+04 0.000000000000000000e+00 0.000000000000000000e+00
5.736833310046350380e+04 0.000000000000000000e+00 0.000000000000000000e+00
5.736833310158828681e+04 0.000000000000000000e+00 0.000000000000000000e+00
5.736833310271306982e+04 0.000000000000000000e+00 0.000000000000000000e+00
5.736833310383785283e+04 0.000000000000000000e+00 0.000000000000000000e+00
5.736833310496263584e+04 0.000000000000000000e+00 0.000000000000000000e+00
5.736833310608741886e+04 0.000000000000000000e+00 0.000000000000000000e+00
5.736833310721220187e+04 0.000000000000000000e+00 0.000000000000000000e+00
5.736833310833698488e+04 0.000000000000000000e+00 0.000000000000000000e+00
5.736833310946176789e+04 0.000000000000000000e+00 0.000000000000000000e+00
5.736833311058655090e+04 0.000000000000000000e+00 0.000000000000000000e+00
5.736833311171133391e+04 0.000000000000000000e+00 0.000000000000000000e+00
5.736833311283611692e+04 0.000000000000000000e+00 0.000000000000000000e+00
5.736833311396089994e+04 0.000000000000000000e+00 0.000000000000000000e+00
5.736833311508568295e+04 0.000000000000000000e+00 0.000000000000000000e+00
5.736833311621046596e+04 0.000000000000000000e+00 0.000000000000000000e+00
5.736833311733524170e+04 0.000000000000000000e+00 0.000000000000000000e+00
5.736833311846002471e+04 0.000000000000000000e+00 0.000000000000000000e+00
5.736833311958480772e+04 0.000000000000000000e+00 0.000000000000000000e+00
5.736833312070959073e+04 0.000000000000000000e+00 0.000000000000000000e+00
5.736833312183437374e+04 0.000000000000000000e+00 0.000000000000000000e+00
5.736833312295915675e+04 0.000000000000000000e+00 0.000000000000000000e+00
5.736833312408393977e+04 0.000000000000000000e+00 0.000000000000000000e+00
5.736833312520872278e+04 0.000000000000000000e+00 0.000000000000000000e+00
5.736833312633350579e+04 0.000000000000000000e+00 0.000000000000000000e+00
5.736833312745828880e+04 0.000000000000000000e+00 0.000000000000000000e+00
5.736833312858307181e+04 0.000000000000000000e+00 0.000000000000000000e+00
5.736833312970785482e+04 0.000000000000000000e+00 0.000000000000000000e+00
5.736833313083263783e+04 0.000000000000000000e+00 0.000000000000000000e+00
5.736833313195742085e+04 0.000000000000000000e+00 0.000000000000000000e+00
5.736833313308220386e+04 0.000000000000000000e+00 0.000000000000000000e+00
5.736833313420698687e+04 0.000000000000000000e+00 0.000000000000000000e+00
5.736833313533176988e+04 0.000000000000000000e+00 0.000000000000000000e+00
5.736833313645655289e+04 0.000000000000000000e+00 0.000000000000000000e+00
5.736833313758133590e+04 0.000000000000000000e+00 0.000000000000000000e+00
5.736833313870611892e+04 0.000000000000000000e+00 0.000000000000000000e+00
5.736833313983090193e+04 0.000000000000000000e+00 0.000000000000000000e+00
5.736833314095568494e+04 0.000000000000000000e+00 0.000000000000000000e+00
5.736833314208046795e+04 0.000000000000000000e+00 0.000000000000000000e+00
5.736833314320525096e+04 0.000000000000000000e+00 0.000000000000000000e+00
5.736833314433003397e+04 0.000000000000000000e+00 0.000000000000000000e+00
5.736833314545481699e+04 0.000000000000000000e+00 0.000000000000000000e+00
5.736833314657960000e+04 0.000000000000000000e+00 0.000000000000000000e+00
5.736833314770438301e+04 0.000000000000000000e+00 0.000000000000000000e+00
5.736833314882915874e+04 0.000000000000000000e+00 0.000000000000000000e+00
5.736833314995394176e+04 0.000000000000000000e+00 0.000000000000000000e+00
5.736833315107872477e+04 0.000000000000000000e+00 0.000000000000000000e+00
5.736833315220350778e+04 0.000000000000000000e+00 0.000000000000000000e+00
5.736833315332829079e+04 0.000000000000000000e+00 0.000000000000000000e+00
5.736833315445307380e+04 0.000000000000000000e+00 0.000000000000000000e+00
5.736833315557785681e+04 0.000000000000000000e+00 0.000000000000000000e+00
5.736833315670263983e+04 0.000000000000000000e+00 0.000000000000000000e+00
5.736833315782742284e+04 0.000000000000000000e+00 0.000000000000000000e+00
5.736833315895220585e+04 0.000000000000000000e+00 0.000000000000000000e+00
5.736833316007698886e+04 0.000000000000000000e+00 0.000000000000000000e+00
5.736833316120177187e+04 0.000000000000000000e+00 0.000000000000000000e+00
5.736833316232655488e+04 0.000000000000000000e+00 0.000000000000000000e+00
5.736833316345133790e+04 0.000000000000000000e+00 0.000000000000000000e+00
5.736833316457612091e+04 0.000000000000000000e+00 0.000000000000000000e+00
5.736833316570090392e+04 0.000000000000000000e+00 0.000000000000000000e+00
5.736833316682568693e+04 0.000000000000000000e+00 0.000000000000000000e+00
5.736833316795046994e+04 0.000000000000000000e+00 0.000000000000000000e+00
5.736833316907525295e+04 0.000000000000000000e+00 0.000000000000000000e+00
5.736833317020003597e+04 0.000000000000000000e+00 0.000000000000000000e+00
5.736833317132481898e+04 0.000000000000000000e+00 0.000000000000000000e+00
5.736833317244960199e+04 0.000000000000000000e+00 0.000000000000000000e+00
5.736833317357438500e+04 0.000000000000000000e+00 0.000000000000000000e+00
5.736833317469916801e+04 0.000000000000000000e+00 0.000000000000000000e+00
5.736833317582395102e+04 0.000000000000000000e+00 0.000000000000000000e+00
5.736833317694873404e+04 0.000000000000000000e+00 0.000000000000000000e+00
5.736833317807351705e+04 0.000000000000000000e+00 0.000000000000000000e+00
5.736833317919830006e+04 0.000000000000000000e+00 0.000000000000000000e+00
5.736833318032307579e+04 0.000000000000000000e+00 0.000000000000000000e+00
5.736833318144785881e+04 0.000000000000000000e+00 0.000000000000000000e+00
5.736833318257264182e+04 0.000000000000000000e+00 0.000000000000000000e+00
5.736833318369742483e+04 0.000000000000000000e+00 0.000000000000000000e+00
5.736833318482220784e+04 0.000000000000000000e+00 0.000000000000000000e+00
5.736833318594699085e+04 0.000000000000000000e+00 0.000000000000000000e+00
5.736833318707177386e+04 0.000000000000000000e+00 0.000000000000000000e+00
5.736833318819655688e+04 0.000000000000000000e+00 0.000000000000000000e+00
5.736833318932133989e+04 0.000000000000000000e+00 0.000000000000000000e+00
5.736833319044612290e+04 0.000000000000000000e+00 0.000000000000000000e+00
5.736833319157090591e+04 0.000000000000000000e+00 0.000000000000000000e+00
5.736833319269568892e+04 0.000000000000000000e+00 0.000000000000000000e+00
5.736833319382047193e+04 0.000000000000000000e+00 0.000000000000000000e+00
5.736833319494525495e+04 0.000000000000000000e+00 0.000000000000000000e+00
5.736833319607003796e+04 0.000000000000000000e+00 0.000000000000000000e+00
5.736833319719482097e+04 0.000000000000000000e+00 0.000000000000000000e+00
5.736833319831960398e+04 0.000000000000000000e+00 0.000000000000000000e+00
5.736833319944438699e+04 0.000000000000000000e+00 0.000000000000000000e+00
5.736833320056917000e+04 0.000000000000000000e+00 0.000000000000000000e+00
5.736833320169395301e+04 0.000000000000000000e+00 0.000000000000000000e+00
5.736833320281873603e+04 0.000000000000000000e+00 0.000000000000000000e+00
5.736833320394351904e+04 0.000000000000000000e+00 0.000000000000000000e+00
5.736833320506830205e+04 0.000000000000000000e+00 0.000000000000000000e+00
5.736833320619308506e+04 0.000000000000000000e+00 0.000000000000000000e+00
5.736833320731786807e+04 0.000000000000000000e+00 0.000000000000000000e+00
5.736833320844265108e+04 0.000000000000000000e+00 0.000000000000000000e+00
5.736833320956743410e+04 0.000000000000000000e+00 0.000000000000000000e+00
5.736833321069221711e+04 0.000000000000000000e+00 0.000000000000000000e+00
5.736833321181699284e+04 0.000000000000000000e+00 0.000000000000000000e+00
5.736833321294177586e+04 0.000000000000000000e+00 0.000000000000000000e+00
5.736833321406655887e+04 0.000000000000000000e+00 0.000000000000000000e+00
5.736833321519134188e+04 0.000000000000000000e+00 0.000000000000000000e+00
5.736833321631612489e+04 0.000000000000000000e+00 0.000000000000000000e+00
5.736833321744090790e+04 0.000000000000000000e+00 0.000000000000000000e+00
5.736833321856569091e+04 0.000000000000000000e+00 0.000000000000000000e+00
5.736833321969047392e+04 0.000000000000000000e+00 0.000000000000000000e+00
5.736833322081525694e+04 0.000000000000000000e+00 0.000000000000000000e+00
5.736833322194003995e+04 0.000000000000000000e+00 0.000000000000000000e+00
5.736833322306482296e+04 0.000000000000000000e+00 0.000000000000000000e+00
5.736833322418960597e+04 0.000000000000000000e+00 0.000000000000000000e+00
5.736833322531438898e+04 0.000000000000000000e+00 0.000000000000000000e+00
5.736833322643917199e+04 0.000000000000000000e+00 0.000000000000000000e+00
5.736833322756395501e+04 0.000000000000000000e+00 0.000000000000000000e+00
5.736833322868873802e+04 0.000000000000000000e+00 0.000000000000000000e+00
5.736833322981352103e+04 0.000000000000000000e+00 0.000000000000000000e+00
5.736833323093830404e+04 0.000000000000000000e+00 0.000000000000000000e+00
5.736833323206308705e+04 0.000000000000000000e+00 0.000000000000000000e+00
5.736833323318787006e+04 0.000000000000000000e+00 0.000000000000000000e+00
5.736833323431265308e+04 0.000000000000000000e+00 0.000000000000000000e+00
5.736833323543743609e+04 0.000000000000000000e+00 0.000000000000000000e+00
5.736833323656221910e+04 0.000000000000000000e+00 0.000000000000000000e+00
5.736833323768700211e+04 0.000000000000000000e+00 0.000000000000000000e+00
5.736833323881178512e+04 0.000000000000000000e+00 0.000000000000000000e+00
5.736833323993656813e+04 0.000000000000000000e+00 0.000000000000000000e+00
5.736833324106135115e+04 0.000000000000000000e+00 0.000000000000000000e+00
5.736833324218613416e+04 0.000000000000000000e+00 0.000000000000000000e+00
5.736833324331090989e+04 0.000000000000000000e+00 0.000000000000000000e+00
5.736833324443569290e+04 0.000000000000000000e+00 0.000000000000000000e+00
5.736833324556047592e+04 0.000000000000000000e+00 0.000000000000000000e+00
5.736833324668525893e+04 0.000000000000000000e+00 0.000000000000000000e+00
5.736833324781004194e+04 0.000000000000000000e+00 0.000000000000000000e+00
5.736833324893482495e+04 0.000000000000000000e+00 0.000000000000000000e+00
5.736833325005960796e+04 0.000000000000000000e+00 0.000000000000000000e+00
5.736833325118439097e+04 0.000000000000000000e+00 0.000000000000000000e+00
5.736833325230917399e+04 0.000000000000000000e+00 0.000000000000000000e+00
5.736833325343395700e+04 0.000000000000000000e+00 0.000000000000000000e+00
5.736833325455874001e+04 0.000000000000000000e+00 0.000000000000000000e+00
5.736833325568352302e+04 0.000000000000000000e+00 0.000000000000000000e+00
5.736833325680830603e+04 0.000000000000000000e+00 0.000000000000000000e+00
5.736833325793308904e+04 0.000000000000000000e+00 0.000000000000000000e+00
5.736833325905787206e+04 0.000000000000000000e+00 0.000000000000000000e+00
5.736833326018265507e+04 0.000000000000000000e+00 0.000000000000000000e+00
5.736833326130743808e+04 0.000000000000000000e+00 0.000000000000000000e+00
5.736833326243222109e+04 0.000000000000000000e+00 0.000000000000000000e+00
5.736833326355700410e+04 0.000000000000000000e+00 0.000000000000000000e+00
5.736833326468178711e+04 0.000000000000000000e+00 0.000000000000000000e+00
5.736833326580657013e+04 0.000000000000000000e+00 0.000000000000000000e+00
5.736833326693135314e+04 0.000000000000000000e+00 0.000000000000000000e+00
5.736833326805613615e+04 0.000000000000000000e+00 0.000000000000000000e+00
5.736833326918091916e+04 0.000000000000000000e+00 0.000000000000000000e+00
5.736833327030570217e+04 0.000000000000000000e+00 0.000000000000000000e+00
5.736833327143048518e+04 0.000000000000000000e+00 0.000000000000000000e+00
5.736833327255526819e+04 0.000000000000000000e+00 0.000000000000000000e+00
5.736833327368005121e+04 0.000000000000000000e+00 0.000000000000000000e+00
5.736833327480483422e+04 0.000000000000000000e+00 0.000000000000000000e+00
5.736833327592960995e+04 0.000000000000000000e+00 0.000000000000000000e+00
5.736833327705439297e+04 0.000000000000000000e+00 0.000000000000000000e+00
5.736833327817917598e+04 0.000000000000000000e+00 0.000000000000000000e+00
5.736833327930395899e+04 0.000000000000000000e+00 0.000000000000000000e+00
5.736833328042874200e+04 0.000000000000000000e+00 0.000000000000000000e+00
5.736833328155352501e+04 0.000000000000000000e+00 0.000000000000000000e+00
5.736833328267830802e+04 0.000000000000000000e+00 0.000000000000000000e+00
5.736833328380309104e+04 0.000000000000000000e+00 0.000000000000000000e+00
5.736833328492787405e+04 0.000000000000000000e+00 0.000000000000000000e+00
5.736833328605265706e+04 0.000000000000000000e+00 0.000000000000000000e+00
5.736833328717744007e+04 0.000000000000000000e+00 0.000000000000000000e+00
5.736833328830222308e+04 0.000000000000000000e+00 0.000000000000000000e+00
5.736833328942700609e+04 0.000000000000000000e+00 0.000000000000000000e+00
5.736833329055178910e+04 0.000000000000000000e+00 0.000000000000000000e+00
5.736833329167657212e+04 0.000000000000000000e+00 0.000000000000000000e+00
5.736833329280135513e+04 0.000000000000000000e+00 0.000000000000000000e+00
5.736833329392613814e+04 0.000000000000000000e+00 0.000000000000000000e+00
5.736833329505092115e+04 0.000000000000000000e+00 0.000000000000000000e+00
5.736833329617570416e+04 0.000000000000000000e+00 0.000000000000000000e+00
5.736833329730048717e+04 0.000000000000000000e+00 0.000000000000000000e+00
5.736833329842527019e+04 0.000000000000000000e+00 0.000000000000000000e+00
5.736833329955005320e+04 0.000000000000000000e+00 0.000000000000000000e+00
5.736833330067483621e+04 0.000000000000000000e+00 0.000000000000000000e+00
5.736833330179961922e+04 0.000000000000000000e+00 0.000000000000000000e+00
5.736833330292440223e+04 0.000000000000000000e+00 0.000000000000000000e+00
5.736833330404918524e+04 0.000000000000000000e+00 0.000000000000000000e+00
5.736833330517396826e+04 0.000000000000000000e+00 0.000000000000000000e+00
5.736833330629875127e+04 0.000000000000000000e+00 0.000000000000000000e+00
5.736833330742352700e+04 0.000000000000000000e+00 0.000000000000000000e+00
5.736833330854831001e+04 0.000000000000000000e+00 0.000000000000000000e+00
5.736833330967309303e+04 0.000000000000000000e+00 0.000000000000000000e+00
5.736833331079787604e+04 0.000000000000000000e+00 0.000000000000000000e+00
5.736833331192265905e+04 0.000000000000000000e+00 0.000000000000000000e+00
5.736833331304744206e+04 0.000000000000000000e+00 0.000000000000000000e+00
5.736833331417222507e+04 0.000000000000000000e+00 0.000000000000000000e+00
5.736833331529700808e+04 0.000000000000000000e+00 0.000000000000000000e+00
5.736833331642179110e+04 0.000000000000000000e+00 0.000000000000000000e+00
5.736833331754657411e+04 0.000000000000000000e+00 0.000000000000000000e+00
5.736833331867135712e+04 0.000000000000000000e+00 0.000000000000000000e+00
5.736833331979614013e+04 0.000000000000000000e+00 0.000000000000000000e+00
5.736833332092092314e+04 0.000000000000000000e+00 0.000000000000000000e+00
5.736833332204570615e+04 0.000000000000000000e+00 0.000000000000000000e+00
5.736833332317048917e+04 0.000000000000000000e+00 0.000000000000000000e+00
5.736833332429527218e+04 0.000000000000000000e+00 0.000000000000000000e+00
5.736833332542005519e+04 0.000000000000000000e+00 0.000000000000000000e+00
5.736833332654483820e+04 0.000000000000000000e+00 0.000000000000000000e+00
5.736833332766962121e+04 0.000000000000000000e+00 0.000000000000000000e+00
5.736833332879440422e+04 0.000000000000000000e+00 0.000000000000000000e+00
5.736833332991918724e+04 0.000000000000000000e+00 0.000000000000000000e+00
5.736833333104397025e+04 0.000000000000000000e+00 0.000000000000000000e+00
5.736833333216875326e+04 0.000000000000000000e+00 0.000000000000000000e+00
5.736833333329353627e+04 0.000000000000000000e+00 0.000000000000000000e+00
5.736833333441831928e+04 0.000000000000000000e+00 0.000000000000000000e+00
5.736833333554310229e+04 0.000000000000000000e+00 0.000000000000000000e+00
5.736833333666788531e+04 0.000000000000000000e+00 0.000000000000000000e+00
5.736833333779266832e+04 0.000000000000000000e+00 0.000000000000000000e+00
5.736833333891744405e+04 0.000000000000000000e+00 0.000000000000000000e+00
5.736833334004222706e+04 0.000000000000000000e+00 0.000000000000000000e+00
5.736833334116701008e+04 0.000000000000000000e+00 0.000000000000000000e+00
5.736833334229179309e+04 0.000000000000000000e+00 0.000000000000000000e+00
5.736833334341657610e+04 0.000000000000000000e+00 0.000000000000000000e+00
5.736833334454135911e+04 0.000000000000000000e+00 0.000000000000000000e+00
5.736833334566614212e+04 0.000000000000000000e+00 0.000000000000000000e+00
5.736833334679092513e+04 0.000000000000000000e+00 0.000000000000000000e+00
5.736833334791570815e+04 0.000000000000000000e+00 0.000000000000000000e+00
5.736833334904049116e+04 0.000000000000000000e+00 0.000000000000000000e+00
5.736833335016527417e+04 0.000000000000000000e+00 0.000000000000000000e+00
5.736833335129005718e+04 0.000000000000000000e+00 0.000000000000000000e+00
5.736833335241484019e+04 0.000000000000000000e+00 0.000000000000000000e+00
5.736833335353962320e+04 0.000000000000000000e+00 0.000000000000000000e+00
5.736833335466440622e+04 0.000000000000000000e+00 0.000000000000000000e+00
5.736833335578918923e+04 0.000000000000000000e+00 0.000000000000000000e+00
5.736833335691397224e+04 0.000000000000000000e+00 0.000000000000000000e+00
5.736833335803875525e+04 0.000000000000000000e+00 0.000000000000000000e+00
5.736833335916353826e+04 0.000000000000000000e+00 0.000000000000000000e+00
5.736833336028832127e+04 0.000000000000000000e+00 0.000000000000000000e+00
5.736833336141310429e+04 0.000000000000000000e+00 0.000000000000000000e+00
5.736833336253788730e+04 0.000000000000000000e+00 0.000000000000000000e+00
5.736833336366267031e+04 0.000000000000000000e+00 0.000000000000000000e+00
5.736833336478745332e+04 0.000000000000000000e+00 0.000000000000000000e+00
5.736833336591223633e+04 0.000000000000000000e+00 0.000000000000000000e+00
5.736833336703701934e+04 0.000000000000000000e+00 0.000000000000000000e+00
5.736833336816180235e+04 0.000000000000000000e+00 0.000000000000000000e+00
5.736833336928658537e+04 0.000000000000000000e+00 0.000000000000000000e+00
5.736833337041136110e+04 0.000000000000000000e+00 0.000000000000000000e+00
5.736833337153614411e+04 0.000000000000000000e+00 0.000000000000000000e+00
5.736833337266092713e+04 0.000000000000000000e+00 0.000000000000000000e+00
5.736833337378571014e+04 0.000000000000000000e+00 0.000000000000000000e+00
5.736833337491049315e+04 0.000000000000000000e+00 0.000000000000000000e+00
5.736833337603527616e+04 0.000000000000000000e+00 0.000000000000000000e+00
5.736833337716005917e+04 0.000000000000000000e+00 0.000000000000000000e+00
5.736833337828484218e+04 0.000000000000000000e+00 0.000000000000000000e+00
5.736833337940962519e+04 0.000000000000000000e+00 0.000000000000000000e+00
5.736833338053440821e+04 0.000000000000000000e+00 0.000000000000000000e+00
5.736833338165919122e+04 0.000000000000000000e+00 0.000000000000000000e+00
5.736833338278397423e+04 0.000000000000000000e+00 0.000000000000000000e+00
5.736833338390875724e+04 0.000000000000000000e+00 0.000000000000000000e+00
5.736833338503354025e+04 0.000000000000000000e+00 0.000000000000000000e+00
5.736833338615832326e+04 0.000000000000000000e+00 0.000000000000000000e+00
5.736833338728310628e+04 0.000000000000000000e+00 0.000000000000000000e+00
5.736833338840788929e+04 0.000000000000000000e+00 0.000000000000000000e+00
5.736833338953267230e+04 0.000000000000000000e+00 0.000000000000000000e+00
5.736833339065745531e+04 0.000000000000000000e+00 0.000000000000000000e+00
5.736833339178223832e+04 0.000000000000000000e+00 0.000000000000000000e+00
5.736833339290702133e+04 0.000000000000000000e+00 0.000000000000000000e+00
5.736833339403180435e+04 0.000000000000000000e+00 0.000000000000000000e+00
5.736833339515658736e+04 0.000000000000000000e+00 0.000000000000000000e+00
5.736833339628137037e+04 0.000000000000000000e+00 0.000000000000000000e+00
5.736833339740615338e+04 0.000000000000000000e+00 0.000000000000000000e+00
5.736833339853093639e+04 0.000000000000000000e+00 0.000000000000000000e+00
5.736833339965571940e+04 0.000000000000000000e+00 0.000000000000000000e+00
5.736833340078050242e+04 0.000000000000000000e+00 0.000000000000000000e+00
5.736833340190527815e+04 0.000000000000000000e+00 0.000000000000000000e+00
5.736833340303006116e+04 0.000000000000000000e+00 0.000000000000000000e+00
5.736833340415484417e+04 0.000000000000000000e+00 0.000000000000000000e+00
5.736833340527962719e+04 0.000000000000000000e+00 0.000000000000000000e+00
5.736833340640441020e+04 0.000000000000000000e+00 0.000000000000000000e+00
5.736833340752919321e+04 0.000000000000000000e+00 0.000000000000000000e+00
5.736833340865397622e+04 0.000000000000000000e+00 0.000000000000000000e+00
5.736833340977875923e+04 0.000000000000000000e+00 0.000000000000000000e+00
5.736833341090354224e+04 0.000000000000000000e+00 0.000000000000000000e+00
5.736833341202832526e+04 0.000000000000000000e+00 0.000000000000000000e+00
5.736833341315310827e+04 0.000000000000000000e+00 0.000000000000000000e+00
5.736833341427789128e+04 0.000000000000000000e+00 0.000000000000000000e+00
5.736833341540267429e+04 0.000000000000000000e+00 0.000000000000000000e+00
5.736833341652745730e+04 0.000000000000000000e+00 0.000000000000000000e+00
5.736833341765224031e+04 0.000000000000000000e+00 0.000000000000000000e+00
5.736833341877702333e+04 0.000000000000000000e+00 0.000000000000000000e+00
5.736833341990180634e+04 0.000000000000000000e+00 0.000000000000000000e+00
5.736833342102658935e+04 0.000000000000000000e+00 0.000000000000000000e+00
5.736833342215137236e+04 0.000000000000000000e+00 0.000000000000000000e+00
5.736833342327615537e+04 0.000000000000000000e+00 0.000000000000000000e+00
5.736833342440093838e+04 0.000000000000000000e+00 0.000000000000000000e+00
5.736833342552572140e+04 0.000000000000000000e+00 0.000000000000000000e+00
5.736833342665050441e+04 0.000000000000000000e+00 0.000000000000000000e+00
5.736833342777528742e+04 0.000000000000000000e+00 0.000000000000000000e+00
5.736833342890007043e+04 0.000000000000000000e+00 0.000000000000000000e+00
5.736833343002485344e+04 0.000000000000000000e+00 0.000000000000000000e+00
5.736833343114963645e+04 0.000000000000000000e+00 0.000000000000000000e+00
5.736833343227441947e+04 0.000000000000000000e+00 0.000000000000000000e+00
5.736833343339919520e+04 0.000000000000000000e+00 0.000000000000000000e+00
5.736833343452397821e+04 0.000000000000000000e+00 0.000000000000000000e+00
5.736833343564876122e+04 0.000000000000000000e+00 0.000000000000000000e+00
5.736833343677354424e+04 0.000000000000000000e+00 0.000000000000000000e+00
5.736833343789832725e+04 0.000000000000000000e+00 0.000000000000000000e+00
5.736833343902311026e+04 0.000000000000000000e+00 0.000000000000000000e+00
5.736833344014789327e+04 0.000000000000000000e+00 0.000000000000000000e+00
5.736833344127267628e+04 0.000000000000000000e+00 0.000000000000000000e+00
5.736833344239745929e+04 0.000000000000000000e+00 0.000000000000000000e+00
5.736833344352224231e+04 0.000000000000000000e+00 0.000000000000000000e+00
5.736833344464702532e+04 0.000000000000000000e+00 0.000000000000000000e+00
5.736833344577180833e+04 0.000000000000000000e+00 0.000000000000000000e+00
5.736833344689659134e+04 0.000000000000000000e+00 0.000000000000000000e+00
5.736833344802137435e+04 0.000000000000000000e+00 0.000000000000000000e+00
5.736833344914615736e+04 0.000000000000000000e+00 0.000000000000000000e+00
5.736833345027094038e+04 0.000000000000000000e+00 0.000000000000000000e+00
5.736833345139572339e+04 0.000000000000000000e+00 0.000000000000000000e+00
5.736833345252050640e+04 0.000000000000000000e+00 0.000000000000000000e+00
5.736833345364528941e+04 0.000000000000000000e+00 0.000000000000000000e+00
5.736833345477007242e+04 0.000000000000000000e+00 0.000000000000000000e+00
5.736833345589485543e+04 0.000000000000000000e+00 0.000000000000000000e+00
5.736833345701963844e+04 0.000000000000000000e+00 0.000000000000000000e+00
5.736833345814442146e+04 0.000000000000000000e+00 0.000000000000000000e+00
5.736833345926920447e+04 0.000000000000000000e+00 0.000000000000000000e+00
5.736833346039398748e+04 0.000000000000000000e+00 0.000000000000000000e+00
5.736833346151877049e+04 0.000000000000000000e+00 0.000000000000000000e+00
5.736833346264355350e+04 0.000000000000000000e+00 0.000000000000000000e+00
5.736833346376833651e+04 0.000000000000000000e+00 0.000000000000000000e+00
5.736833346489311225e+04 0.000000000000000000e+00 0.000000000000000000e+00
5.736833346601789526e+04 0.000000000000000000e+00 0.000000000000000000e+00
5.736833346714267827e+04 0.000000000000000000e+00 0.000000000000000000e+00
5.736833346826746128e+04 0.000000000000000000e+00 0.000000000000000000e+00
5.736833346939224430e+04 0.000000000000000000e+00 0.000000000000000000e+00
5.736833347051702731e+04 0.000000000000000000e+00 0.000000000000000000e+00
5.736833347164181032e+04 0.000000000000000000e+00 0.000000000000000000e+00
5.736833347276659333e+04 0.000000000000000000e+00 0.000000000000000000e+00
5.736833347389137634e+04 0.000000000000000000e+00 0.000000000000000000e+00
5.736833347501615935e+04 0.000000000000000000e+00 0.000000000000000000e+00
5.736833347614094237e+04 0.000000000000000000e+00 0.000000000000000000e+00
5.736833347726572538e+04 0.000000000000000000e+00 0.000000000000000000e+00
5.736833347839050839e+04 0.000000000000000000e+00 0.000000000000000000e+00
5.736833347951529140e+04 0.000000000000000000e+00 0.000000000000000000e+00
5.736833348064007441e+04 0.000000000000000000e+00 0.000000000000000000e+00
5.736833348176485742e+04 0.000000000000000000e+00 0.000000000000000000e+00
5.736833348288964044e+04 0.000000000000000000e+00 0.000000000000000000e+00
5.736833348401442345e+04 0.000000000000000000e+00 0.000000000000000000e+00
5.736833348513920646e+04 0.000000000000000000e+00 0.000000000000000000e+00
5.736833348626398947e+04 0.000000000000000000e+00 0.000000000000000000e+00
5.736833348738877248e+04 0.000000000000000000e+00 0.000000000000000000e+00
5.736833348851355549e+04 0.000000000000000000e+00 0.000000000000000000e+00
5.736833348963833851e+04 0.000000000000000000e+00 0.000000000000000000e+00
5.736833349076312152e+04 0.000000000000000000e+00 0.000000000000000000e+00
5.736833349188790453e+04 0.000000000000000000e+00 0.000000000000000000e+00
5.736833349301268754e+04 0.000000000000000000e+00 0.000000000000000000e+00
5.736833349413747055e+04 0.000000000000000000e+00 0.000000000000000000e+00
5.736833349526225356e+04 0.000000000000000000e+00 0.000000000000000000e+00
5.736833349638702930e+04 0.000000000000000000e+00 0.000000000000000000e+00
5.736833349751181231e+04 0.000000000000000000e+00 0.000000000000000000e+00
5.736833349863659532e+04 0.000000000000000000e+00 0.000000000000000000e+00
5.736833349976137833e+04 0.000000000000000000e+00 0.000000000000000000e+00
5.736833350088616135e+04 0.000000000000000000e+00 0.000000000000000000e+00
5.736833350201094436e+04 0.000000000000000000e+00 0.000000000000000000e+00
5.736833350313572737e+04 0.000000000000000000e+00 0.000000000000000000e+00
5.736833350426051038e+04 0.000000000000000000e+00 0.000000000000000000e+00
5.736833350538529339e+04 0.000000000000000000e+00 0.000000000000000000e+00
5.736833350651007640e+04 0.000000000000000000e+00 0.000000000000000000e+00
5.736833350763485942e+04 0.000000000000000000e+00 0.000000000000000000e+00
5.736833350875964243e+04 0.000000000000000000e+00 0.000000000000000000e+00
5.736833350988442544e+04 0.000000000000000000e+00 0.000000000000000000e+00
5.736833351100920845e+04 0.000000000000000000e+00 0.000000000000000000e+00
5.736833351213399146e+04 0.000000000000000000e+00 0.000000000000000000e+00
5.736833351325877447e+04 0.000000000000000000e+00 0.000000000000000000e+00
5.736833351438355749e+04 0.000000000000000000e+00 0.000000000000000000e+00
5.736833351550834050e+04 0.000000000000000000e+00 0.000000000000000000e+00
5.736833351663312351e+04 0.000000000000000000e+00 0.000000000000000000e+00
5.736833351775790652e+04 0.000000000000000000e+00 0.000000000000000000e+00
5.736833351888268953e+04 0.000000000000000000e+00 0.000000000000000000e+00
5.736833352000747254e+04 0.000000000000000000e+00 0.000000000000000000e+00
5.736833352113225556e+04 0.000000000000000000e+00 0.000000000000000000e+00
5.736833352225703857e+04 0.000000000000000000e+00 0.000000000000000000e+00
5.736833352338182158e+04 0.000000000000000000e+00 0.000000000000000000e+00
5.736833352450660459e+04 0.000000000000000000e+00 0.000000000000000000e+00
5.736833352563138760e+04 0.000000000000000000e+00 0.000000000000000000e+00
5.736833352675617061e+04 0.000000000000000000e+00 0.000000000000000000e+00
5.736833352788094635e+04 0.000000000000000000e+00 0.000000000000000000e+00
5.736833352900572936e+04 0.000000000000000000e+00 0.000000000000000000e+00
5.736833353013051237e+04 0.000000000000000000e+00 0.000000000000000000e+00
5.736833353125529538e+04 0.000000000000000000e+00 0.000000000000000000e+00
5.736833353238007840e+04 0.000000000000000000e+00 0.000000000000000000e+00
5.736833353350486141e+04 0.000000000000000000e+00 0.000000000000000000e+00
5.736833353462964442e+04 0.000000000000000000e+00 0.000000000000000000e+00
5.736833353575442743e+04 0.000000000000000000e+00 0.000000000000000000e+00
5.736833353687921044e+04 0.000000000000000000e+00 0.000000000000000000e+00
5.736833353800399345e+04 0.000000000000000000e+00 0.000000000000000000e+00
5.736833353912877647e+04 0.000000000000000000e+00 0.000000000000000000e+00
5.736833354025355948e+04 0.000000000000000000e+00 0.000000000000000000e+00
5.736833354137834249e+04 0.000000000000000000e+00 0.000000000000000000e+00
5.736833354250312550e+04 0.000000000000000000e+00 0.000000000000000000e+00
5.736833354362790851e+04 0.000000000000000000e+00 0.000000000000000000e+00
5.736833354475269152e+04 0.000000000000000000e+00 0.000000000000000000e+00
5.736833354587747453e+04 0.000000000000000000e+00 0.000000000000000000e+00
5.736833354700225755e+04 0.000000000000000000e+00 0.000000000000000000e+00
5.736833354812704056e+04 0.000000000000000000e+00 0.000000000000000000e+00
5.736833354925182357e+04 0.000000000000000000e+00 0.000000000000000000e+00
5.736833355037660658e+04 0.000000000000000000e+00 0.000000000000000000e+00
5.736833355150138959e+04 0.000000000000000000e+00 0.000000000000000000e+00
5.736833355262617260e+04 0.000000000000000000e+00 0.000000000000000000e+00
5.736833355375095562e+04 0.000000000000000000e+00 0.000000000000000000e+00
5.736833355487573863e+04 0.000000000000000000e+00 0.000000000000000000e+00
5.736833355600052164e+04 0.000000000000000000e+00 0.000000000000000000e+00
5.736833355712530465e+04 0.000000000000000000e+00 0.000000000000000000e+00
5.736833355825008766e+04 0.000000000000000000e+00 0.000000000000000000e+00
5.736833355937486340e+04 0.000000000000000000e+00 0.000000000000000000e+00
5.736833356049964641e+04 0.000000000000000000e+00 0.000000000000000000e+00
5.736833356162442942e+04 0.000000000000000000e+00 0.000000000000000000e+00
5.736833356274921243e+04 0.000000000000000000e+00 0.000000000000000000e+00
5.736833356387399544e+04 0.000000000000000000e+00 0.000000000000000000e+00
5.736833356499877846e+04 0.000000000000000000e+00 0.000000000000000000e+00
5.736833356612356147e+04 0.000000000000000000e+00 0.000000000000000000e+00
5.736833356724834448e+04 0.000000000000000000e+00 0.000000000000000000e+00
5.736833356837312749e+04 0.000000000000000000e+00 0.000000000000000000e+00
5.736833356949791050e+04 0.000000000000000000e+00 0.000000000000000000e+00
5.736833357062269351e+04 0.000000000000000000e+00 0.000000000000000000e+00
5.736833357174747653e+04 0.000000000000000000e+00 0.000000000000000000e+00
5.736833357287225954e+04 0.000000000000000000e+00 0.000000000000000000e+00
5.736833357399704255e+04 0.000000000000000000e+00 0.000000000000000000e+00
5.736833357512182556e+04 0.000000000000000000e+00 0.000000000000000000e+00
5.736833357624660857e+04 0.000000000000000000e+00 0.000000000000000000e+00
5.736833357737139158e+04 0.000000000000000000e+00 0.000000000000000000e+00
5.736833357849617460e+04 0.000000000000000000e+00 0.000000000000000000e+00
5.736833357962095761e+04 0.000000000000000000e+00 0.000000000000000000e+00
5.736833358074574062e+04 0.000000000000000000e+00 0.000000000000000000e+00
5.736833358187052363e+04 0.000000000000000000e+00 0.000000000000000000e+00
5.736833358299530664e+04 0.000000000000000000e+00 0.000000000000000000e+00
5.736833358412008965e+04 0.000000000000000000e+00 0.000000000000000000e+00
5.736833358524487267e+04 0.000000000000000000e+00 0.000000000000000000e+00
5.736833358636965568e+04 0.000000000000000000e+00 0.000000000000000000e+00
5.736833358749443869e+04 0.000000000000000000e+00 0.000000000000000000e+00
5.736833358861922170e+04 0.000000000000000000e+00 0.000000000000000000e+00
5.736833358974400471e+04 0.000000000000000000e+00 0.000000000000000000e+00
5.736833359086878045e+04 0.000000000000000000e+00 0.000000000000000000e+00
5.736833359199356346e+04 0.000000000000000000e+00 0.000000000000000000e+00
5.736833359311834647e+04 0.000000000000000000e+00 0.000000000000000000e+00
5.736833359424312948e+04 0.000000000000000000e+00 0.000000000000000000e+00
5.736833359536791249e+04 0.000000000000000000e+00 0.000000000000000000e+00
5.736833359649269551e+04 0.000000000000000000e+00 0.000000000000000000e+00
5.736833359761747852e+04 0.000000000000000000e+00 nan
5.736833359874226153e+04 0.000000000000000000e+00 0.000000000000000000e+00
5.736833359986704454e+04 0.000000000000000000e+00 nan
5.736833360099182755e+04 0.000000000000000000e+00 0.000000000000000000e+00
5.736833360211661056e+04 0.000000000000000000e+00 nan
5.736833360324139358e+04 0.000000000000000000e+00 0.000000000000000000e+00
5.736833360436617659e+04 0.000000000000000000e+00 0.000000000000000000e+00
5.736833360549095960e+04 0.000000000000000000e+00 nan
5.736833360661574261e+04 0.000000000000000000e+00 nan
