5.736833291150000150e+04 0.000000000000000000e+00 nan
5.736833291204561829e+04 0.000000000000000000e+00 nan
5.736833291259123507e+04 0.000000000000000000e+00 0.000000000000000000e+00
5.736833291313685186e+04 0.000000000000000000e+00 0.000000000000000000e+00
5.736833291368246864e+04 0.000000000000000000e+00 nan
5.736833291422808543e+04 0.000000000000000000e+00 0.000000000000000000e+00
5.736833291477370221e+04 0.000000000000000000e+00 0.000000000000000000e+00
5.736833291531931900e+04 0.000000000000000000e+00 0.000000000000000000e+00
5.736833291586493579e+04 0.000000000000000000e+00 0.000000000000000000e+00
5.736833291641055257e+04 0.000000000000000000e+00 0.000000000000000000e+00
5.736833291695616936e+04 0.000000000000000000e+00 0.000000000000000000e+00
5.736833291750178614e+04 0.000000000000000000e+00 0.000000000000000000e+00
5.736833291804740293e+04 0.000000000000000000e+00 0.000000000000000000e+00
5.736833291859301971e+04 0.000000000000000000e+00 0.000000000000000000e+00
5.736833291913863650e+04 0.000000000000000000e+00 0.000000000000000000e+00
5.736833291968425328e+04 0.000000000000000000e+00 0.000000000000000000e+00
5.736833292022987007e+04 0.000000000000000000e+00 0.000000000000000000e+00
5.736833292077548685e+04 0.000000000000000000e+00 0.000000000000000000e+00
5.736833292132110364e+04 0.000000000000000000e+00 0.000000000000000000e+00
5.736833292186672043e+04 0.000000000000000000e+00 0.000000000000000000e+00
5.736833292241233721e+04 0.000000000000000000e+00 0.000000000000000000e+00
5.736833292295795400e+04 0.000000000000000000e+00 0.000000000000000000e+00
5.736833292350357078e+04 0.000000000000000000e+00 0.000000000000000000e+00
5.736833292404918757e+04 0.000000000000000000e+00 0.000000000000000000e+00
5.736833292459480435e+04 0.000000000000000000e+00 0.000000000000000000e+00
5.736833292514042114e+04 0.000000000000000000e+00 0.000000000000000000e+00
5.736833292568603792e+04 0.000000000000000000e+00 0.000000000000000000e+00
5.736833292623165471e+04 0.000000000000000000e+00 0.000000000000000000e+00
5.736833292677727150e+04 0.000000000000000000e+00 0.000000000000000000e+00
5.736833292732288828e+04 0.000000000000000000e+00 0.000000000000000000e+00
5.736833292786850507e+04 0.000000000000000000e+00 0.000000000000000000e+00
5.736833292841412185e+04 0.000000000000000000e+00 0.000000000000000000e+00
5.736833292895973864e+04 0.000000000000000000e+00 0.000000000000000000e+00
5.736833292950535542e+04 0.000000000000000000e+00 0.000000000000000000e+00
5.736833293005097221e+04 0.000000000000000000e+00 0.000000000000000000e+00
5.736833293059658899e+04 0.000000000000000000e+00 0.000000000000000000e+00
5.736833293114220578e+04 0.000000000000000000e+00 0.000000000000000000e+00
5.736833293168782257e+04 0.000000000000000000e+00 0.000000000000000000e+00
5.736833293223343935e+04 0.000000000000000000e+00 0.000000000000000000e+00
5.736833293277905614e+04 0.000000000000000000e+00 0.000000000000000000e+00
5.736833293332467292e+04 0.000000000000000000e+00 0.000000000000000000e+00
5.736833293387028971e+04 0.000000000000000000e+00 0.000000000000000000e+00
5.736833293441590649e+04 0.000000000000000000e+00 0.000000000000000000e+00
5.736833293496152328e+04 0.000000000000000000e+00 0.000000000000000000e+00
5.736833293550714006e+04 0.000000000000000000e+00 0.000000000000000000e+00
5.736833293605275685e+04 0.000000000000000000e+00 0.000000000000000000e+00
5.736833293659837364e+04 0.000000000000000000e+00 0.000000000000000000e+00
5.736833293714399042e+04 0.000000000000000000e+00 0.000000000000000000e+00
5.736833293768960721e+04 0.000000000000000000e+00 0.000000000000000000e+00
5.736833293823522399e+04 0.000000000000000000e+00 0.000000000000000000e+00
5.736833293878084078e+04 0.000000000000000000e+00 0.000000000000000000e+00
5.736833293932645756e+04 0.000000000000000000e+00 0.000000000000000000e+00
5.736833293987207435e+04 0.000000000000000000e+00 0.000000000000000000e+00
5.736833294041769113e+04 0.000000000000000000e+00 0.000000000000000000e+00
5.736833294096330792e+04 0.000000000000000000e+00 0.000000000000000000e+00
5.736833294150892470e+04 0.000000000000000000e+00 0.000000000000000000e+00
5.736833294205454149e+04 0.000000000000000000e+00 0.000000000000000000e+00
5.736833294260015828e+04 0.000000000000000000e+00 0.000000000000000000e+00
5.736833294314577506e+04 0.000000000000000000e+00 0.000000000000000000e+00
5.736833294369139185e+04 0.000000000000000000e+00 0.000000000000000000e+00
5.736833294423700863e+04 0.000000000000000000e+00 0.000000000000000000e+00
5.736833294478262542e+04 0.000000000000000000e+00 0.000000000000000000e+00
5.736833294532824220e+04 0.000000000000000000e+00 0.000000000000000000e+00
5.736833294587385899e+04 0.000000000000000000e+00 0.000000000000000000e+00
5.736833294641947577e+04 0.000000000000000000e+00 0.000000000000000000e+00
5.736833294696509256e+04 0.000000000000000000e+00 0.000000000000000000e+00
5.736833294751070935e+04 0.000000000000000000e+00 0.000000000000000000e+00
5.736833294805632613e+04 0.000000000000000000e+00 0.000000000000000000e+00
5.736833294860194292e+04 0.000000000000000000e+00 0.000000000000000000e+00
5.736833294914755970e+04 0.000000000000000000e+00 0.000000000000000000e+00
5.736833294969317649e+04 0.000000000000000000e+00 0.000000000000000000e+00
5.736833295023879327e+04 0.000000000000000000e+00 0.000000000000000000e+00
5.736833295078441006e+04 0.000000000000000000e+00 0.000000000000000000e+00
5.736833295133002684e+04 0.000000000000000000e+00 0.000000000000000000e+00
5.736833295187564363e+04 0.000000000000000000e+00 0.000000000000000000e+00
5.736833295242126042e+04 0.000000000000000000e+00 0.000000000000000000e+00
5.736833295296687720e+04 0.000000000000000000e+00 0.000000000000000000e+00
5.736833295351249399e+04 0.000000000000000000e+00 0.000000000000000000e+00
5.736833295405811077e+04 0.000000000000000000e+00 0.000000000000000000e+00
5.736833295460372756e+04 0.000000000000000000e+00 0.000000000000000000e+00
5.736833295514934434e+04 0.000000000000000000e+00 0.000000000000000000e+00
5.736833295569496113e+04 0.000000000000000000e+00 0.000000000000000000e+00
5.736833295624057791e+04 0.000000000000000000e+00 0.000000000000000000e+00
5.736833295678619470e+04 0.000000000000000000e+00 0.000000000000000000e+00
5.736833295733181149e+04 0.000000000000000000e+00 0.000000000000000000e+00
5.736833295787742827e+04 0.000000000000000000e+00 0.000000000000000000e+00
5.736833295842304506e+04 0.000000000000000000e+00 0.000000000000000000e+00
5.736833295896866184e+04 0.000000000000000000e+00 0.000000000000000000e+00
5.736833295951427863e+04 0.000000000000000000e+00 0.000000000000000000e+00
5.736833296005989541e+04 0.000000000000000000e+00 0.000000000000000000e+00
5.736833296060551220e+04 0.000000000000000000e+00 0.000000000000000000e+00
5.736833296115112898e+04 0.000000000000000000e+00 0.000000000000000000e+00
5.736833296169674577e+04 0.000000000000000000e+00 0.000000000000000000e+00
5.736833296224236256e+04 0.000000000000000000e+00 0.000000000000000000e+00
5.736833296278797934e+04 0.000000000000000000e+00 0.000000000000000000e+00
5.736833296333359613e+04 0.000000000000000000e+00 0.000000000000000000e+00
5.736833296387921291e+04 0.000000000000000000e+00 0.000000000000000000e+00
5.736833296442482970e+04 0.000000000000000000e+00 0.000000000000000000e+00
5.736833296497044648e+04 0.000000000000000000e+00 0.000000000000000000e+00
5.736833296551606327e+04 0.000000000000000000e+00 0.000000000000000000e+00
5.736833296606168005e+04 0.000000000000000000e+00 0.000000000000000000e+00
5.736833296660729684e+04 0.000000000000000000e+00 0.000000000000000000e+00
5.736833296715291362e+04 0.000000000000000000e+00 0.000000000000000000e+00
5.736833296769853041e+04 0.000000000000000000e+00 0.000000000000000000e+00
5.736833296824414720e+04 0.000000000000000000e+00 0.000000000000000000e+00
5.736833296878976398e+04 0.000000000000000000e+00 0.000000000000000000e+00
5.736833296933538077e+04 0.000000000000000000e+00 0.000000000000000000e+00
5.736833296988099028e+04 0.000000000000000000e+00 0.000000000000000000e+00
5.736833297042660706e+04 0.000000000000000000e+00 0.000000000000000000e+00
5.736833297097222385e+04 0.000000000000000000e+00 0.000000000000000000e+00
5.736833297151784063e+04 0.000000000000000000e+00 0.000000000000000000e+00
5.736833297206345742e+04 0.000000000000000000e+00 0.000000000000000000e+00
5.736833297260907420e+04 0.000000000000000000e+00 0.000000000000000000e+00
5.736833297315469099e+04 0.000000000000000000e+00 0.000000000000000000e+00
5.736833297370030778e+04 0.000000000000000000e+00 0.000000000000000000e+00
5.736833297424592456e+04 0.000000000000000000e+00 0.000000000000000000e+00
5.736833297479154135e+04 0.000000000000000000e+00 0.000000000000000000e+00
5.736833297533715813e+04 0.000000000000000000e+00 0.000000000000000000e+00
5.736833297588277492e+04 0.000000000000000000e+00 0.000000000000000000e+00
5.736833297642839170e+04 0.000000000000000000e+00 0.000000000000000000e+00
5.736833297697400849e+04 0.000000000000000000e+00 0.000000000000000000e+00
5.736833297751962527e+04 0.000000000000000000e+00 0.000000000000000000e+00
5.736833297806524206e+04 0.000000000000000000e+00 0.000000000000000000e+00
5.736833297861085885e+04 0.000000000000000000e+00 0.000000000000000000e+00
5.736833297915647563e+04 0.000000000000000000e+00 0.000000000000000000e+00
5.736833297970209242e+04 0.000000000000000000e+00 0.000000000000000000e+00
5.736833298024770920e+04 0.000000000000000000e+00 0.000000000000000000e+00
5.736833298079332599e+04 0.000000000000000000e+00 0.000000000000000000e+00
5.736833298133894277e+04 0.000000000000000000e+00 0.000000000000000000e+00
5.736833298188455956e+04 0.000000000000000000e+00 0.000000000000000000e+00
5.736833298243017634e+04 0.000000000000000000e+00 0.000000000000000000e+00
5.736833298297579313e+04 0.000000000000000000e+00 0.000000000000000000e+00
5.736833298352140991e+04 0.000000000000000000e+00 0.000000000000000000e+00
5.736833298406702670e+04 0.000000000000000000e+00 0.000000000000000000e+00
5.736833298461264349e+04 0.000000000000000000e+00 0.000000000000000000e+00
5.736833298515826027e+04 0.000000000000000000e+00 0.000000000000000000e+00
5.736833298570387706e+04 0.000000000000000000e+00 0.000000000000000000e+00
5.736833298624949384e+04 0.000000000000000000e+00 0.000000000000000000e+00
5.736833298679511063e+04 0.000000000000000000e+00 0.000000000000000000e+00
5.736833298734072741e+04 0.000000000000000000e+00 0.000000000000000000e+00
5.736833298788634420e+04 0.000000000000000000e+00 0.000000000000000000e+00
5.736833298843196098e+04 0.000000000000000000e+00 0.000000000000000000e+00
5.736833298897757777e+04 0.000000000000000000e+00 0.000000000000000000e+00
5.736833298952319456e+04 0.000000000000000000e+00 0.000000000000000000e+00
5.736833299006881134e+04 0.000000000000000000e+00 0.000000000000000000e+00
5.736833299061442813e+04 0.000000000000000000e+00 0.000000000000000000e+00
5.736833299116004491e+04 0.000000000000000000e+00 0.000000000000000000e+00
5.736833299170566170e+04 0.000000000000000000e+00 0.000000000000000000e+00
5.736833299225127848e+04 0.000000000000000000e+00 0.000000000000000000e+00
5.736833299279689527e+04 0.000000000000000000e+00 0.000000000000000000e+00
5.736833299334251205e+04 0.000000000000000000e+00 0.000000000000000000e+00
5.736833299388812884e+04 0.000000000000000000e+00 0.000000000000000000e+00
5.736833299443374563e+04 0.000000000000000000e+00 0.000000000000000000e+00
5.736833299497936241e+04 0.000000000000000000e+00 0.000000000000000000e+00
5.736833299552497920e+04 0.000000000000000000e+00 0.000000000000000000e+00
5.736833299607059598e+04 0.000000000000000000e+00 0.000000000000000000e+00
5.736833299661621277e+04 0.000000000000000000e+00 0.000000000000000000e+00
5.736833299716182955e+04 0.000000000000000000e+00 0.000000000000000000e+00
5.736833299770744634e+04 0.000000000000000000e+00 0.000000000000000000e+00
5.736833299825306312e+04 0.000000000000000000e+00 0.000000000000000000e+00
5.736833299879867991e+04 0.000000000000000000e+00 0.000000000000000000e+00
5.736833299934429670e+04 0.000000000000000000e+00 0.000000000000000000e+00
5.736833299988991348e+04 0.000000000000000000e+00 0.000000000000000000e+00
5.736833300043553027e+04 0.000000000000000000e+00 0.000000000000000000e+00
5.736833300098114705e+04 0.000000000000000000e+00 0.000000000000000000e+00
5.736833300152676384e+04 0.000000000000000000e+00 0.000000000000000000e+00
5.736833300207238062e+04 0.000000000000000000e+00 0.000000000000000000e+00
5.736833300261799741e+04 0.000000000000000000e+00 0.000000000000000000e+00
5.736833300316361419e+04 0.000000000000000000e+00 0.000000000000000000e+00
5.736833300370923098e+04 0.000000000000000000e+00 0.000000000000000000e+00
5.736833300425484776e+04 0.000000000000000000e+00 0.000000000000000000e+00
5.736833300480046455e+04 0.000000000000000000e+00 0.000000000000000000e+00
5.736833300534608134e+04 0.000000000000000000e+00 0.000000000000000000e+00
5.736833300589169812e+04 0.000000000000000000e+00 0.000000000000000000e+00
5.736833300643731491e+04 0.000000000000000000e+00 0.000000000000000000e+00
5.736833300698293169e+04 0.000000000000000000e+00 0.000000000000000000e+00
5.736833300752854848e+04 0.000000000000000000e+00 0.000000000000000000e+00
5.736833300807416526e+04 0.000000000000000000e+00 0.000000000000000000e+00
5.736833300861978205e+04 0.000000000000000000e+00 0.000000000000000000e+00
5.736833300916539883e+04 0.000000000000000000e+00 0.000000000000000000e+00
5.736833300971101562e+04 0.000000000000000000e+00 0.000000000000000000e+00
5.736833301025663241e+04 0.000000000000000000e+00 0.000000000000000000e+00
5.736833301080224919e+04 0.000000000000000000e+00 0.000000000000000000e+00
5.736833301134786598e+04 0.000000000000000000e+00 0.000000000000000000e+00
5.736833301189348276e+04 0.000000000000000000e+00 0.000000000000000000e+00
5.736833301243909955e+04 0.000000000000000000e+00 0.000000000000000000e+00
5.736833301298471633e+04 0.000000000000000000e+00 0.000000000000000000e+00
5.736833301353033312e+04 0.000000000000000000e+00 0.000000000000000000e+00
5.736833301407594990e+04 0.000000000000000000e+00 0.000000000000000000e+00
5.736833301462156669e+04 0.000000000000000000e+00 0.000000000000000000e+00
5.736833301516718348e+04 0.000000000000000000e+00 0.000000000000000000e+00
5.736833301571280026e+04 0.000000000000000000e+00 0.000000000000000000e+00
5.736833301625841705e+04 0.000000000000000000e+00 0.000000000000000000e+00
5.736833301680403383e+04 0.000000000000000000e+00 0.000000000000000000e+00
5.736833301734965062e+04 0.000000000000000000e+00 0.000000000000000000e+00
5.736833301789526740e+04 0.000000000000000000e+00 0.000000000000000000e+00
5.736833301844088419e+04 0.000000000000000000e+00 0.000000000000000000e+00
5.736833301898650097e+04 0.000000000000000000e+00 0.000000000000000000e+00
5.736833301953211776e+04 0.000000000000000000e+00 0.000000000000000000e+00
5.736833302007773455e+04 0.000000000000000000e+00 0.000000000000000000e+00
5.736833302062335133e+04 0.000000000000000000e+00 0.000000000000000000e+00
5.736833302116896812e+04 0.000000000000000000e+00 0.000000000000000000e+00
5.736833302171458490e+04 0.000000000000000000e+00 0.000000000000000000e+00
5.736833302226020169e+04 0.000000000000000000e+00 0.000000000000000000e+00
5.736833302280581847e+04 0.000000000000000000e+00 0.000000000000000000e+00
5.736833302335143526e+04 0.000000000000000000e+00 0.000000000000000000e+00
5.736833302389705204e+04 0.000000000000000000e+00 0.000000000000000000e+00
5.736833302444266883e+04 0.000000000000000000e+00 0.000000000000000000e+00
5.736833302498828562e+04 0.000000000000000000e+00 0.000000000000000000e+00
5.736833302553390240e+04 0.000000000000000000e+00 0.000000000000000000e+00
5.736833302607951919e+04 0.000000000000000000e+00 0.000000000000000000e+00
5.736833302662513597e+04 0.000000000000000000e+00 0.000000000000000000e+00
5.736833302717075276e+04 0.000000000000000000e+00 0.000000000000000000e+00
5.736833302771636954e+04 0.000000000000000000e+00 0.000000000000000000e+00
5.736833302826198633e+04 0.000000000000000000e+00 0.000000000000000000e+00
5.736833302880760311e+04 0.000000000000000000e+00 0.000000000000000000e+00
5.736833302935321990e+04 0.000000000000000000e+00 0.000000000000000000e+00
5.736833302989883668e+04 0.000000000000000000e+00 0.000000000000000000e+00
5.736833303044445347e+04 0.000000000000000000e+00 0.000000000000000000e+00
5.736833303099007026e+04 0.000000000000000000e+00 0.000000000000000000e+00
5.736833303153568704e+04 0.000000000000000000e+00 0.000000000000000000e+00
5.736833303208130383e+04 0.000000000000000000e+00 0.000000000000000000e+00
5.736833303262692061e+04 0.000000000000000000e+00 0.000000000000000000e+00
5.736833303317253740e+04 0.000000000000000000e+00 0.000000000000000000e+00
5.736833303371815418e+04 0.000000000000000000e+00 0.000000000000000000e+00
5.736833303426377097e+04 0.000000000000000000e+00 0.000000000000000000e+00
5.736833303480938775e+04 0.000000000000000000e+00 0.000000000000000000e+00
5.736833303535500454e+04 0.000000000000000000e+00 0.000000000000000000e+00
5.736833303590062133e+04 0.000000000000000000e+00 0.000000000000000000e+00
5.736833303644623811e+04 0.000000000000000000e+00 0.000000000000000000e+00
5.736833303699185490e+04 0.000000000000000000e+00 0.000000000000000000e+00
5.736833303753747168e+04 0.000000000000000000e+00 0.000000000000000000e+00
5.736833303808308847e+04 0.000000000000000000e+00 0.000000000000000000e+00
5.736833303862870525e+04 0.000000000000000000e+00 0.000000000000000000e+00
5.736833303917432204e+04 0.000000000000000000e+00 0.000000000000000000e+00
5.736833303971993882e+04 0.000000000000000000e+00 0.000000000000000000e+00
5.736833304026555561e+04 0.000000000000000000e+00 0.000000000000000000e+00
5.736833304081117240e+04 0.000000000000000000e+00 0.000000000000000000e+00
5.736833304135678918e+04 0.000000000000000000e+00 0.000000000000000000e+00
5.736833304190240597e+04 0.000000000000000000e+00 0.000000000000000000e+00
5.736833304244802275e+04 0.000000000000000000e+00 0.000000000000000000e+00
5.736833304299363954e+04 0.000000000000000000e+00 0.000000000000000000e+00
5.736833304353925632e+04 0.000000000000000000e+00 0.000000000000000000e+00
5.736833304408487311e+04 0.000000000000000000e+00 0.000000000000000000e+00
5.736833304463048989e+04 0.000000000000000000e+00 0.000000000000000000e+00
5.736833304517610668e+04 0.000000000000000000e+00 0.000000000000000000e+00
5.736833304572172347e+04 0.000000000000000000e+00 0.000000000000000000e+00
5.736833304626734025e+04 0.000000000000000000e+00 0.000000000000000000e+00
5.736833304681295704e+04 0.000000000000000000e+00 0.000000000000000000e+00
5.736833304735857382e+04 0.000000000000000000e+00 0.000000000000000000e+00
5.736833304790419061e+04 0.000000000000000000e+00 0.000000000000000000e+00
5.736833304844980739e+04 0.000000000000000000e+00 0.000000000000000000e+00
5.736833304899542418e+04 0.000000000000000000e+00 0.000000000000000000e+00
5.736833304954104096e+04 0.000000000000000000e+00 0.000000000000000000e+00
5.736833305008665775e+04 0.000000000000000000e+00 0.000000000000000000e+00
5.736833305063227454e+04 0.000000000000000000e+00 0.000000000000000000e+00
5.736833305117789132e+04 0.000000000000000000e+00 0.000000000000000000e+00
5.736833305172350811e+04 0.000000000000000000e+00 0.000000000000000000e+00
5.736833305226912489e+04 0.000000000000000000e+00 0.000000000000000000e+00
5.736833305281474168e+04 0.000000000000000000e+00 0.000000000000000000e+00
5.736833305336035846e+04 0.000000000000000000e+00 0.000000000000000000e+00
5.736833305390597525e+04 0.000000000000000000e+00 0.000000000000000000e+00
5.736833305445159203e+04 0.000000000000000000e+00 0.000000000000000000e+00
5.736833305499720882e+04 0.000000000000000000e+00 0.000000000000000000e+00
5.736833305554282560e+04 0.000000000000000000e+00 0.000000000000000000e+00
5.736833305608844239e+04 0.000000000000000000e+00 0.000000000000000000e+00
5.736833305663405918e+04 0.000000000000000000e+00 0.000000000000000000e+00
5.736833305717967596e+04 0.000000000000000000e+00 0.000000000000000000e+00
5.736833305772529275e+04 0.000000000000000000e+00 0.000000000000000000e+00
5.736833305827090953e+04 0.000000000000000000e+00 0.000000000000000000e+00
5.736833305881652632e+04 0.000000000000000000e+00 0.000000000000000000e+00
5.736833305936214310e+04 0.000000000000000000e+00 0.000000000000000000e+00
5.736833305990775989e+04 0.000000000000000000e+00 0.000000000000000000e+00
5.736833306045337667e+04 0.000000000000000000e+00 0.000000000000000000e+00
5.736833306099899346e+04 0.000000000000000000e+00 0.000000000000000000e+00
5.736833306154461025e+04 0.000000000000000000e+00 0.000000000000000000e+00
5.736833306209022703e+04 0.000000000000000000e+00 0.000000000000000000e+00
5.736833306263584382e+04 0.000000000000000000e+00 0.000000000000000000e+00
5.736833306318146060e+04 0.000000000000000000e+00 0.000000000000000000e+00
5.736833306372707739e+04 0.000000000000000000e+00 0.000000000000000000e+00
5.736833306427269417e+04 0.000000000000000000e+00 0.000000000000000000e+00
5.736833306481831096e+04 0.000000000000000000e+00 0.000000000000000000e+00
5.736833306536392774e+04 0.000000000000000000e+00 0.000000000000000000e+00
5.736833306590954453e+04 0.000000000000000000e+00 0.000000000000000000e+00
5.736833306645516132e+04 0.000000000000000000e+00 0.000000000000000000e+00
5.736833306700077810e+04 0.000000000000000000e+00 0.000000000000000000e+00
5.736833306754639489e+04 0.000000000000000000e+00 0.000000000000000000e+00
5.736833306809201167e+04 0.000000000000000000e+00 0.000000000000000000e+00
5.736833306863762846e+04 0.000000000000000000e+00 0.000000000000000000e+00
5.736833306918324524e+04 0.000000000000000000e+00 0.000000000000000000e+00
5.736833306972886203e+04 0.000000000000000000e+00 0.000000000000000000e+00
5.736833307027447881e+04 0.000000000000000000e+00 0.000000000000000000e+00
5.736833307082009560e+04 0.000000000000000000e+00 0.000000000000000000e+00
5.736833307136571239e+04 0.000000000000000000e+00 0.000000000000000000e+00
5.736833307191132917e+04 0.000000000000000000e+00 0.000000000000000000e+00
5.736833307245694596e+04 0.000000000000000000e+00 0.000000000000000000e+00
5.736833307300256274e+04 0.000000000000000000e+00 0.000000000000000000e+00
5.736833307354817953e+04 0.000000000000000000e+00 0.000000000000000000e+00
5.736833307409379631e+04 0.000000000000000000e+00 0.000000000000000000e+00
5.736833307463941310e+04 0.000000000000000000e+00 0.000000000000000000e+00
5.736833307518502988e+04 0.000000000000000000e+00 0.000000000000000000e+00
5.736833307573064667e+04 0.000000000000000000e+00 0.000000000000000000e+00
5.736833307627626345e+04 0.000000000000000000e+00 0.000000000000000000e+00
5.736833307682188024e+04 0.000000000000000000e+00 0.000000000000000000e+00
5.736833307736749703e+04 0.000000000000000000e+00 0.000000000000000000e+00
5.736833307791311381e+04 0.000000000000000000e+00 0.000000000000000000e+00
5.736833307845873060e+04 0.000000000000000000e+00 0.000000000000000000e+00
5.736833307900434738e+04 0.000000000000000000e+00 0.000000000000000000e+00
5.736833307954996417e+04 0.000000000000000000e+00 0.000000000000000000e+00
5.736833308009558095e+04 0.000000000000000000e+00 0.000000000000000000e+00
5.736833308064119774e+04 0.000000000000000000e+00 0.000000000000000000e+00
5.736833308118681452e+04 0.000000000000000000e+00 0.000000000000000000e+00
5.736833308173243131e+04 0.000000000000000000e+00 0.000000000000000000e+00
5.736833308227804810e+04 0.000000000000000000e+00 0.000000000000000000e+00
5.736833308282366488e+04 0.000000000000000000e+00 0.000000000000000000e+00
5.736833308336928167e+04 0.000000000000000000e+00 0.000000000000000000e+00
5.736833308391489845e+04 0.000000000000000000e+00 0.000000000000000000e+00
5.736833308446051524e+04 0.000000000000000000e+00 0.000000000000000000e+00
5.736833308500613202e+04 0.000000000000000000e+00 0.000000000000000000e+00
5.736833308555174153e+04 0.000000000000000000e+00 0.000000000000000000e+00
5.736833308609735832e+04 0.000000000000000000e+00 0.000000000000000000e+00
5.736833308664297510e+04 0.000000000000000000e+00 0.000000000000000000e+00
5.736833308718859189e+04 0.000000000000000000e+00 0.000000000000000000e+00
5.736833308773420868e+04 0.000000000000000000e+00 0.000000000000000000e+00
5.736833308827982546e+04 0.000000000000000000e+00 0.000000000000000000e+00
5.736833308882544225e+04 0.000000000000000000e+00 0.000000000000000000e+00
5.736833308937105903e+04 0.000000000000000000e+00 0.000000000000000000e+00
5.736833308991667582e+04 0.000000000000000000e+00 0.000000000000000000e+00
5.736833309046229260e+04 0.000000000000000000e+00 0.000000000000000000e+00
5.736833309100790939e+04 0.000000000000000000e+00 0.000000000000000000e+00
5.736833309155352617e+04 0.000000000000000000e+00 0.000000000000000000e+00
5.736833309209914296e+04 0.000000000000000000e+00 0.000000000000000000e+00
5.736833309264475974e+04 0.000000000000000000e+00 0.000000000000000000e+00
5.736833309319037653e+04 0.000000000000000000e+00 0.000000000000000000e+00
5.736833309373599332e+04 0.000000000000000000e+00 0.000000000000000000e+00
5.736833309428161010e+04 0.000000000000000000e+00 0.000000000000000000e+00
5.736833309482722689e+04 0.000000000000000000e+00 0.000000000000000000e+00
5.736833309537284367e+04 0.000000000000000000e+00 0.000000000000000000e+00
5.736833309591846046e+04 0.000000000000000000e+00 0.000000000000000000e+00
5.736833309646407724e+04 0.000000000000000000e+00 0.000000000000000000e+00
5.736833309700969403e+04 0.000000000000000000e+00 0.000000000000000000e+00
5.736833309755531081e+04 0.000000000000000000e+00 0.000000000000000000e+00
5.736833309810092760e+04 0.000000000000000000e+00 0.000000000000000000e+00
5.736833309864654439e+04 0.000000000000000000e+00 0.000000000000000000e+00
5.736833309919216117e+04 0.000000000000000000e+00 0.000000000000000000e+00
5.736833309973777796e+04 0.000000000000000000e+00 0.000000000000000000e+00
5.736833310028339474e+04 0.000000000000000000e+00 0.000000000000000000e+00
5.736833310082901153e+04 0.000000000000000000e+00 0.000000000000000000e+00
5.736833310137462831e+04 0.000000000000000000e+00 0.000000000000000000e+00
5.736833310192024510e+04 0.000000000000000000e+00 0.000000000000000000e+00
5.736833310246586188e+04 0.000000000000000000e+00 0.000000000000000000e+00
5.736833310301147867e+04 0.000000000000000000e+00 0.000000000000000000e+00
5.736833310355709546e+04 0.000000000000000000e+00 0.000000000000000000e+00
5.736833310410271224e+04 0.000000000000000000e+00 0.000000000000000000e+00
5.736833310464832903e+04 0.000000000000000000e+00 0.000000000000000000e+00
5.736833310519394581e+04 0.000000000000000000e+00 0.000000000000000000e+00
5.736833310573956260e+04 0.000000000000000000e+00 0.000000000000000000e+00
5.736833310628517938e+04 0.000000000000000000e+00 0.000000000000000000e+00
5.736833310683079617e+04 0.000000000000000000e+00 0.000000000000000000e+00
5.736833310737641295e+04 0.000000000000000000e+00 0.000000000000000000e+00
5.736833310792202974e+04 0.000000000000000000e+00 0.000000000000000000e+00
5.736833310846764653e+04 0.000000000000000000e+00 0.000000000000000000e+00
5.736833310901326331e+04 0.000000000000000000e+00 0.000000000000000000e+00
5.736833310955888010e+04 0.000000000000000000e+00 0.000000000000000000e+00
5.736833311010449688e+04 0.000000000000000000e+00 0.000000000000000000e+00
5.736833311065011367e+04 0.000000000000000000e+00 0.000000000000000000e+00
5.736833311119573045e+04 0.000000000000000000e+00 0.000000000000000000e+00
5.736833311174134724e+04 0.000000000000000000e+00 0.000000000000000000e+00
5.736833311228696402e+04 0.000000000000000000e+00 0.000000000000000000e+00
5.736833311283258081e+04 0.000000000000000000e+00 0.000000000000000000e+00
5.736833311337819760e+04 0.000000000000000000e+00 0.000000000000000000e+00
5.736833311392381438e+04 0.000000000000000000e+00 0.000000000000000000e+00
5.736833311446943117e+04 0.000000000000000000e+00 0.000000000000000000e+00
5.736833311501504795e+04 0.000000000000000000e+00 0.000000000000000000e+00
5.736833311556066474e+04 0.000000000000000000e+00 0.000000000000000000e+00
5.736833311610628152e+04 0.000000000000000000e+00 0.000000000000000000e+00
5.736833311665189831e+04 0.000000000000000000e+00 0.000000000000000000e+00
5.736833311719751509e+04 0.000000000000000000e+00 0.000000000000000000e+00
5.736833311774313188e+04 0.000000000000000000e+00 0.000000000000000000e+00
5.736833311828874866e+04 0.000000000000000000e+00 0.000000000000000000e+00
5.736833311883436545e+04 0.000000000000000000e+00 0.000000000000000000e+00
5.736833311937998224e+04 0.000000000000000000e+00 0.000000000000000000e+00
5.736833311992559902e+04 0.000000000000000000e+00 0.000000000000000000e+00
5.736833312047121581e+04 0.000000000000000000e+00 0.000000000000000000e+00
5.736833312101683259e+04 0.000000000000000000e+00 0.000000000000000000e+00
5.736833312156244938e+04 0.000000000000000000e+00 0.000000000000000000e+00
5.736833312210806616e+04 0.000000000000000000e+00 0.000000000000000000e+00
5.736833312265368295e+04 0.000000000000000000e+00 0.000000000000000000e+00
5.736833312319929973e+04 0.000000000000000000e+00 0.000000000000000000e+00
5.736833312374491652e+04 0.000000000000000000e+00 0.000000000000000000e+00
5.736833312429053331e+04 0.000000000000000000e+00 0.000000000000000000e+00
5.736833312483615009e+04 0.000000000000000000e+00 0.000000000000000000e+00
5.736833312538176688e+04 0.000000000000000000e+00 0.000000000000000000e+00
5.736833312592738366e+04 0.000000000000000000e+00 0.000000000000000000e+00
5.736833312647300045e+04 0.000000000000000000e+00 0.000000000000000000e+00
5.736833312701861723e+04 0.000000000000000000e+00 0.000000000000000000e+00
5.736833312756423402e+04 0.000000000000000000e+00 0.000000000000000000e+00
5.736833312810985080e+04 0.000000000000000000e+00 0.000000000000000000e+00
5.736833312865546759e+04 0.000000000000000000e+00 0.000000000000000000e+00
5.736833312920108438e+04 0.000000000000000000e+00 0.000000000000000000e+00
5.736833312974670116e+04 0.000000000000000000e+00 0.000000000000000000e+00
5.736833313029231795e+04 0.000000000000000000e+00 0.000000000000000000e+00
5.736833313083793473e+04 0.000000000000000000e+00 0.000000000000000000e+00
5.736833313138355152e+04 0.000000000000000000e+00 0.000000000000000000e+00
5.736833313192916830e+04 0.000000000000000000e+00 0.000000000000000000e+00
5.736833313247478509e+04 0.000000000000000000e+00 0.000000000000000000e+00
5.736833313302040187e+04 0.000000000000000000e+00 0.000000000000000000e+00
5.736833313356601866e+04 0.000000000000000000e+00 0.000000000000000000e+00
5.736833313411163545e+04 0.000000000000000000e+00 0.000000000000000000e+00
5.736833313465725223e+04 0.000000000000000000e+00 0.000000000000000000e+00
5.736833313520286902e+04 0.000000000000000000e+00 0.000000000000000000e+00
5.736833313574848580e+04 0.000000000000000000e+00 0.000000000000000000e+00
5.736833313629410259e+04 0.000000000000000000e+00 0.000000000000000000e+00
5.736833313683971937e+04 0.000000000000000000e+00 0.000000000000000000e+00
5.736833313738533616e+04 0.000000000000000000e+00 0.000000000000000000e+00
5.736833313793095294e+04 0.000000000000000000e+00 0.000000000000000000e+00
5.736833313847656973e+04 0.000000000000000000e+00 0.000000000000000000e+00
5.736833313902218651e+04 0.000000000000000000e+00 0.000000000000000000e+00
5.736833313956780330e+04 0.000000000000000000e+00 0.000000000000000000e+00
5.736833314011342009e+04 0.000000000000000000e+00 0.000000000000000000e+00
5.736833314065903687e+04 0.000000000000000000e+00 0.000000000000000000e+00
5.736833314120465366e+04 0.000000000000000000e+00 0.000000000000000000e+00
5.736833314175027044e+04 0.000000000000000000e+00 0.000000000000000000e+00
5.736833314229588723e+04 0.000000000000000000e+00 0.000000000000000000e+00
5.736833314284150401e+04 0.000000000000000000e+00 0.000000000000000000e+00
5.736833314338712080e+04 0.000000000000000000e+00 0.000000000000000000e+00
5.736833314393273758e+04 0.000000000000000000e+00 0.000000000000000000e+00
5.736833314447835437e+04 0.000000000000000000e+00 0.000000000000000000e+00
5.736833314502397116e+04 0.000000000000000000e+00 0.000000000000000000e+00
5.736833314556958794e+04 0.000000000000000000e+00 0.000000000000000000e+00
5.736833314611520473e+04 0.000000000000000000e+00 0.000000000000000000e+00
5.736833314666082151e+04 0.000000000000000000e+00 0.000000000000000000e+00
5.736833314720643830e+04 0.000000000000000000e+00 0.000000000000000000e+00
5.736833314775205508e+04 0.000000000000000000e+00 0.000000000000000000e+00
5.736833314829767187e+04 0.000000000000000000e+00 0.000000000000000000e+00
5.736833314884328865e+04 0.000000000000000000e+00 0.000000000000000000e+00
5.736833314938890544e+04 0.000000000000000000e+00 0.000000000000000000e+00
5.736833314993452223e+04 0.000000000000000000e+00 0.000000000000000000e+00
5.736833315048013901e+04 0.000000000000000000e+00 0.000000000000000000e+00
5.736833315102575580e+04 0.000000000000000000e+00 0.000000000000000000e+00
5.736833315157137258e+04 0.000000000000000000e+00 0.000000000000000000e+00
5.736833315211698937e+04 0.000000000000000000e+00 0.000000000000000000e+00
5.736833315266260615e+04 0.000000000000000000e+00 0.000000000000000000e+00
5.736833315320822294e+04 0.000000000000000000e+00 0.000000000000000000e+00
5.736833315375383972e+04 0.000000000000000000e+00 0.000000000000000000e+00
5.736833315429945651e+04 0.000000000000000000e+00 0.000000000000000000e+00
5.736833315484507330e+04 0.000000000000000000e+00 0.000000000000000000e+00
5.736833315539069008e+04 0.000000000000000000e+00 0.000000000000000000e+00
5.736833315593630687e+04 0.000000000000000000e+00 0.000000000000000000e+00
5.736833315648192365e+04 0.000000000000000000e+00 0.000000000000000000e+00
5.736833315702754044e+04 0.000000000000000000e+00 0.000000000000000000e+00
5.736833315757315722e+04 0.000000000000000000e+00 0.000000000000000000e+00
5.736833315811877401e+04 0.000000000000000000e+00 0.000000000000000000e+00
5.736833315866439079e+04 0.000000000000000000e+00 0.000000000000000000e+00
5.736833315921000758e+04 0.000000000000000000e+00 0.000000000000000000e+00
5.736833315975562437e+04 0.000000000000000000e+00 0.000000000000000000e+00
5.736833316030124115e+04 0.000000000000000000e+00 0.000000000000000000e+00
5.736833316084685794e+04 0.000000000000000000e+00 0.000000000000000000e+00
5.736833316139247472e+04 0.000000000000000000e+00 0.000000000000000000e+00
5.736833316193809151e+04 0.000000000000000000e+00 0.000000000000000000e+00
5.736833316248370829e+04 0.000000000000000000e+00 0.000000000000000000e+00
5.736833316302932508e+04 0.000000000000000000e+00 0.000000000000000000e+00
5.736833316357494186e+04 0.000000000000000000e+00 0.000000000000000000e+00
5.736833316412055865e+04 0.000000000000000000e+00 0.000000000000000000e+00
5.736833316466617543e+04 0.000000000000000000e+00 0.000000000000000000e+00
5.736833316521179222e+04 0.000000000000000000e+00 0.000000000000000000e+00
5.736833316575740901e+04 0.000000000000000000e+00 0.000000000000000000e+00
5.736833316630302579e+04 0.000000000000000000e+00 0.000000000000000000e+00
5.736833316684864258e+04 0.000000000000000000e+00 0.000000000000000000e+00
5.736833316739425936e+04 0.000000000000000000e+00 0.000000000000000000e+00
5.736833316793987615e+04 0.000000000000000000e+00 0.000000000000000000e+00
5.736833316848549293e+04 0.000000000000000000e+00 0.000000000000000000e+00
5.736833316903110972e+04 0.000000000000000000e+00 0.000000000000000000e+00
5.736833316957672650e+04 0.000000000000000000e+00 0.000000000000000000e+00
5.736833317012234329e+04 0.000000000000000000e+00 0.000000000000000000e+00
5.736833317066796008e+04 0.000000000000000000e+00 0.000000000000000000e+00
5.736833317121357686e+04 0.000000000000000000e+00 0.000000000000000000e+00
5.736833317175919365e+04 0.000000000000000000e+00 0.000000000000000000e+00
5.736833317230481043e+04 0.000000000000000000e+00 0.000000000000000000e+00
5.736833317285042722e+04 0.000000000000000000e+00 0.000000000000000000e+00
5.736833317339604400e+04 0.000000000000000000e+00 0.000000000000000000e+00
5.736833317394166079e+04 0.000000000000000000e+00 0.000000000000000000e+00
5.736833317448727757e+04 0.000000000000000000e+00 0.000000000000000000e+00
5.736833317503289436e+04 0.000000000000000000e+00 0.000000000000000000e+00
5.736833317557851115e+04 0.000000000000000000e+00 0.000000000000000000e+00
5.736833317612412793e+04 0.000000000000000000e+00 0.000000000000000000e+00
5.736833317666974472e+04 0.000000000000000000e+00 0.000000000000000000e+00
5.736833317721536150e+04 0.000000000000000000e+00 0.000000000000000000e+00
5.736833317776097829e+04 0.000000000000000000e+00 0.000000000000000000e+00
5.736833317830659507e+04 0.000000000000000000e+00 0.000000000000000000e+00
5.736833317885221186e+04 0.000000000000000000e+00 0.000000000000000000e+00
5.736833317939782864e+04 0.000000000000000000e+00 0.000000000000000000e+00
5.736833317994344543e+04 0.000000000000000000e+00 0.000000000000000000e+00
5.736833318048906222e+04 0.000000000000000000e+00 0.000000000000000000e+00
5.736833318103467900e+04 0.000000000000000000e+00 0.000000000000000000e+00
5.736833318158029579e+04 0.000000000000000000e+00 0.000000000000000000e+00
5.736833318212591257e+04 0.000000000000000000e+00 0.000000000000000000e+00
5.736833318267152936e+04 0.000000000000000000e+00 0.000000000000000000e+00
5.736833318321714614e+04 0.000000000000000000e+00 0.000000000000000000e+00
5.736833318376276293e+04 0.000000000000000000e+00 0.000000000000000000e+00
5.736833318430837971e+04 0.000000000000000000e+00 0.000000000000000000e+00
5.736833318485399650e+04 0.000000000000000000e+00 0.000000000000000000e+00
5.736833318539961328e+04 0.000000000000000000e+00 0.000000000000000000e+00
5.736833318594523007e+04 0.000000000000000000e+00 0.000000000000000000e+00
5.736833318649084686e+04 0.000000000000000000e+00 0.000000000000000000e+00
5.736833318703646364e+04 0.000000000000000000e+00 0.000000000000000000e+00
5.736833318758208043e+04 0.000000000000000000e+00 0.000000000000000000e+00
5.736833318812769721e+04 0.000000000000000000e+00 0.000000000000000000e+00
5.736833318867331400e+04 0.000000000000000000e+00 0.000000000000000000e+00
5.736833318921893078e+04 0.000000000000000000e+00 0.000000000000000000e+00
5.736833318976454757e+04 0.000000000000000000e+00 0.000000000000000000e+00
5.736833319031016435e+04 0.000000000000000000e+00 0.000000000000000000e+00
5.736833319085578114e+04 0.000000000000000000e+00 0.000000000000000000e+00
5.736833319140139793e+04 0.000000000000000000e+00 0.000000000000000000e+00
5.736833319194701471e+04 0.000000000000000000e+00 0.000000000000000000e+00
5.736833319249263150e+04 0.000000000000000000e+00 0.000000000000000000e+00
5.736833319303824828e+04 0.000000000000000000e+00 0.000000000000000000e+00
5.736833319358386507e+04 0.000000000000000000e+00 0.000000000000000000e+00
5.736833319412948185e+04 0.000000000000000000e+00 0.000000000000000000e+00
5.736833319467509864e+04 0.000000000000000000e+00 0.000000000000000000e+00
5.736833319522071542e+04 0.000000000000000000e+00 0.000000000000000000e+00
5.736833319576633221e+04 0.000000000000000000e+00 0.000000000000000000e+00
5.736833319631194900e+04 0.000000000000000000e+00 0.000000000000000000e+00
5.736833319685756578e+04 0.000000000000000000e+00 0.000000000000000000e+00
5.736833319740318257e+04 0.000000000000000000e+00 0.000000000000000000e+00
5.736833319794879935e+04 0.000000000000000000e+00 0.000000000000000000e+00
5.736833319849441614e+04 0.000000000000000000e+00 0.000000000000000000e+00
5.736833319904003292e+04 0.000000000000000000e+00 0.000000000000000000e+00
5.736833319958564971e+04 0.000000000000000000e+00 0.000000000000000000e+00
5.736833320013126649e+04 0.000000000000000000e+00 0.000000000000000000e+00
5.736833320067688328e+04 0.000000000000000000e+00 0.000000000000000000e+00
5.736833320122249279e+04 0.000000000000000000e+00 0.000000000000000000e+00
5.736833320176810957e+04 0.000000000000000000e+00 0.000000000000000000e+00
5.736833320231372636e+04 0.000000000000000000e+00 0.000000000000000000e+00
5.736833320285934315e+04 0.000000000000000000e+00 0.000000000000000000e+00
5.736833320340495993e+04 0.000000000000000000e+00 0.000000000000000000e+00
5.736833320395057672e+04 0.000000000000000000e+00 0.000000000000000000e+00
5.736833320449619350e+04 0.000000000000000000e+00 0.000000000000000000e+00
5.736833320504181029e+04 0.000000000000000000e+00 0.000000000000000000e+00
5.736833320558742707e+04 0.000000000000000000e+00 0.000000000000000000e+00
5.736833320613304386e+04 0.000000000000000000e+00 0.000000000000000000e+00
5.736833320667866064e+04 0.000000000000000000e+00 0.000000000000000000e+00
5.736833320722427743e+04 0.000000000000000000e+00 0.000000000000000000e+00
5.736833320776989422e+04 0.000000000000000000e+00 0.000000000000000000e+00
5.736833320831551100e+04 0.000000000000000000e+00 0.000000000000000000e+00
5.736833320886112779e+04 0.000000000000000000e+00 0.000000000000000000e+00
5.736833320940674457e+04 0.000000000000000000e+00 0.000000000000000000e+00
5.736833320995236136e+04 0.000000000000000000e+00 0.000000000000000000e+00
5.736833321049797814e+04 0.000000000000000000e+00 0.000000000000000000e+00
5.736833321104359493e+04 0.000000000000000000e+00 0.000000000000000000e+00
5.736833321158921171e+04 0.000000000000000000e+00 0.000000000000000000e+00
5.736833321213482850e+04 0.000000000000000000e+00 0.000000000000000000e+00
5.736833321268044529e+04 0.000000000000000000e+00 0.000000000000000000e+00
5.736833321322606207e+04 0.000000000000000000e+00 0.000000000000000000e+00
5.736833321377167886e+04 0.000000000000000000e+00 0.000000000000000000e+00
5.736833321431729564e+04 0.000000000000000000e+00 0.000000000000000000e+00
5.736833321486291243e+04 0.000000000000000000e+00 0.000000000000000000e+00
5.736833321540852921e+04 0.000000000000000000e+00 0.000000000000000000e+00
5.736833321595414600e+04 0.000000000000000000e+00 0.000000000000000000e+00
5.736833321649976278e+04 0.000000000000000000e+00 0.000000000000000000e+00
5.736833321704537957e+04 0.000000000000000000e+00 0.000000000000000000e+00
5.736833321759099636e+04 0.000000000000000000e+00 0.000000000000000000e+00
5.736833321813661314e+04 0.000000000000000000e+00 0.000000000000000000e+00
5.736833321868222993e+04 0.000000000000000000e+00 0.000000000000000000e+00
5.736833321922784671e+04 0.000000000000000000e+00 0.000000000000000000e+00
5.736833321977346350e+04 0.000000000000000000e+00 0.000000000000000000e+00
5.736833322031908028e+04 0.000000000000000000e+00 0.000000000000000000e+00
5.736833322086469707e+04 0.000000000000000000e+00 0.000000000000000000e+00
5.736833322141031385e+04 0.000000000000000000e+00 0.000000000000000000e+00
5.736833322195593064e+04 0.000000000000000000e+00 0.000000000000000000e+00
5.736833322250154743e+04 0.000000000000000000e+00 0.000000000000000000e+00
5.736833322304716421e+04 0.000000000000000000e+00 0.000000000000000000e+00
5.736833322359278100e+04 0.000000000000000000e+00 0.000000000000000000e+00
5.736833322413839778e+04 0.000000000000000000e+00 0.000000000000000000e+00
5.736833322468401457e+04 0.000000000000000000e+00 0.000000000000000000e+00
5.736833322522963135e+04 0.000000000000000000e+00 0.000000000000000000e+00
5.736833322577524814e+04 0.000000000000000000e+00 0.000000000000000000e+00
5.736833322632086492e+04 0.000000000000000000e+00 0.000000000000000000e+00
5.736833322686648171e+04 0.000000000000000000e+00 0.000000000000000000e+00
5.736833322741209849e+04 0.000000000000000000e+00 0.000000000000000000e+00
5.736833322795771528e+04 0.000000000000000000e+00 0.000000000000000000e+00
5.736833322850333207e+04 0.000000000000000000e+00 0.000000000000000000e+00
5.736833322904894885e+04 0.000000000000000000e+00 0.000000000000000000e+00
5.736833322959456564e+04 0.000000000000000000e+00 0.000000000000000000e+00
5.736833323014018242e+04 0.000000000000000000e+00 0.000000000000000000e+00
5.736833323068579921e+04 0.000000000000000000e+00 0.000000000000000000e+00
5.736833323123141599e+04 0.000000000000000000e+00 0.000000000000000000e+00
5.736833323177703278e+04 0.000000000000000000e+00 0.000000000000000000e+00
5.736833323232264956e+04 0.000000000000000000e+00 0.000000000000000000e+00
5.736833323286826635e+04 0.000000000000000000e+00 0.000000000000000000e+00
5.736833323341388314e+04 0.000000000000000000e+00 0.000000000000000000e+00
5.736833323395949992e+04 0.000000000000000000e+00 0.000000000000000000e+00
5.736833323450511671e+04 0.000000000000000000e+00 0.000000000000000000e+00
5.736833323505073349e+04 0.000000000000000000e+00 0.000000000000000000e+00
5.736833323559635028e+04 0.000000000000000000e+00 0.000000000000000000e+00
5.736833323614196706e+04 0.000000000000000000e+00 0.000000000000000000e+00
5.736833323668758385e+04 0.000000000000000000e+00 0.000000000000000000e+00
5.736833323723320063e+04 0.000000000000000000e+00 0.000000000000000000e+00
5.736833323777881742e+04 0.000000000000000000e+00 0.000000000000000000e+00
5.736833323832443421e+04 0.000000000000000000e+00 0.000000000000000000e+00
5.736833323887005099e+04 0.000000000000000000e+00 0.000000000000000000e+00
5.736833323941566778e+04 0.000000000000000000e+00 0.000000000000000000e+00
5.736833323996128456e+04 0.000000000000000000e+00 0.000000000000000000e+00
5.736833324050690135e+04 0.000000000000000000e+00 0.000000000000000000e+00
5.736833324105251813e+04 0.000000000000000000e+00 0.000000000000000000e+00
5.736833324159813492e+04 0.000000000000000000e+00 0.000000000000000000e+00
5.736833324214375170e+04 0.000000000000000000e+00 0.000000000000000000e+00
5.736833324268936849e+04 0.000000000000000000e+00 0.000000000000000000e+00
5.736833324323498528e+04 0.000000000000000000e+00 0.000000000000000000e+00
5.736833324378060206e+04 0.000000000000000000e+00 0.000000000000000000e+00
5.736833324432621885e+04 0.000000000000000000e+00 0.000000000000000000e+00
5.736833324487183563e+04 0.000000000000000000e+00 0.000000000000000000e+00
5.736833324541745242e+04 0.000000000000000000e+00 0.000000000000000000e+00
5.736833324596306920e+04 0.000000000000000000e+00 0.000000000000000000e+00
5.736833324650868599e+04 0.000000000000000000e+00 0.000000000000000000e+00
5.736833324705430277e+04 0.000000000000000000e+00 0.000000000000000000e+00
5.736833324759991956e+04 0.000000000000000000e+00 0.000000000000000000e+00
5.736833324814553634e+04 0.000000000000000000e+00 0.000000000000000000e+00
5.736833324869115313e+04 0.000000000000000000e+00 0.000000000000000000e+00
5.736833324923676992e+04 0.000000000000000000e+00 0.000000000000000000e+00
5.736833324978238670e+04 0.000000000000000000e+00 0.000000000000000000e+00
5.736833325032800349e+04 0.000000000000000000e+00 0.000000000000000000e+00
5.736833325087362027e+04 0.000000000000000000e+00 0.000000000000000000e+00
5.736833325141923706e+04 0.000000000000000000e+00 0.000000000000000000e+00
5.736833325196485384e+04 0.000000000000000000e+00 0.000000000000000000e+00
5.736833325251047063e+04 0.000000000000000000e+00 0.000000000000000000e+00
5.736833325305608741e+04 0.000000000000000000e+00 0.000000000000000000e+00
5.736833325360170420e+04 0.000000000000000000e+00 0.000000000000000000e+00
5.736833325414732099e+04 0.000000000000000000e+00 0.000000000000000000e+00
5.736833325469293777e+04 0.000000000000000000e+00 0.000000000000000000e+00
5.736833325523855456e+04 0.000000000000000000e+00 0.000000000000000000e+00
5.736833325578417134e+04 0.000000000000000000e+00 0.000000000000000000e+00
5.736833325632978813e+04 0.000000000000000000e+00 0.000000000000000000e+00
5.736833325687540491e+04 0.000000000000000000e+00 0.000000000000000000e+00
5.736833325742102170e+04 0.000000000000000000e+00 0.000000000000000000e+00
5.736833325796663848e+04 0.000000000000000000e+00 0.000000000000000000e+00
5.736833325851225527e+04 0.000000000000000000e+00 0.000000000000000000e+00
5.736833325905787206e+04 0.000000000000000000e+00 0.000000000000000000e+00
5.736833325960348884e+04 0.000000000000000000e+00 0.000000000000000000e+00
5.736833326014910563e+04 0.000000000000000000e+00 0.000000000000000000e+00
5.736833326069472241e+04 0.000000000000000000e+00 0.000000000000000000e+00
5.736833326124033920e+04 0.000000000000000000e+00 0.000000000000000000e+00
5.736833326178595598e+04 0.000000000000000000e+00 0.000000000000000000e+00
5.736833326233157277e+04 0.000000000000000000e+00 0.000000000000000000e+00
5.736833326287718955e+04 0.000000000000000000e+00 0.000000000000000000e+00
5.736833326342280634e+04 0.000000000000000000e+00 0.000000000000000000e+00
5.736833326396842313e+04 0.000000000000000000e+00 0.000000000000000000e+00
5.736833326451403991e+04 0.000000000000000000e+00 0.000000000000000000e+00
5.736833326505965670e+04 0.000000000000000000e+00 0.000000000000000000e+00
5.736833326560527348e+04 0.000000000000000000e+00 0.000000000000000000e+00
5.736833326615089027e+04 0.000000000000000000e+00 0.000000000000000000e+00
5.736833326669650705e+04 0.000000000000000000e+00 0.000000000000000000e+00
5.736833326724212384e+04 0.000000000000000000e+00 0.000000000000000000e+00
5.736833326778774062e+04 0.000000000000000000e+00 0.000000000000000000e+00
5.736833326833335741e+04 0.000000000000000000e+00 0.000000000000000000e+00
5.736833326887897420e+04 0.000000000000000000e+00 0.000000000000000000e+00
5.736833326942459098e+04 0.000000000000000000e+00 0.000000000000000000e+00
5.736833326997020777e+04 0.000000000000000000e+00 0.000000000000000000e+00
5.736833327051582455e+04 0.000000000000000000e+00 0.000000000000000000e+00
5.736833327106144134e+04 0.000000000000000000e+00 0.000000000000000000e+00
5.736833327160705812e+04 0.000000000000000000e+00 0.000000000000000000e+00
5.736833327215267491e+04 0.000000000000000000e+00 0.000000000000000000e+00
5.736833327269829169e+04 0.000000000000000000e+00 0.000000000000000000e+00
5.736833327324390848e+04 0.000000000000000000e+00 0.000000000000000000e+00
5.736833327378952526e+04 0.000000000000000000e+00 0.000000000000000000e+00
5.736833327433514205e+04 0.000000000000000000e+00 0.000000000000000000e+00
5.736833327488075884e+04 0.000000000000000000e+00 0.000000000000000000e+00
5.736833327542637562e+04 0.000000000000000000e+00 0.000000000000000000e+00
5.736833327597199241e+04 0.000000000000000000e+00 0.000000000000000000e+00
5.736833327651760919e+04 0.000000000000000000e+00 0.000000000000000000e+00
5.736833327706322598e+04 0.000000000000000000e+00 0.000000000000000000e+00
5.736833327760884276e+04 0.000000000000000000e+00 0.000000000000000000e+00
5.736833327815445955e+04 0.000000000000000000e+00 0.000000000000000000e+00
5.736833327870007633e+04 0.000000000000000000e+00 0.000000000000000000e+00
5.736833327924569312e+04 0.000000000000000000e+00 0.000000000000000000e+00
5.736833327979130991e+04 0.000000000000000000e+00 0.000000000000000000e+00
5.736833328033692669e+04 0.000000000000000000e+00 0.000000000000000000e+00
5.736833328088254348e+04 0.000000000000000000e+00 0.000000000000000000e+00
5.736833328142816026e+04 0.000000000000000000e+00 0.000000000000000000e+00
5.736833328197377705e+04 0.000000000000000000e+00 0.000000000000000000e+00
5.736833328251939383e+04 0.000000000000000000e+00 0.000000000000000000e+00
5.736833328306501062e+04 0.000000000000000000e+00 0.000000000000000000e+00
5.736833328361062740e+04 0.000000000000000000e+00 0.000000000000000000e+00
5.736833328415624419e+04 0.000000000000000000e+00 0.000000000000000000e+00
5.736833328470186098e+04 0.000000000000000000e+00 0.000000000000000000e+00
5.736833328524747776e+04 0.000000000000000000e+00 0.000000000000000000e+00
5.736833328579309455e+04 0.000000000000000000e+00 0.000000000000000000e+00
5.736833328633871133e+04 0.000000000000000000e+00 0.000000000000000000e+00
5.736833328688432812e+04 0.000000000000000000e+00 0.000000000000000000e+00
5.736833328742994490e+04 0.000000000000000000e+00 0.000000000000000000e+00
5.736833328797556169e+04 0.000000000000000000e+00 0.000000000000000000e+00
5.736833328852117847e+04 0.000000000000000000e+00 0.000000000000000000e+00
5.736833328906679526e+04 0.000000000000000000e+00 0.000000000000000000e+00
5.736833328961241205e+04 0.000000000000000000e+00 0.000000000000000000e+00
5.736833329015802883e+04 0.000000000000000000e+00 0.000000000000000000e+00
5.736833329070364562e+04 0.000000000000000000e+00 0.000000000000000000e+00
5.736833329124926240e+04 0.000000000000000000e+00 0.000000000000000000e+00
5.736833329179487919e+04 0.000000000000000000e+00 0.000000000000000000e+00
5.736833329234049597e+04 0.000000000000000000e+00 0.000000000000000000e+00
5.736833329288611276e+04 0.000000000000000000e+00 0.000000000000000000e+00
5.736833329343172954e+04 0.000000000000000000e+00 0.000000000000000000e+00
5.736833329397734633e+04 0.000000000000000000e+00 0.000000000000000000e+00
5.736833329452296312e+04 0.000000000000000000e+00 0.000000000000000000e+00
5.736833329506857990e+04 0.000000000000000000e+00 0.000000000000000000e+00
5.736833329561419669e+04 0.000000000000000000e+00 0.000000000000000000e+00
5.736833329615981347e+04 0.000000000000000000e+00 0.000000000000000000e+00
5.736833329670543026e+04 0.000000000000000000e+00 0.000000000000000000e+00
5.736833329725104704e+04 0.000000000000000000e+00 0.000000000000000000e+00
5.736833329779666383e+04 0.000000000000000000e+00 0.000000000000000000e+00
5.736833329834228061e+04 0.000000000000000000e+00 0.000000000000000000e+00
5.736833329888789740e+04 0.000000000000000000e+00 0.000000000000000000e+00
5.736833329943351418e+04 0.000000000000000000e+00 0.000000000000000000e+00
5.736833329997913097e+04 0.000000000000000000e+00 0.000000000000000000e+00
5.736833330052474776e+04 0.000000000000000000e+00 0.000000000000000000e+00
5.736833330107036454e+04 0.000000000000000000e+00 0.000000000000000000e+00
5.736833330161598133e+04 0.000000000000000000e+00 0.000000000000000000e+00
5.736833330216159811e+04 0.000000000000000000e+00 0.000000000000000000e+00
5.736833330270721490e+04 0.000000000000000000e+00 0.000000000000000000e+00
5.736833330325283168e+04 0.000000000000000000e+00 0.000000000000000000e+00
5.736833330379844847e+04 0.000000000000000000e+00 0.000000000000000000e+00
5.736833330434406525e+04 0.000000000000000000e+00 0.000000000000000000e+00
5.736833330488968204e+04 0.000000000000000000e+00 0.000000000000000000e+00
5.736833330543529883e+04 0.000000000000000000e+00 0.000000000000000000e+00
5.736833330598091561e+04 0.000000000000000000e+00 0.000000000000000000e+00
5.736833330652653240e+04 0.000000000000000000e+00 0.000000000000000000e+00
5.736833330707214918e+04 0.000000000000000000e+00 0.000000000000000000e+00
5.736833330761776597e+04 0.000000000000000000e+00 0.000000000000000000e+00
5.736833330816338275e+04 0.000000000000000000e+00 0.000000000000000000e+00
5.736833330870899954e+04 0.000000000000000000e+00 0.000000000000000000e+00
5.736833330925461632e+04 0.000000000000000000e+00 0.000000000000000000e+00
5.736833330980023311e+04 0.000000000000000000e+00 0.000000000000000000e+00
5.736833331034584990e+04 0.000000000000000000e+00 0.000000000000000000e+00
5.736833331089146668e+04 0.000000000000000000e+00 0.000000000000000000e+00
5.736833331143708347e+04 0.000000000000000000e+00 0.000000000000000000e+00
5.736833331198270025e+04 0.000000000000000000e+00 0.000000000000000000e+00
5.736833331252831704e+04 0.000000000000000000e+00 0.000000000000000000e+00
5.736833331307393382e+04 0.000000000000000000e+00 0.000000000000000000e+00
5.736833331361955061e+04 0.000000000000000000e+00 0.000000000000000000e+00
5.736833331416516739e+04 0.000000000000000000e+00 0.000000000000000000e+00
5.736833331471078418e+04 0.000000000000000000e+00 0.000000000000000000e+00
5.736833331525640097e+04 0.000000000000000000e+00 0.000000000000000000e+00
5.736833331580201775e+04 0.000000000000000000e+00 0.000000000000000000e+00
5.736833331634763454e+04 0.000000000000000000e+00 0.000000000000000000e+00
5.736833331689325132e+04 0.000000000000000000e+00 0.000000000000000000e+00
5.736833331743886083e+04 0.000000000000000000e+00 0.000000000000000000e+00
5.736833331798447762e+04 0.000000000000000000e+00 0.000000000000000000e+00
5.736833331853009440e+04 0.000000000000000000e+00 0.000000000000000000e+00
5.736833331907571119e+04 0.000000000000000000e+00 0.000000000000000000e+00
5.736833331962132797e+04 0.000000000000000000e+00 0.000000000000000000e+00
5.736833332016694476e+04 0.000000000000000000e+00 0.000000000000000000e+00
5.736833332071256154e+04 0.000000000000000000e+00 0.000000000000000000e+00
5.736833332125817833e+04 0.000000000000000000e+00 0.000000000000000000e+00
5.736833332180379512e+04 0.000000000000000000e+00 0.000000000000000000e+00
5.736833332234941190e+04 0.000000000000000000e+00 0.000000000000000000e+00
5.736833332289502869e+04 0.000000000000000000e+00 0.000000000000000000e+00
5.736833332344064547e+04 0.000000000000000000e+00 0.000000000000000000e+00
5.736833332398626226e+04 0.000000000000000000e+00 0.000000000000000000e+00
5.736833332453187904e+04 0.000000000000000000e+00 0.000000000000000000e+00
5.736833332507749583e+04 0.000000000000000000e+00 0.000000000000000000e+00
5.736833332562311261e+04 0.000000000000000000e+00 0.000000000000000000e+00
5.736833332616872940e+04 0.000000000000000000e+00 0.000000000000000000e+00
5.736833332671434619e+04 0.000000000000000000e+00 0.000000000000000000e+00
5.736833332725996297e+04 0.000000000000000000e+00 0.000000000000000000e+00
5.736833332780557976e+04 0.000000000000000000e+00 0.000000000000000000e+00
5.736833332835119654e+04 0.000000000000000000e+00 0.000000000000000000e+00
5.736833332889681333e+04 0.000000000000000000e+00 0.000000000000000000e+00
5.736833332944243011e+04 0.000000000000000000e+00 0.000000000000000000e+00
5.736833332998804690e+04 0.000000000000000000e+00 0.000000000000000000e+00
5.736833333053366368e+04 0.000000000000000000e+00 0.000000000000000000e+00
5.736833333107928047e+04 0.000000000000000000e+00 0.000000000000000000e+00
5.736833333162489726e+04 0.000000000000000000e+00 0.000000000000000000e+00
5.736833333217051404e+04 0.000000000000000000e+00 0.000000000000000000e+00
5.736833333271613083e+04 0.000000000000000000e+00 0.000000000000000000e+00
5.736833333326174761e+04 0.000000000000000000e+00 0.000000000000000000e+00
5.736833333380736440e+04 0.000000000000000000e+00 0.000000000000000000e+00
5.736833333435298118e+04 0.000000000000000000e+00 0.000000000000000000e+00
5.736833333489859797e+04 0.000000000000000000e+00 0.000000000000000000e+00
5.736833333544421475e+04 0.000000000000000000e+00 0.000000000000000000e+00
5.736833333598983154e+04 0.000000000000000000e+00 0.000000000000000000e+00
5.736833333653544832e+04 0.000000000000000000e+00 0.000000000000000000e+00
5.736833333708106511e+04 0.000000000000000000e+00 0.000000000000000000e+00
5.736833333762668190e+04 0.000000000000000000e+00 0.000000000000000000e+00
5.736833333817229868e+04 0.000000000000000000e+00 0.000000000000000000e+00
5.736833333871791547e+04 0.000000000000000000e+00 0.000000000000000000e+00
5.736833333926353225e+04 0.000000000000000000e+00 0.000000000000000000e+00
5.736833333980914904e+04 0.000000000000000000e+00 0.000000000000000000e+00
5.736833334035476582e+04 0.000000000000000000e+00 0.000000000000000000e+00
5.736833334090038261e+04 0.000000000000000000e+00 0.000000000000000000e+00
5.736833334144599939e+04 0.000000000000000000e+00 0.000000000000000000e+00
5.736833334199161618e+04 0.000000000000000000e+00 0.000000000000000000e+00
5.736833334253723297e+04 0.000000000000000000e+00 0.000000000000000000e+00
5.736833334308284975e+04 0.000000000000000000e+00 0.000000000000000000e+00
5.736833334362846654e+04 0.000000000000000000e+00 0.000000000000000000e+00
5.736833334417408332e+04 0.000000000000000000e+00 0.000000000000000000e+00
5.736833334471970011e+04 0.000000000000000000e+00 0.000000000000000000e+00
5.736833334526531689e+04 0.000000000000000000e+00 0.000000000000000000e+00
5.736833334581093368e+04 0.000000000000000000e+00 0.000000000000000000e+00
5.736833334635655046e+04 0.000000000000000000e+00 0.000000000000000000e+00
5.736833334690216725e+04 0.000000000000000000e+00 0.000000000000000000e+00
5.736833334744778404e+04 0.000000000000000000e+00 0.000000000000000000e+00
5.736833334799340082e+04 0.000000000000000000e+00 0.000000000000000000e+00
5.736833334853901761e+04 0.000000000000000000e+00 0.000000000000000000e+00
5.736833334908463439e+04 0.000000000000000000e+00 0.000000000000000000e+00
5.736833334963025118e+04 0.000000000000000000e+00 0.000000000000000000e+00
5.736833335017586796e+04 0.000000000000000000e+00 0.000000000000000000e+00
5.736833335072148475e+04 0.000000000000000000e+00 0.000000000000000000e+00
5.736833335126710153e+04 0.000000000000000000e+00 0.000000000000000000e+00
5.736833335181271832e+04 0.000000000000000000e+00 0.000000000000000000e+00
5.736833335235833511e+04 0.000000000000000000e+00 0.000000000000000000e+00
5.736833335290395189e+04 0.000000000000000000e+00 0.000000000000000000e+00
5.736833335344956868e+04 0.000000000000000000e+00 0.000000000000000000e+00
5.736833335399518546e+04 0.000000000000000000e+00 0.000000000000000000e+00
5.736833335454080225e+04 0.000000000000000000e+00 0.000000000000000000e+00
5.736833335508641903e+04 0.000000000000000000e+00 0.000000000000000000e+00
5.736833335563203582e+04 0.000000000000000000e+00 0.000000000000000000e+00
5.736833335617765260e+04 0.000000000000000000e+00 0.000000000000000000e+00
5.736833335672326939e+04 0.000000000000000000e+00 0.000000000000000000e+00
5.736833335726888618e+04 0.000000000000000000e+00 0.000000000000000000e+00
5.736833335781450296e+04 0.000000000000000000e+00 0.000000000000000000e+00
5.736833335836011975e+04 0.000000000000000000e+00 0.000000000000000000e+00
5.736833335890573653e+04 0.000000000000000000e+00 0.000000000000000000e+00
5.736833335945135332e+04 0.000000000000000000e+00 0.000000000000000000e+00
5.736833335999697010e+04 0.000000000000000000e+00 0.000000000000000000e+00
5.736833336054258689e+04 0.000000000000000000e+00 0.000000000000000000e+00
5.736833336108820367e+04 0.000000000000000000e+00 0.000000000000000000e+00
5.736833336163382046e+04 0.000000000000000000e+00 0.000000000000000000e+00
5.736833336217943724e+04 0.000000000000000000e+00 0.000000000000000000e+00
5.736833336272505403e+04 0.000000000000000000e+00 0.000000000000000000e+00
5.736833336327067082e+04 0.000000000000000000e+00 0.000000000000000000e+00
5.736833336381628760e+04 0.000000000000000000e+00 0.000000000000000000e+00
5.736833336436190439e+04 0.000000000000000000e+00 0.000000000000000000e+00
5.736833336490752117e+04 0.000000000000000000e+00 0.000000000000000000e+00
5.736833336545313796e+04 0.000000000000000000e+00 0.000000000000000000e+00
5.736833336599875474e+04 0.000000000000000000e+00 0.000000000000000000e+00
5.736833336654437153e+04 0.000000000000000000e+00 0.000000000000000000e+00
5.736833336708998831e+04 0.000000000000000000e+00 0.000000000000000000e+00
5.736833336763560510e+04 0.000000000000000000e+00 0.000000000000000000e+00
5.736833336818122189e+04 0.000000000000000000e+00 0.000000000000000000e+00
5.736833336872683867e+04 0.000000000000000000e+00 0.000000000000000000e+00
5.736833336927245546e+04 0.000000000000000000e+00 0.000000000000000000e+00
5.736833336981807224e+04 0.000000000000000000e+00 0.000000000000000000e+00
5.736833337036368903e+04 0.000000000000000000e+00 0.000000000000000000e+00
5.736833337090930581e+04 0.000000000000000000e+00 0.000000000000000000e+00
5.736833337145492260e+04 0.000000000000000000e+00 0.000000000000000000e+00
5.736833337200053938e+04 0.000000000000000000e+00 0.000000000000000000e+00
5.736833337254615617e+04 0.000000000000000000e+00 0.000000000000000000e+00
5.736833337309177296e+04 0.000000000000000000e+00 0.000000000000000000e+00
5.736833337363738974e+04 0.000000000000000000e+00 0.000000000000000000e+00
5.736833337418300653e+04 0.000000000000000000e+00 0.000000000000000000e+00
5.736833337472862331e+04 0.000000000000000000e+00 0.000000000000000000e+00
5.736833337527424010e+04 0.000000000000000000e+00 0.000000000000000000e+00
5.736833337581985688e+04 0.000000000000000000e+00 0.000000000000000000e+00
5.736833337636547367e+04 0.000000000000000000e+00 0.000000000000000000e+00
5.736833337691109045e+04 0.000000000000000000e+00 0.000000000000000000e+00
5.736833337745670724e+04 0.000000000000000000e+00 0.000000000000000000e+00
5.736833337800232403e+04 0.000000000000000000e+00 0.000000000000000000e+00
5.736833337854794081e+04 0.000000000000000000e+00 0.000000000000000000e+00
5.736833337909355760e+04 0.000000000000000000e+00 0.000000000000000000e+00
5.736833337963917438e+04 0.000000000000000000e+00 0.000000000000000000e+00
5.736833338018479117e+04 0.000000000000000000e+00 0.000000000000000000e+00
5.736833338073040795e+04 0.000000000000000000e+00 0.000000000000000000e+00
5.736833338127602474e+04 0.000000000000000000e+00 0.000000000000000000e+00
5.736833338182164152e+04 0.000000000000000000e+00 0.000000000000000000e+00
5.736833338236725831e+04 0.000000000000000000e+00 0.000000000000000000e+00
5.736833338291287509e+04 0.000000000000000000e+00 0.000000000000000000e+00
5.736833338345849188e+04 0.000000000000000000e+00 0.000000000000000000e+00
5.736833338400410867e+04 0.000000000000000000e+00 0.000000000000000000e+00
5.736833338454972545e+04 0.000000000000000000e+00 0.000000000000000000e+00
5.736833338509534224e+04 0.000000000000000000e+00 0.000000000000000000e+00
5.736833338564095902e+04 0.000000000000000000e+00 0.000000000000000000e+00
5.736833338618657581e+04 0.000000000000000000e+00 0.000000000000000000e+00
5.736833338673219259e+04 0.000000000000000000e+00 0.000000000000000000e+00
5.736833338727780938e+04 0.000000000000000000e+00 0.000000000000000000e+00
5.736833338782342616e+04 0.000000000000000000e+00 0.000000000000000000e+00
5.736833338836904295e+04 0.000000000000000000e+00 0.000000000000000000e+00
5.736833338891465974e+04 0.000000000000000000e+00 0.000000000000000000e+00
5.736833338946027652e+04 0.000000000000000000e+00 0.000000000000000000e+00
5.736833339000589331e+04 0.000000000000000000e+00 0.000000000000000000e+00
5.736833339055151009e+04 0.000000000000000000e+00 0.000000000000000000e+00
5.736833339109712688e+04 0.000000000000000000e+00 0.000000000000000000e+00
5.736833339164274366e+04 0.000000000000000000e+00 0.000000000000000000e+00
5.736833339218836045e+04 0.000000000000000000e+00 0.000000000000000000e+00
5.736833339273397723e+04 0.000000000000000000e+00 0.000000000000000000e+00
5.736833339327959402e+04 0.000000000000000000e+00 0.000000000000000000e+00
5.736833339382521081e+04 0.000000000000000000e+00 0.000000000000000000e+00
5.736833339437082759e+04 0.000000000000000000e+00 0.000000000000000000e+00
5.736833339491644438e+04 0.000000000000000000e+00 0.000000000000000000e+00
5.736833339546206116e+04 0.000000000000000000e+00 0.000000000000000000e+00
5.736833339600767795e+04 0.000000000000000000e+00 0.000000000000000000e+00
5.736833339655329473e+04 0.000000000000000000e+00 0.000000000000000000e+00
5.736833339709891152e+04 0.000000000000000000e+00 0.000000000000000000e+00
5.736833339764452830e+04 0.000000000000000000e+00 0.000000000000000000e+00
5.736833339819014509e+04 0.000000000000000000e+00 0.000000000000000000e+00
5.736833339873576188e+04 0.000000000000000000e+00 0.000000000000000000e+00
5.736833339928137866e+04 0.000000000000000000e+00 0.000000000000000000e+00
5.736833339982699545e+04 0.000000000000000000e+00 0.000000000000000000e+00
5.736833340037261223e+04 0.000000000000000000e+00 0.000000000000000000e+00
5.736833340091822902e+04 0.000000000000000000e+00 0.000000000000000000e+00
5.736833340146384580e+04 0.000000000000000000e+00 0.000000000000000000e+00
5.736833340200946259e+04 0.000000000000000000e+00 0.000000000000000000e+00
5.736833340255507937e+04 0.000000000000000000e+00 0.000000000000000000e+00
5.736833340310069616e+04 0.000000000000000000e+00 0.000000000000000000e+00
5.736833340364631295e+04 0.000000000000000000e+00 0.000000000000000000e+00
5.736833340419192973e+04 0.000000000000000000e+00 0.000000000000000000e+00
5.736833340473754652e+04 0.000000000000000000e+00 0.000000000000000000e+00
5.736833340528316330e+04 0.000000000000000000e+00 0.000000000000000000e+00
5.736833340582878009e+04 0.000000000000000000e+00 0.000000000000000000e+00
5.736833340637439687e+04 0.000000000000000000e+00 0.000000000000000000e+00
5.736833340692001366e+04 0.000000000000000000e+00 0.000000000000000000e+00
5.736833340746563044e+04 0.000000000000000000e+00 0.000000000000000000e+00
5.736833340801124723e+04 0.000000000000000000e+00 0.000000000000000000e+00
5.736833340855686401e+04 0.000000000000000000e+00 0.000000000000000000e+00
5.736833340910248080e+04 0.000000000000000000e+00 0.000000000000000000e+00
5.736833340964809759e+04 0.000000000000000000e+00 0.000000000000000000e+00
5.736833341019371437e+04 0.000000000000000000e+00 0.000000000000000000e+00
5.736833341073933116e+04 0.000000000000000000e+00 0.000000000000000000e+00
5.736833341128494794e+04 0.000000000000000000e+00 0.000000000000000000e+00
5.736833341183056473e+04 0.000000000000000000e+00 0.000000000000000000e+00
5.736833341237618151e+04 0.000000000000000000e+00 0.000000000000000000e+00
5.736833341292179830e+04 0.000000000000000000e+00 0.000000000000000000e+00
5.736833341346741508e+04 0.000000000000000000e+00 0.000000000000000000e+00
5.736833341401303187e+04 0.000000000000000000e+00 0.000000000000000000e+00
5.736833341455864866e+04 0.000000000000000000e+00 0.000000000000000000e+00
5.736833341510426544e+04 0.000000000000000000e+00 0.000000000000000000e+00
5.736833341564988223e+04 0.000000000000000000e+00 0.000000000000000000e+00
5.736833341619549901e+04 0.000000000000000000e+00 0.000000000000000000e+00
5.736833341674111580e+04 0.000000000000000000e+00 0.000000000000000000e+00
5.736833341728673258e+04 0.000000000000000000e+00 0.000000000000000000e+00
5.736833341783234937e+04 0.000000000000000000e+00 0.000000000000000000e+00
5.736833341837796615e+04 0.000000000000000000e+00 0.000000000000000000e+00
5.736833341892358294e+04 0.000000000000000000e+00 0.000000000000000000e+00
5.736833341946919973e+04 0.000000000000000000e+00 0.000000000000000000e+00
5.736833342001481651e+04 0.000000000000000000e+00 0.000000000000000000e+00
5.736833342056043330e+04 0.000000000000000000e+00 0.000000000000000000e+00
5.736833342110605008e+04 0.000000000000000000e+00 0.000000000000000000e+00
5.736833342165166687e+04 0.000000000000000000e+00 0.000000000000000000e+00
5.736833342219728365e+04 0.000000000000000000e+00 0.000000000000000000e+00
5.736833342274290044e+04 0.000000000000000000e+00 0.000000000000000000e+00
5.736833342328851722e+04 0.000000000000000000e+00 0.000000000000000000e+00
5.736833342383413401e+04 0.000000000000000000e+00 0.000000000000000000e+00
5.736833342437975080e+04 0.000000000000000000e+00 0.000000000000000000e+00
5.736833342492536758e+04 0.000000000000000000e+00 0.000000000000000000e+00
5.736833342547098437e+04 0.000000000000000000e+00 0.000000000000000000e+00
5.736833342601660115e+04 0.000000000000000000e+00 0.000000000000000000e+00
5.736833342656221794e+04 0.000000000000000000e+00 0.000000000000000000e+00
5.736833342710783472e+04 0.000000000000000000e+00 0.000000000000000000e+00
5.736833342765345151e+04 0.000000000000000000e+00 0.000000000000000000e+00
5.736833342819906829e+04 0.000000000000000000e+00 0.000000000000000000e+00
5.736833342874468508e+04 0.000000000000000000e+00 0.000000000000000000e+00
5.736833342929030186e+04 0.000000000000000000e+00 0.000000000000000000e+00
5.736833342983591865e+04 0.000000000000000000e+00 0.000000000000000000e+00
5.736833343038153544e+04 0.000000000000000000e+00 0.000000000000000000e+00
5.736833343092715222e+04 0.000000000000000000e+00 0.000000000000000000e+00
5.736833343147276901e+04 0.000000000000000000e+00 0.000000000000000000e+00
5.736833343201838579e+04 0.000000000000000000e+00 0.000000000000000000e+00
5.736833343256400258e+04 0.000000000000000000e+00 0.000000000000000000e+00
5.736833343310961209e+04 0.000000000000000000e+00 0.000000000000000000e+00
5.736833343365522887e+04 0.000000000000000000e+00 0.000000000000000000e+00
5.736833343420084566e+04 0.000000000000000000e+00 0.000000000000000000e+00
5.736833343474646244e+04 0.000000000000000000e+00 0.000000000000000000e+00
5.736833343529207923e+04 0.000000000000000000e+00 0.000000000000000000e+00
5.736833343583769602e+04 0.000000000000000000e+00 0.000000000000000000e+00
5.736833343638331280e+04 0.000000000000000000e+00 0.000000000000000000e+00
5.736833343692892959e+04 0.000000000000000000e+00 0.000000000000000000e+00
5.736833343747454637e+04 0.000000000000000000e+00 0.000000000000000000e+00
5.736833343802016316e+04 0.000000000000000000e+00 0.000000000000000000e+00
5.736833343856577994e+04 0.000000000000000000e+00 0.000000000000000000e+00
5.736833343911139673e+04 0.000000000000000000e+00 0.000000000000000000e+00
5.736833343965701351e+04 0.000000000000000000e+00 0.000000000000000000e+00
5.736833344020263030e+04 0.000000000000000000e+00 0.000000000000000000e+00
5.736833344074824709e+04 0.000000000000000000e+00 0.000000000000000000e+00
5.736833344129386387e+04 0.000000000000000000e+00 0.000000000000000000e+00
5.736833344183948066e+04 0.000000000000000000e+00 0.000000000000000000e+00
5.736833344238509744e+04 0.000000000000000000e+00 0.000000000000000000e+00
5.736833344293071423e+04 0.000000000000000000e+00 0.000000000000000000e+00
5.736833344347633101e+04 0.000000000000000000e+00 0.000000000000000000e+00
5.736833344402194780e+04 0.000000000000000000e+00 0.000000000000000000e+00
5.736833344456756458e+04 0.000000000000000000e+00 0.000000000000000000e+00
5.736833344511318137e+04 0.000000000000000000e+00 0.000000000000000000e+00
5.736833344565879815e+04 0.000000000000000000e+00 0.000000000000000000e+00
5.736833344620441494e+04 0.000000000000000000e+00 0.000000000000000000e+00
5.736833344675003173e+04 0.000000000000000000e+00 0.000000000000000000e+00
5.736833344729564851e+04 0.000000000000000000e+00 0.000000000000000000e+00
5.736833344784126530e+04 0.000000000000000000e+00 0.000000000000000000e+00
5.736833344838688208e+04 0.000000000000000000e+00 0.000000000000000000e+00
5.736833344893249887e+04 0.000000000000000000e+00 0.000000000000000000e+00
5.736833344947811565e+04 0.000000000000000000e+00 0.000000000000000000e+00
5.736833345002373244e+04 0.000000000000000000e+00 0.000000000000000000e+00
5.736833345056934922e+04 0.000000000000000000e+00 0.000000000000000000e+00
5.736833345111496601e+04 0.000000000000000000e+00 0.000000000000000000e+00
5.736833345166058280e+04 0.000000000000000000e+00 0.000000000000000000e+00
5.736833345220619958e+04 0.000000000000000000e+00 0.000000000000000000e+00
5.736833345275181637e+04 0.000000000000000000e+00 0.000000000000000000e+00
5.736833345329743315e+04 0.000000000000000000e+00 0.000000000000000000e+00
5.736833345384304994e+04 0.000000000000000000e+00 0.000000000000000000e+00
5.736833345438866672e+04 0.000000000000000000e+00 0.000000000000000000e+00
5.736833345493428351e+04 0.000000000000000000e+00 0.000000000000000000e+00
5.736833345547990029e+04 0.000000000000000000e+00 0.000000000000000000e+00
5.736833345602551708e+04 0.000000000000000000e+00 0.000000000000000000e+00
5.736833345657113387e+04 0.000000000000000000e+00 0.000000000000000000e+00
5.736833345711675065e+04 0.000000000000000000e+00 0.000000000000000000e+00
5.736833345766236744e+04 0.000000000000000000e+00 0.000000000000000000e+00
5.736833345820798422e+04 0.000000000000000000e+00 0.000000000000000000e+00
5.736833345875360101e+04 0.000000000000000000e+00 0.000000000000000000e+00
5.736833345929921779e+04 0.000000000000000000e+00 0.000000000000000000e+00
5.736833345984483458e+04 0.000000000000000000e+00 0.000000000000000000e+00
5.736833346039045136e+04 0.000000000000000000e+00 0.000000000000000000e+00
5.736833346093606815e+04 0.000000000000000000e+00 0.000000000000000000e+00
5.736833346148168494e+04 0.000000000000000000e+00 0.000000000000000000e+00
5.736833346202730172e+04 0.000000000000000000e+00 0.000000000000000000e+00
5.736833346257291851e+04 0.000000000000000000e+00 0.000000000000000000e+00
5.736833346311853529e+04 0.000000000000000000e+00 0.000000000000000000e+00
5.736833346366415208e+04 0.000000000000000000e+00 0.000000000000000000e+00
5.736833346420976886e+04 0.000000000000000000e+00 0.000000000000000000e+00
5.736833346475538565e+04 0.000000000000000000e+00 0.000000000000000000e+00
5.736833346530100243e+04 0.000000000000000000e+00 0.000000000000000000e+00
5.736833346584661922e+04 0.000000000000000000e+00 0.000000000000000000e+00
5.736833346639223601e+04 0.000000000000000000e+00 0.000000000000000000e+00
5.736833346693785279e+04 0.000000000000000000e+00 0.000000000000000000e+00
5.736833346748346958e+04 0.000000000000000000e+00 0.000000000000000000e+00
5.736833346802908636e+04 0.000000000000000000e+00 0.000000000000000000e+00
5.736833346857470315e+04 0.000000000000000000e+00 0.000000000000000000e+00
5.736833346912031993e+04 0.000000000000000000e+00 0.000000000000000000e+00
5.736833346966593672e+04 0.000000000000000000e+00 0.000000000000000000e+00
5.736833347021155350e+04 0.000000000000000000e+00 0.000000000000000000e+00
5.736833347075717029e+04 0.000000000000000000e+00 0.000000000000000000e+00
5.736833347130278707e+04 0.000000000000000000e+00 0.000000000000000000e+00
5.736833347184840386e+04 0.000000000000000000e+00 0.000000000000000000e+00
5.736833347239402065e+04 0.000000000000000000e+00 0.000000000000000000e+00
5.736833347293963743e+04 0.000000000000000000e+00 0.000000000000000000e+00
5.736833347348525422e+04 0.000000000000000000e+00 0.000000000000000000e+00
5.736833347403087100e+04 0.000000000000000000e+00 0.000000000000000000e+00
5.736833347457648779e+04 0.000000000000000000e+00 0.000000000000000000e+00
5.736833347512210457e+04 0.000000000000000000e+00 0.000000000000000000e+00
5.736833347566772136e+04 0.000000000000000000e+00 0.000000000000000000e+00
5.736833347621333814e+04 0.000000000000000000e+00 0.000000000000000000e+00
5.736833347675895493e+04 0.000000000000000000e+00 0.000000000000000000e+00
5.736833347730457172e+04 0.000000000000000000e+00 0.000000000000000000e+00
5.736833347785018850e+04 0.000000000000000000e+00 0.000000000000000000e+00
5.736833347839580529e+04 0.000000000000000000e+00 0.000000000000000000e+00
5.736833347894142207e+04 0.000000000000000000e+00 0.000000000000000000e+00
5.736833347948703886e+04 0.000000000000000000e+00 0.000000000000000000e+00
5.736833348003265564e+04 0.000000000000000000e+00 0.000000000000000000e+00
5.736833348057827243e+04 0.000000000000000000e+00 0.000000000000000000e+00
5.736833348112388921e+04 0.000000000000000000e+00 0.000000000000000000e+00
5.736833348166950600e+04 0.000000000000000000e+00 0.000000000000000000e+00
5.736833348221512279e+04 0.000000000000000000e+00 0.000000000000000000e+00
5.736833348276073957e+04 0.000000000000000000e+00 0.000000000000000000e+00
5.736833348330635636e+04 0.000000000000000000e+00 0.000000000000000000e+00
5.736833348385197314e+04 0.000000000000000000e+00 0.000000000000000000e+00
5.736833348439758993e+04 0.000000000000000000e+00 0.000000000000000000e+00
5.736833348494320671e+04 0.000000000000000000e+00 0.000000000000000000e+00
5.736833348548882350e+04 0.000000000000000000e+00 0.000000000000000000e+00
5.736833348603444028e+04 0.000000000000000000e+00 0.000000000000000000e+00
5.736833348658005707e+04 0.000000000000000000e+00 0.000000000000000000e+00
5.736833348712567386e+04 0.000000000000000000e+00 0.000000000000000000e+00
5.736833348767129064e+04 0.000000000000000000e+00 0.000000000000000000e+00
5.736833348821690743e+04 0.000000000000000000e+00 0.000000000000000000e+00
5.736833348876252421e+04 0.000000000000000000e+00 0.000000000000000000e+00
5.736833348930814100e+04 0.000000000000000000e+00 0.000000000000000000e+00
5.736833348985375778e+04 0.000000000000000000e+00 0.000000000000000000e+00
5.736833349039937457e+04 0.000000000000000000e+00 0.000000000000000000e+00
5.736833349094499135e+04 0.000000000000000000e+00 0.000000000000000000e+00
5.736833349149060814e+04 0.000000000000000000e+00 0.000000000000000000e+00
5.736833349203622492e+04 0.000000000000000000e+00 0.000000000000000000e+00
5.736833349258184171e+04 0.000000000000000000e+00 0.000000000000000000e+00
5.736833349312745850e+04 0.000000000000000000e+00 0.000000000000000000e+00
5.736833349367307528e+04 0.000000000000000000e+00 0.000000000000000000e+00
5.736833349421869207e+04 0.000000000000000000e+00 0.000000000000000000e+00
5.736833349476430885e+04 0.000000000000000000e+00 0.000000000000000000e+00
5.736833349530992564e+04 0.000000000000000000e+00 0.000000000000000000e+00
5.736833349585554242e+04 0.000000000000000000e+00 0.000000000000000000e+00
5.736833349640115921e+04 0.000000000000000000e+00 0.000000000000000000e+00
5.736833349694677599e+04 0.000000000000000000e+00 0.000000000000000000e+00
5.736833349749239278e+04 0.000000000000000000e+00 0.000000000000000000e+00
5.736833349803800957e+04 0.000000000000000000e+00 0.000000000000000000e+00
5.736833349858362635e+04 0.000000000000000000e+00 0.000000000000000000e+00
5.736833349912924314e+04 0.000000000000000000e+00 0.000000000000000000e+00
5.736833349967485992e+04 0.000000000000000000e+00 0.000000000000000000e+00
5.736833350022047671e+04 0.000000000000000000e+00 0.000000000000000000e+00
5.736833350076609349e+04 0.000000000000000000e+00 0.000000000000000000e+00
5.736833350131171028e+04 0.000000000000000000e+00 0.000000000000000000e+00
5.736833350185732706e+04 0.000000000000000000e+00 0.000000000000000000e+00
5.736833350240294385e+04 0.000000000000000000e+00 0.000000000000000000e+00
5.736833350294856064e+04 0.000000000000000000e+00 0.000000000000000000e+00
5.736833350349417742e+04 0.000000000000000000e+00 0.000000000000000000e+00
5.736833350403979421e+04 0.000000000000000000e+00 0.000000000000000000e+00
5.736833350458541099e+04 0.000000000000000000e+00 0.000000000000000000e+00
5.736833350513102778e+04 0.000000000000000000e+00 0.000000000000000000e+00
5.736833350567664456e+04 0.000000000000000000e+00 0.000000000000000000e+00
5.736833350622226135e+04 0.000000000000000000e+00 0.000000000000000000e+00
5.736833350676787813e+04 0.000000000000000000e+00 0.000000000000000000e+00
5.736833350731349492e+04 0.000000000000000000e+00 0.000000000000000000e+00
5.736833350785911171e+04 0.000000000000000000e+00 0.000000000000000000e+00
5.736833350840472849e+04 0.000000000000000000e+00 0.000000000000000000e+00
5.736833350895034528e+04 0.000000000000000000e+00 0.000000000000000000e+00
5.736833350949596206e+04 0.000000000000000000e+00 0.000000000000000000e+00
5.736833351004157885e+04 0.000000000000000000e+00 0.000000000000000000e+00
5.736833351058719563e+04 0.000000000000000000e+00 0.000000000000000000e+00
5.736833351113281242e+04 0.000000000000000000e+00 0.000000000000000000e+00
5.736833351167842920e+04 0.000000000000000000e+00 0.000000000000000000e+00
5.736833351222404599e+04 0.000000000000000000e+00 0.000000000000000000e+00
5.736833351276966278e+04 0.000000000000000000e+00 0.000000000000000000e+00
5.736833351331527956e+04 0.000000000000000000e+00 0.000000000000000000e+00
5.736833351386089635e+04 0.000000000000000000e+00 0.000000000000000000e+00
5.736833351440651313e+04 0.000000000000000000e+00 0.000000000000000000e+00
5.736833351495212992e+04 0.000000000000000000e+00 0.000000000000000000e+00
5.736833351549774670e+04 0.000000000000000000e+00 0.000000000000000000e+00
5.736833351604336349e+04 0.000000000000000000e+00 0.000000000000000000e+00
5.736833351658898027e+04 0.000000000000000000e+00 0.000000000000000000e+00
5.736833351713459706e+04 0.000000000000000000e+00 0.000000000000000000e+00
5.736833351768021384e+04 0.000000000000000000e+00 0.000000000000000000e+00
5.736833351822583063e+04 0.000000000000000000e+00 0.000000000000000000e+00
5.736833351877144742e+04 0.000000000000000000e+00 0.000000000000000000e+00
5.736833351931706420e+04 0.000000000000000000e+00 0.000000000000000000e+00
5.736833351986268099e+04 0.000000000000000000e+00 0.000000000000000000e+00
5.736833352040829777e+04 0.000000000000000000e+00 0.000000000000000000e+00
5.736833352095391456e+04 0.000000000000000000e+00 0.000000000000000000e+00
5.736833352149953134e+04 0.000000000000000000e+00 0.000000000000000000e+00
5.736833352204514813e+04 0.000000000000000000e+00 0.000000000000000000e+00
5.736833352259076491e+04 0.000000000000000000e+00 0.000000000000000000e+00
5.736833352313638170e+04 0.000000000000000000e+00 0.000000000000000000e+00
5.736833352368199849e+04 0.000000000000000000e+00 0.000000000000000000e+00
5.736833352422761527e+04 0.000000000000000000e+00 0.000000000000000000e+00
5.736833352477323206e+04 0.000000000000000000e+00 0.000000000000000000e+00
5.736833352531884884e+04 0.000000000000000000e+00 0.000000000000000000e+00
5.736833352586446563e+04 0.000000000000000000e+00 0.000000000000000000e+00
5.736833352641008241e+04 0.000000000000000000e+00 0.000000000000000000e+00
5.736833352695569920e+04 0.000000000000000000e+00 0.000000000000000000e+00
5.736833352750131598e+04 0.000000000000000000e+00 0.000000000000000000e+00
5.736833352804693277e+04 0.000000000000000000e+00 0.000000000000000000e+00
5.736833352859254956e+04 0.000000000000000000e+00 0.000000000000000000e+00
5.736833352913816634e+04 0.000000000000000000e+00 0.000000000000000000e+00
5.736833352968378313e+04 0.000000000000000000e+00 0.000000000000000000e+00
5.736833353022939991e+04 0.000000000000000000e+00 0.000000000000000000e+00
5.736833353077501670e+04 0.000000000000000000e+00 0.000000000000000000e+00
5.736833353132063348e+04 0.000000000000000000e+00 0.000000000000000000e+00
5.736833353186625027e+04 0.000000000000000000e+00 0.000000000000000000e+00
5.736833353241186705e+04 0.000000000000000000e+00 0.000000000000000000e+00
5.736833353295748384e+04 0.000000000000000000e+00 0.000000000000000000e+00
5.736833353350310063e+04 0.000000000000000000e+00 0.000000000000000000e+00
5.736833353404871741e+04 0.000000000000000000e+00 0.000000000000000000e+00
5.736833353459433420e+04 0.000000000000000000e+00 0.000000000000000000e+00
5.736833353513995098e+04 0.000000000000000000e+00 0.000000000000000000e+00
5.736833353568556777e+04 0.000000000000000000e+00 0.000000000000000000e+00
5.736833353623118455e+04 0.000000000000000000e+00 0.000000000000000000e+00
5.736833353677680134e+04 0.000000000000000000e+00 0.000000000000000000e+00
5.736833353732241812e+04 0.000000000000000000e+00 0.000000000000000000e+00
5.736833353786803491e+04 0.000000000000000000e+00 0.000000000000000000e+00
5.736833353841365170e+04 0.000000000000000000e+00 0.000000000000000000e+00
5.736833353895926848e+04 0.000000000000000000e+00 0.000000000000000000e+00
5.736833353950488527e+04 0.000000000000000000e+00 0.000000000000000000e+00
5.736833354005050205e+04 0.000000000000000000e+00 0.000000000000000000e+00
5.736833354059611884e+04 0.000000000000000000e+00 0.000000000000000000e+00
5.736833354114173562e+04 0.000000000000000000e+00 0.000000000000000000e+00
5.736833354168735241e+04 0.000000000000000000e+00 0.000000000000000000e+00
5.736833354223296919e+04 0.000000000000000000e+00 0.000000000000000000e+00
5.736833354277858598e+04 0.000000000000000000e+00 0.000000000000000000e+00
5.736833354332420276e+04 0.000000000000000000e+00 0.000000000000000000e+00
5.736833354386981955e+04 0.000000000000000000e+00 0.000000000000000000e+00
5.736833354441543634e+04 0.000000000000000000e+00 0.000000000000000000e+00
5.736833354496105312e+04 0.000000000000000000e+00 0.000000000000000000e+00
5.736833354550666991e+04 0.000000000000000000e+00 0.000000000000000000e+00
5.736833354605228669e+04 0.000000000000000000e+00 0.000000000000000000e+00
5.736833354659790348e+04 0.000000000000000000e+00 0.000000000000000000e+00
5.736833354714352026e+04 0.000000000000000000e+00 0.000000000000000000e+00
5.736833354768913705e+04 0.000000000000000000e+00 0.000000000000000000e+00
5.736833354823475383e+04 0.000000000000000000e+00 0.000000000000000000e+00
5.736833354878036334e+04 0.000000000000000000e+00 0.000000000000000000e+00
5.736833354932598013e+04 0.000000000000000000e+00 0.000000000000000000e+00
5.736833354987159692e+04 0.000000000000000000e+00 0.000000000000000000e+00
5.736833355041721370e+04 0.000000000000000000e+00 0.000000000000000000e+00
5.736833355096283049e+04 0.000000000000000000e+00 0.000000000000000000e+00
5.736833355150844727e+04 0.000000000000000000e+00 0.000000000000000000e+00
5.736833355205406406e+04 0.000000000000000000e+00 0.000000000000000000e+00
5.736833355259968084e+04 0.000000000000000000e+00 0.000000000000000000e+00
5.736833355314529763e+04 0.000000000000000000e+00 0.000000000000000000e+00
5.736833355369091441e+04 0.000000000000000000e+00 0.000000000000000000e+00
5.736833355423653120e+04 0.000000000000000000e+00 0.000000000000000000e+00
5.736833355478214798e+04 0.000000000000000000e+00 0.000000000000000000e+00
5.736833355532776477e+04 0.000000000000000000e+00 0.000000000000000000e+00
5.736833355587338156e+04 0.000000000000000000e+00 0.000000000000000000e+00
5.736833355641899834e+04 0.000000000000000000e+00 0.000000000000000000e+00
5.736833355696461513e+04 0.000000000000000000e+00 0.000000000000000000e+00
5.736833355751023191e+04 0.000000000000000000e+00 0.000000000000000000e+00
5.736833355805584870e+04 0.000000000000000000e+00 0.000000000000000000e+00
5.736833355860146548e+04 0.000000000000000000e+00 0.000000000000000000e+00
5.736833355914708227e+04 0.000000000000000000e+00 0.000000000000000000e+00
5.736833355969269905e+04 0.000000000000000000e+00 0.000000000000000000e+00
5.736833356023831584e+04 0.000000000000000000e+00 0.000000000000000000e+00
5.736833356078393263e+04 0.000000000000000000e+00 0.000000000000000000e+00
5.736833356132954941e+04 0.000000000000000000e+00 0.000000000000000000e+00
5.736833356187516620e+04 0.000000000000000000e+00 0.000000000000000000e+00
5.736833356242078298e+04 0.000000000000000000e+00 0.000000000000000000e+00
5.736833356296639977e+04 0.000000000000000000e+00 0.000000000000000000e+00
5.736833356351201655e+04 0.000000000000000000e+00 0.000000000000000000e+00
5.736833356405763334e+04 0.000000000000000000e+00 0.000000000000000000e+00
5.736833356460325012e+04 0.000000000000000000e+00 0.000000000000000000e+00
5.736833356514886691e+04 0.000000000000000000e+00 0.000000000000000000e+00
5.736833356569448370e+04 0.000000000000000000e+00 0.000000000000000000e+00
5.736833356624010048e+04 0.000000000000000000e+00 0.000000000000000000e+00
5.736833356678571727e+04 0.000000000000000000e+00 0.000000000000000000e+00
5.736833356733133405e+04 0.000000000000000000e+00 0.000000000000000000e+00
5.736833356787695084e+04 0.000000000000000000e+00 0.000000000000000000e+00
5.736833356842256762e+04 0.000000000000000000e+00 0.000000000000000000e+00
5.736833356896818441e+04 0.000000000000000000e+00 0.000000000000000000e+00
5.736833356951380119e+04 0.000000000000000000e+00 0.000000000000000000e+00
5.736833357005941798e+04 0.000000000000000000e+00 0.000000000000000000e+00
5.736833357060503477e+04 0.000000000000000000e+00 0.000000000000000000e+00
5.736833357115065155e+04 0.000000000000000000e+00 0.000000000000000000e+00
5.736833357169626834e+04 0.000000000000000000e+00 0.000000000000000000e+00
5.736833357224188512e+04 0.000000000000000000e+00 0.000000000000000000e+00
5.736833357278750191e+04 0.000000000000000000e+00 0.000000000000000000e+00
5.736833357333311869e+04 0.000000000000000000e+00 0.000000000000000000e+00
5.736833357387873548e+04 0.000000000000000000e+00 0.000000000000000000e+00
5.736833357442435226e+04 0.000000000000000000e+00 0.000000000000000000e+00
5.736833357496996905e+04 0.000000000000000000e+00 0.000000000000000000e+00
5.736833357551558584e+04 0.000000000000000000e+00 0.000000000000000000e+00
5.736833357606120262e+04 0.000000000000000000e+00 0.000000000000000000e+00
5.736833357660681941e+04 0.000000000000000000e+00 0.000000000000000000e+00
5.736833357715243619e+04 0.000000000000000000e+00 0.000000000000000000e+00
5.736833357769805298e+04 0.000000000000000000e+00 0.000000000000000000e+00
5.736833357824366976e+04 0.000000000000000000e+00 0.000000000000000000e+00
5.736833357878928655e+04 0.000000000000000000e+00 0.000000000000000000e+00
5.736833357933490333e+04 0.000000000000000000e+00 0.000000000000000000e+00
5.736833357988052012e+04 0.000000000000000000e+00 0.000000000000000000e+00
5.736833358042613690e+04 0.000000000000000000e+00 0.000000000000000000e+00
5.736833358097175369e+04 0.000000000000000000e+00 0.000000000000000000e+00
5.736833358151737048e+04 0.000000000000000000e+00 0.000000000000000000e+00
5.736833358206298726e+04 0.000000000000000000e+00 0.000000000000000000e+00
5.736833358260860405e+04 0.000000000000000000e+00 0.000000000000000000e+00
5.736833358315422083e+04 0.000000000000000000e+00 0.000000000000000000e+00
5.736833358369983762e+04 0.000000000000000000e+00 0.000000000000000000e+00
5.736833358424545440e+04 0.000000000000000000e+00 0.000000000000000000e+00
5.736833358479107119e+04 0.000000000000000000e+00 0.000000000000000000e+00
5.736833358533668797e+04 0.000000000000000000e+00 0.000000000000000000e+00
5.736833358588230476e+04 0.000000000000000000e+00 0.000000000000000000e+00
5.736833358642792155e+04 0.000000000000000000e+00 0.000000000000000000e+00
5.736833358697353833e+04 0.000000000000000000e+00 0.000000000000000000e+00
5.736833358751915512e+04 0.000000000000000000e+00 0.000000000000000000e+00
5.736833358806477190e+04 0.000000000000000000e+00 0.000000000000000000e+00
5.736833358861038869e+04 0.000000000000000000e+00 0.000000000000000000e+00
5.736833358915600547e+04 0.000000000000000000e+00 0.000000000000000000e+00
5.736833358970162226e+04 0.000000000000000000e+00 0.000000000000000000e+00
5.736833359024723904e+04 0.000000000000000000e+00 0.000000000000000000e+00
5.736833359079285583e+04 0.000000000000000000e+00 0.000000000000000000e+00
5.736833359133847262e+04 0.000000000000000000e+00 0.000000000000000000e+00
5.736833359188408940e+04 0.000000000000000000e+00 0.000000000000000000e+00
5.736833359242970619e+04 0.000000000000000000e+00 0.000000000000000000e+00
5.736833359297532297e+04 0.000000000000000000e+00 0.000000000000000000e+00
5.736833359352093976e+04 0.000000000000000000e+00 0.000000000000000000e+00
5.736833359406655654e+04 0.000000000000000000e+00 0.000000000000000000e+00
5.736833359461217333e+04 0.000000000000000000e+00 0.000000000000000000e+00
5.736833359515779011e+04 0.000000000000000000e+00 0.000000000000000000e+00
5.736833359570340690e+04 0.000000000000000000e+00 0.000000000000000000e+00
5.736833359624902369e+04 0.000000000000000000e+00 0.000000000000000000e+00
5.736833359679464047e+04 0.000000000000000000e+00 0.000000000000000000e+00
5.736833359734025726e+04 0.000000000000000000e+00 0.000000000000000000e+00
5.736833359788587404e+04 0.000000000000000000e+00 0.000000000000000000e+00
5.736833359843149083e+04 0.000000000000000000e+00 0.000000000000000000e+00
5.736833359897710761e+04 0.000000000000000000e+00 0.000000000000000000e+00
5.736833359952272440e+04 0.000000000000000000e+00 0.000000000000000000e+00
5.736833360006834118e+04 0.000000000000000000e+00 0.000000000000000000e+00
5.736833360061395797e+04 0.000000000000000000e+00 nan
5.736833360115957476e+04 0.000000000000000000e+00 nan
5.736833360170519154e+04 0.000000000000000000e+00 0.000000000000000000e+00
5.736833360225080833e+04 0.000000000000000000e+00 nan
5.736833360279642511e+04 0.000000000000000000e+00 nan
5.736833360334204190e+04 0.000000000000000000e+00 0.000000000000000000e+00
5.736833360388765868e+04 0.000000000000000000e+00 0.000000000000000000e+00
5.736833360443327547e+04 0.000000000000000000e+00 nan
5.736833360497889225e+04 0.000000000000000000e+00 0.000000000000000000e+00
5.736833360552450904e+04 0.000000000000000000e+00 nan
5.736833360607012582e+04 0.000000000000000000e+00 0.000000000000000000e+00
5.736833360661574261e+04 0.000000000000000000e+00 nan
