5.736258693920000223e+04 1.476892284204495081e+04 1.113654225295079527e+02
5.736258694499523699e+04 1.492023142110737535e+04 1.118183505184601074e+02
5.736258695079047175e+04 1.489058773214765642e+04 1.116301349770902931e+02
5.736258695658570650e+04 1.501571632923880679e+04 1.120096637461491298e+02
5.736258696238094126e+04 1.548007856227784214e+04 1.133179478626860259e+02
5.736258696817617601e+04 1.610981755849119145e+04 1.149358290773499505e+02
5.736258697397141077e+04 1.715206199000900233e+04 1.177310494142142687e+02
5.736258697976665280e+04 1.916522065274165288e+04 1.230624916276298251e+02
5.736258698556188756e+04 2.384573669275554494e+04 1.344154683457539647e+02
5.736258699135712232e+04 3.130193570924802043e+04 1.507417647043801026e+02
5.736258699715235707e+04 3.814883177889730723e+04 1.643135504227160482e+02
5.736258700294759183e+04 4.240234449962247891e+04 1.722420594407633132e+02
5.736258700874282658e+04 4.273774697516617744e+04 1.728434821362554885e+02
5.736258701453806134e+04 4.083287767627213179e+04 1.693346648257891900e+02
5.736258702033329610e+04 3.919762678272141784e+04 1.663224221909065932e+02
5.736258702612853085e+04 3.884958767274419370e+04 1.656602154060424823e+02
5.736258703192376561e+04 4.039780934396953671e+04 1.686030346669565461e+02
5.736258703771900036e+04 4.266609067797697207e+04 1.727172167798941018e+02
5.736258704351424240e+04 4.456508543572492636e+04 1.761239224006395148e+02
5.736258704930947715e+04 4.606038264917500055e+04 1.787461755269208936e+02
5.736258705510471191e+04 4.718953075437423104e+04 1.807292383038309254e+02
5.736258706089994666e+04 4.670128928930511029e+04 1.799268940537455705e+02
5.736258706669518142e+04 4.599302659255233448e+04 1.786869961874062085e+02
5.736258707249041618e+04 4.485483979053342046e+04 1.766475767627290452e+02
5.736258707828565093e+04 4.310647627837206528e+04 1.734984187124272808e+02
5.736258708408088569e+04 4.174453213421795954e+04 1.710990995207070853e+02
5.736258708987612044e+04 4.339120454619127850e+04 1.740430005923755346e+02
5.736258709567135520e+04 4.684055355166076333e+04 1.801093965931671619e+02
5.736258710146658996e+04 4.788776671058603097e+04 1.819101756198241162e+02
5.736258710726182471e+04 4.773099631662815955e+04 1.816422428309381303e+02
5.736258711305705947e+04 4.683395655679205811e+04 1.801519506674819695e+02
5.736258711885230150e+04 4.734067731033051678e+04 1.810446881658180871e+02
5.736258712464753626e+04 4.915723610012466816e+04 1.840969852736233747e+02
5.736258713044277101e+04 5.011562246360905556e+04 1.857125333435179755e+02
5.736258713623800577e+04 4.947739969950557133e+04 1.846149075217120696e+02
5.736258714203324053e+04 4.822935560321941011e+04 1.825253844928357410e+02
5.736258714782847528e+04 4.592429880852286442e+04 1.785627552645661922e+02
5.736258715362371004e+04 4.190132397839555051e+04 1.713673032375151593e+02
5.736258715941894479e+04 3.981211920765791001e+04 1.675201907156131824e+02
5.736258716521417955e+04 4.027987122011127940e+04 1.683815213719044266e+02
5.736258717100941431e+04 4.099680798916250933e+04 1.697005651267679696e+02
5.736258717680464906e+04 4.387334623940988240e+04 1.749342263690513448e+02
5.736258718259989109e+04 4.846526353432635369e+04 1.829767182715368392e+02
5.736258718839512585e+04 5.166151798372509802e+04 1.883431481021019067e+02
5.736258719419036061e+04 5.146502130419914465e+04 1.879579179060139609e+02
5.736258719998559536e+04 4.892880742011097027e+04 1.836939806405081299e+02
5.736258720578083012e+04 4.570969437126789126e+04 1.782234251765607098e+02
5.736258721157606487e+04 4.403890438283273397e+04 1.751860745041156520e+02
5.736258721737129963e+04 4.171905140611716342e+04 1.710352856827171593e+02
5.736258722316653439e+04 3.912040998500027490e+04 1.662353639378471541e+02
5.736258722896176914e+04 3.832709238145925337e+04 1.646729130915976782e+02
5.736258723475700390e+04 4.048711799041643826e+04 1.687437969576580770e+02
5.736258724055223865e+04 4.435674360604224057e+04 1.758189970749377835e+02
5.736258724634747341e+04 4.811130486819513317e+04 1.822863571440591954e+02
5.736258725214270817e+04 5.205663174730497849e+04 1.889570613730914488e+02
5.736258725793795020e+04 5.607435023406274559e+04 1.955019678015349882e+02
5.736258726373318495e+04 5.848043651461894478e+04 1.993140511489874029e+02
5.736258726952841971e+04 5.562154266761254985e+04 1.948234211139504168e+02
5.736258727532365447e+04 4.885456576803528151e+04 1.835511383433180299e+02
5.736258728111888922e+04 4.209673819684872433e+04 1.717131703506750569e+02
5.736258728691412398e+04 3.902713136564761226e+04 1.660084850730646622e+02
5.736258729270935874e+04 3.880738765043811145e+04 1.655894518675544873e+02
5.736258729850459349e+04 3.918235980710627337e+04 1.663145234656026048e+02
5.736258730429982825e+04 3.891580364216971793e+04 1.657820954331238568e+02
5.736258731009506300e+04 3.961563958112598630e+04 1.671732384729823195e+02
5.736258731589029776e+04 4.143286357830285851e+04 1.705121650854931374e+02
5.736258732168553979e+04 4.332739905873011594e+04 1.739000538115935228e+02
5.736258732748077455e+04 4.322976940495547024e+04 1.737053021876285186e+02
5.736258733327600930e+04 4.338843649884240585e+04 1.740249773244219398e+02
5.736258733907124406e+04 4.552252677033329383e+04 1.778495053487766029e+02
5.736258734486647882e+04 4.809604210682528355e+04 1.822187505922122739e+02
5.736258735066171357e+04 4.909831800581570860e+04 1.839949985461691142e+02
5.736258735645694833e+04 4.968548598712446255e+04 1.849759762577789672e+02
5.736258736225218308e+04 4.940554887721514388e+04 1.845577778579828134e+02
5.736258736804741784e+04 4.953461321963187220e+04 1.847402049300608269e+02
5.736258737384265260e+04 5.070221560788708302e+04 1.866836780605674164e+02
5.736258737963788735e+04 5.259330811621217435e+04 1.898370556258091426e+02
5.736258738543312211e+04 5.470549934958658559e+04 1.932467610298246825e+02
5.736258739122835686e+04 5.854847041928008548e+04 1.994118792126224662e+02
5.736258739702359890e+04 5.998792106797506131e+04 2.016869288055326876e+02
5.736258740281883365e+04 5.746662228264469013e+04 1.977169048923988157e+02
5.736258740861406841e+04 5.229708027366430179e+04 1.893768272313691057e+02
5.736258741440930316e+04 4.583495303684256214e+04 1.783734246243840857e+02
5.736258742020453792e+04 4.013834747635653184e+04 1.680837146600604228e+02
5.736258742599977268e+04 3.841123061012037942e+04 1.648430159843650813e+02
5.736258743179500743e+04 3.943341561173224181e+04 1.667385184081511227e+02
5.736258743759024219e+04 3.999066580271789280e+04 1.677640103168057806e+02
5.736258744338547694e+04 3.994972993385224254e+04 1.677461046320017601e+02
5.736258744918071170e+04 4.281545754899675376e+04 1.730096163511261693e+02
5.736258745497594646e+04 4.649654137881656789e+04 1.794719173540965187e+02
5.736258746077118849e+04 4.927053067904966156e+04 1.842836913069450588e+02
5.736258746656642325e+04 5.146357111018047726e+04 1.879190782889188256e+02
5.736258747236165800e+04 5.093832963793104864e+04 1.871028869499083953e+02
5.736258747815689276e+04 4.733741950208089111e+04 1.809700695558303778e+02
5.736258748395212751e+04 4.256971445348774432e+04 1.725584287064713749e+02
5.736258748974736227e+04 3.919771439755229221e+04 1.663579222229678010e+02
5.736258749554259703e+04 3.773008979685998202e+04 1.635410215162521013e+02
5.736258750133783178e+04 4.006205968515376298e+04 1.680236089949425491e+02
5.736258750713306654e+04 4.334703175606679724e+04 1.739835113910056634e+02
5.736258751292830129e+04 4.603185757587562694e+04 1.787354961167764316e+02
5.736258751872353605e+04 4.773198950328451610e+04 1.816493510377611642e+02
5.736258752451877081e+04 4.816891028556440142e+04 1.824580454331592989e+02
5.736258753031400556e+04 4.912778929405165400e+04 1.841040676215122005e+02
5.736258753610924759e+04 5.140010587314731674e+04 1.878786897926962070e+02
5.736258754190448235e+04 5.400117755680178379e+04 1.921026181191299997e+02
5.736258754769971711e+04 5.268644551708483777e+04 1.899869147050301876e+02
5.736258755349495186e+04 4.518690341415582952e+04 1.772469515207757240e+02
5.736258755929018662e+04 3.776929778418843489e+04 1.636191853741215425e+02
5.736258756508542137e+04 3.516136476797056093e+04 1.585910179590465532e+02
5.736258757088065613e+04 3.600203685110311926e+04 1.602698640595015434e+02
5.736258757667589089e+04 3.620709783014583081e+04 1.605897541881704171e+02
5.736258758247112564e+04 3.639893623899314116e+04 1.609571769763135194e+02
5.736258758826636040e+04 3.433158042490686057e+04 1.569215646650490612e+02
5.736258759406159515e+04 3.012831015711508371e+04 1.482938499032491677e+02
5.736258759985683719e+04 2.513276887976235230e+04 1.373597234698595742e+02
5.736258760565207194e+04 2.112586979707335558e+04 1.279042869784939427e+02
5.736258761144730670e+04 1.820251650200614313e+04 1.205557967556635361e+02
5.736258761724254146e+04 1.647228044380864958e+04 1.160002057971863394e+02
5.736258762303777621e+04 1.567984032164175005e+04 1.137444504778876677e+02
5.736258762883301097e+04 1.526013609136611922e+04 1.126392908338931562e+02
5.736258763462824572e+04 1.497332391567657032e+04 1.117765018602103879e+02
