5.737343407350000052e+04 7.837467203990399867e+03 7.980540943640563967e+01
5.737343408403223293e+04 1.096435993273192980e+04 9.137737482749278684e+01
5.737343409456446534e+04 1.680626907050597219e+04 1.095519465236132817e+02
5.737343410509669775e+04 2.581229287320266303e+04 1.328450054239032454e+02
5.737343411562893016e+04 3.766868466453027941e+04 1.583343104950459690e+02
5.737343412616116257e+04 5.226642038530700665e+04 1.849338705836358088e+02
5.737343413669339498e+04 6.783590405770186044e+04 2.096685789574345051e+02
5.737343414722562738e+04 8.260070576097769663e+04 2.306778262167221669e+02
5.737343415775785979e+04 9.137420873196238244e+04 2.422474540969617465e+02
5.737343416829009220e+04 9.334928384363189980e+04 2.447924464969011638e+02
5.737343417882232461e+04 9.381160606834769715e+04 2.453885612313466993e+02
5.737343418935454974e+04 9.465582507548111607e+04 2.465099887609730445e+02
5.737343419988678215e+04 9.793190571829886176e+04 2.506401759335155361e+02
5.737343421041901456e+04 1.026549443735133827e+05 2.564794696637662810e+02
5.737343422095124697e+04 1.038632304337895621e+05 2.579793310155243944e+02
5.737343423148347938e+04 1.014311804625939112e+05 2.550070706120491195e+02
5.737343424201571179e+04 9.740587347819299612e+04 2.500232459664954376e+02
5.737343425254794420e+04 9.650506839843568741e+04 2.488823120937443036e+02
5.737343426308017661e+04 9.895864462425920647e+04 2.519854784873836877e+02
5.737343427361240902e+04 1.003845399910984124e+05 2.537405021348611740e+02
5.737343428414464142e+04 1.001592553212432977e+05 2.534915672372135305e+02
5.737343429467687383e+04 1.021754993070235068e+05 2.559694298707136966e+02
5.737343430520910624e+04 1.070215557218303584e+05 2.618083106725253515e+02
5.737343431574133865e+04 1.110671792673203599e+05 2.666165285667811418e+02
5.737343432627357106e+04 1.105405382344133977e+05 2.660186339447303681e+02
5.737343433680580347e+04 1.082837057141294354e+05 2.633233437062698954e+02
5.737343434733803588e+04 1.076942189981580304e+05 2.626443777936070774e+02
5.737343435787026829e+04 1.077163437499628199e+05 2.626886378934933646e+02
5.737343436840250070e+04 1.059298110382347368e+05 2.605728412380069585e+02
5.737343437893473310e+04 1.038544561406107241e+05 2.580495978934669097e+02
5.737343438946696551e+04 1.045521005334868241e+05 2.589061883328690783e+02
5.737343439999919792e+04 1.068912868512037821e+05 2.617140391034962477e+02
5.737343441053143033e+04 1.072732319536046998e+05 2.621901922203730919e+02
5.737343442106366274e+04 1.057846484983745759e+05 2.604030269368186055e+02
5.737343443159588787e+04 1.039383391829840111e+05 2.581777325361652515e+02
5.737343444212812028e+04 1.015511291609426407e+05 2.552940271254457514e+02
5.737343445266035269e+04 9.887894741851436265e+04 2.520196069351863457e+02
5.737343446319258510e+04 9.667461028691806132e+04 2.492935782338477964e+02
5.737343447372481751e+04 9.649665788458242605e+04 2.491008423013977620e+02
5.737343448425704992e+04 9.696208466034167213e+04 2.497127564613291497e+02
5.737343449478928233e+04 9.532356201457639690e+04 2.476316402372983703e+02
5.737343450532151473e+04 9.218977979642600985e+04 2.436568927085490088e+02
5.737343451585374714e+04 8.859073828693061660e+04 2.389686973648682056e+02
5.737343452638597955e+04 8.677720412106289587e+04 2.366240425737689463e+02
5.737343453691821196e+04 8.908013396423215454e+04 2.396345813804963143e+02
5.737343454745044437e+04 9.414243626775435405e+04 2.461280692127081977e+02
5.737343455798267678e+04 1.019534932587455842e+05 2.559131514418841675e+02
5.737343456851490919e+04 1.096083148832790612e+05 2.651159874630832292e+02
5.737343457904714160e+04 1.146916246756285109e+05 2.710397789660259491e+02
5.737343458957937401e+04 1.168875164351227722e+05 2.735451955987240922e+02
5.737343460011160641e+04 1.149366094047990482e+05 2.712911151981321041e+02
5.737343461064383882e+04 1.113867707856952184e+05 2.671841401091875241e+02
5.737343462117607123e+04 1.085448984062115778e+05 2.638407175944464029e+02
5.737343463170830364e+04 1.066602137920920213e+05 2.616319668165911594e+02
5.737343464224053605e+04 1.054799359840805555e+05 2.601388896880228003e+02
5.737343465277276118e+04 1.043647721098148904e+05 2.587951687065581723e+02
5.737343466330499359e+04 1.036945665284582501e+05 2.579847581886341459e+02
5.737343467383722600e+04 1.018380319762824511e+05 2.557291057858704733e+02
5.737343468436945841e+04 9.790213992733361374e+04 2.508180611211959388e+02
5.737343469490169082e+04 9.271153142614051467e+04 2.442669917049977073e+02
5.737343470543392323e+04 8.614976198563244543e+04 2.356771378774870698e+02
5.737343471596615564e+04 7.892563448638509726e+04 2.258625591556964309e+02
5.737343472649838805e+04 7.206156382739667606e+04 2.161569557359259193e+02
5.737343473703062045e+04 6.448551836930869467e+04 2.048379556397798922e+02
5.737343474756285286e+04 5.632053708003489010e+04 1.919420292848070346e+02
5.737343475809508527e+04 4.807136260300983849e+04 1.779337892433361503e+02
5.737343476862731768e+04 3.927021512579663249e+04 1.616965021609933331e+02
