5.737343407350000052e+04 2.893521169634735998e+03 5.664570254147724881e+01
5.737343408419426851e+04 3.282028728555725138e+03 5.866748580556664905e+01
5.737343409488853649e+04 3.841247750626430388e+03 6.162224306331118839e+01
5.737343410558279720e+04 4.626822404273710163e+03 6.540130324006463525e+01
5.737343411627706519e+04 5.487699800695728300e+03 6.933241324039065034e+01
5.737343412697133317e+04 6.384141080363179753e+03 7.329085142075842896e+01
5.737343413766560116e+04 7.171894516650753758e+03 7.651559013213415028e+01
5.737343414835986187e+04 7.554451185475608327e+03 7.817247013537782152e+01
5.737343415905412985e+04 7.866823464843648253e+03 7.939851131297206166e+01
5.737343416974839784e+04 7.980280971763694652e+03 7.989612642596618741e+01
5.737343418044266582e+04 8.096484602146989346e+03 8.025510653673326544e+01
5.737343419113693380e+04 8.159985846696870794e+03 8.049129222464544853e+01
5.737343420183119451e+04 8.373399432752072244e+03 8.129066332193443145e+01
5.737343421252546250e+04 8.519470739039883483e+03 8.193326934178529086e+01
5.737343422321973048e+04 8.534925954331100002e+03 8.194263046972842801e+01
5.737343423391399847e+04 8.249662954974764943e+03 8.089767193692254921e+01
5.737343424460826645e+04 8.190314329146071941e+03 8.060415658497342406e+01
5.737343425530252716e+04 8.265992697772866450e+03 8.098500546015191048e+01
5.737343426599679515e+04 8.298675904003812320e+03 8.107538796517673063e+01
5.737343427669106313e+04 8.333077144162974946e+03 8.112092433404370695e+01
5.737343428738533112e+04 8.274836666251923816e+03 8.096297332223653598e+01
5.737343429807959183e+04 8.499954175264678270e+03 8.185453242775315630e+01
5.737343430877385981e+04 8.864193685702226503e+03 8.318431025241747534e+01
5.737343431946812780e+04 8.885956941987369646e+03 8.324980166928631320e+01
5.737343433016239578e+04 8.727178755655831992e+03 8.273502149772521364e+01
5.737343434085666377e+04 8.800645534715957183e+03 8.289952737338212785e+01
5.737343435155092448e+04 8.840033902220282471e+03 8.309634879162017285e+01
5.737343436224519246e+04 8.725940007630628315e+03 8.285623084394725879e+01
5.737343437293946045e+04 8.583456831905768922e+03 8.210777479741057050e+01
5.737343438363372843e+04 8.533986479075614625e+03 8.179523181284920952e+01
5.737343439432799642e+04 8.474535630965803648e+03 8.160986599992425283e+01
5.737343440502225712e+04 8.467928290072239179e+03 8.165355123653061753e+01
5.737343441571652511e+04 8.520625832731680930e+03 8.191384903011010010e+01
5.737343442641079309e+04 8.319596196350326863e+03 8.119927205260462699e+01
5.737343443710506108e+04 8.200744270954437525e+03 8.069194895977706494e+01
5.737343444779932179e+04 8.193722927738965154e+03 8.069807512414520545e+01
5.737343445849358977e+04 8.042869557616634665e+03 8.021099181576741444e+01
5.737343446918785776e+04 8.014169846249162219e+03 8.008416973110959702e+01
5.737343447988212574e+04 8.048778245122632143e+03 8.007549102169771515e+01
5.737343449057639373e+04 7.947931125417770090e+03 7.976819780580895269e+01
5.737343450127065444e+04 7.988365105605767894e+03 7.987545479619663524e+01
5.737343451196492242e+04 7.853197783752817486e+03 7.935659234620523250e+01
5.737343452265919041e+04 7.498083244147387632e+03 7.806061429310611288e+01
5.737343453335345839e+04 7.436668753653724707e+03 7.770302444108793338e+01
5.737343454404772638e+04 7.756889387841640200e+03 7.893593737809864308e+01
5.737343455474198709e+04 8.115979239090715055e+03 8.039920836159859618e+01
5.737343456543625507e+04 8.455839632756238643e+03 8.170501106069355046e+01
5.737343457613052306e+04 8.783931771525963995e+03 8.297226694600389862e+01
5.737343458682479104e+04 9.131467368584115320e+03 8.436358189456737477e+01
5.737343459751905175e+04 9.193295960212521095e+03 8.444114705532783205e+01
5.737343460821331973e+04 9.143547989545069868e+03 8.418771093741302991e+01
5.737343461890758772e+04 8.874094099931497112e+03 8.325856071707467265e+01
5.737343462960185570e+04 8.677558490062079727e+03 8.254589724234008941e+01
5.737343464029612369e+04 8.563196954127739446e+03 8.215996611843836206e+01
5.737343465099038440e+04 8.483259346305660074e+03 8.184120235379535302e+01
5.737343466168465238e+04 8.471761273422082013e+03 8.178300277916406458e+01
5.737343467237892037e+04 8.350619238595259958e+03 8.145454267792231917e+01
5.737343468307318835e+04 8.245206882476546525e+03 8.090434853283731798e+01
5.737343469376745634e+04 7.996426434093995340e+03 7.994378843763529119e+01
5.737343470446171705e+04 7.739470491968874740e+03 7.897400812341311394e+01
5.737343471515598503e+04 7.419433119205947150e+03 7.773328790930382581e+01
5.737343472585025302e+04 7.101715086483352025e+03 7.639723255880626596e+01
5.737343473654452100e+04 6.731148987742672034e+03 7.481901054020121933e+01
5.737343474723878171e+04 6.291375067063465394e+03 7.299754956685085006e+01
5.737343475793304970e+04 5.783727620282959833e+03 7.089710355554886689e+01
5.737343476862731768e+04 5.289528809844415264e+03 6.872509119265754407e+01
