5.736835032840000349e+04 5.150620192457124358e+05 5.953573199975780881e+02
5.736835032935213530e+04 5.146152878855317249e+05 5.951384933106176049e+02
5.736835033030427439e+04 5.116804129022242851e+05 5.937034972556864432e+02
5.736835033125640621e+04 5.127043241888481425e+05 5.942516214367478824e+02
5.736835033220853802e+04 5.114158960280236206e+05 5.935635149272546869e+02
5.736835033316067711e+04 5.127163479952033376e+05 5.943854939801467481e+02
5.736835033411280892e+04 5.120553144109285786e+05 5.941044200027597526e+02
5.736835033506494074e+04 5.112535945955912466e+05 5.935645919932712786e+02
5.736835033601707255e+04 5.112747518922084710e+05 5.936201922294023916e+02
5.736835033696921164e+04 5.109000558681270340e+05 5.934165267188336657e+02
5.736835033792134345e+04 5.111927213258894044e+05 5.935924665751385874e+02
5.736835033887347527e+04 5.105906565119306324e+05 5.932000442750023694e+02
5.736835033982561436e+04 5.105356007908171741e+05 5.932698522813841464e+02
5.736835034077774617e+04 5.099289340519791585e+05 5.929697749331675141e+02
5.736835034172987798e+04 5.101566547672919114e+05 5.932345558532067571e+02
5.736835034268201707e+04 5.112930777705118526e+05 5.937983712309753628e+02
5.736835034363414889e+04 5.097684476194937597e+05 5.929559313641778999e+02
5.736835034458628070e+04 5.099111398556597414e+05 5.930391486686029339e+02
5.736835034553841979e+04 5.109333159502962371e+05 5.936204566901858470e+02
5.736835034649055160e+04 5.114171575740022818e+05 5.938676500220338994e+02
5.736835034744268341e+04 5.103347889875335386e+05 5.933861749326512154e+02
5.736835034839482250e+04 5.105970375445082318e+05 5.935856383597889590e+02
5.736835034934695432e+04 5.101570421902698581e+05 5.933912356683309781e+02
5.736835035029908613e+04 5.117041757485317648e+05 5.941603283692783180e+02
5.736835035125121794e+04 5.105919179086461663e+05 5.936154332907958633e+02
5.736835035220335703e+04 5.110097536794706248e+05 5.938901431007434439e+02
5.736835035315548885e+04 5.100155124557923991e+05 5.934736836021588715e+02
5.736835035410762066e+04 5.105891362947568996e+05 5.937071387009896171e+02
5.736835035505975975e+04 5.105502680468436447e+05 5.936450289643604492e+02
5.736835035601189156e+04 5.127816953545373399e+05 5.948077605400403627e+02
5.736835035696402338e+04 5.125185843447624939e+05 5.946460123231198622e+02
5.736835035791616247e+04 5.117596777070764801e+05 5.942367573765409361e+02
5.736835035886829428e+04 5.122343685186035582e+05 5.944872075028875997e+02
5.736835035982042609e+04 5.118402517826447147e+05 5.943643161611737469e+02
5.736835036077256518e+04 5.129908786153490073e+05 5.948586867067131152e+02
5.736835036172469700e+04 5.105952130376806017e+05 5.936462885978901340e+02
5.736835036267682881e+04 5.124753109374414198e+05 5.946789407938696286e+02
5.736835036362896062e+04 5.117691021392605617e+05 5.943822469275542062e+02
5.736835036458109971e+04 5.128939071513526724e+05 5.952354565243049365e+02
5.736835036553323152e+04 5.136882769984150655e+05 5.953340945324828226e+02
5.736835036648536334e+04 5.123251688428391935e+05 5.946996148699134892e+02
5.736835036743750243e+04 5.122529855716659222e+05 5.945997517959345942e+02
5.736835036838963424e+04 5.114782501576908980e+05 5.942117257273550877e+02
5.736835036934176605e+04 5.121631743153140415e+05 5.945594381881525123e+02
5.736835037029390514e+04 5.115652779247956350e+05 5.942703713650313375e+02
5.736835037124603696e+04 5.113230901387149352e+05 5.941617362262827555e+02
5.736835037219816877e+04 5.105808859335845336e+05 5.937579000948793464e+02
5.736835037315030786e+04 5.113100760289671016e+05 5.941485509001171295e+02
5.736835037410243967e+04 5.113456626791965682e+05 5.941649187300693029e+02
5.736835037505457149e+04 5.106526148851536564e+05 5.939193149779741816e+02
5.736835037600670330e+04 5.104861532997880131e+05 5.937120610677879995e+02
5.736835037695884239e+04 5.109756382383715245e+05 5.939834169281316463e+02
5.736835037791097420e+04 5.107960077658299706e+05 5.937980049064078685e+02
5.736835037886310602e+04 5.102112321551384521e+05 5.936795816677065432e+02
5.736835037981524511e+04 5.096173169367982191e+05 5.935111945665354369e+02
5.736835038076737692e+04 5.126547760601161863e+05 5.949926058313405974e+02
5.736835038171950873e+04 5.105444002062088111e+05 5.939167858981504651e+02
5.736835038267164782e+04 5.104211252705120714e+05 5.937748887134015376e+02
5.736835038362377963e+04 5.097045234864444938e+05 5.934684741626405184e+02
5.736835038457591145e+04 5.095483451461232034e+05 5.934257979887614738e+02
5.736835038552805054e+04 5.146479503228070098e+05 5.960800024191876219e+02
5.736835038648018235e+04 5.110328394221640774e+05 5.941603607049634093e+02
5.736835038743231416e+04 5.093693035663180635e+05 5.933308118221217455e+02
5.736835038838445325e+04 5.107527668415169464e+05 5.940905263070217188e+02
5.736835038933658507e+04 5.110198033543642960e+05 5.943256271952230918e+02
5.736835039028871688e+04 5.089408998690227745e+05 5.932536813015823327e+02
5.736835039124084869e+04 5.095385747481963481e+05 5.935245521762780072e+02
5.736835039219298778e+04 5.092375122838107636e+05 5.934520467370133474e+02
5.736835039314511960e+04 5.097759917122737970e+05 5.937303105613704020e+02
5.736835039409725141e+04 5.095225372625343152e+05 5.935616780557818402e+02
5.736835039504939050e+04 5.083903636273810989e+05 5.930698439253457082e+02
5.736835039600152231e+04 5.100524480809119414e+05 5.940883206687416305e+02
5.736835039695365413e+04 5.098893464166407939e+05 5.938712305533656490e+02
5.736835039790579322e+04 5.082652781653950806e+05 5.929245348108078133e+02
5.736835039885792503e+04 5.089475235165710328e+05 5.932087500206113191e+02
5.736835039981005684e+04 5.092019876454735640e+05 5.935189042436421687e+02
5.736835040076219593e+04 5.075694307932599331e+05 5.926482206961624115e+02
5.736835040171432775e+04 5.087630471449404722e+05 5.932441620893241634e+02
5.736835040266645956e+04 5.083198886609391193e+05 5.930968959462868497e+02
5.736835040361859137e+04 5.087024897673241212e+05 5.932815691432265339e+02
5.736835040457073046e+04 5.078980734858277719e+05 5.928838172847160877e+02
5.736835040552286227e+04 5.085077660826632055e+05 5.932025053553370526e+02
5.736835040647499409e+04 5.091969855968756601e+05 5.936793971053816676e+02
5.736835040742713318e+04 5.090634464364693267e+05 5.934579665649048366e+02
5.736835040837926499e+04 5.088644902005578042e+05 5.934626346613321175e+02
5.736835040933139680e+04 5.084543768542887992e+05 5.932649045199502780e+02
5.736835041028353589e+04 5.084335594923127792e+05 5.932278526536508707e+02
5.736835041123566771e+04 5.084931334872418665e+05 5.932598164120446427e+02
5.736835041218779952e+04 5.087001546334804152e+05 5.935024002903218161e+02
5.736835041313993861e+04 5.086621132754635182e+05 5.934081460533216159e+02
5.736835041409207042e+04 5.097523020766044501e+05 5.940811737940733792e+02
5.736835041504420224e+04 5.073317396849095239e+05 5.927607071463057764e+02
5.736835041599633405e+04 5.076919664183044224e+05 5.941273712807136462e+02
5.736835041694847314e+04 5.085345536896260455e+05 5.936051037804894577e+02
5.736835041790060495e+04 5.075073019862399087e+05 5.928556984633644333e+02
5.736835041885273677e+04 5.088071108808158897e+05 5.935018637132784534e+02
5.736835041980487586e+04 5.085811632697937894e+05 5.934512706142653542e+02
5.736835042075700767e+04 5.091366181183998706e+05 5.937634311848828474e+02
5.736835042170913948e+04 5.094967867644065409e+05 5.938516135347057343e+02
5.736835042266127857e+04 5.083797017016334576e+05 5.933931166985736354e+02
5.736835042361341038e+04 5.090435458210693905e+05 5.937803183219074299e+02
5.736835042456554220e+04 5.091034412502273917e+05 5.938568180538401293e+02
5.736835042551768129e+04 5.078855439051234280e+05 5.932675121885650924e+02
5.736835042646981310e+04 5.091187667037750361e+05 5.938092716285771075e+02
5.736835042742194491e+04 5.092981347882497939e+05 5.939802339417210533e+02
5.736835042837408400e+04 5.084992198322135955e+05 5.936177293231432941e+02
5.736835042932621582e+04 5.087880278612770489e+05 5.937803569361958580e+02
5.736835043027834763e+04 5.083174422072772868e+05 5.935188796132187008e+02
5.736835043123047944e+04 5.081165996358598350e+05 5.934623338778471862e+02
5.736835043218261853e+04 5.082574938786761486e+05 5.935635841990749668e+02
5.736835043313475035e+04 5.081249797323441599e+05 5.934716681999921093e+02
5.736835043408688216e+04 5.096297134323464124e+05 5.943602036921425906e+02
5.736835043503902125e+04 5.084346697159922915e+05 5.938444475360336128e+02
5.736835043599115306e+04 5.086371406513247057e+05 5.940287208151772802e+02
5.736835043694328488e+04 5.083618612003058079e+05 5.940297080769826152e+02
5.736835043789542397e+04 5.083691724022820126e+05 5.940274146354418008e+02
5.736835043884755578e+04 5.116188644312356482e+05 5.957625474979746514e+02
5.736835043979968759e+04 5.073660310850203387e+05 5.934666648900496284e+02
5.736835044075182668e+04 5.075384750238903798e+05 5.935862550550663173e+02
5.736835044170395850e+04 5.069548488434032188e+05 5.937266952036030716e+02
5.736835044265609031e+04 5.081204528787386371e+05 5.940550534990541109e+02
5.736835044360822212e+04 5.079389813082596520e+05 5.941847814011400715e+02
5.736835044456036121e+04 5.078807601002717856e+05 5.940536337348161169e+02
5.736835044551249302e+04 5.075792188742697472e+05 5.936708029987605642e+02
5.736835044646462484e+04 5.064141405209708610e+05 5.930360005167142390e+02
5.736835044741676393e+04 5.069650714099573088e+05 5.934329657717714781e+02
5.736835044836889574e+04 5.062043976219656761e+05 5.930443983721285122e+02
5.736835044932102755e+04 5.073767723242737120e+05 5.936180532194105126e+02
5.736835045027316664e+04 5.072359596964924713e+05 5.934984763718971408e+02
5.736835045122529846e+04 5.078659434336491395e+05 5.939160210708590739e+02
5.736835045217743027e+04 5.080328094268693822e+05 5.938887483189910199e+02
5.736835045312956936e+04 5.079583002789775492e+05 5.938155419951337990e+02
5.736835045408170117e+04 5.094189580999031314e+05 5.944730582019237772e+02
5.736835045503383299e+04 5.094040068841172615e+05 5.946186794024205255e+02
5.736835045598596480e+04 5.123134789020727621e+05 5.960887402655340566e+02
5.736835045693810389e+04 5.160944473089385428e+05 5.980430699633333234e+02
5.736835045789023570e+04 5.215351914909337647e+05 6.007857571182903484e+02
5.736835045884236752e+04 5.249612643418103689e+05 6.026604180930390839e+02
5.736835045979450661e+04 5.268751027676537633e+05 6.035817614965283155e+02
5.736835046074663842e+04 5.274335499458903214e+05 6.039647653018881783e+02
5.736835046169877023e+04 5.266128332201221492e+05 6.036442246330569787e+02
5.736835046265090932e+04 5.271676687705004588e+05 6.039140688263125867e+02
5.736835046360304113e+04 5.280938028674898669e+05 6.043362812000272015e+02
5.736835046455517295e+04 5.285636419334600214e+05 6.046255905187289272e+02
5.736835046550731204e+04 5.278289862177531468e+05 6.041266132484439595e+02
5.736835046645944385e+04 5.255563976166232023e+05 6.030605402241366164e+02
5.736835046741157566e+04 5.236881734785269364e+05 6.021642611382603718e+02
5.736835046836371475e+04 5.271157006364511326e+05 6.039962462795315332e+02
5.736835046931584657e+04 5.298692711770556634e+05 6.054574922983817942e+02
5.736835047026797838e+04 5.269545231815739535e+05 6.038354445489273985e+02
5.736835047122011019e+04 5.284671107865220401e+05 6.047375098266279565e+02
5.736835047217224928e+04 5.280970119977855356e+05 6.044864360793596916e+02
5.736835047312438110e+04 5.295348357944089221e+05 6.052555589617680880e+02
5.736835047407651291e+04 5.236007322221083450e+05 6.023709343906497224e+02
5.736835047502865200e+04 5.158314711953270598e+05 5.982018872309691915e+02
5.736835047598078381e+04 5.129717993639519555e+05 5.968096907830154123e+02
5.736835047693291563e+04 5.103118182674581185e+05 5.952297026453247781e+02
5.736835047788505472e+04 5.105345238854922936e+05 5.953926350232731011e+02
5.736835047883718653e+04 5.113608332728263922e+05 5.960280248799432457e+02
5.736835047978931834e+04 5.101692331575718126e+05 5.954117772306316283e+02
5.736835048074145743e+04 5.098684110917316284e+05 5.952471079075046418e+02
5.736835048169358924e+04 5.093687000866017770e+05 5.948095627552328324e+02
5.736835048264572106e+04 5.087820826904638088e+05 5.945822554998349005e+02
5.736835048359785287e+04 5.100542769695416791e+05 5.953095928035030511e+02
5.736835048454999196e+04 5.101733521557865315e+05 5.953339077676763509e+02
5.736835048550212377e+04 5.094097626131998841e+05 5.950355022245544205e+02
5.736835048645425559e+04 5.092708802153882571e+05 5.948041962794062556e+02
5.736835048740639468e+04 5.101871435543834232e+05 5.954101370089832699e+02
5.736835048835852649e+04 5.127427619394441135e+05 5.967832132274181731e+02
5.736835048931065830e+04 5.091638312905161874e+05 5.949302071875810043e+02
5.736835049026279739e+04 5.068700624152467935e+05 5.938528262313938058e+02
5.736835049121492921e+04 5.054971333686443395e+05 5.930452417717851858e+02
5.736835049216706102e+04 5.071112575689704972e+05 5.937319257071225138e+02
5.736835049311920011e+04 5.059416022777606267e+05 5.932539701347619712e+02
5.736835049407133192e+04 5.038623100735723856e+05 5.922561371153292384e+02
5.736835049502346374e+04 5.054193637916250736e+05 5.930283333817535549e+02
5.736835049597559555e+04 5.052666145620002644e+05 5.930131990903716996e+02
5.736835049692773464e+04 5.084842740041938378e+05 5.947930983457857792e+02
5.736835049787986645e+04 5.059546648261289811e+05 5.932460239166518932e+02
5.736835049883199827e+04 5.058204010073781246e+05 5.933346476051024183e+02
5.736835049978413736e+04 5.055121583678797469e+05 5.932059199881791756e+02
5.736835050073626917e+04 5.050665647761044675e+05 5.929202887511314657e+02
5.736835050168840098e+04 5.039992019517778535e+05 5.922766513324527295e+02
5.736835050264054007e+04 5.038337759459990775e+05 5.922852196320020539e+02
5.736835050359267188e+04 5.051576226647439762e+05 5.929903205423439658e+02
5.736835050454480370e+04 5.056738641254598042e+05 5.932154953409299196e+02
5.736835050549694279e+04 5.039320800619386137e+05 5.924678556529086109e+02
5.736835050644907460e+04 5.055897866705474444e+05 5.932950748713144549e+02
5.736835050740120641e+04 5.043650566735145985e+05 5.926201466235128237e+02
5.736835050835334550e+04 5.044014810508525115e+05 5.927025310180090401e+02
5.736835050930547732e+04 5.028219589972800459e+05 5.918886101788102678e+02
5.736835051025760913e+04 5.038840743325756048e+05 5.924909416719117417e+02
5.736835051120974094e+04 5.048043593443452846e+05 5.929443399617836121e+02
5.736835051216188003e+04 5.041150564782876172e+05 5.927352746086449997e+02
5.736835051311401185e+04 5.034990266502483282e+05 5.923665228539865666e+02
5.736835051406614366e+04 5.048739676908303518e+05 5.931224426709544559e+02
5.736835051501828275e+04 5.052771646028993418e+05 5.932797200648349190e+02
5.736835051597041456e+04 5.053110139639040572e+05 5.934229814759125929e+02
5.736835051692254638e+04 5.040088984298893483e+05 5.925519340433356774e+02
5.736835051787468547e+04 5.037278405365439830e+05 5.925819847864893291e+02
5.736835051882681728e+04 5.051612774304563645e+05 5.932182593093872356e+02
5.736835051977894909e+04 5.056486545053809532e+05 5.936268814701091969e+02
5.736835052073108818e+04 5.052489871461692383e+05 5.935106423452782565e+02
5.736835052168321999e+04 5.054912366326820920e+05 5.937517688205828108e+02
5.736835052263535181e+04 5.052799706413889653e+05 5.936978565262230632e+02
5.736835052358748362e+04 5.052934972458020202e+05 5.939009504327616469e+02
5.736835052453962271e+04 5.056430517743414966e+05 5.940677753774117491e+02
5.736835052549175452e+04 5.049594423679938191e+05 5.936643691861006573e+02
5.736835052644388634e+04 5.042682261757137603e+05 5.935657843494431063e+02
5.736835052739602543e+04 5.048705338936175685e+05 5.939121774333755184e+02
5.736835052834815724e+04 5.066781576906640548e+05 5.949993052299693090e+02
5.736835052930028905e+04 5.055960812607642147e+05 5.945141675771742484e+02
5.736835053025242814e+04 5.063535686700753868e+05 5.948922817961595229e+02
5.736835053120455996e+04 5.095637989180111326e+05 5.965821600006687504e+02
5.736835053215669177e+04 5.052452535719386651e+05 5.943594939265068433e+02
5.736835053310883086e+04 5.058949994009542279e+05 5.946992543334143875e+02
5.736835053406096267e+04 5.051487844475905295e+05 5.945640764422801112e+02
5.736835053501309449e+04 5.049166663640182232e+05 5.943343014270577669e+02
5.736835053596522630e+04 5.051837061068880139e+05 5.946665249130655866e+02
5.736835053691736539e+04 5.051892281364496448e+05 5.945153279851962225e+02
5.736835053786949720e+04 5.048814485564257484e+05 5.942264715945682383e+02
5.736835053882162902e+04 5.060460064521856257e+05 5.948459047946641931e+02
5.736835053977376811e+04 5.040832600963247824e+05 5.939537611836724409e+02
5.736835054072589992e+04 5.058878086563577526e+05 5.948227048181241798e+02
5.736835054167803173e+04 5.056707214890897740e+05 5.946612315833785942e+02
5.736835054263017082e+04 5.046769454011227936e+05 5.940262067736831568e+02
5.736835054358230263e+04 5.052236792873978266e+05 5.943167841704065495e+02
5.736835054453443445e+04 5.031044986336427392e+05 5.931861508752846248e+02
5.736835054548657354e+04 5.038934563008922269e+05 5.935352207437963443e+02
5.736835054643870535e+04 5.046229466944683227e+05 5.939324579144558811e+02
5.736835054739083716e+04 5.032191885365312919e+05 5.932585640948001355e+02
5.736835054834297625e+04 5.040455640097543364e+05 5.935202550396601282e+02
5.736835054929510807e+04 5.049979350618823082e+05 5.939557181395955467e+02
5.736835055024723988e+04 5.047029463305003010e+05 5.936517018692844658e+02
5.736835055119937169e+04 5.067789247320136055e+05 5.947407234679559451e+02
5.736835055215151078e+04 5.056640500712539069e+05 5.941496969997900806e+02
5.736835055310364260e+04 5.096584817282200675e+05 5.962041336387339925e+02
5.736835055405577441e+04 5.103428367132068379e+05 5.965542300628668499e+02
5.736835055500791350e+04 5.143473286053304910e+05 5.987220665659074257e+02
5.736835055596004531e+04 5.203000651730894460e+05 6.018048884146154478e+02
5.736835055691217713e+04 5.301220620612468338e+05 6.069568408442304417e+02
5.736835055786431622e+04 5.470211340126957512e+05 6.155672266395998804e+02
5.736835055881644803e+04 5.787680319258108502e+05 6.315236754175424494e+02
5.736835055976857984e+04 6.477530281502908329e+05 6.657094321050951748e+02
5.736835056072071893e+04 7.863998093019572552e+05 7.271386148423583791e+02
5.736835056167285074e+04 9.876497025501125026e+05 8.088345946044595394e+02
5.736835056262498256e+04 1.181502295797688654e+06 8.807404921929445436e+02
5.736835056357711437e+04 1.304246845926432172e+06 9.231746407806119805e+02
5.736835056452925346e+04 1.411679512499748031e+06 9.588498092943276561e+02
5.736835056548138527e+04 1.554831753142495174e+06 1.004437655814633672e+03
5.736835056643351709e+04 1.622681245848257793e+06 1.025308257045193386e+03
5.736835056738565618e+04 1.532276697977668606e+06 9.974092445267210678e+02
5.736835056833778799e+04 1.451120165666081943e+06 9.717118883334665043e+02
5.736835056928991980e+04 1.491578230556267081e+06 9.845600083693649367e+02
5.736835057024205889e+04 1.582186172936520074e+06 1.013239442916814482e+03
5.736835057119419071e+04 1.600914377351535484e+06 1.018932569973935074e+03
5.736835057214632252e+04 1.534780391331065912e+06 9.982820782417738883e+02
5.736835057309846161e+04 1.628336884998464491e+06 1.027171588901812584e+03
5.736835057405059342e+04 1.742170640717588598e+06 1.061176005877753369e+03
5.736835057500272524e+04 1.609516672609435162e+06 1.021388272004315240e+03
5.736835057595485705e+04 1.095705335985842394e+06 8.497705882920583917e+02
5.736835057690699614e+04 7.136942779495405266e+05 6.953342804941080431e+02
5.736835057785912795e+04 5.661262134227044880e+05 6.254615563185675455e+02
5.736835057881125977e+04 5.280901448367632693e+05 6.061660508966474481e+02
5.736835057976339885e+04 5.183108057919385028e+05 6.011292031431167970e+02
5.736835058071553067e+04 5.107326859699115739e+05 5.971271939854794937e+02
5.736835058166766248e+04 5.076070869844564586e+05 5.956421110775085026e+02
5.736835058261980157e+04 5.059353157432381995e+05 5.946817439226113038e+02
5.736835058357193338e+04 5.037523388946174528e+05 5.935975535770326132e+02
5.736835058452406520e+04 5.054548339431619970e+05 5.946230334464197540e+02
5.736835058547620429e+04 5.038158074093610048e+05 5.938323504091841869e+02
5.736835058642833610e+04 5.029435045352611924e+05 5.931276615412488127e+02
5.736835058738046791e+04 5.017160145939351642e+05 5.925606559512202693e+02
5.736835058833260700e+04 5.012036203115060343e+05 5.923592545421389559e+02
5.736835058928473882e+04 5.007680496629682602e+05 5.921221099669349996e+02
5.736835059023687063e+04 5.024159103760886355e+05 5.930241591892120141e+02
5.736835059118900244e+04 5.020508474467560300e+05 5.927163185874500186e+02
5.736835059214114153e+04 5.018004723959874827e+05 5.927415907036792078e+02
5.736835059309327335e+04 5.017918304872860317e+05 5.927010453678947215e+02
5.736835059404540516e+04 5.021491369131587562e+05 5.929438258166705964e+02
5.736835059499754425e+04 5.024930349790548207e+05 5.929967246291394076e+02
5.736835059594967606e+04 5.007490515240086243e+05 5.922080745310232714e+02
5.736835059690180788e+04 4.999956932424547267e+05 5.919205738470776623e+02
5.736835059785394697e+04 5.004024513157280744e+05 5.921998991097977978e+02
5.736835059880607878e+04 5.009115583932867739e+05 5.924336124505952057e+02
5.736835059975821059e+04 5.002720097458477831e+05 5.920085004904545940e+02
5.736835060071034968e+04 5.006721981918842066e+05 5.923526894606094402e+02
5.736835060166248149e+04 5.012136264021035749e+05 5.925113128319279667e+02
5.736835060261461331e+04 5.003742581262105959e+05 5.922892201834380330e+02
5.736835060356674512e+04 4.996758210251738783e+05 5.918917069916254832e+02
5.736835060451888421e+04 4.994813655094623100e+05 5.915839464315390615e+02
5.736835060547101602e+04 4.993957529708723305e+05 5.916663665199880597e+02
5.736835060642314784e+04 4.998753793299758108e+05 5.919276002170082620e+02
5.736835060737528693e+04 4.996870587759605260e+05 5.918696325033957919e+02
5.736835060832741874e+04 4.986370217859552940e+05 5.914989111228309184e+02
5.736835060927955055e+04 4.994386566653850605e+05 5.919051360724079132e+02
5.736835061023168964e+04 4.984718078114761738e+05 5.912795192899910717e+02
5.736835061118382146e+04 5.003949824042538530e+05 5.923085863410207139e+02
5.736835061213595327e+04 5.038212297814903432e+05 5.941463567322884956e+02
5.736835061308809236e+04 5.000403480973457918e+05 5.921125141112366919e+02
5.736835061404022417e+04 4.984707849517414579e+05 5.912939138048275254e+02
5.736835061499235599e+04 4.984437717391083133e+05 5.912183438509924827e+02
5.736835061594448780e+04 4.982043111802784842e+05 5.912591998625113092e+02
5.736835061689662689e+04 4.983947119429564336e+05 5.912604706709601032e+02
5.736835061784875870e+04 5.019469969907944323e+05 5.931999859951314420e+02
5.736835061880089052e+04 4.976007385052404716e+05 5.908779345393537596e+02
5.736835061975302960e+04 4.975905497573954053e+05 5.908698057431511188e+02
5.736835062070516142e+04 4.991237498585270951e+05 5.916451942622094293e+02
5.736835062165729323e+04 4.983828475040753838e+05 5.912477248556393761e+02
5.736835062260943232e+04 4.982158880166254821e+05 5.911942541456540994e+02
5.736835062356156413e+04 4.982522232653512037e+05 5.912605705434314132e+02
5.736835062451369595e+04 4.979439670527272392e+05 5.911982407555152577e+02
5.736835062546583504e+04 4.980857911145984544e+05 5.912043652516608745e+02
5.736835062641796685e+04 4.975912006483058794e+05 5.909806160625092843e+02
5.736835062737009866e+04 4.987719708674594294e+05 5.917047940306015334e+02
5.736835062832223775e+04 4.979963818029318354e+05 5.912139453300442256e+02
5.736835062927436957e+04 4.980878712871352327e+05 5.912600692654054910e+02
5.736835063022650138e+04 4.996547802723381901e+05 5.922987943648308828e+02
5.736835063117863319e+04 4.990181467357651563e+05 5.918082291730557927e+02
5.736835063213077228e+04 4.989741996098355157e+05 5.918645399255989332e+02
5.736835063308290410e+04 4.981279029403708410e+05 5.913664009610091625e+02
5.736835063403503591e+04 4.985514930498917820e+05 5.915319104762069173e+02
5.736835063498717500e+04 4.983335689372647903e+05 5.914238209471375285e+02
5.736835063593930681e+04 5.015186082615640480e+05 5.930407063085929167e+02
5.736835063689143863e+04 5.005018875368522131e+05 5.927367965779932319e+02
5.736835063784357772e+04 5.012043638823148212e+05 5.931273831565862338e+02
5.736835063879570953e+04 5.015265010393182747e+05 5.932237089924044540e+02
5.736835063974784134e+04 5.018673110110150883e+05 5.935172757933167986e+02
5.736835064069998043e+04 5.028540147246897686e+05 5.939364067527858424e+02
5.736835064165211224e+04 5.012971537288859836e+05 5.932275886501435025e+02
5.736835064260424406e+04 5.014922346965534962e+05 5.933553586778599538e+02
5.736835064355637587e+04 5.019299091900580097e+05 5.935207122373481070e+02
5.736835064450851496e+04 5.063098921444327570e+05 5.957133938743874069e+02
5.736835064546064677e+04 5.017509923445794848e+05 5.933622737711559694e+02
5.736835064641277859e+04 5.014645903613737319e+05 5.933751464068883479e+02
5.736835064736491768e+04 4.992043820807688171e+05 5.921564993838400142e+02
5.736835064831704949e+04 5.129686177053645952e+05 5.994020939766940046e+02
5.736835064926918130e+04 5.005120083523174981e+05 5.928105822565104290e+02
5.736835065022132039e+04 5.009890789917595685e+05 5.931543255054014026e+02
5.736835065117345221e+04 4.994506434740081895e+05 5.924465785333228496e+02
5.736835065212558402e+04 5.005403579075095477e+05 5.929048715465444275e+02
5.736835065307772311e+04 4.987377189035118790e+05 5.921631398804913715e+02
5.736835065402985492e+04 4.980314022043341538e+05 5.916221823042707229e+02
5.736835065498198674e+04 4.975665775893367827e+05 5.913780947819504945e+02
5.736835065593411855e+04 4.959986097187079140e+05 5.905848176893987329e+02
5.736835065688625764e+04 4.954757996507321368e+05 5.903105972453967070e+02
5.736835065783838945e+04 4.944538127504785080e+05 5.897264746453074622e+02
5.736835065879052127e+04 4.957929165096024517e+05 5.904962739970387702e+02
5.736835065974266035e+04 4.945202772124411422e+05 5.898622856504713354e+02
5.736835066069479217e+04 4.953844591856651241e+05 5.903611440153565582e+02
5.736835066164692398e+04 4.963160519561331021e+05 5.908680106244376020e+02
5.736835066259906307e+04 4.961064567755304161e+05 5.908049086139440078e+02
5.736835066355119488e+04 4.953710037441218155e+05 5.904371098559228130e+02
5.736835066450332670e+04 4.953530531684667221e+05 5.905456614721091455e+02
5.736835066545546579e+04 4.964946531555323745e+05 5.911323444317060876e+02
5.736835066640759760e+04 4.966833804168722127e+05 5.912507452648347908e+02
5.736835066735972941e+04 4.963069094432223355e+05 5.910155764101790510e+02
5.736835066831186850e+04 4.955779628134969971e+05 5.907671938271171257e+02
5.736835066926400032e+04 4.971761147637992399e+05 5.915218833983835793e+02
5.736835067021613213e+04 4.963702614685322624e+05 5.939838251745273965e+02
5.736835067116826394e+04 4.970467175089085940e+05 5.943198276517342720e+02
5.736835067212040303e+04 5.045779264621987240e+05 5.954516888164820330e+02
5.736835067307253485e+04 5.059642996820489643e+05 5.962786822679038323e+02
5.736835067402466666e+04 5.071990229142541648e+05 5.968160173982099650e+02
5.736835067497680575e+04 5.065824694807382766e+05 5.966581031775400561e+02
5.736835067592893756e+04 5.058659364180903649e+05 5.962346531671159937e+02
5.736835067688106938e+04 5.064146339655183256e+05 5.965155715946589225e+02
5.736835067783320847e+04 5.052127061721620266e+05 5.958771757217508593e+02
5.736835067878534028e+04 5.060421299833625671e+05 5.963778386414401211e+02
5.736835067973747209e+04 5.068903361304627615e+05 5.968768802559046662e+02
5.736835068068961118e+04 5.050519910774060991e+05 5.956451304588789526e+02
5.736835068164174299e+04 5.048478224441536586e+05 5.958034567223602380e+02
5.736835068259387481e+04 5.067107118674198282e+05 5.967321358488769647e+02
5.736835068354600662e+04 5.062823736566998996e+05 5.964603674814250098e+02
5.736835068449814571e+04 5.058784824143207516e+05 5.962306841980175705e+02
5.736835068545027752e+04 5.066978182218168513e+05 5.968094965370269165e+02
5.736835068640240934e+04 5.090760250896263169e+05 5.980195665369284370e+02
5.736835068735454843e+04 5.072204253467880771e+05 5.971114733212783676e+02
5.736835068830668024e+04 5.026971349296953413e+05 5.946947975159694124e+02
5.736835068925881205e+04 4.994879435168642667e+05 5.929668026206708191e+02
5.736835069021095114e+04 4.969974821099527762e+05 5.916659202767752959e+02
5.736835069116308296e+04 4.970600624722477514e+05 5.916594312168613214e+02
5.736835069211521477e+04 4.973493846361816395e+05 5.919871697801661412e+02
5.736835069306735386e+04 4.963755772584817023e+05 5.916205528945756669e+02
5.736835069401948567e+04 4.957901020181181375e+05 5.911498243599328362e+02
5.736835069497161749e+04 4.955360510827660328e+05 5.910898817020439537e+02
5.736835069592375658e+04 4.963558179812614108e+05 5.913250369804419506e+02
5.736835069687588839e+04 4.944147759702714393e+05 5.903742231698158776e+02
5.736835069782802020e+04 4.973813214693664922e+05 5.920858561875763826e+02
5.736835069878015202e+04 4.958152601684160181e+05 5.911820691058093189e+02
5.736835069973229110e+04 4.972742465336677851e+05 5.919773557930160450e+02
5.736835070068442292e+04 4.986028346618716605e+05 5.927270478777900280e+02
5.736835070163655473e+04 4.994523783978093415e+05 5.932013510293248828e+02
5.736835070258869382e+04 4.988051455309204175e+05 5.928621365938827239e+02
5.736835070354082563e+04 4.991473255381837953e+05 5.933195619556635165e+02
5.736835070449295745e+04 4.988978826061913860e+05 5.930819702976257304e+02
5.736835070544509654e+04 4.982281646554021281e+05 5.925640813962271523e+02
5.736835070639722835e+04 4.995000909351171576e+05 5.934569483158130652e+02
5.736835070734936016e+04 5.015730544168517808e+05 5.945073306524431018e+02
5.736835070830149925e+04 5.063346654465869069e+05 5.969740563923433001e+02
5.736835070925363107e+04 4.986516842606284190e+05 5.929500155206778800e+02
5.736835071020576288e+04 4.979641706007118337e+05 5.924547999768960835e+02
5.736835071115789469e+04 4.983919671753771836e+05 5.928431290253095085e+02
5.736835071211003378e+04 5.004193125985525548e+05 5.938208329182476746e+02
5.736835071306216560e+04 4.996114852164211916e+05 5.933729929322588532e+02
5.736835071401429741e+04 4.990390669014502200e+05 5.931249926454316892e+02
5.736835071496643650e+04 4.980869491579654859e+05 5.927151247989434069e+02
5.736835071591856831e+04 4.997728831441783695e+05 5.934402292083774455e+02
5.736835071687070013e+04 4.989212429919951828e+05 5.931602679940907592e+02
5.736835071782283921e+04 4.969845979104677681e+05 5.920756542963021047e+02
5.736835071877497103e+04 4.948957666904608486e+05 5.910437455813823817e+02
5.736835071972710284e+04 4.937537095165440696e+05 5.903416965950750637e+02
5.736835072067924193e+04 4.950304826226843288e+05 5.909981581887967650e+02
5.736835072163137374e+04 4.980617879412489710e+05 5.927995181156560420e+02
5.736835072258350556e+04 5.143542269710256951e+05 6.014157367534975265e+02
5.736835072353563737e+04 5.005645142815766158e+05 5.941201693331627212e+02
5.736835072448777646e+04 5.011767909836249310e+05 5.945429254337223028e+02
5.736835072543990827e+04 5.024574676153194741e+05 5.952550902725014339e+02
5.736835072639204009e+04 5.037540937241190113e+05 5.957795503913353059e+02
5.736835072734417918e+04 5.066918563209309941e+05 5.974517030942757856e+02
5.736835072829631099e+04 5.185561815482375678e+05 6.035446948609594529e+02
5.736835072924844280e+04 5.318900079446709715e+05 6.103407895381772050e+02
5.736835073020058189e+04 5.369863989737577504e+05 6.130793457291498498e+02
5.736835073115271371e+04 5.385454334375181934e+05 6.140595847824313296e+02
5.736835073210484552e+04 5.402988238343722187e+05 6.148914817672704203e+02
5.736835073305698461e+04 5.406207615773193538e+05 6.151688675711184260e+02
5.736835073400911642e+04 5.392745544085104484e+05 6.144299996826041479e+02
5.736835073496124824e+04 5.389018015801222064e+05 6.142323420004001946e+02
5.736835073591338733e+04 5.414577858181750635e+05 6.156453501561596795e+02
5.736835073686551914e+04 5.428307509449860081e+05 6.161998982988271791e+02
5.736835073781765095e+04 5.376029458301154664e+05 6.135291999761685702e+02
5.736835073876978277e+04 5.326371515858487692e+05 6.110362065618998031e+02
5.736835073972192185e+04 5.310630880366024794e+05 6.101768660188305375e+02
5.736835074067405367e+04 5.325986509337489260e+05 6.109395550824322072e+02
5.736835074162618548e+04 5.308479446786673507e+05 6.101489451882055164e+02
5.736835074257832457e+04 5.292386909161880612e+05 6.093156042142713886e+02
5.736835074353045638e+04 5.372780723592140712e+05 6.134027974217582369e+02
5.736835074448258820e+04 5.400879138470162870e+05 6.147143532674525659e+02
5.736835074543472729e+04 5.259116126929398160e+05 6.075658971437197806e+02
5.736835074638685910e+04 5.076540647507399553e+05 5.981149479772309405e+02
5.736835074733899091e+04 4.978345456296154880e+05 5.930105450628445851e+02
5.736835074829113000e+04 4.944092176436815062e+05 5.912930922161771150e+02
5.736835074924326182e+04 4.934665377182264347e+05 5.906456953634150295e+02
5.736835075019539363e+04 4.919766258065433940e+05 5.899970560480775248e+02
5.736835075114752544e+04 4.917164245596716064e+05 5.897839455789055592e+02
5.736835075209966453e+04 4.920663653726816992e+05 5.900233744222445011e+02
5.736835075305179635e+04 4.929631981323232758e+05 5.904907720919197800e+02
5.736835075400392816e+04 4.917090474250770640e+05 5.898174893768683660e+02
5.736835075495606725e+04 4.906825776291920338e+05 5.894118763317609364e+02
5.736835075590819906e+04 4.907312215223120875e+05 5.892455719285534315e+02
5.736835075686033088e+04 4.891183113108037505e+05 5.886196802604647473e+02
5.736835075781246996e+04 4.908825939924263512e+05 5.894750977232001787e+02
5.736835075876460178e+04 4.892712332259990508e+05 5.884966432439928212e+02
5.736835075971673359e+04 4.893801610721988254e+05 5.887552170634769482e+02
5.736835076066887268e+04 4.904130463275555521e+05 5.893400366071477947e+02
5.736835076162100449e+04 4.889445240540021914e+05 5.885042581857583173e+02
5.736835076257313631e+04 4.902544482612310676e+05 5.893686872871019204e+02
5.736835076352526812e+04 4.908190088596417336e+05 5.894840113402058250e+02
5.736835076447740721e+04 4.935772246704354184e+05 5.912299117882116661e+02
5.736835076542953902e+04 4.912035977528257063e+05 5.897390739142593930e+02
5.736835076638167084e+04 4.889119559316626983e+05 5.884553105802740447e+02
5.736835076733380993e+04 4.892663821173093165e+05 5.888428677640431488e+02
5.736835076828594174e+04 4.890779455520850024e+05 5.887412682955190348e+02
5.736835076923807355e+04 4.889804156405975227e+05 5.887971779808884776e+02
5.736835077019021264e+04 4.909896871128161438e+05 5.897429270503901080e+02
5.736835077114234446e+04 4.890966044964712346e+05 5.888052734236629249e+02
5.736835077209447627e+04 4.911610301652897033e+05 5.898156136900072397e+02
5.736835077304661536e+04 4.927735413169185631e+05 5.908297969218008348e+02
5.736835077399874717e+04 4.949023527718025725e+05 5.918538265821764526e+02
5.736835077495087899e+04 4.958458675503709819e+05 5.923425041439514871e+02
5.736835077590301808e+04 4.959383375897224178e+05 5.925308170884090941e+02
5.736835077685514989e+04 4.976664686700075399e+05 5.934502651180068824e+02
5.736835077780728170e+04 4.969948855349177029e+05 5.931782918937379918e+02
5.736835077875941352e+04 4.964470625349172042e+05 5.928093821508600740e+02
5.736835077971155260e+04 4.972092377853256185e+05 5.932931603054074685e+02
5.736835078066368442e+04 4.978684389700749307e+05 5.934529684800025962e+02
5.736835078161581623e+04 4.975846732912301086e+05 5.933617887700237361e+02
5.736835078256795532e+04 4.972648464363855310e+05 5.930782540449492899e+02
5.736835078352008713e+04 4.975654181339173811e+05 5.935127447758836752e+02
5.736835078447221895e+04 4.971629354940051562e+05 5.932470031787723883e+02
5.736835078542435804e+04 4.964487906782747596e+05 5.928538528281997060e+02
5.736835078637648985e+04 4.971033440710807918e+05 5.932777170102641549e+02
5.736835078732862166e+04 4.968101050282692304e+05 5.932184754551984724e+02
5.736835078828076075e+04 4.973723113137432956e+05 5.933953458367827807e+02
5.736835078923289257e+04 4.984253220851641381e+05 5.940371110265001562e+02
5.736835079018502438e+04 4.972426318653261987e+05 5.934801818770559976e+02
5.736835079113715619e+04 4.961123191407927661e+05 5.928157702632059909e+02
5.736835079208929528e+04 4.910048434069507639e+05 5.900984622555997703e+02
5.736835079304142710e+04 4.911307602926983382e+05 5.901332941734217457e+02
5.736835079399355891e+04 4.902436639788798639e+05 5.898236031420882455e+02
5.736835079494569800e+04 4.926875153142186464e+05 5.911699984240642607e+02
5.736835079589782981e+04 4.894745965377506218e+05 5.893219559252720501e+02
5.736835079684996163e+04 4.910701806521565886e+05 5.900998186392695288e+02
5.736835079780210071e+04 4.899794031587955542e+05 5.896211714056173605e+02
5.736835079875423253e+04 4.898903942098757834e+05 5.896362365138114683e+02
5.736835079970636434e+04 4.888737679309000378e+05 5.890191753116300788e+02
5.736835080065850343e+04 4.900584239916675724e+05 5.897283487804924107e+02
5.736835080161063524e+04 4.912636573963014525e+05 5.903183282334024398e+02
5.736835080256276706e+04 4.907698624534137198e+05 5.901848810225724264e+02
5.736835080351489887e+04 4.968437891158671118e+05 5.932198393396889742e+02
5.736835080446703796e+04 4.904363369776132167e+05 5.900374897856802363e+02
5.736835080541916977e+04 4.907213979342780076e+05 5.901291677760790435e+02
5.736835080637130159e+04 4.931404787643541931e+05 5.914434300311272636e+02
5.736835080732344068e+04 4.969421182122497121e+05 5.934563307391190392e+02
5.736835080827557249e+04 5.121657276108899969e+05 6.013652276701550363e+02
5.736835080922770430e+04 5.449683310684971511e+05 6.182972940106752731e+02
5.736835081017984339e+04 5.846364418735414511e+05 6.379878927838055915e+02
5.736835081113197521e+04 6.066618501245520310e+05 6.487437304705720180e+02
5.736835081208410702e+04 6.217053292577869724e+05 6.560316838945603877e+02
5.736835081303624611e+04 6.300437374252065783e+05 6.599288274349988797e+02
5.736835081398837792e+04 6.229938202005292987e+05 6.566677602251270400e+02
5.736835081494050974e+04 6.188614205673555844e+05 6.546983369379129272e+02
5.736835081589264882e+04 6.232124254847510019e+05 6.565901879721008072e+02
5.736835081684478064e+04 6.347448569654960884e+05 6.621873057716230733e+02
5.736835081779691245e+04 6.267991423989926698e+05 6.584012523159339025e+02
5.736835081874904427e+04 6.158012937592130620e+05 6.533516907868626049e+02
5.736835081970118335e+04 6.082378142787402030e+05 6.497475103769676252e+02
5.736835082065331517e+04 6.158382707598468987e+05 6.533592283065711399e+02
5.736835082160544698e+04 6.236874825465969043e+05 6.571153712668160551e+02
5.736835082255758607e+04 6.207487084906422533e+05 6.556325960962822137e+02
5.736835082350971788e+04 6.126105396983724786e+05 6.517214386821295875e+02
5.736835082446184970e+04 6.327580088513989467e+05 6.613740700375332153e+02
5.736835082541398879e+04 6.460242373442635871e+05 6.676559498307384501e+02
5.736835082636612060e+04 6.062548817484112224e+05 6.487635228444596578e+02
5.736835082731825241e+04 5.414932593274038518e+05 6.168258682725420385e+02
5.736835082827039150e+04 5.081914308845227933e+05 5.996753941815211419e+02
5.736835082922252332e+04 4.923362246010859380e+05 5.915105627782465945e+02
5.736835083017465513e+04 4.894346124713148456e+05 5.899572794324691358e+02
5.736835083112678694e+04 4.892078938826372614e+05 5.896943367651871313e+02
5.736835083207892603e+04 4.876092795280291466e+05 5.895037473146239790e+02
5.736835083303105785e+04 4.877555441556322621e+05 5.890872807281957648e+02
5.736835083398318966e+04 4.876849793092646287e+05 5.889866233068265728e+02
5.736835083493532875e+04 4.876838532123761252e+05 5.890244922148738169e+02
5.736835083588746056e+04 4.883272273311613826e+05 5.893875106504957557e+02
5.736835083683959238e+04 4.871000400268102530e+05 5.888083958151489696e+02
5.736835083779173146e+04 4.862170979856324848e+05 5.882033345427814766e+02
5.736835083874386328e+04 4.866692053805314936e+05 5.885829733821707350e+02
5.736835083969599509e+04 4.865587958555053337e+05 5.884086174265581803e+02
5.736835084064813418e+04 4.866677570653184084e+05 5.885777218209079820e+02
5.736835084160026599e+04 4.872534826422508922e+05 5.889785289350345465e+02
5.736835084255239781e+04 4.859491702632007073e+05 5.883793876412604504e+02
5.736835084350452962e+04 4.829822390548941912e+05 5.897116100323387400e+02
5.736835084445666871e+04 4.865831330164878746e+05 5.887375898881460898e+02
5.736835084540880052e+04 4.861889486488372786e+05 5.883604747409501670e+02
5.736835084636093234e+04 4.858551502511486178e+05 5.882435313085256894e+02
5.736835084731307143e+04 4.853318820980610908e+05 5.880345656498863036e+02
5.736835084826520324e+04 4.863866251205685548e+05 5.885153017679953109e+02
5.736835084921733505e+04 4.856392589029155788e+05 5.881956114787698198e+02
5.736835085016947414e+04 4.852256975845121196e+05 5.879386154672819202e+02
5.736835085112160596e+04 4.874157190324383555e+05 5.889758415076072424e+02
5.736835085207373777e+04 4.869629836048740544e+05 5.889079402776616234e+02
5.736835085302587686e+04 4.865583767944753054e+05 5.886282145564805433e+02
5.736835085397800867e+04 4.852590107514192350e+05 5.879995493850968842e+02
5.736835085493014049e+04 4.878310158818482305e+05 5.892802756104248374e+02
5.736835085588227957e+04 4.862690307473166613e+05 5.890973635263245569e+02
5.736835085683441139e+04 4.848764774515078752e+05 5.887396444468364507e+02
5.736835085778654320e+04 4.821972706127116689e+05 5.896256584629663848e+02
5.736835085873867502e+04 4.842377513355225674e+05 5.899896976457739584e+02
5.736835085969081410e+04 4.866783999594962224e+05 5.888090756683737936e+02
5.736835086064294592e+04 4.854400156414135126e+05 5.881959236336008416e+02
5.736835086159507773e+04 4.864119118358154665e+05 5.889024911618416809e+02
5.736835086254721682e+04 4.852461173207436223e+05 5.880638257084051475e+02
5.736835086349934863e+04 4.866498205763237202e+05 5.888129562855154973e+02
5.736835086445148045e+04 4.850606594299981371e+05 5.880452040291254434e+02
5.736835086540361954e+04 4.857739427471121890e+05 5.883122160534643399e+02
5.736835086635575135e+04 4.853506301494915388e+05 5.883011035526776595e+02
5.736835086730788316e+04 4.851955585372151691e+05 5.880989888262772638e+02
5.736835086826002225e+04 4.861177939648550237e+05 5.886906322004247158e+02
5.736835086921215407e+04 4.864790217622893979e+05 5.888740726474770781e+02
5.736835087016428588e+04 4.851073133522217395e+05 5.883073307624940753e+02
5.736835087111641769e+04 4.863581981969988556e+05 5.888803687571893306e+02
5.736835087206855678e+04 4.847529107071458711e+05 5.880397313651708373e+02
5.736835087302068860e+04 4.847593022987255827e+05 5.880128734242795190e+02
5.736835087397282041e+04 4.857449923122600885e+05 5.885201374036562356e+02
5.736835087492495950e+04 4.848849105106557836e+05 5.881156596254319311e+02
5.736835087587709131e+04 4.869238677424586494e+05 5.891914985188735727e+02
5.736835087682922313e+04 4.899047571203818079e+05 5.908193757953973773e+02
5.736835087778136221e+04 4.855565704766259296e+05 5.884969776330431159e+02
5.736835087873349403e+04 4.863350395799212274e+05 5.890515602657158070e+02
5.736835087968562584e+04 4.864108176141050644e+05 5.889774497467914216e+02
5.736835088063776493e+04 4.864864643835946918e+05 5.891629933806467534e+02
5.736835088158989674e+04 4.869174644879182451e+05 5.894834949113474067e+02
5.736835088254202856e+04 4.877087217613709508e+05 5.899632127702309390e+02
5.736835088349416037e+04 4.875925405892244889e+05 5.898073723281779621e+02
5.736835088444629946e+04 4.879545021863569855e+05 5.899626257535351215e+02
5.736835088539843127e+04 4.904840444927535718e+05 5.915662499589105892e+02
5.736835088635056309e+04 4.888291677069829311e+05 5.904783424315902494e+02
5.736835088730270218e+04 4.915715140132312081e+05 5.921332957668266772e+02
5.736835088825483399e+04 4.931936051863427274e+05 5.929340722814960145e+02
5.736835088920696580e+04 4.876927200990990386e+05 5.899836850520869120e+02
5.736835089015910489e+04 4.866125656158550410e+05 5.893664878394430389e+02
5.736835089111123671e+04 4.867116180178949144e+05 5.894129627557299500e+02
5.736835089206336852e+04 4.887126595092435018e+05 5.903286537477115417e+02
5.736835089301550761e+04 4.868592470435927971e+05 5.895013230197480425e+02
5.736835089396763942e+04 4.863775619385952596e+05 5.892519235585345996e+02
5.736835089491977124e+04 4.871851984787778929e+05 5.896473947644111604e+02
5.736835089587191032e+04 4.874451928227657918e+05 5.898655798202421465e+02
5.736835089682404214e+04 4.864990253774972516e+05 5.894721053070989001e+02
5.736835089777617395e+04 4.864237353461966850e+05 5.894315295514813897e+02
5.736835089872830576e+04 4.858084472649956588e+05 5.889918295923916958e+02
5.736835089968044485e+04 4.851638930200950708e+05 5.888568755900732867e+02
5.736835090063257667e+04 4.867314939298211830e+05 5.894541213415554921e+02
5.736835090158470848e+04 4.894196389640156412e+05 5.910163087795393722e+02
5.736835090253684757e+04 4.980580288087559165e+05 5.955815306892667422e+02
5.736835090348897938e+04 5.054818010705470224e+05 5.995462884373340557e+02
5.736835090444111120e+04 5.133896304581927252e+05 6.034958170077206887e+02
5.736835090539325029e+04 5.212375644805581542e+05 6.075096766790683205e+02
5.736835090634538210e+04 5.381096532745577861e+05 6.163569606602712838e+02
5.736835090729751391e+04 5.601956526885567000e+05 6.273278435693613346e+02
5.736835090824965300e+04 5.770420910033958498e+05 6.358322372807351712e+02
5.736835090920178482e+04 5.882098711612225743e+05 6.414316463150418031e+02
5.736835091015391663e+04 5.962693609430212528e+05 6.452158061345610349e+02
5.736835091110604844e+04 5.949157221779415850e+05 6.445256423958354617e+02
5.736835091205818753e+04 5.883453176642584149e+05 6.412784713272988029e+02
5.736835091301031935e+04 5.856276360005842289e+05 6.399742057577818741e+02
5.736835091396245116e+04 5.946988682547219796e+05 6.445165121230428440e+02
5.736835091491459025e+04 5.975352934253485873e+05 6.458262499398348382e+02
5.736835091586672206e+04 5.900086860429544467e+05 6.422490407265720478e+02
5.736835091681885388e+04 5.813907865256022196e+05 6.379812564118183218e+02
5.736835091777099296e+04 5.865019480704269372e+05 6.406608923032240455e+02
5.736835091872312478e+04 5.927598742480920628e+05 6.435944045035375893e+02
5.736835091967525659e+04 5.879255669652007055e+05 6.412099358559801203e+02
5.736835092062739568e+04 5.691596280329847941e+05 6.321372127596268911e+02
5.736835092157952749e+04 5.639031261174697429e+05 6.295253627586239418e+02
5.736835092253165931e+04 5.728528218568335287e+05 6.339902707519989917e+02
5.736835092348379112e+04 5.675524899739616085e+05 6.312978425618416622e+02
5.736835092443593021e+04 5.338834485047237249e+05 6.143095824317871347e+02
5.736835092538806202e+04 5.042206841350834002e+05 5.992587198844270233e+02
5.736835092634019384e+04 4.884770565803479403e+05 5.908439069333763882e+02
5.736835092729233293e+04 4.854690629951954470e+05 5.893038302584598114e+02
5.736835092824446474e+04 4.847637322006880422e+05 5.890151031943621547e+02
5.736835092919659655e+04 4.837826948592551053e+05 5.884662815795430788e+02
5.736835093014873564e+04 4.819268871533018537e+05 5.876491790835460733e+02
5.736835093110086746e+04 4.834463390859023202e+05 5.883654470847958464e+02
5.736835093205299927e+04 4.830674542328051175e+05 5.881831740407073994e+02
5.736835093300513836e+04 4.846958029556947295e+05 5.890733411805348396e+02
5.736835093395727017e+04 4.933009050167913665e+05 5.937226778424877693e+02
5.736835093490940199e+04 4.945544903213151265e+05 5.942885089090511883e+02
5.736835093586154107e+04 4.896667106350631220e+05 5.916353205716295633e+02
5.736835093681367289e+04 4.914739268888811348e+05 5.927157968824315049e+02
5.736835093776580470e+04 4.912110283132352633e+05 5.924630533365261726e+02
5.736835093871793651e+04 4.911476631220915006e+05 5.925041749302426979e+02
5.736835093967007560e+04 4.933582908070282429e+05 5.938935779490577715e+02
5.736835094062220742e+04 4.938912285271542496e+05 5.939592212268867115e+02
5.736835094157433923e+04 4.932194373069119756e+05 5.938071274995319300e+02
5.736835094252647832e+04 4.925227626349955681e+05 5.933645904560482904e+02
5.736835094347861013e+04 4.910151015527103445e+05 5.925402095087199541e+02
5.736835094443074195e+04 4.906000270795504330e+05 5.923141344098088439e+02
5.736835094538288104e+04 4.924269038472694810e+05 5.932897434323898551e+02
5.736835094633501285e+04 4.919373668974123430e+05 5.930018958614638223e+02
5.736835094728714466e+04 4.901101487382928026e+05 5.922331539148916590e+02
5.736835094823928375e+04 4.924050219816794852e+05 5.933853920161300266e+02
5.736835094919141557e+04 4.934207948469035910e+05 5.940431344747930780e+02
5.736835095014354738e+04 4.915451615668029990e+05 5.928655355440459971e+02
5.736835095109567919e+04 4.891526533857504837e+05 5.915073127559472823e+02
5.736835095204781828e+04 4.853306067724879249e+05 5.898322899955356888e+02
5.736835095299995010e+04 4.853265870573893772e+05 5.895876825622036677e+02
5.736835095395208191e+04 4.847703523653699667e+05 5.894692092268248871e+02
5.736835095490422100e+04 4.831405290950519848e+05 5.885339607733716321e+02
5.736835095585635281e+04 4.816099016578408191e+05 5.878159028478188475e+02
5.736835095680848463e+04 4.815626854911260307e+05 5.878232302160369045e+02
5.736835095776062371e+04 4.809816393720209599e+05 5.874549668556785491e+02
5.736835095871275553e+04 4.802417288065025350e+05 5.871478148225241966e+02
5.736835095966488734e+04 4.812271817963531939e+05 5.875677622890285647e+02
5.736835096061702643e+04 4.812510401120839524e+05 5.875470371446029958e+02
5.736835096156915824e+04 4.807051877576889819e+05 5.874232204403500646e+02
5.736835096252129006e+04 4.802514116774738068e+05 5.871529117955585662e+02
5.736835096347342187e+04 4.808800758385976078e+05 5.874005683144418981e+02
5.736835096442556096e+04 4.801918704255193588e+05 5.870471069536575897e+02
5.736835096537769277e+04 4.804073295013061143e+05 5.870717550092799684e+02
5.736835096632982459e+04 4.788933052396325511e+05 5.862984553838736019e+02
5.736835096728196368e+04 4.794105234713606187e+05 5.867276950099947044e+02
5.736835096823409549e+04 4.813375333037582459e+05 5.876713812321421528e+02
5.736835096918622730e+04 4.789783829844472348e+05 5.864877746713697206e+02
5.736835097013836639e+04 4.795992610531888204e+05 5.868204774383298172e+02
5.736835097109049821e+04 4.786654130712775514e+05 5.864672512989046709e+02
5.736835097204263002e+04 4.790407266147143673e+05 5.866267498377442280e+02
5.736835097299476911e+04 4.799743264010855928e+05 5.871170874673795197e+02
5.736835097394690092e+04 4.810321414376756875e+05 5.877608629099046311e+02
5.736835097489903274e+04 4.810167465320037445e+05 5.876402161807202447e+02
5.736835097585117182e+04 4.801472991044581286e+05 5.872831466259320905e+02
5.736835097680330364e+04 4.803698813377349288e+05 5.874683170884450192e+02
5.736835097775543545e+04 4.804161545618614764e+05 5.875202752505346098e+02
5.736835097870756726e+04 4.797688480650839629e+05 5.873111087721234753e+02
5.736835097965970635e+04 4.799159618699613493e+05 5.873261639011313946e+02
5.736835098061183817e+04 4.796579254127262975e+05 5.871285047475608962e+02
5.736835098156396998e+04 4.804011367464559735e+05 5.873540491047771184e+02
5.736835098251610907e+04 4.810759930590520962e+05 5.879561932792664720e+02
5.736835098346824088e+04 4.805686262072236277e+05 5.877241431324016503e+02
5.736835098442037270e+04 4.813838072850492899e+05 5.870388523999855579e+02
5.736835098537251179e+04 4.889211452840132406e+05 5.834632895239033132e+02
5.736835098632464360e+04 4.991906819289557170e+05 5.799730415027048593e+02
5.736835098727677541e+04 4.961838564829078387e+05 nan
5.736835098822891450e+04 4.770457841492010048e+05 5.630515882217702028e+02
5.736835098918104632e+04 4.601949428650634945e+05 nan
5.736835099013317813e+04 4.397609522702905815e+05 nan
5.736835099108530994e+04 4.299202291981158778e+05 5.362584668344370584e+02
5.736835099203744903e+04 4.048953423191767652e+05 nan
5.736835099298958085e+04 3.842945728981144493e+05 5.089765299710037993e+02
5.736835099394171266e+04 3.640005541085447185e+05 nan
5.736835099489385175e+04 3.464323975620926940e+05 4.851734210324262335e+02
5.736835099584598356e+04 3.278275440149542410e+05 nan
5.736835099679811537e+04 3.099918152207738021e+05 nan
5.736835099775025446e+04 2.914710058062089374e+05 4.483774956762221109e+02
5.736835099870238628e+04 2.733339098234689445e+05 4.355533189400214837e+02
5.736835099965451809e+04 2.556802941753525520e+05 4.226975086981177583e+02
5.736835100060665718e+04 2.372529305643448897e+05 4.088472595025133955e+02
5.736835100155878899e+04 2.176621023753936170e+05 3.935883814146715736e+02
5.736835100251092081e+04 2.003607258441193844e+05 3.796030211320434660e+02
5.736835100346305262e+04 1.815126998421224998e+05 3.637560135603624190e+02
5.736835100441519171e+04 1.630618629261058522e+05 3.475437588690324446e+02
5.736835100536732352e+04 1.444504085643329890e+05 3.303853891332183821e+02
5.736835100631945534e+04 1.263582811438179051e+05 3.128049323698176067e+02
5.736835100727159443e+04 1.077221453484929225e+05 2.935972425667653738e+02
5.736835100822372624e+04 8.878692334378146916e+04 2.726991512452200936e+02
5.736835100917585805e+04 6.906951164932391839e+04 2.490812011791083478e+02
5.736835101012799714e+04 5.073703593049157644e+04 2.249080866855552472e+02
5.736835101108012896e+04 3.245688566776912921e+04 1.978852029393701173e+02
5.736835101203226077e+04 1.325674654218960859e+04 1.647982602725784318e+02
5.736835101298439986e+04 4.980180073022753504e+02 1.385072606564866078e+02
5.736835101393653167e+04 -4.732997135656821008e+00 1.373682709973093381e+02
5.736835101488866349e+04 1.100529276644753307e-01 1.373792880425567944e+02
5.736835101584080257e+04 -8.260599169390302112e-04 1.373790358232017468e+02
5.736835101679293439e+04 -1.274877093245767713e-05 1.373790376732637526e+02
5.736835101774506620e+04 7.946671587241378588e-07 1.373790377040713793e+02
5.736835101869719801e+04 -2.582477148615502108e-08 1.373790377022049825e+02
5.736835101964933710e+04 6.988611391780381893e-10 1.373790377022653217e+02
5.736835102060146892e+04 -1.731804526701446118e-11 1.373790377022637017e+02
5.736835102155360073e+04 4.010154990324961221e-13 1.373790377022637301e+02
5.736835102250573982e+04 -2.618699404886777794e-15 1.373790377022637301e+02
5.736835102345787163e+04 -1.547317636528650223e-17 1.373790377022637301e+02
