5.745938235379999969e+04 4.800159600503381625e+03 6.751246206185369658e+01
5.745938235849907505e+04 4.754314395744135254e+03 6.733454231315337779e+01
5.745938236319815041e+04 4.782633025210393498e+03 6.741839212333150044e+01
5.745938236789721850e+04 4.760997431978527857e+03 6.730367270108679634e+01
5.745938237259629386e+04 4.738429150929045136e+03 6.725432986881934028e+01
5.745938237729536922e+04 4.837859909648668690e+03 6.780852950298844917e+01
5.745938238199444459e+04 4.738024555581722780e+03 6.735996838222061456e+01
5.745938238669351995e+04 4.717250462422233795e+03 6.713155644754961315e+01
5.745938239139259531e+04 4.766867371769321835e+03 6.736329118279650174e+01
5.745938239609166340e+04 4.745637269144749553e+03 6.726062074579897399e+01
5.745938240079073876e+04 4.765372094859376375e+03 6.734032104125230944e+01
5.745938240548981412e+04 4.742174950173439356e+03 6.726027319847244712e+01
5.745938241018888948e+04 4.734261961015978159e+03 6.724605601977366121e+01
5.745938241488796484e+04 4.703706608739780677e+03 6.722866544950430523e+01
5.745938241958704020e+04 4.791921098028095912e+03 6.747351161052806390e+01
5.745938242428610829e+04 4.892418519179891518e+03 6.806190559629872894e+01
5.745938242898518365e+04 4.979104038820161804e+03 6.837943453593686627e+01
5.745938243368425901e+04 4.948680488591964604e+03 6.832182179801819188e+01
5.745938243838333437e+04 5.053264812147475823e+03 6.871441345690746516e+01
5.745938244308240974e+04 5.313518288931732968e+03 6.985015796808963273e+01
5.745938244778147782e+04 5.305309796672450830e+03 6.982281073856104570e+01
5.745938245248055318e+04 5.250029927146255432e+03 6.959399205148447720e+01
5.745938245717962855e+04 5.283133395739185289e+03 6.979112535566095232e+01
5.745938246187870391e+04 5.230925819650574340e+03 6.952058683924708760e+01
5.745938246657777927e+04 5.262449361728738950e+03 6.969344270528640095e+01
5.745938247127685463e+04 5.344151665944769775e+03 7.003630251153623476e+01
5.745938247597592272e+04 5.287330214488090860e+03 6.977312388926800679e+01
5.745938248067499808e+04 5.317215391012276996e+03 6.983165631077690705e+01
5.745938248537407344e+04 5.315761843422689708e+03 6.991578914429152292e+01
5.745938249007314880e+04 5.416720482735066071e+03 7.032144912623238042e+01
5.745938249477222416e+04 5.333581161635895114e+03 6.993253683908575624e+01
5.745938249947129952e+04 5.318718374555574883e+03 6.987760217920106243e+01
5.745938250417036761e+04 5.256189345337765189e+03 6.961193915487410777e+01
5.745938250886944297e+04 5.377904563977332145e+03 7.020829716551668298e+01
5.745938251356851833e+04 5.378685943199467147e+03 7.010193052136560254e+01
5.745938251826759370e+04 5.374760319999565581e+03 7.018977183478141058e+01
5.745938252296666906e+04 5.358991709736465054e+03 7.004060472250293401e+01
5.745938252766574442e+04 5.311883495031534039e+03 6.987149050456355326e+01
5.745938253236481250e+04 5.253387100966774597e+03 6.964623260134646898e+01
5.745938253706388787e+04 5.330228088969568489e+03 6.998956596570950239e+01
5.745938254176296323e+04 5.427938806444510192e+03 7.030360288465391250e+01
5.745938254646203859e+04 5.263134718537148729e+03 6.967198777768909679e+01
5.745938255116111395e+04 5.273708073943020281e+03 6.969232037728419016e+01
5.745938255586018204e+04 5.355772662141880573e+03 7.001685987135570599e+01
5.745938256055925740e+04 5.358655337377355863e+03 7.007894629275585885e+01
5.745938256525833276e+04 5.342471460241368732e+03 6.999781605144583807e+01
5.745938256995740812e+04 5.327000154859426402e+03 7.002058300163994886e+01
5.745938257465648348e+04 5.315909692166284913e+03 6.991502517519995763e+01
5.745938257935555885e+04 5.296757274910538399e+03 6.981143102365750508e+01
5.745938258405462693e+04 5.408340368004538504e+03 7.036569133940503207e+01
5.745938258875370229e+04 5.415079267432436609e+03 7.039081408256885197e+01
5.745938259345277766e+04 5.302138363894380745e+03 6.986172166054856802e+01
5.745938259815185302e+04 5.333446974879885602e+03 6.996448612720739391e+01
5.745938260285092838e+04 5.266535869844198714e+03 6.966547456558964768e+01
5.745938260755000374e+04 5.332577201824785334e+03 7.002266448293673307e+01
5.745938261224907183e+04 5.295804602393039204e+03 6.982369208532759330e+01
5.745938261694814719e+04 5.409302039372258150e+03 7.036119445585848098e+01
5.745938262164722255e+04 5.374552298330479971e+03 7.018070937052753777e+01
5.745938262634629791e+04 5.318188836593168162e+03 6.991047608395514601e+01
5.745938263104537327e+04 5.306785290685233122e+03 6.986925387736273763e+01
5.745938263574444136e+04 5.228291481567924166e+03 6.958754538744524609e+01
5.745938264044351672e+04 5.204924377786177502e+03 6.947230686091687346e+01
5.745938264514259208e+04 5.338214876619954339e+03 7.000281810681146055e+01
5.745938264984166744e+04 5.321453382256674558e+03 6.993798258574197746e+01
5.745938265454074281e+04 5.378332080451203183e+03 7.020220995831786581e+01
5.745938265923981817e+04 5.302345838454083605e+03 6.981419753821528218e+01
5.745938266393888625e+04 5.271378613657308961e+03 6.971588240776995349e+01
5.745938266863796161e+04 5.237751598436554559e+03 6.955400525102811571e+01
5.745938267333703698e+04 5.338746710023766354e+03 6.991612603679115523e+01
5.745938267803611234e+04 5.364207706830121424e+03 7.008576639151704057e+01
5.745938268273518770e+04 5.386550937865374181e+03 7.022670067888431333e+01
5.745938268743426306e+04 5.350472972503766869e+03 7.001963891330650824e+01
5.745938269213333115e+04 5.345861544638718442e+03 6.995334521476794976e+01
5.745938269683240651e+04 5.265140600054821334e+03 6.963646718077183095e+01
5.745938270153148187e+04 5.268272058830770220e+03 6.965621479003446836e+01
5.745938270623055723e+04 5.301317759979270704e+03 6.984935390204250893e+01
5.745938271092963259e+04 5.388913293548902402e+03 7.020680279528535550e+01
5.745938271562870068e+04 5.384882091115310686e+03 7.008777620994999324e+01
5.745938272032777604e+04 5.281639601838325689e+03 6.975087757750938522e+01
5.745938272502685140e+04 5.361834406129746640e+03 7.006672395399441200e+01
5.745938272972592677e+04 5.391488162828291024e+03 7.014859760915729225e+01
5.745938273442500213e+04 5.239725443221562273e+03 6.953912294558536189e+01
5.745938273912407749e+04 5.166977204399457150e+03 6.926504588933164541e+01
5.745938274382314557e+04 5.241646211483355728e+03 6.958375728146037886e+01
5.745938274852222094e+04 5.367168698323620447e+03 7.017268642627188058e+01
5.745938275322129630e+04 5.184495959651889279e+03 6.924255664921263076e+01
5.745938275792037166e+04 5.308020617012181901e+03 6.983551256516544470e+01
5.745938276261944702e+04 5.362238166505268055e+03 7.004946078469876625e+01
5.745938276731852238e+04 5.326055702724670482e+03 6.989041420725602904e+01
5.745938277201759047e+04 5.286742777004385061e+03 6.970952738273069826e+01
5.745938277671666583e+04 5.264610796735649274e+03 6.965222574978669456e+01
5.745938278141574119e+04 5.267816977765231968e+03 6.966796851135384827e+01
5.745938278611481655e+04 5.261329874724081492e+03 6.967114091321960245e+01
5.745938279081389192e+04 5.330632870626503063e+03 6.995214184920614287e+01
5.745938279551296000e+04 5.269492466429133856e+03 6.971559244021879920e+01
5.745938280021203536e+04 5.226164136790308476e+03 6.958263917502789297e+01
5.745938280491111072e+04 5.268248807417709941e+03 6.964989159629689652e+01
5.745938280961018609e+04 5.212239609054682660e+03 6.943436660519286363e+01
5.745938281430926145e+04 5.213867761405966121e+03 6.952472321066082372e+01
5.745938281900833681e+04 5.265637649569638597e+03 6.963640684119528146e+01
5.745938282370740490e+04 5.414919137563362710e+03 7.025565040765354752e+01
5.745938282840648026e+04 5.395386751968568205e+03 7.016981112874888993e+01
5.745938283310555562e+04 5.233400694394105813e+03 6.954240371034755697e+01
5.745938283780463098e+04 5.301518715141497523e+03 6.985757099271704362e+01
5.745938284250370634e+04 5.246450090463471497e+03 6.964978101567102442e+01
5.745938284720278170e+04 5.151710364338621730e+03 6.913959950051727787e+01
5.745938285190184979e+04 5.248589125117834556e+03 6.963253901532584678e+01
5.745938285660092515e+04 5.264071674368349704e+03 6.969973469920402920e+01
5.745938286130000051e+04 5.345893876776764955e+03 7.007263350052451756e+01
5.745938286599907588e+04 5.444543398726524174e+03 7.052859192670840116e+01
5.745938287069815124e+04 5.393507844090604522e+03 7.025307807415710215e+01
5.745938287539721932e+04 5.365589411784090771e+03 7.013942143040871713e+01
5.745938288009629468e+04 5.294715049008325877e+03 6.975366903008769270e+01
5.745938288479537005e+04 5.205335218217373949e+03 6.937786480981347381e+01
5.745938288949444541e+04 5.316860294358073588e+03 6.988469617150137481e+01
5.745938289419352077e+04 5.322525817408180046e+03 6.995150302324819336e+01
5.745938289889259613e+04 5.325668976334712170e+03 6.993603025978907795e+01
5.745938290359166422e+04 5.355214389158270933e+03 7.016524617946471665e+01
5.745938290829073958e+04 5.390910329424041265e+03 7.020670798955983116e+01
5.745938291298981494e+04 5.345544054124279683e+03 7.003469988086067133e+01
5.745938291768889030e+04 5.320580041720938425e+03 6.992205326846143976e+01
5.745938292238796566e+04 5.319046130913393426e+03 6.988327920835206442e+01
5.745938292708704103e+04 5.245659008334979262e+03 6.954214965558865913e+01
5.745938293178610911e+04 5.276211163505022341e+03 6.973780613371469883e+01
5.745938293648518447e+04 5.224156757544490574e+03 6.953520366860918500e+01
5.745938294118425983e+04 5.226649288455461829e+03 6.959285157906609243e+01
5.745938294588333520e+04 5.228143396015258077e+03 6.953133683115989072e+01
5.745938295058241056e+04 5.360238474791122826e+03 7.010296319482672800e+01
5.745938295528148592e+04 5.453759384068134750e+03 7.049035982581067117e+01
5.745938295998055401e+04 5.362903058974111445e+03 7.017292116853671757e+01
5.745938296467962937e+04 5.205162037979033812e+03 6.946267418174035413e+01
5.745938296937870473e+04 5.036315796118382423e+03 6.865720576816434573e+01
5.745938297407778009e+04 4.787261103017744972e+03 6.753778295072714855e+01
5.745938297877685545e+04 4.833028950796162462e+03 6.776434769984639672e+01
5.745938298347592354e+04 4.833161778674235393e+03 6.773472967749076190e+01
5.745938298817499890e+04 4.860877670200147804e+03 6.786125290543940025e+01
5.745938299287407426e+04 4.794603556672310333e+03 6.758071824203673827e+01
5.745938299757314962e+04 4.772986632760929751e+03 6.746016473566572813e+01
5.745938300227222499e+04 4.833600086897140500e+03 6.775790782612406815e+01
5.745938300697130035e+04 4.822487023502262673e+03 6.774531095322386420e+01
5.745938301167036843e+04 4.818139488297538264e+03 6.770260160777422698e+01
5.745938301636944379e+04 4.792139076353848395e+03 6.753475088538232285e+01
5.745938302106851916e+04 4.780081475684703037e+03 6.746433738072323649e+01
5.745938302576759452e+04 4.835392565727610418e+03 6.771513145858658334e+01
5.745938303046666988e+04 4.751548778269229842e+03 6.729508041527923012e+01
5.745938303516574524e+04 4.755040755659339084e+03 6.734420807031426648e+01
5.745938303986481333e+04 4.801825042692396892e+03 6.760728686538583077e+01
5.745938304456388869e+04 4.696675802456714337e+03 6.706000560707566649e+01
5.745938304926296405e+04 4.731362717960612827e+03 6.726533519913884618e+01
