5.748055284740000207e+04 4.052052613471488712e+03 6.251760034073166850e+01
5.748055285718743107e+04 4.259150858402633276e+03 6.351110496889083379e+01
5.748055286697486008e+04 4.463800134668464125e+03 6.462352776726766024e+01
5.748055287676228909e+04 4.981998379935127559e+03 6.713064057196619672e+01
5.748055288654971810e+04 6.041559975570969982e+03 7.190474061702094843e+01
5.748055289633714710e+04 7.427587280491507045e+03 7.772171413208788238e+01
5.748055290612456884e+04 8.448592716600265703e+03 8.174188928753353878e+01
5.748055291591199784e+04 8.881186153081926022e+03 8.334678851147073431e+01
5.748055292569942685e+04 9.284620216889454241e+03 8.484953887260795113e+01
5.748055293548685586e+04 9.467820881670082599e+03 8.552507963506883470e+01
5.748055294527428487e+04 9.536898404512498018e+03 8.574527525373524384e+01
5.748055295506171387e+04 9.390918423544202597e+03 8.528082444579331423e+01
5.748055296484914288e+04 9.341640617436352841e+03 8.501418543311493181e+01
5.748055297463657189e+04 9.297658739559159585e+03 8.482907325246551977e+01
5.748055298442400090e+04 9.621585838098586464e+03 8.605079477476760985e+01
5.748055299421142990e+04 9.921182913572087273e+03 8.720966019785149115e+01
5.748055300399885164e+04 9.820098398537751564e+03 8.683102889616263553e+01
5.748055301378628064e+04 9.434032241180033452e+03 8.539249463087270442e+01
5.748055302357370965e+04 9.188745745424828783e+03 8.451785593414614084e+01
5.748055303336113866e+04 9.553800416330381267e+03 8.579988494935663823e+01
5.748055304314856767e+04 9.699205654281659008e+03 8.640772396753079931e+01
5.748055305293599667e+04 9.615352164250676651e+03 8.608544082840442968e+01
5.748055306272342568e+04 9.373564105989649761e+03 8.523745406864732388e+01
5.748055307251085469e+04 9.084737323733565063e+03 8.411018536744249730e+01
5.748055308229828370e+04 8.988364847096027006e+03 8.374874102197520642e+01
5.748055309208571271e+04 9.278857173040993075e+03 8.487843652244481518e+01
5.748055310187313444e+04 9.610524264351002785e+03 8.611629681266386172e+01
5.748055311166056345e+04 9.805706819048999023e+03 8.670354343352224191e+01
5.748055312144799245e+04 9.876408618882422161e+03 8.699458604962509867e+01
5.748055313123542146e+04 9.932155444057267232e+03 8.714164573012556048e+01
5.748055314102285047e+04 9.616141117021692480e+03 8.595328781307262034e+01
5.748055315081027948e+04 9.068678984226617104e+03 8.411007458405592274e+01
5.748055316059770848e+04 9.136235655918153498e+03 8.430388283396159466e+01
5.748055317038513749e+04 9.607786470201903285e+03 8.608313819588364879e+01
5.748055318017256650e+04 9.888941355786653730e+03 8.706320814698005961e+01
5.748055318995999551e+04 9.780074048307580597e+03 8.664389331689339713e+01
5.748055319974741724e+04 9.702422411335503057e+03 8.630747239655678982e+01
5.748055320953484625e+04 9.920181756085117740e+03 8.719185902292004187e+01
5.748055321932227525e+04 9.986520912442674671e+03 8.742743540619713372e+01
5.748055322910970426e+04 9.704326995573128443e+03 8.643839824846425302e+01
5.748055323889713327e+04 9.502208401836334815e+03 8.570274265142485604e+01
5.748055324868456228e+04 9.007225525669105991e+03 8.390577550602047552e+01
5.748055325847199128e+04 9.011768150304882511e+03 8.393127464017365469e+01
5.748055326825942029e+04 9.280194077650305189e+03 8.487248488455990980e+01
5.748055327804684930e+04 9.633337992015034615e+03 8.619418693924095010e+01
5.748055328783427831e+04 9.680743842738922467e+03 8.637249623035746993e+01
5.748055329762170004e+04 9.579885037581725555e+03 8.605308853736600838e+01
5.748055330740912905e+04 9.796267760808588719e+03 8.673827484203010840e+01
5.748055331719655806e+04 9.465206186175204493e+03 8.566719232762967806e+01
5.748055332698398706e+04 9.523934019870333941e+03 8.579453027979232616e+01
5.748055333677141607e+04 1.002150944407166207e+04 8.752093123957094178e+01
5.748055334655884508e+04 1.036760458076098257e+04 8.879724639595960411e+01
5.748055335634627409e+04 1.020594899630423060e+04 8.823054325324804381e+01
5.748055336613370309e+04 9.806754956304710504e+03 8.683094727480037989e+01
5.748055337592113210e+04 9.640169828494252215e+03 8.620444454963511305e+01
5.748055338570856111e+04 9.515383469285005049e+03 8.573506536801890832e+01
5.748055339549598284e+04 9.369427239631593693e+03 8.520189458987735520e+01
5.748055340528341185e+04 9.308982243770762580e+03 8.499677980116661047e+01
5.748055341507084086e+04 9.638354136419442511e+03 8.624628393357127720e+01
5.748055342485826986e+04 9.799000287285345621e+03 8.683225011579492048e+01
5.748055343464569887e+04 1.020668691948968990e+04 8.823798505809475046e+01
5.748055344443312788e+04 1.013791037782219973e+04 8.791130685153908075e+01
5.748055345422055689e+04 9.568533102922785474e+03 8.592263960444194026e+01
5.748055346400798589e+04 9.100127004397470955e+03 8.427450497886574965e+01
5.748055347379541490e+04 9.112089243281967356e+03 8.431402490748979517e+01
5.748055348358284391e+04 9.106549520086718985e+03 8.423335676661787375e+01
5.748055349337026564e+04 9.124893988707817698e+03 8.421279887656889684e+01
5.748055350315769465e+04 9.053906717688507342e+03 8.398568389502159448e+01
5.748055351294512366e+04 8.156209581760721449e+03 8.062623023754534302e+01
5.748055352273255266e+04 6.720955717701265712e+03 7.497658464367518150e+01
5.748055353251998167e+04 5.340292907373343951e+03 6.891954635656466621e+01
5.748055354230741068e+04 4.655938418791846743e+03 6.567774128627561936e+01
