2.457463926021600142e+06 8.603572193868396425e+03 1.423246234968215447e+02
2.457463926032132003e+06 8.660535824483351462e+03 1.421033138705803083e+02
2.457463926042664330e+06 8.526114483173078042e+03 1.416182822056749728e+02
2.457463926053196192e+06 8.451998439293918636e+03 1.416318592709352231e+02
2.457463926063728519e+06 8.644802209654848411e+03 1.421920245444771638e+02
2.457463926074260380e+06 8.422228598593566858e+03 1.422097707873850823e+02
2.457463926084792707e+06 8.552621367322053629e+03 1.422078375801589232e+02
2.457463926095324568e+06 8.425728394535730331e+03 1.420399099680038546e+02
2.457463926105856430e+06 8.453687800480764054e+03 1.422354896507211492e+02
2.457463926116388757e+06 8.309661400778564712e+03 1.421809366269080783e+02
2.457463926126920618e+06 8.485113429247983731e+03 1.423602311160853162e+02
2.457463926137452945e+06 8.654718808302237449e+03 1.427263703052967116e+02
2.457463926147984806e+06 8.322913432387347711e+03 1.418453739554249466e+02
2.457463926158517133e+06 8.818270396814012202e+03 1.425436471465046964e+02
2.457463926169048995e+06 8.639744472499274707e+03 1.421991546884321735e+02
2.457463926179580856e+06 8.543946424727322665e+03 1.420924765528916680e+02
2.457463926190113183e+06 8.594306858137195377e+03 1.424150202698483838e+02
2.457463926200645044e+06 8.938074707591840706e+03 1.430383451279349458e+02
2.457463926211177371e+06 9.079099068958117641e+03 1.430057762509458712e+02
2.457463926221709233e+06 8.841973517329213792e+03 1.422944177748673553e+02
2.457463926232241094e+06 8.850952622703784073e+03 1.423810583882777792e+02
2.457463926242773421e+06 8.961433459206366024e+03 1.423853953027078489e+02
2.457463926253305282e+06 8.905792327425366238e+03 1.424149861987494603e+02
2.457463926263837609e+06 8.742611124067161654e+03 1.422287918339339114e+02
2.457463926274369471e+06 8.747077169740259706e+03 1.422431009985574519e+02
2.457463926284901798e+06 8.613189222158434859e+03 1.425414133614338539e+02
2.457463926295433659e+06 8.589934277680105879e+03 1.422355359235354797e+02
2.457463926305965520e+06 8.712926552633485699e+03 1.423971987732408877e+02
2.457463926316497847e+06 8.641471631476029870e+03 1.425707438903744446e+02
2.457463926327029709e+06 8.714243254879444066e+03 1.426350177782763637e+02
2.457463926337562036e+06 8.742943532039316779e+03 1.425607488718483751e+02
2.457463926348093897e+06 8.893401352611930633e+03 1.426790134563220818e+02
2.457463926358626224e+06 8.647434791188286908e+03 1.420362722483375819e+02
2.457463926369158085e+06 8.823459305037307786e+03 1.420855277781462860e+02
2.457463926379689947e+06 8.869865608854761376e+03 1.422145787019789793e+02
2.457463926390222274e+06 8.858971422933402209e+03 1.420643976031651334e+02
2.457463926400754135e+06 8.889286037510761162e+03 1.416602806188678301e+02
2.457463926411286462e+06 9.237177440621464484e+03 1.419610590408244661e+02
2.457463926421818323e+06 9.571746181203350716e+03 1.421400346568822499e+02
2.457463926432350650e+06 9.812962386086390325e+03 1.418795566926810068e+02
2.457463926442882512e+06 9.896987974042043788e+03 1.415149394097860522e+02
2.457463926453414373e+06 9.884734814509178250e+03 1.407819733672638449e+02
2.457463926463946700e+06 1.015809477925875035e+04 1.411475031028656701e+02
2.457463926474478561e+06 1.015154170403988974e+04 1.408950562461271261e+02
2.457463926485010888e+06 1.013549795942163655e+04 1.409052272405576218e+02
2.457463926495542750e+06 1.037906116129089423e+04 1.411386659234296701e+02
2.457463926506075077e+06 1.038160763490240606e+04 1.410577819029868465e+02
2.457463926516606938e+06 1.013293380453501231e+04 1.405351771554518621e+02
2.457463926527138799e+06 1.033262601580444789e+04 1.407722600021140806e+02
2.457463926537671126e+06 1.030134235074626122e+04 1.409662916812087587e+02
2.457463926548202988e+06 1.021958191913030532e+04 1.407676999865398102e+02
2.457463926558735315e+06 1.034944083668196981e+04 1.407841296678972753e+02
2.457463926569267176e+06 1.043399015813360529e+04 1.410445133644487044e+02
2.457463926579799037e+06 1.025573389512772337e+04 1.409313655195512354e+02
2.457463926590331364e+06 1.028324488061500961e+04 1.404233962115920065e+02
2.457463926600863226e+06 1.031715829057835435e+04 1.405550968544614818e+02
2.457463926611395553e+06 1.027332825505883557e+04 1.407528248335934791e+02
2.457463926621927414e+06 1.037317006090341056e+04 1.408067697103346063e+02
2.457463926632459741e+06 1.052461745658724976e+04 1.409615578325513638e+02
2.457463926642991602e+06 1.041814003749281437e+04 1.410633670606463284e+02
2.457463926653523464e+06 1.031356823155855091e+04 1.406696514251356689e+02
2.457463926664055791e+06 1.024333655640067991e+04 1.407659334999932241e+02
2.457463926674587652e+06 9.941022755812280593e+03 1.400418239107985698e+02
2.457463926685119979e+06 1.013415512431830575e+04 1.404016022952087894e+02
2.457463926695651840e+06 1.036320639216775817e+04 1.408989501860100688e+02
2.457463926706184167e+06 1.017597174583810920e+04 1.407565301073495334e+02
2.457463926716716029e+06 1.043994387512556932e+04 1.409240496348193403e+02
