5.737343901870000263e+04 1.079621744061750178e+04 9.581734423317526250e+01
5.737343902939106192e+04 1.362850864297060980e+04 1.045274649671500811e+02
5.737343904008212849e+04 1.681538071587746163e+04 1.137767419197565459e+02
5.737343905077318777e+04 1.969690994763134222e+04 1.215231353438557562e+02
5.737343906146424706e+04 2.205282239201222546e+04 1.275105224447038950e+02
5.737343907215530635e+04 2.321614705404650158e+04 1.304599759363343878e+02
5.737343908284637291e+04 2.336162596815061625e+04 1.308001216646103728e+02
5.737343909353743220e+04 2.373736109524656058e+04 1.316015225475082957e+02
5.737343910422849149e+04 2.384595332764353225e+04 1.317928773953317432e+02
5.737343911491955078e+04 2.428319825598971511e+04 1.327424499226981993e+02
5.737343912561061734e+04 2.462477154768280161e+04 1.336971925137364963e+02
5.737343913630167663e+04 2.545612494468851582e+04 1.356584201350022738e+02
5.737343914699273591e+04 2.626624846023919235e+04 1.376245170652809691e+02
5.737343915768380248e+04 2.702379180280320361e+04 1.392822743027875561e+02
5.737343916837486177e+04 2.752230878705973737e+04 1.403752445898232111e+02
5.737343917906592105e+04 2.719042252856795676e+04 1.396573586849948185e+02
5.737343918975698034e+04 2.684202841651000563e+04 1.387858098491748819e+02
5.737343920044804690e+04 2.716056967241422535e+04 1.394167525667952816e+02
5.737343921113910619e+04 2.822093648557193228e+04 1.418618436842429844e+02
5.737343922183016548e+04 2.981734394327340851e+04 1.453291745397689283e+02
5.737343923252123204e+04 3.058545935180471497e+04 1.469241527169770620e+02
5.737343924321229133e+04 3.002463898180290562e+04 1.456867987362939800e+02
5.737343925390335062e+04 2.838347906173785304e+04 1.420623157332057360e+02
5.737343926459440991e+04 2.646392349596890563e+04 1.377237965658113126e+02
5.737343927528547647e+04 2.612596207913667240e+04 1.370228608472416454e+02
5.737343928597653576e+04 2.713467509613409857e+04 1.394960181026143005e+02
5.737343929666759504e+04 2.810635763538349420e+04 1.415641646464615917e+02
5.737343930735865433e+04 2.893916560874030620e+04 1.434383532458215882e+02
5.737343931804972090e+04 2.945396618284076612e+04 1.445362266873785018e+02
5.737343932874078018e+04 2.998174456663430465e+04 1.455617623512967498e+02
5.737343933943183947e+04 2.923947006993608011e+04 1.439936136936250932e+02
5.737343935012290603e+04 2.764558902987872352e+04 1.405261009456903309e+02
5.737343936081396532e+04 2.676000059027314637e+04 1.385852573606310898e+02
5.737343937150502461e+04 2.708807675762988947e+04 1.392783922731342159e+02
5.737343938219608390e+04 2.771251162391482285e+04 1.405712884926102220e+02
5.737343939288715046e+04 2.760743599266630918e+04 1.403153902125692696e+02
5.737343940357820975e+04 2.663747623599696090e+04 1.381945836192685704e+02
5.737343941426926904e+04 2.576206755463671288e+04 1.361676075141795366e+02
5.737343942496033560e+04 2.593019858467764425e+04 1.365069317328257625e+02
5.737343943565139489e+04 2.682589864069275063e+04 1.385167855507688444e+02
5.737343944634245418e+04 2.791544120789368026e+04 1.409017871350127393e+02
5.737343945703351346e+04 2.852791930545585274e+04 1.422452826401639925e+02
5.737343946772458003e+04 2.828353918836012599e+04 1.417568827476778779e+02
5.737343947841563931e+04 2.752700527814794259e+04 1.401239963064395795e+02
5.737343948910669860e+04 2.675764549409068422e+04 1.383363663779798003e+02
5.737343949979775789e+04 2.678698491701212333e+04 1.382048924129991576e+02
5.737343951048882445e+04 2.760721751086579388e+04 1.398822225299749960e+02
5.737343952117988374e+04 2.793316661435160859e+04 1.402779793117147165e+02
5.737343953187094303e+04 2.778440634280050290e+04 1.397565305628594956e+02
5.737343954256200959e+04 2.669125266064155949e+04 1.371346839635113781e+02
5.737343955325306888e+04 2.603181532678636358e+04 1.355145952354939141e+02
5.737343956394412817e+04 2.607424885002640440e+04 1.355189504521113690e+02
5.737343957463518745e+04 2.602555153793934733e+04 1.353292891822969466e+02
5.737343958532625402e+04 2.541787785744211214e+04 1.338815055267510559e+02
5.737343959601731331e+04 2.516606750864361675e+04 1.332787473606476283e+02
5.737343960670837259e+04 2.466211255017246731e+04 1.320158991911396242e+02
5.737343961739943916e+04 2.487904972594865831e+04 1.325219244242690024e+02
5.737343962809049845e+04 2.561165987346376642e+04 1.342205215500578106e+02
5.737343963878155773e+04 2.592544599573734740e+04 1.349955086223010312e+02
5.737343964947261702e+04 2.478088034914401942e+04 1.323978120543886803e+02
5.737343966016368358e+04 2.200131224288258454e+04 1.259708373020269221e+02
5.737343967085474287e+04 1.801476923279270704e+04 1.159180160752720639e+02
5.737343968154580216e+04 1.351872764680281944e+04 1.029680827054155543e+02
5.737343969223686145e+04 1.027568704741200418e+04 9.200279872327929809e+01
5.737343970292792801e+04 7.951706547204508752e+03 8.341392887797562139e+01
5.737343971361898730e+04 6.240359607706395764e+03 7.664898851423720316e+01
