2.457308731282200199e+06 2.740587565078433836e+05 4.464292178726282714e+02
2.457308731313789729e+06 2.739515761101160897e+05 4.463060246346190070e+02
2.457308731345378794e+06 2.749409202847085544e+05 4.469637700377181204e+02
2.457308731376968324e+06 2.746322903748764656e+05 4.467925616062285599e+02
2.457308731408557389e+06 2.746173516010992462e+05 4.466532177314306864e+02
2.457308731440146919e+06 2.750508707077570725e+05 4.470330063103131693e+02
2.457308731471736450e+06 2.777580341603878187e+05 4.487488119938523141e+02
2.457308731503325514e+06 2.741297714920948492e+05 4.468332387384775757e+02
2.457308731534915045e+06 2.748937647449357901e+05 4.469555853246037600e+02
2.457308731566504110e+06 2.753488910341525916e+05 4.472877235563473732e+02
2.457308731598093640e+06 2.745557391072751489e+05 4.467258699897512315e+02
2.457308731629682705e+06 2.755295704514578101e+05 4.473142629862641115e+02
2.457308731661272235e+06 2.759428928020009189e+05 4.476274711500996659e+02
2.457308731692861766e+06 2.748780181339550181e+05 4.470061358689514464e+02
2.457308731724450830e+06 2.760854866446392843e+05 4.477895466497308803e+02
2.457308731756040361e+06 2.765340332262845477e+05 4.480276533384503637e+02
2.457308731787629426e+06 2.772942971143156756e+05 4.485265144124678613e+02
2.457308731819218956e+06 2.748084065742341918e+05 4.469987518090512140e+02
2.457308731850808486e+06 2.752400560925148311e+05 4.471714510661548729e+02
2.457308731882397551e+06 2.747970231595849618e+05 4.469577669125685588e+02
2.457308731913987081e+06 2.752330817996541155e+05 4.472140340406647283e+02
2.457308731945576146e+06 2.745881633677124046e+05 4.467648728925930754e+02
2.457308731977165677e+06 2.761592466958991718e+05 4.478927679656855503e+02
