5.736257847919999767e+04 -4.737687850728089688e+04 8.452020450244758649e+02
5.736257848589092464e+04 -4.364469482880143914e+04 8.465754488664699693e+02
5.736257849258185161e+04 -3.903295404321397655e+04 8.487040120985757312e+02
5.736257849927277857e+04 -3.460289734966750257e+04 8.506378137604073117e+02
5.736257850596370554e+04 -2.913881957584375050e+04 8.517072191437436004e+02
5.736257851265463978e+04 -2.463663270715903491e+04 8.536017458408484799e+02
5.736257851934556675e+04 -1.943756504682952072e+04 8.564691596679344912e+02
5.736257852603649371e+04 -1.326228179230098613e+04 8.585006620149997616e+02
5.736257853272742068e+04 -7.248105898584355600e+03 8.612866899807634127e+02
5.736257853941834765e+04 -8.488158564036712050e+01 8.638995485478902765e+02
5.736257854610927461e+04 7.940551132118911482e+03 8.669847575413610912e+02
5.736257855280020158e+04 1.493240255128033459e+04 8.693648816184979751e+02
5.736257855949112854e+04 2.434374251671985257e+04 8.728909712625635393e+02
5.736257856618205551e+04 3.293462159511912614e+04 8.766064383870750589e+02
5.736257857287298248e+04 4.133409322475164663e+04 8.804246816743443560e+02
5.736257857956391672e+04 5.108740165660879575e+04 8.838991152952934272e+02
5.736257858625484369e+04 6.278497829278104473e+04 8.878984761688677736e+02
5.736257859294577065e+04 7.542504820820770692e+04 8.923744933143323124e+02
5.736257859963669762e+04 8.849793326929933392e+04 8.970855103713114431e+02
5.736257860632762458e+04 1.019782470782072050e+05 9.025437205442249251e+02
5.736257861301855155e+04 1.164517965485112509e+05 9.075707385453928282e+02
5.736257861970947852e+04 1.346777732134349644e+05 9.142234872326350796e+02
5.736257862640040548e+04 1.541045351741662016e+05 9.215273874674248873e+02
5.736257863309133245e+04 4.859258619545276742e+05 1.028161208013505984e+03
5.736257863978226669e+04 2.568725292814196553e+06 1.535667708621978136e+03
5.736257864647319366e+04 5.017730182231867686e+06 1.971971873953509203e+03
5.736257865316412062e+04 6.359947998601560481e+06 2.174620934880541427e+03
5.736257865985504759e+04 8.265107816701071337e+06 2.432685728593565727e+03
5.736257866654597456e+04 1.043940094107760675e+07 2.697413955028897817e+03
5.736257867323690152e+04 1.282793816737345606e+07 2.961244051313312411e+03
5.736257867992782849e+04 1.354682217369248532e+07 3.036153709829824493e+03
5.736257868661875546e+04 1.473417040212288499e+07 3.156070597979196464e+03
5.736257869330968242e+04 1.539437014380094036e+07 3.220668326127342880e+03
5.736257870000060939e+04 1.727505579701725021e+07 3.398337332439522015e+03
5.736257870669154363e+04 1.854106048014339060e+07 3.512902555406013107e+03
5.736257871338247060e+04 2.073966625891843066e+07 3.703350661523956660e+03
5.736257872007339756e+04 2.354396309622474015e+07 3.932899975293144053e+03
5.736257872676432453e+04 2.485558659181448445e+07 4.035715207394994650e+03
5.736257873345525149e+04 2.516486655910908058e+07 4.059796406088917138e+03
5.736257874014617846e+04 2.722178658160697669e+07 4.215003612873281782e+03
5.736257874683710543e+04 2.940357865780976787e+07 4.373801145500575331e+03
5.736257875352803239e+04 3.117480225453770161e+07 4.498481816092086774e+03
5.736257876021895936e+04 3.247445752770400420e+07 4.587956384958750277e+03
5.736257876690989360e+04 3.403824959588781744e+07 4.693213371853730678e+03
5.736257877360082057e+04 3.611095910845702142e+07 4.829375154630871293e+03
5.736257878029174753e+04 3.632246248849868774e+07 4.842968839247168944e+03
5.736257878698267450e+04 3.673617707119164616e+07 4.869551472454753821e+03
5.736257879367360147e+04 3.753235650758307427e+07 4.920668418715579719e+03
5.736257880036452843e+04 4.047456031123430282e+07 5.104290663117351869e+03
5.736257880705545540e+04 4.277835096223029494e+07 5.243081516532229216e+03
5.736257881374638237e+04 4.394909472094849497e+07 5.312355513093345508e+03
5.736257882043730933e+04 4.451550145235753804e+07 5.345614376964535950e+03
5.736257882712823630e+04 4.558098282404983044e+07 5.407540191550233430e+03
5.736257883381917054e+04 4.620427575067787617e+07 5.443383989955448669e+03
5.736257884051009751e+04 4.627596222610915452e+07 5.447384855601100753e+03
5.736257884720102447e+04 4.643441957120975852e+07 5.456488842451640267e+03
5.736257885389195144e+04 4.614818238669789582e+07 5.440083557899357402e+03
5.736257886058287841e+04 4.630800251006172597e+07 5.449185399790346310e+03
5.736257886727380537e+04 4.470696449444884807e+07 5.356608612377523968e+03
5.736257887396473234e+04 4.362194621196457744e+07 5.292999940198705190e+03
5.736257888065565930e+04 4.203700100562206656e+07 5.198533062801075175e+03
5.736257888734658627e+04 4.033837876930826902e+07 5.095415049264945992e+03
5.736257889403752051e+04 3.994452376995343715e+07 5.071139129313050034e+03
5.736257890072844748e+04 3.940691755597208440e+07 5.037846544416613142e+03
5.736257890741937445e+04 3.786657744294197112e+07 4.941231205042676265e+03
5.736257891411030141e+04 3.419270392206456512e+07 4.703243734933364067e+03
5.736257892080122838e+04 3.304028506886861101e+07 4.625954819874337772e+03
5.736257892749215534e+04 3.203938549959007278e+07 4.557882624656080225e+03
5.736257893418308231e+04 3.208959770164330676e+07 4.561304400628126132e+03
5.736257894087400928e+04 3.128457839501057193e+07 4.505905225851901378e+03
5.736257894756493624e+04 2.922521683641465381e+07 4.360581027302733673e+03
5.736257895425587049e+04 2.928318926209624484e+07 4.365065302784779306e+03
5.736257896094679745e+04 2.908353222257830575e+07 4.350676000882972403e+03
5.736257896763772442e+04 2.857825269427556917e+07 4.314442635741836057e+03
5.736257897432865138e+04 2.652559028185062855e+07 4.163351361229064423e+03
5.736257898101957835e+04 2.430249607302742824e+07 3.992853238890368630e+03
5.736257898771050532e+04 2.190092814956897497e+07 3.800194142881559856e+03
5.736257899440143228e+04 1.904975066064298525e+07 3.557945865463176688e+03
5.736257900109235925e+04 1.625539454306665249e+07 3.303587195142751170e+03
5.736257900778328622e+04 1.320512077286345325e+07 3.001200916257230801e+03
5.736257901447421318e+04 1.107190682585643977e+07 2.770034358461265583e+03
5.736257902116514742e+04 9.046760289941538125e+06 2.531310882912388934e+03
5.736257902785607439e+04 7.327710064685843885e+06 2.309205606860274202e+03
5.736257903454700136e+04 4.803370187108340673e+06 1.937581834098328500e+03
5.736257904123792832e+04 1.996354413106272696e+06 1.414284510378561890e+03
5.736257904792885529e+04 5.383050100202411413e+05 1.043662825713498478e+03
5.736257905461978226e+04 1.806938445548954187e+05 9.308381973932823712e+02
5.736257906131070922e+04 1.544008772716356907e+05 9.220213285848274154e+02
5.736257906800163619e+04 1.324913353024151875e+05 9.142517106744996909e+02
5.736257907469256315e+04 1.138815252453191206e+05 9.080943016684091162e+02
5.736257908138349740e+04 9.740503790950053371e+04 9.012732931092081117e+02
5.736257908807442436e+04 8.097757083239452913e+04 8.962529752977739008e+02
5.736257909476535133e+04 6.625534161570004653e+04 8.912445179752299964e+02
5.736257910145627829e+04 5.294882495541835669e+04 8.867689457756589491e+02
5.736257910814720526e+04 4.192426405966235325e+04 8.824359319844047604e+02
5.736257911483813223e+04 3.105172045972803608e+04 8.776566022552141249e+02
5.736257912152905919e+04 2.116207624805881642e+04 8.742936444585055824e+02
5.736257912821998616e+04 1.161495459973672405e+04 8.714166371113104788e+02
5.736257913491091313e+04 2.988295404867385514e+03 8.687133579335139757e+02
5.736257914160184009e+04 -4.447834821323747747e+03 8.656006705427514589e+02
5.736257914829277433e+04 -1.043694050440040883e+04 8.635126513380353117e+02
5.736257915498370130e+04 -1.945192015657108277e+04 8.617611548732093070e+02
5.736257916167462827e+04 -2.371558835392107721e+04 8.586315703050771617e+02
5.736257916836555523e+04 -3.043453051379998215e+04 8.555552096413047138e+02
5.736257917505648220e+04 -3.824913858673884533e+04 8.532254729657944381e+02
