2.457369920483100228e+06 1.009078427097398162e+04 1.108808129446293407e+02
2.457369920491584111e+06 1.002345870280691815e+04 1.106503853974368781e+02
2.457369920500067994e+06 1.012731639083272967e+04 1.110580440970028349e+02
2.457369920508551877e+06 1.009901963714231715e+04 1.110152751051248856e+02
2.457369920517035760e+06 1.028483038160183969e+04 1.115709483466823286e+02
2.457369920525520109e+06 1.058930820385530205e+04 1.122554230399806698e+02
2.457369920534003992e+06 1.078391189272174779e+04 1.127355611301273228e+02
2.457369920542487875e+06 1.084698897178152220e+04 1.129087549517305291e+02
2.457369920550971758e+06 1.065044902400550563e+04 1.126090391115828879e+02
2.457369920559455641e+06 1.093170159544427224e+04 1.132728866904594440e+02
2.457369920567939524e+06 1.079999987179321397e+04 1.127868652713003712e+02
2.457369920576423407e+06 1.083351447113887480e+04 1.128066687540058695e+02
2.457369920584907290e+06 1.091203957816718867e+04 1.130933020245367970e+02
2.457369920593391638e+06 1.089183597969463517e+04 1.129200516628308151e+02
2.457369920601875521e+06 1.087665427983485461e+04 1.129330787869958925e+02
2.457369920610359404e+06 1.079630981171452731e+04 1.128596023989985184e+02
2.457369920618843287e+06 1.096706355202598934e+04 1.132744463038226144e+02
2.457369920627327170e+06 1.085317317491950234e+04 1.129989134974644855e+02
2.457369920635811053e+06 1.086065053911767427e+04 1.129324888272424374e+02
2.457369920644294936e+06 1.080413707213011185e+04 1.126641194649031235e+02
2.457369920652778819e+06 1.090985836800869583e+04 1.130705907316786778e+02
2.457369920661263168e+06 1.078771050500492856e+04 1.127336629969314998e+02
2.457369920669747051e+06 1.094195498034703087e+04 1.132311420124887746e+02
2.457369920678230934e+06 1.103176733915729710e+04 1.134549471575981556e+02
2.457369920686714817e+06 1.080784165811951789e+04 1.128183315502948574e+02
2.457369920695198700e+06 1.063613547765958538e+04 1.124696351344219210e+02
2.457369920703682583e+06 1.060572886129644758e+04 1.123831902076281892e+02
2.457369920712166466e+06 1.072281344288795663e+04 1.125476576862484137e+02
2.457369920720650349e+06 1.106046767403663216e+04 1.134173227110046156e+02
2.457369920729134697e+06 1.079991162048519618e+04 1.128681938997470553e+02
2.457369920737618580e+06 1.080916921146327877e+04 1.127064503988993209e+02
2.457369920746102463e+06 1.072022585492835788e+04 1.125293592027914684e+02
2.457369920754586346e+06 1.107490533591805070e+04 1.135397222800999231e+02
2.457369920763070229e+06 1.100289318102146717e+04 1.133716284326478387e+02
2.457369920771554112e+06 1.097676800412860939e+04 1.134404916401151127e+02
2.457369920780037995e+06 1.075065046852277010e+04 1.127956917574812934e+02
2.457369920788521878e+06 1.101512276611837660e+04 1.134200710966909185e+02
2.457369920797006227e+06 1.104271650759825025e+04 1.134166410981177080e+02
2.457369920805490110e+06 1.080972992265400171e+04 1.130329622764978552e+02
2.457369920813973993e+06 1.083007906099069987e+04 1.129312242528778967e+02
2.457369920822457876e+06 1.065951510973854602e+04 1.125787860809657985e+02
2.457369920830941759e+06 1.077511674039912214e+04 1.127921807850080853e+02
2.457369920839425642e+06 1.084444324901975597e+04 1.129025671825780677e+02
2.457369920847909525e+06 1.101624140121912387e+04 1.134784530175407156e+02
2.457369920856393408e+06 1.073849126327505110e+04 1.127644577625027722e+02
2.457369920864877291e+06 1.076708930495691857e+04 1.127188190482106904e+02
2.457369920873361640e+06 1.065253249798761135e+04 1.124815472082438959e+02
2.457369920881845523e+06 1.075597970518936927e+04 1.130435130672534569e+02
2.457369920890329406e+06 1.087110504518069320e+04 1.129523769592799880e+02
2.457369920898813289e+06 1.079041863006981839e+04 1.127748441876862842e+02
2.457369920907297172e+06 1.086231502031831042e+04 1.129099883486133535e+02
2.457369920915781055e+06 1.080960036806717653e+04 1.127285035492165832e+02
2.457369920924264938e+06 1.089368953994855838e+04 1.129736066454936037e+02
2.457369920932748821e+06 1.080234093837631917e+04 1.128647385231483469e+02
2.457369920941233169e+06 1.088299933462294211e+04 1.129703470004522217e+02
2.457369920949717052e+06 1.081900810177679887e+04 1.128244509476754303e+02
2.457369920958200935e+06 1.088624660454855257e+04 1.129199666661299659e+02
2.457369920966684818e+06 1.082314281546982238e+04 1.129577499272893846e+02
2.457369920975168701e+06 1.076096253440493820e+04 1.126177674948993968e+02
2.457369920983652584e+06 1.076068810654793015e+04 1.126723992890952815e+02
2.457369920992136467e+06 1.079988597020081761e+04 1.129821880538041654e+02
2.457369921000620350e+06 1.101413701492389009e+04 1.133936290304904588e+02
2.457369921009104699e+06 1.091080941532841825e+04 1.130472893147154565e+02
2.457369921017588582e+06 1.077661340458814811e+04 1.128830524356502849e+02
2.457369921026072465e+06 1.079093355642394272e+04 1.129182003035411554e+02
2.457369921034556348e+06 1.090650963741828673e+04 1.129722997924887409e+02
2.457369921043040231e+06 1.082816869660751763e+04 1.127866502427453952e+02
2.457369921051524114e+06 1.080556590884007346e+04 1.128242045831584761e+02
2.457369921060007997e+06 1.066713327339527314e+04 1.124723354837490064e+02
2.457369921068491880e+06 1.071201223644586025e+04 1.127384143862946502e+02
2.457369921076976229e+06 1.082934810091656800e+04 1.128492471808611128e+02
2.457369921085460111e+06 1.059389104045489148e+04 1.127355149796406408e+02
2.457369921093943994e+06 1.059481704322686892e+04 1.125899510664172567e+02
2.457369921102427877e+06 1.098471304195767152e+04 1.130692904690461518e+02
2.457369921110911760e+06 1.070715317628268531e+04 1.127378099084193366e+02
2.457369921119395643e+06 1.056599351257397211e+04 1.122795927815075174e+02
2.457369921127879526e+06 1.096315045594563162e+04 1.133117255253695106e+02
2.457369921136363409e+06 1.070760122210281770e+04 1.126153261897533611e+02
2.457369921144847758e+06 1.083617340861287084e+04 1.130371618162195517e+02
2.457369921153331641e+06 1.068815438978432394e+04 1.126259164203583794e+02
2.457369921161815524e+06 1.065059726473249975e+04 1.125546281826608777e+02
2.457369921170299407e+06 1.083429910157869745e+04 1.128590936178162707e+02
2.457369921178783290e+06 1.077325742260526022e+04 1.126257140797910097e+02
