5.745938577490000171e+04 4.750734893060312970e+03 5.977295714937246629e+01
5.745938578005097952e+04 5.509677001192312673e+03 6.361592150885022079e+01
5.745938578520195733e+04 7.169936452210525204e+03 7.129715621760585975e+01
5.745938579035293515e+04 1.007083570975095427e+04 8.305607154983989915e+01
5.745938579550391296e+04 1.334221415007872747e+04 9.458634276142726094e+01
5.745938580065489077e+04 1.568002061922661051e+04 1.020217036089498777e+02
5.745938580580586859e+04 1.714879861615450136e+04 1.064232174232879231e+02
5.745938581095684640e+04 1.904453633493717280e+04 1.118776295008660782e+02
5.745938581610782421e+04 2.112417440801702469e+04 1.175502541857762822e+02
5.745938582125879475e+04 2.301389988299180186e+04 1.224726501558510989e+02
5.745938582640977256e+04 2.417033132304604806e+04 1.254008249873909620e+02
5.745938583156075038e+04 2.482520465488383707e+04 1.270124008645396856e+02
5.745938583671172819e+04 2.426262226562241267e+04 1.256394655433445848e+02
5.745938584186270600e+04 2.258548972277942084e+04 1.213885282767646174e+02
5.745938584701368382e+04 2.103082080291840612e+04 1.173098387379819059e+02
5.745938585216466163e+04 2.042982147717031330e+04 1.157031361320307781e+02
5.745938585731563944e+04 2.058396406227105763e+04 1.160979783476219893e+02
5.745938586246661725e+04 2.026085079460271663e+04 1.152581716884069749e+02
5.745938586761759507e+04 1.995844626418658663e+04 1.144290494610358735e+02
5.745938587276857288e+04 1.977401779261869524e+04 1.139115086645439732e+02
5.745938587791955069e+04 1.954327650271871244e+04 1.132735108773815824e+02
5.745938588307052851e+04 1.928205552234686184e+04 1.125385471962185875e+02
5.745938588822150632e+04 1.911458002828534882e+04 1.120780130473820009e+02
5.745938589337248413e+04 1.945493629938350568e+04 1.130379973440422532e+02
5.745938589852346195e+04 2.016794850885384585e+04 1.149915043101063645e+02
5.745938590367443976e+04 2.042757276666954567e+04 1.156738827279347248e+02
5.745938590882541030e+04 2.085119579712505583e+04 1.168316808864555156e+02
5.745938591397638811e+04 2.170764376585419086e+04 1.190901443411565594e+02
5.745938591912736592e+04 2.192460512908734017e+04 1.196617422310945500e+02
5.745938592427834374e+04 2.085275427460602805e+04 1.168202602871098605e+02
5.745938592942932155e+04 2.036996030310887363e+04 1.155401896124375440e+02
5.745938593458029936e+04 2.033644842483246612e+04 1.154035927311868903e+02
5.745938593973127718e+04 1.996119161198183428e+04 1.144064661386112220e+02
5.745938594488225499e+04 1.987975469413449900e+04 1.141996380088547056e+02
5.745938595003323280e+04 2.061679513798885455e+04 1.162046521289681067e+02
5.745938595518421062e+04 2.112628814364143182e+04 1.175736400107381741e+02
5.745938596033518843e+04 2.105287768924127158e+04 1.173664821234366258e+02
5.745938596548616624e+04 2.078589628207327041e+04 1.166591669209839921e+02
5.745938597063714406e+04 2.132954870630940786e+04 1.181156658434212687e+02
5.745938597578812187e+04 2.145826742876662684e+04 1.184585575765806169e+02
5.745938598093909968e+04 2.092533633380264655e+04 1.170452979273922267e+02
5.745938598609007749e+04 2.104027190427521055e+04 1.173134915873675652e+02
5.745938599124105531e+04 2.101633879751283530e+04 1.172641384556140736e+02
5.745938599639202585e+04 2.176972464322319502e+04 1.192400077416156705e+02
5.745938600154300366e+04 2.267000215120308349e+04 1.215740132832091547e+02
5.745938600669398147e+04 2.211494331387097191e+04 1.201635033227867240e+02
5.745938601184495928e+04 2.104007593439450648e+04 1.173150144709862701e+02
5.745938601699593710e+04 2.010115675532474415e+04 1.147941941223975988e+02
5.745938602214691491e+04 1.933308071431616918e+04 1.126804236445572514e+02
5.745938602729789272e+04 1.945297164595473441e+04 1.130319235918628777e+02
5.745938603244887054e+04 2.007621664295829396e+04 1.147340529150633586e+02
5.745938603759984835e+04 2.027607228256295639e+04 1.152844236688464576e+02
5.745938604275082616e+04 2.012213576786036720e+04 1.148545883464539088e+02
5.745938604790180398e+04 2.076198671354322141e+04 1.165844646664850188e+02
5.745938605305278179e+04 2.149526132247876012e+04 1.185363609215089724e+02
5.745938605820375960e+04 2.099754548844206147e+04 1.172344077390576018e+02
5.745938606335473742e+04 2.011066790862568814e+04 1.148468941072093372e+02
5.745938606850571523e+04 2.000205029315156571e+04 1.145288457975523784e+02
5.745938607365669304e+04 1.980026873099050135e+04 1.139978159035711514e+02
5.745938607880767086e+04 1.961691163416503332e+04 1.134807927232555045e+02
5.745938608395864139e+04 1.999768846072128508e+04 1.145268249687134698e+02
5.745938608910961921e+04 1.997180228319215894e+04 1.144382326479302066e+02
5.745938609426059702e+04 1.969878984426227544e+04 1.137171353296211436e+02
5.745938609941157483e+04 1.982766742650949163e+04 1.140738829770008778e+02
5.745938610456255265e+04 2.031429715183486769e+04 1.153985346239971648e+02
5.745938610971353046e+04 2.095146169687085421e+04 1.171141483350683501e+02
5.745938611486450827e+04 2.114302180932423653e+04 1.176223502524754991e+02
5.745938612001548609e+04 2.039974720037689258e+04 1.156083916737140385e+02
5.745938612516646390e+04 2.076124444621224029e+04 1.165808871737317816e+02
5.745938613031744171e+04 2.176310181338322946e+04 1.192529216361098179e+02
5.745938613546841952e+04 2.248404257073645203e+04 1.211418021067894983e+02
5.745938614061939734e+04 2.176847989750988199e+04 1.192563910734369585e+02
5.745938614577037515e+04 2.066180544939815445e+04 1.163336118015570833e+02
5.745938615092135296e+04 2.064734965962195201e+04 1.162864327750269240e+02
5.745938615607233078e+04 2.123670672401239062e+04 1.178442262297436400e+02
5.745938616122330859e+04 2.094837855655893509e+04 1.170733657116781643e+02
5.745938616637427913e+04 2.035702474858650385e+04 1.154948999336021132e+02
5.745938617152525694e+04 1.972345484125493385e+04 1.138046659422409306e+02
5.745938617667623475e+04 1.950316565363894188e+04 1.131607288558275712e+02
5.745938618182721257e+04 1.922043523118822486e+04 1.123516456159025410e+02
5.745938618697819038e+04 1.960538893745394307e+04 1.134510482377634872e+02
5.745938619212916819e+04 2.088199844710385150e+04 1.169028090474556763e+02
5.745938619728014601e+04 2.206233635708134534e+04 1.200252705477108606e+02
5.745938620243112382e+04 2.354425758013361337e+04 1.238178939574922452e+02
5.745938620758210163e+04 2.402187393191625233e+04 1.250160852972682903e+02
5.745938621273307945e+04 2.357227959265972822e+04 1.238959416068898634e+02
5.745938621788405726e+04 2.266313727175902022e+04 1.215830366544785903e+02
5.745938622303503507e+04 2.171173307778464732e+04 1.191021371849618049e+02
5.745938622818601289e+04 2.153203995378414038e+04 1.186345726140526864e+02
5.745938623333699070e+04 2.260828232993565689e+04 1.214396898473631836e+02
5.745938623848796851e+04 2.357651330396427875e+04 1.239081209249256545e+02
5.745938624363894633e+04 2.405763294029688041e+04 1.251078858204893152e+02
5.745938624878992414e+04 2.306620448103238596e+04 1.226031106276186193e+02
5.745938625394089468e+04 2.132354268614595640e+04 1.180761006740280550e+02
5.745938625909187249e+04 1.946975923394076017e+04 1.130752588318184451e+02
5.745938626424285030e+04 1.828989825065630066e+04 1.097650845377204121e+02
5.745938626939382812e+04 1.897490389761551705e+04 1.117023545533367894e+02
5.745938627454480593e+04 2.050852101407048031e+04 1.159250512736019658e+02
5.745938627969578374e+04 2.185386628640206254e+04 1.194944687653053847e+02
5.745938628484676155e+04 2.325569775682061663e+04 1.230855590930359398e+02
5.745938628999773937e+04 2.305848310528521324e+04 1.226081819309298737e+02
5.745938629514871718e+04 2.205732036507745943e+04 1.200376161433953683e+02
5.745938630029969499e+04 2.054443134156128144e+04 1.160154969961705547e+02
5.745938630545067281e+04 1.917826211618857997e+04 1.122568174994346322e+02
5.745938631060165062e+04 1.895305667089022245e+04 1.116451093003740738e+02
5.745938631575262843e+04 1.998107911567555857e+04 1.144725539358078663e+02
5.745938632090360625e+04 2.137289965421885790e+04 1.182048756566720868e+02
5.745938632605458406e+04 2.201420286961721649e+04 1.198851540594523328e+02
5.745938633120556187e+04 2.191876803109123284e+04 1.196063128662491266e+02
5.745938633635653969e+04 2.144646185664012592e+04 1.184148406906343354e+02
5.745938634150751022e+04 2.133786962202100767e+04 1.181217019268024160e+02
5.745938634665848804e+04 2.091339694771021459e+04 1.169936277046174382e+02
5.745938635180946585e+04 2.018760757888488661e+04 1.150251324220262461e+02
5.745938635696044366e+04 2.004603127126215622e+04 1.146448011857575437e+02
5.745938636211142148e+04 2.053676170855566670e+04 1.159791565002546747e+02
5.745938636726239929e+04 2.114348629701545360e+04 1.175906502327896845e+02
5.745938637241337710e+04 2.107774018480735322e+04 1.174198508179822227e+02
5.745938637756435492e+04 2.109320137462170169e+04 1.174802870203561582e+02
5.745938638271533273e+04 2.147604823562823003e+04 1.185011738886055355e+02
5.745938638786631054e+04 2.113085777802698067e+04 1.175855198550094372e+02
5.745938639301728836e+04 1.953820263448539481e+04 1.132559858162273798e+02
5.745938639816826617e+04 1.839746667545524542e+04 1.100552782888872798e+02
5.745938640331924398e+04 1.881201601889580706e+04 1.112252261095926684e+02
5.745938640847022180e+04 2.005767884196599698e+04 1.146807699937135254e+02
5.745938641362119961e+04 2.044987203804734600e+04 1.157315561122438226e+02
5.745938641877217742e+04 1.972697252088526875e+04 1.137463197808626063e+02
5.745938642392315523e+04 1.693621583529840791e+04 1.057932005457077480e+02
5.745938642907412577e+04 1.226940263550463715e+04 9.096082221921390953e+01
5.745938643422510359e+04 8.172366037839058663e+03 7.558897598752227509e+01
5.745938643937608140e+04 6.029442229233658509e+03 6.613429686092709403e+01
5.745938644452705921e+04 4.827899307504245371e+03 6.020958744483540670e+01
5.745938644967803702e+04 4.315079534733415130e+03 5.747028193049285250e+01
5.745938645482901484e+04 4.173435243463799452e+03 5.673301880098853189e+01
5.745938645997999265e+04 4.058035758984628501e+03 5.604229856533062559e+01
5.745938646513097046e+04 3.952377357384233619e+03 5.538565548693176765e+01
5.745938647028194828e+04 3.878071762780812605e+03 5.496423080331358335e+01
