2.457368855328300036e+06 1.105940136718750000e+04 3.782996800000000000e+07
2.457368855345249176e+06 1.172642871093750000e+04 3.770396800000000000e+07
2.457368855362198316e+06 1.016071582031250000e+04 3.760814400000000000e+07
2.457368855379147921e+06 1.032882226562500000e+04 3.763215600000000000e+07
2.457368855396097060e+06 1.186235351562500000e+04 3.762016000000000000e+07
2.457368855413046200e+06 1.232827734375000000e+04 3.750712400000000000e+07
2.457368855429995339e+06 1.249955078125000000e+04 3.765166000000000000e+07
2.457368855446944945e+06 1.242081933593750000e+04 3.760926800000000000e+07
2.457368855463894084e+06 1.153763085937500000e+04 3.778380400000000000e+07
2.457368855480843224e+06 1.105035058593750000e+04 3.780372800000000000e+07
2.457368855497792363e+06 1.127122363281250000e+04 3.763830400000000000e+07
2.457368855514741503e+06 1.108936132812500000e+04 3.772334800000000000e+07
2.457368855531691108e+06 1.109771972656250000e+04 3.756797600000000000e+07
2.457368855548640247e+06 1.124727441406250000e+04 3.769318400000000000e+07
2.457368855565589387e+06 1.124709277343750000e+04 3.778523200000000000e+07
2.457368855582538527e+06 1.136704687500000000e+04 3.782371600000000000e+07
2.457368855599488132e+06 1.160706054687500000e+04 3.778554000000000000e+07
2.457368855616437271e+06 1.109554296875000000e+04 3.810219200000000000e+07
2.457368855633386411e+06 9.879386718750000000e+03 3.822258000000000000e+07
2.457368855650335550e+06 9.574738281250000000e+03 3.834604400000000000e+07
2.457368855667284690e+06 1.005141992187500000e+04 3.870252800000000000e+07
2.457368855684234295e+06 9.728126953125000000e+03 3.903424800000000000e+07
2.457368855701183435e+06 8.542586914062500000e+03 3.939984800000000000e+07
2.457368855718132574e+06 7.610083984375000000e+03 3.949314400000000000e+07
2.457368855735081714e+06 7.395598632812500000e+03 3.974919600000000000e+07
2.457368855752030853e+06 7.253917968750000000e+03 3.954279200000000000e+07
2.457368855768980458e+06 7.110348144531250000e+03 3.971794400000000000e+07
2.457368855785929598e+06 7.138141601562500000e+03 3.968535200000000000e+07
2.457368855802878737e+06 7.274342285156250000e+03 3.963382400000000000e+07
2.457368855819827877e+06 7.456174804687500000e+03 3.980847600000000000e+07
2.457368855836777482e+06 7.158715820312500000e+03 3.981216400000000000e+07
2.457368855853726622e+06 6.776595214843750000e+03 3.980841200000000000e+07
2.457368855870675761e+06 6.695728515625000000e+03 3.975359200000000000e+07
2.457368855887624901e+06 6.555131835937500000e+03 4.001543200000000000e+07
2.457368855904574040e+06 7.008736328125000000e+03 3.980365200000000000e+07
2.457368855921523646e+06 7.426361328125000000e+03 4.000880400000000000e+07
2.457368855938472785e+06 7.407387695312500000e+03 4.038221600000000000e+07
2.457368855955421925e+06 7.566384765625000000e+03 4.041889200000000000e+07
2.457368855972371064e+06 7.256483398437500000e+03 4.040692400000000000e+07
2.457368855989320669e+06 7.049976074218750000e+03 4.036523200000000000e+07
2.457368856006269809e+06 7.684849121093750000e+03 4.045463200000000000e+07
2.457368856023218948e+06 7.538672851562500000e+03 4.022029200000000000e+07
