2.457368865820299834e+06 5.792083496093750000e+03 7.682508500000000000e+06
2.457368865842722356e+06 6.271763183593750000e+03 7.666724000000000000e+06
2.457368865865145344e+06 5.106214843750000000e+03 7.680936500000000000e+06
2.457368865887567867e+06 4.990103515625000000e+03 7.686668000000000000e+06
2.457368865909990855e+06 5.148322265625000000e+03 7.691369500000000000e+06
2.457368865932413377e+06 4.911404785156250000e+03 7.696401500000000000e+06
2.457368865954836365e+06 5.235824218750000000e+03 7.631777500000000000e+06
2.457368865977258887e+06 5.277437988281250000e+03 7.647183500000000000e+06
2.457368865999681409e+06 5.396898437500000000e+03 7.692606000000000000e+06
2.457368866022104397e+06 5.330401367187500000e+03 7.679846000000000000e+06
2.457368866044526920e+06 5.384760253906250000e+03 7.678155500000000000e+06
2.457368866066949908e+06 5.593000976562500000e+03 7.711398500000000000e+06
2.457368866089372430e+06 5.592102539062500000e+03 7.667426500000000000e+06
2.457368866111794952e+06 5.680689453125000000e+03 7.655658000000000000e+06
2.457368866134217940e+06 5.541300781250000000e+03 7.660918000000000000e+06
2.457368866156640463e+06 5.522111328125000000e+03 7.644197500000000000e+06
2.457368866179063451e+06 5.526401855468750000e+03 7.699294500000000000e+06
2.457368866201485973e+06 5.665563964843750000e+03 7.667474000000000000e+06
2.457368866223908961e+06 5.659554687500000000e+03 7.700506000000000000e+06
2.457368866246331483e+06 5.729254394531250000e+03 7.694598500000000000e+06
2.457368866268754005e+06 5.924763183593750000e+03 7.698058000000000000e+06
2.457368866291176993e+06 5.804528808593750000e+03 7.691894000000000000e+06
2.457368866313599516e+06 5.770798828125000000e+03 7.640569000000000000e+06
2.457368866336022504e+06 5.788103027343750000e+03 7.706738500000000000e+06
2.457368866358445026e+06 5.527179687500000000e+03 7.686155500000000000e+06
2.457368866380867548e+06 5.544840820312500000e+03 7.690450000000000000e+06
2.457368866403290536e+06 5.574821289062500000e+03 7.672938500000000000e+06
2.457368866425713059e+06 5.552760253906250000e+03 7.693013500000000000e+06
2.457368866448136047e+06 5.537113769531250000e+03 7.722301000000000000e+06
2.457368866470558569e+06 5.750552246093750000e+03 7.697912500000000000e+06
2.457368866492981557e+06 5.887877929687500000e+03 7.710822500000000000e+06
2.457368866515404079e+06 5.870009277343750000e+03 7.727191500000000000e+06
