5.737343407350000052e+04 2.028895758512465136e+03 4.760263626960605876e+01
5.737343408419426851e+04 2.244064202226715679e+03 4.897743033852377437e+01
5.737343409488853649e+04 2.175025534242491631e+03 4.862134872237279382e+01
5.737343410558279720e+04 2.194951858838206135e+03 4.886412000163728209e+01
5.737343411627706519e+04 2.324934872062403883e+03 4.962511145993024542e+01
5.737343412697133317e+04 2.403004969840585545e+03 5.016746660921350554e+01
5.737343413766560116e+04 2.440975238788084425e+03 5.044342030761826123e+01
5.737343414835986187e+04 2.485679324555762832e+03 5.086776830233739588e+01
5.737343415905412985e+04 2.484103868084538590e+03 5.078264102180785500e+01
5.737343416974839784e+04 2.557119390071006819e+03 5.109659224153152479e+01
5.737343418044266582e+04 2.484802908969034888e+03 5.064766310980407837e+01
5.737343419113693380e+04 2.502620562153751962e+03 5.086751959418322855e+01
5.737343420183119451e+04 2.505280029417158403e+03 5.096998740888083290e+01
5.737343421252546250e+04 2.540379098101142972e+03 5.110917157074575101e+01
5.737343422321973048e+04 2.499045142121547542e+03 5.076825868143804854e+01
5.737343423391399847e+04 2.446534667089395953e+03 5.046309469602580577e+01
5.737343424460826645e+04 2.437187442603632917e+03 5.044815337628030960e+01
5.737343425530252716e+04 2.500800536478754111e+03 5.090622917947695925e+01
5.737343426599679515e+04 2.477439332970975556e+03 5.081497871371014696e+01
5.737343427669106313e+04 2.454078056677864879e+03 5.081623174379615904e+01
5.737343428738533112e+04 2.490981264131199168e+03 5.102570604772211738e+01
5.737343429807959183e+04 2.545778248961175450e+03 5.103907303951057628e+01
5.737343430877385981e+04 2.442487115290850852e+03 5.062005745817358360e+01
5.737343431946812780e+04 2.533942089847852458e+03 5.123551703167706961e+01
5.737343433016239578e+04 2.531889729886152963e+03 5.120999693541992315e+01
5.737343434085666377e+04 2.452498860854168925e+03 5.062581674428122369e+01
5.737343435155092448e+04 2.436721240074716661e+03 5.053327261931305969e+01
5.737343436224519246e+04 2.420113293840279312e+03 5.063843868986871399e+01
5.737343437293946045e+04 2.473476085254327700e+03 5.091907022302230956e+01
5.737343438363372843e+04 2.462950037344410703e+03 5.071629830528063110e+01
5.737343439432799642e+04 2.450137236747896623e+03 5.067879803989206522e+01
5.737343440502225712e+04 2.504552119989923085e+03 5.099663617936143822e+01
5.737343441571652511e+04 2.553176380837311626e+03 5.123716401338898407e+01
5.737343442641079309e+04 2.474025729695967129e+03 5.066753474333284402e+01
5.737343443710506108e+04 2.434796190194329938e+03 5.062223767869676294e+01
5.737343444779932179e+04 2.531671977960798358e+03 5.119914005567200377e+01
5.737343445849358977e+04 2.509879272122649581e+03 5.107050622729364164e+01
5.737343446918785776e+04 2.449197655043072700e+03 5.063892174309430061e+01
5.737343447988212574e+04 2.363312916361188400e+03 5.008014477830998601e+01
5.737343449057639373e+04 2.447836807483098255e+03 5.052199579641936111e+01
5.737343450127065444e+04 2.418814787253209033e+03 5.029953969275594972e+01
5.737343451196492242e+04 2.420545845067127630e+03 5.038789814909664955e+01
5.737343452265919041e+04 2.426427273855606472e+03 5.061025719541105161e+01
5.737343453335345839e+04 2.399443763142295211e+03 5.038219147168273082e+01
5.737343454404772638e+04 2.351546406044456944e+03 5.012713978989956587e+01
5.737343455474198709e+04 2.399437975821182590e+03 5.034646235878182097e+01
5.737343456543625507e+04 2.468242473664905447e+03 5.077315866154464175e+01
5.737343457613052306e+04 2.481590597718924073e+03 5.086886624878370355e+01
5.737343458682479104e+04 2.509092787511578535e+03 5.102934591834450373e+01
5.737343459751905175e+04 2.511252105088426106e+03 5.101040393663024730e+01
5.737343460821331973e+04 2.445759438491106721e+03 5.060093620183401697e+01
5.737343461890758772e+04 2.484333626097276465e+03 5.082876572142592408e+01
5.737343462960185570e+04 2.460476271054790232e+03 5.071091571277036536e+01
5.737343464029612369e+04 2.461543879213261334e+03 5.060089655566932976e+01
5.737343465099038440e+04 2.442971508241382253e+03 5.056473522597138981e+01
5.737343466168465238e+04 2.408943542590935976e+03 5.036476336666047615e+01
5.737343467237892037e+04 2.362742725775879990e+03 5.009150147054627666e+01
5.737343468307318835e+04 2.435657272693904815e+03 5.056570820213193684e+01
5.737343469376745634e+04 2.442900632247938120e+03 5.048500015569572952e+01
5.737343470446171705e+04 2.504721616554315915e+03 5.096416215709095354e+01
5.737343471515598503e+04 2.414200883525176323e+03 5.042170092875399234e+01
5.737343472585025302e+04 2.377065700377211670e+03 5.029027318061012863e+01
5.737343473654452100e+04 2.369477457045228675e+03 5.014010591801863370e+01
5.737343474723878171e+04 2.396148042118170451e+03 5.020402263481966543e+01
5.737343475793304970e+04 2.345267022468308824e+03 4.990860834971702786e+01
5.737343476862731768e+04 2.276039512491317510e+03 4.938817232344355546e+01
