2.457332733216399793e+06 2.239922363281250000e+04 1.733707067682595380e+02
2.457332733232197817e+06 2.279143194444444089e+04 1.737463125718191179e+02
2.457332733247995842e+06 2.329550164930555184e+04 1.747916998836976177e+02
2.457332733263793867e+06 2.430431076388889778e+04 1.763005305403065393e+02
2.457332733279592358e+06 2.423765451388887595e+04 1.766773307456613225e+02
2.457332733295390382e+06 2.425039422743055911e+04 1.765225405037884343e+02
2.457332733311188407e+06 2.370338797743056057e+04 1.756329348313786909e+02
2.457332733326986432e+06 2.413125145399305620e+04 1.760829298649777002e+02
2.457332733342784457e+06 2.480317000868053947e+04 1.771314812855981415e+02
2.457332733358582482e+06 2.380654904513889051e+04 1.757190790943480465e+02
2.457332733374380507e+06 2.443570638020833576e+04 1.767419889948008631e+02
2.457332733390178531e+06 2.567847654079861240e+04 1.788486295797442835e+02
2.457332733405977022e+06 2.501958355034721899e+04 1.776606980309435357e+02
2.457332733421775047e+06 2.378510724826389196e+04 1.756169563329986261e+02
2.457332733437573072e+06 2.400354403211805402e+04 1.760737693708313998e+02
2.457332733453371096e+06 2.373253862847222263e+04 1.756558947589434183e+02
2.457332733469169121e+06 2.517464322916662059e+04 1.781335016362223769e+02
2.457332733484967146e+06 2.510432243923611531e+04 1.777785666271637695e+02
2.457332733500765171e+06 2.308434114583334303e+04 1.745009267879275114e+02
2.457332733516563661e+06 2.309593103298610731e+04 1.744384195499596331e+02
2.457332733532361686e+06 2.478041688368055839e+04 1.771532199577374911e+02
2.457332733548159711e+06 2.454841875000000073e+04 1.769024077278360778e+02
2.457332733563957736e+06 2.381026484374999927e+04 1.757942354129575904e+02
2.457332733579755761e+06 2.348059381510417006e+04 1.752943316925675106e+02
2.457332733595553786e+06 2.373065857204861823e+04 1.754650315060315506e+02
2.457332733611351810e+06 2.447358689236111240e+04 1.768371355285201503e+02
2.457332733627150301e+06 2.451454880642360877e+04 1.769065243563263436e+02
2.457332733642948326e+06 2.474779782986110877e+04 1.773738431605351309e+02
2.457332733658746351e+06 2.409881382378473063e+04 1.764841829336486967e+02
2.457332733674544375e+06 2.416918710937500146e+04 1.763643222939123802e+02
2.457332733690342400e+06 2.398077773437500582e+04 1.758303429355067351e+02
2.457332733706140425e+06 2.454844978298611386e+04 1.768639210345005495e+02
2.457332733721938450e+06 2.490987287326389196e+04 1.774012088068709829e+02
2.457332733737736940e+06 2.432960002170130610e+04 1.763648096158250098e+02
2.457332733753534965e+06 2.393053515625008731e+04 1.758940161653584653e+02
2.457332733769332990e+06 2.361690551215269807e+04 1.755093111426998007e+02
2.457332733785131015e+06 2.368232712673619972e+04 1.755039905075789193e+02
2.457332733800929040e+06 2.382582343749991560e+04 1.756580069661299603e+02
2.457332733816727065e+06 2.407090021701397927e+04 1.761665546827976243e+02
2.457332733832525089e+06 2.374400431857630610e+04 1.754472294262152730e+02
2.457332733848323114e+06 2.354002491319453839e+04 1.751432874581871886e+02
2.457332733864121605e+06 2.400257291666657693e+04 1.760966536765587307e+02
2.457332733879919630e+06 2.525886805555565297e+04 1.782055178879704158e+02
2.457332733895717654e+06 2.474484965277769879e+04 1.774020336868346419e+02
2.457332733911515679e+06 2.383477897135425155e+04 1.755494412962078172e+02
