2.457546877036000136e+06 5.157679109715292725e+03 1.721287828666116297e+02
2.457546877040826716e+06 2.244423905753743384e+04 2.001402060794499675e+02
2.457546877045653295e+06 2.751210056998638902e+04 2.066850094739594113e+02
2.457546877050479874e+06 2.856430507032667811e+04 2.088671711424160833e+02
2.457546877055306453e+06 2.681005697205364049e+04 2.060719024872584839e+02
2.457546877060133033e+06 2.681429793486276685e+04 2.061001752631623845e+02
2.457546877064959612e+06 2.846758191073050693e+04 2.080151590191771334e+02
2.457546877069786191e+06 2.961063300036863802e+04 2.095725260883228032e+02
2.457546877074612305e+06 2.798806482531758957e+04 2.072559226553866836e+02
2.457546877079438884e+06 2.374103169840346527e+04 2.009397922085018706e+02
2.457546877084265463e+06 2.603168999014579458e+04 2.045933856448275776e+02
2.457546877089092042e+06 2.745340253516332814e+04 2.066150196974762139e+02
2.457546877093918622e+06 2.733534572793782354e+04 2.063467168418342510e+02
2.457546877098745201e+06 2.849268867860995670e+04 2.078152580311540021e+02
2.457546877103571780e+06 2.842167985587282601e+04 2.079372335487750831e+02
2.457546877108398359e+06 2.392176557537430926e+04 2.013743611239737845e+02
2.457546877113224939e+06 2.621144582293556232e+04 2.050185167954032011e+02
2.457546877118051518e+06 2.559196468955591263e+04 2.040541034380261749e+02
2.457546877122878097e+06 2.663147555935235869e+04 2.049935224898236186e+02
2.457546877127704676e+06 3.020324938854065113e+04 2.109604117171880944e+02
2.457546877132531255e+06 2.561521652925082890e+04 2.040268290802751210e+02
2.457546877137357835e+06 2.549856788084169239e+04 2.039821216609401233e+02
2.457546877142184414e+06 2.847400834420365572e+04 2.078778284823711999e+02
2.457546877147010993e+06 2.506272643311879801e+04 2.029181961025942940e+02
2.457546877151837572e+06 2.858383583647634077e+04 2.083060728160137671e+02
2.457546877156663686e+06 2.617447712610587769e+04 2.047759371086387432e+02
2.457546877161490265e+06 2.836879996951569774e+04 2.076503785343254549e+02
2.457546877166316845e+06 2.992274481057172670e+04 2.105285698677637356e+02
2.457546877171143424e+06 2.724189816455868640e+04 2.065671849596566005e+02
2.457546877175970003e+06 2.821351116400583123e+04 2.078497445755370165e+02
2.457546877180796582e+06 2.479286725662141180e+04 2.030005162152703519e+02
2.457546877185623161e+06 3.047579975683421071e+04 2.109577797958796737e+02
2.457546877190449741e+06 3.003932303482309362e+04 2.103613333912682890e+02
2.457546877195276320e+06 2.657445883727023465e+04 2.054723964354583359e+02
2.457546877200102899e+06 2.625463056516564393e+04 2.050223009074731522e+02
2.457546877204929478e+06 2.584297043904542079e+04 2.042205988380922577e+02
2.457546877209756058e+06 3.061615670726537064e+04 2.112099388214645614e+02
2.457546877214582637e+06 2.955734247391099052e+04 2.098390366081231946e+02
2.457546877219409216e+06 2.956354364401365092e+04 2.094916751826920347e+02
2.457546877224235795e+06 3.019237241946454014e+04 2.108549509773029058e+02
2.457546877229061909e+06 2.679305887732547490e+04 2.058207054684187653e+02
2.457546877233888488e+06 2.800558590559770892e+04 2.077008355355837921e+02
2.457546877238715068e+06 2.747116701700027625e+04 2.065341020356901822e+02
2.457546877243541647e+06 2.563059488784611312e+04 2.036356329450480018e+02
2.457546877248368226e+06 3.067394344621986966e+04 2.114017577304009023e+02
2.457546877253194805e+06 2.509716601562494179e+04 2.028254438643452318e+02
2.457546877258021384e+06 2.813614540678892809e+04 2.076552883223284027e+02
2.457546877262847964e+06 2.663513960058410521e+04 2.054606746909361448e+02
2.457546877267674543e+06 3.026545023430403671e+04 2.104916222080517798e+02
2.457546877272501122e+06 2.776564952394809370e+04 2.077034149588689900e+02
2.457546877277327701e+06 3.114723182282208290e+04 2.116854827891809805e+02
2.457546877282154281e+06 2.378155879048030693e+04 2.014250318835722453e+02
2.457546877286980860e+06 2.505897192249902218e+04 2.032015191930884441e+02
2.457546877291807439e+06 2.883758826813455016e+04 2.089429955152116349e+02
2.457546877296634018e+06 2.762107196078146808e+04 2.074649816342011945e+02
2.457546877301460598e+06 2.438212010832589658e+04 2.017819644961537620e+02
2.457546877306287177e+06 2.755393302837166266e+04 2.072070334111479895e+02
2.457546877311113290e+06 2.709985129487573067e+04 2.066586574930696543e+02
2.457546877315939870e+06 2.570277945993074536e+04 2.035967491772744040e+02
2.457546877320766449e+06 2.799546870037449844e+04 2.075965990803331920e+02
2.457546877325593028e+06 3.143278531930570171e+04 2.127681857600488797e+02
2.457546877330419607e+06 2.497150208427852340e+04 2.035422722395315986e+02
2.457546877335246187e+06 2.912890025238219823e+04 2.092109583102885324e+02
2.457546877340072766e+06 2.460263472486095634e+04 2.028547640437875828e+02
2.457546877344899345e+06 2.488067974244264769e+04 2.031483502978447007e+02
2.457546877349725924e+06 2.942683176539829583e+04 2.094322954184638661e+02
2.457546877354552504e+06 2.756267274699403060e+04 2.068387856798395887e+02
2.457546877359379083e+06 2.786644319809148146e+04 2.073320660322503954e+02
2.457546877364205662e+06 2.471376875319035025e+04 2.021971427241538777e+02
2.457546877369032241e+06 2.464798181573271359e+04 2.026871213119933088e+02
2.457546877373858821e+06 2.997761325289240267e+04 2.100601404582024259e+02
2.457546877378685400e+06 2.714747726434885044e+04 2.063709304441274526e+02
2.457546877383511513e+06 2.686305054907285376e+04 2.058056259969195310e+02
2.457546877388338093e+06 3.086943774458383996e+04 2.117123696652820399e+02
2.457546877393164672e+06 2.878432404151513765e+04 2.087806150785311559e+02
2.457546877397991251e+06 2.908855687634714923e+04 2.090896392237700923e+02
2.457546877402817830e+06 2.820090076813478663e+04 2.078179626907156887e+02
2.457546877407644410e+06 2.568892360480915522e+04 2.041605484982696623e+02
2.457546877412470989e+06 2.489100675263738594e+04 2.028844437953505349e+02
2.457546877417297568e+06 2.583701758521412194e+04 2.042970188090403951e+02
2.457546877422124147e+06 2.661521589652349940e+04 2.055382648947889663e+02
2.457546877426950727e+06 2.468353870271396227e+04 2.028584583968447816e+02
2.457546877431777306e+06 2.718233584711008007e+04 2.064006739456965533e+02
2.457546877436603885e+06 3.133446915409498615e+04 2.123422750887208963e+02
2.457546877441430464e+06 2.817502833626376378e+04 2.071754884653289821e+02
2.457546877446257044e+06 2.778438089482163195e+04 2.070816913271381168e+02
2.457546877451083623e+06 2.896331369101649034e+04 2.089628468353967889e+02
2.457546877455910202e+06 3.183872522260679398e+04 2.128843667631230403e+02
2.457546877460736781e+06 2.869071846996908425e+04 2.081790428948491183e+02
2.457546877465562895e+06 2.752748611189896110e+04 2.066741760057905140e+02
2.457546877470389474e+06 2.762218130919646501e+04 2.068130273801186263e+02
2.457546877475216053e+06 2.299152517617093326e+04 2.004664278147711229e+02
2.457546877480042633e+06 2.639283784454414854e+04 2.053586036546338391e+02
2.457546877484869212e+06 2.747461706520827647e+04 2.070708227933924661e+02
2.457546877489695791e+06 2.704996957591285172e+04 2.065816154908735882e+02
2.457546877494522370e+06 2.843789769488728416e+04 2.082145698191434917e+02
2.457546877499348950e+06 2.832458128863728780e+04 2.082226254026419383e+02
2.457546877504175529e+06 2.956505430112833346e+04 2.101984429112511066e+02
2.457546877509002108e+06 2.610421757316258299e+04 2.049055642396516248e+02
2.457546877513828687e+06 2.635003036382727441e+04 2.057001432725528502e+02
2.457546877518655267e+06 2.691232140780938789e+04 2.060772909769763714e+02
2.457546877523481846e+06 3.395777403123601107e+04 2.158480573561423626e+02
2.457546877528308425e+06 2.386193451891459699e+04 2.015801465522599756e+02
2.457546877533135004e+06 2.745871240500197746e+04 2.062102032990274552e+02
2.457546877537961118e+06 2.857055857070966158e+04 2.086232096616789136e+02
2.457546877542787697e+06 2.653055516426112445e+04 2.055952630813805513e+02
2.457546877547614276e+06 2.272409519268916847e+04 1.997462112652059147e+02
2.457546877552440856e+06 2.764470747965362898e+04 2.069452148007908932e+02
2.457546877557267435e+06 2.850435288821473659e+04 2.080332751162573004e+02
2.457546877562094014e+06 2.932420979965375955e+04 2.093429629877151683e+02
2.457546877566920593e+06 2.869576641723868306e+04 2.082807947455479791e+02
2.457546877571747173e+06 2.383816895417434353e+04 2.013873753883205779e+02
2.457546877576573752e+06 2.862987435663824363e+04 2.081949896598798944e+02
2.457546877581400331e+06 2.903456938024629198e+04 2.089707443364348478e+02
2.457546877586226910e+06 2.686947230886995749e+04 2.058629815885974494e+02
2.457546877591053490e+06 2.534862717112367318e+04 2.039254398318206825e+02
2.457546877595880069e+06 2.785758503892086446e+04 2.077858781540177802e+02
2.457546877600706648e+06 2.808487247086234856e+04 2.077924452418769761e+02
2.457546877605533227e+06 2.923817927631594648e+04 2.096402485846144259e+02
2.457546877610359807e+06 2.845759362593592596e+04 2.085154600370269407e+02
2.457546877615186386e+06 2.734790636342984726e+04 2.067693750236603591e+02
2.457546877620012499e+06 2.570941430531152582e+04 2.042078431560791216e+02
2.457546877624839079e+06 2.658735081988729144e+04 2.055883066980080400e+02
2.457546877629665658e+06 2.733490258478873875e+04 2.071605486766775641e+02
2.457546877634492237e+06 2.745506497242244222e+04 2.072048291593675629e+02
2.457546877639318816e+06 2.892643933083333104e+04 2.100172858220747401e+02
2.457546877644145396e+06 2.587336445277021994e+04 2.049207446272818345e+02
2.457546877648971975e+06 2.505161197325898320e+04 2.035873438128899693e+02
2.457546877653798554e+06 2.816878348670047490e+04 2.083023022863233678e+02
2.457546877658625133e+06 3.093692670641416771e+04 2.119341334910895398e+02
2.457546877663451713e+06 3.278833509918065829e+04 2.145387662983023063e+02
2.457546877668278292e+06 2.806614599343534792e+04 2.078581478170718810e+02
2.457546877673104871e+06 2.635518240982278439e+04 2.057875035076351367e+02
2.457546877677931450e+06 2.749671257160290770e+04 2.072455177414985599e+02
2.457546877682758030e+06 2.885002318405473488e+04 2.089073954330477534e+02
2.457546877687584609e+06 3.028534986104777272e+04 2.118103199649950454e+02
2.457546877692410722e+06 2.793621415430766501e+04 2.081589497383206719e+02
2.457546877697237302e+06 2.630727556785970228e+04 2.056951181760954341e+02
2.457546877702063881e+06 2.733345300802491693e+04 2.071067554947404972e+02
2.457546877706890460e+06 2.717488694206571381e+04 2.066296443226194697e+02
2.457546877711717039e+06 2.979474927333840606e+04 2.104952337405730418e+02
2.457546877716543619e+06 2.430691171591395323e+04 2.031823937390417427e+02
2.457546877721370198e+06 2.750460312216395687e+04 2.071630617330693553e+02
2.457546877726196777e+06 2.895563974946134476e+04 2.093377980454334590e+02
2.457546877731023356e+06 2.617010284036144003e+04 2.056127972637692380e+02
