5.730822435859999678e+04 1.752241037519621023e+04 1.179822990666245488e+02
5.730822436021282192e+04 1.754044767039168437e+04 1.180223663077952807e+02
5.730822436182564707e+04 1.764403955220404168e+04 1.183817307794817282e+02
5.730822436343847221e+04 1.759591759623570761e+04 1.181511842405953985e+02
5.730822436505129735e+04 1.755133879876712308e+04 1.181001712814785378e+02
5.730822436666411522e+04 1.757183774585401261e+04 1.180928531732525073e+02
5.730822436827694037e+04 1.744526471702728668e+04 1.178080001315357350e+02
5.730822436988976551e+04 1.752030963768220681e+04 1.179841498964451603e+02
5.730822437150259066e+04 1.767290109729019605e+04 1.184253083142427272e+02
5.730822437311541580e+04 1.756194581726721663e+04 1.181240015479199172e+02
5.730822437472824095e+04 1.754479840806997527e+04 1.180815732010998431e+02
5.730822437634106609e+04 1.747331585745457778e+04 1.178764072498160402e+02
5.730822437795389123e+04 1.764019889812315887e+04 1.183351008445040691e+02
5.730822437956671638e+04 1.750155056997657084e+04 1.179709906586039239e+02
5.730822438117954152e+04 1.743405061256008776e+04 1.176990162933516899e+02
5.730822438279235939e+04 1.744478597964582514e+04 1.177970136585312986e+02
5.730822438440518454e+04 1.764906397002452286e+04 1.183395417772812692e+02
5.730822438601800968e+04 1.742026269025272632e+04 1.177318106288724664e+02
5.730822438763083483e+04 1.762132499687256131e+04 1.182135753542717396e+02
5.730822438924365997e+04 1.753413733840823988e+04 1.180485782092090403e+02
5.730822439085648512e+04 1.758379302218385783e+04 1.182226410612910854e+02
5.730822439246931026e+04 1.748827890530403238e+04 1.178926705301303741e+02
5.730822439408213540e+04 1.764806935666217396e+04 1.182937554507483213e+02
5.730822439569496055e+04 1.756592861370927130e+04 1.180995820632482207e+02
5.730822439730778569e+04 1.729433931599694188e+04 1.173521608003684094e+02
5.730822439892060356e+04 1.802288829724519383e+04 1.193222415099340310e+02
5.730822440053342871e+04 1.968449572118580181e+04 1.236150712911505138e+02
5.730822440214625385e+04 1.785375726687366841e+04 1.188676571095938357e+02
5.730822440375907900e+04 1.774944027333722261e+04 1.185688871792390984e+02
5.730822440537190414e+04 1.756046205458227632e+04 1.180795673260534073e+02
5.730822440698472928e+04 1.745257406021294810e+04 1.177929755690498155e+02
5.730822440859755443e+04 1.741243642117093623e+04 1.176711859573258465e+02
5.730822441021037957e+04 1.757421731120004188e+04 1.181078177244260417e+02
5.730822441182320472e+04 1.747667471526910958e+04 1.178211531837786765e+02
5.730822441343602986e+04 1.735769158474720098e+04 1.175299850315395815e+02
5.730822441504884773e+04 1.735402809277138294e+04 1.175037089780680901e+02
5.730822441666167288e+04 1.730056590725533169e+04 1.173882477603610255e+02
5.730822441827449802e+04 1.727655820075175143e+04 1.173882748092306656e+02
5.730822441988732317e+04 1.722789328060630942e+04 1.172833915949410368e+02
5.730822442150014831e+04 1.716814438958862956e+04 1.173285052457874116e+02
5.730822442311297345e+04 1.707654289574729410e+04 1.167929275403440386e+02
5.730822442472579860e+04 1.720902720692132789e+04 1.171443176510406374e+02
5.730822442633862374e+04 1.747671792706014821e+04 1.178529813079960462e+02
5.730822442795144889e+04 1.722347605569560983e+04 1.171784796274278904e+02
5.730822442956427403e+04 1.726552828576555112e+04 1.173004162886893340e+02
5.730822443117709190e+04 1.736116313364459711e+04 1.175987318207177026e+02
5.730822443278991705e+04 1.731116844926836711e+04 1.174121302955727657e+02
5.730822443440274219e+04 1.734009354818731663e+04 1.174858500243883270e+02
5.730822443601556733e+04 1.735492926921799153e+04 1.175922383521321990e+02
5.730822443762839248e+04 1.710676218550744670e+04 1.168962400964907147e+02
5.730822443924121762e+04 1.721438019683718812e+04 1.171538313938319220e+02
5.730822444085404277e+04 1.717116573962110851e+04 1.170127067453087903e+02
5.730822444246686791e+04 1.730478789239475736e+04 1.173674508917477510e+02
5.730822444407969306e+04 1.731986351111314798e+04 1.174138490586719996e+02
5.730822444569251093e+04 1.737367858368607995e+04 1.176101485011441667e+02
5.730822444730533607e+04 1.702825925901605660e+04 1.166983226043437440e+02
5.730822444891816122e+04 1.706013713857525727e+04 1.167735192446663035e+02
5.730822445053098636e+04 1.705433439993108186e+04 1.167161857111365606e+02
5.730822445214381150e+04 1.708413142998687545e+04 1.168231872243685103e+02
5.730822445375663665e+04 1.707617612406447006e+04 1.168122358537189598e+02
5.730822445536946179e+04 1.715491980386450814e+04 1.169685616177705612e+02
5.730822445698228694e+04 1.713600631618830448e+04 1.169018549714523232e+02
5.730822445859511208e+04 1.742405552945150703e+04 1.177247188285587640e+02
5.730822446020793723e+04 1.732063255846169704e+04 1.174135737902941514e+02
5.730822446182075510e+04 1.731260802326379780e+04 1.173986244212866694e+02
5.730822446343358024e+04 1.720033639923928058e+04 1.171264975569931153e+02
5.730822446504640538e+04 1.714699262949157492e+04 1.170081211036905842e+02
5.730822446665923053e+04 1.722454514813987771e+04 1.171214607679579132e+02
5.730822446827205567e+04 1.714200640297575228e+04 1.169426565342342883e+02
5.730822446988488082e+04 1.721011633427791094e+04 1.171414721390885916e+02
5.730822447149770596e+04 1.724513625719888660e+04 1.172323039852656024e+02
5.730822447311053111e+04 1.691989452704168434e+04 1.163682230923340910e+02
5.730822447472335625e+04 1.723539792027436852e+04 1.172154369938079554e+02
5.730822447633618140e+04 1.726746018523650855e+04 1.172632736632119901e+02
5.730822447794899927e+04 1.720494571432333396e+04 1.171155009927073252e+02
5.730822447956182441e+04 1.717879609132986661e+04 1.170894868426708797e+02
5.730822448117464955e+04 1.721898787131354038e+04 1.171845471093484292e+02
5.730822448278747470e+04 1.718567667167103355e+04 1.171413407031359810e+02
5.730822448440029984e+04 1.714667641645478579e+04 1.169991881543469674e+02
5.730822448601312499e+04 1.724255306711497906e+04 1.171948415397768315e+02
5.730822448762595013e+04 1.710858542230582680e+04 1.168125761651365764e+02
5.730822448923877528e+04 1.724700398466141633e+04 1.171757540499363870e+02
5.730822449085160042e+04 1.728733901912469082e+04 1.173601481093204626e+02
5.730822449246442557e+04 1.720844967577470015e+04 1.171508835928806036e+02
5.730822449407724343e+04 1.726450405239245447e+04 1.172591020223064504e+02
5.730822449569006858e+04 1.731168494091670073e+04 1.173605203503556282e+02
5.730822449730289372e+04 1.728166473510549258e+04 1.173301408816921736e+02
5.730822449891571887e+04 1.734062149913932080e+04 1.175085603414161000e+02
5.730822450052854401e+04 1.779735709833190776e+04 1.186821772128748052e+02
5.730822450214136916e+04 1.718825156440926366e+04 1.170756481259421946e+02
5.730822450375419430e+04 1.702707912104986463e+04 1.166173746167261811e+02
5.730822450536701945e+04 1.709302069846203449e+04 1.168380819610442671e+02
5.730822450697984459e+04 1.709653458910054178e+04 1.168256936496884038e+02
5.730822450859266974e+04 1.711897549525726208e+04 1.168573730756279474e+02
5.730822451020548760e+04 1.714910387282325974e+04 1.170357443797786345e+02
5.730822451181831275e+04 1.710439754338276543e+04 1.168574932694613153e+02
5.730822451343113789e+04 1.713128353027418416e+04 1.169169887910561272e+02
5.730822451504396304e+04 1.710816858827965916e+04 1.168589287812675082e+02
5.730822451665678818e+04 1.732769638181728442e+04 1.174504582415308533e+02
5.730822451826961333e+04 1.741352550020126000e+04 1.176794498361778381e+02
5.730822451988243847e+04 1.724888344573890936e+04 1.172441194805734312e+02
5.730822452149526362e+04 1.727012246330098424e+04 1.172638914337879754e+02
5.730822452310808876e+04 1.717665393123265676e+04 1.170841662162419397e+02
5.730822452472090663e+04 1.741424101966054877e+04 1.176709184719618833e+02
5.730822452633373177e+04 1.748007858272175508e+04 1.178610022097807217e+02
5.730822452794655692e+04 1.735082020606990773e+04 1.175863475499086519e+02
5.730822452955938206e+04 1.749469234195108584e+04 1.179207359300235680e+02
5.730822453117220721e+04 1.798780867113991189e+04 1.191642858027915679e+02
5.730822453278503235e+04 1.842956219244183376e+04 1.203216572083917697e+02
5.730822453439785750e+04 1.889823337000344327e+04 1.215545192205252363e+02
5.730822453601068264e+04 1.940046181722007168e+04 1.228433078635997333e+02
5.730822453762350779e+04 1.952331836933045633e+04 1.231587527941347560e+02
5.730822453923633293e+04 1.948912907194858053e+04 1.230797371038675578e+02
5.730822454084915080e+04 1.962485601296151435e+04 1.233799380206449570e+02
5.730822454246197594e+04 1.982727240265083674e+04 1.239149772784195846e+02
5.730822454407480109e+04 2.003889916313939830e+04 1.244578184590275782e+02
5.730822454568762623e+04 2.001516351290133753e+04 1.243815521295379511e+02
5.730822454730045138e+04 1.975751375268298580e+04 1.237531685675773900e+02
5.730822454891327652e+04 1.972982189652074885e+04 1.236578837877859769e+02
5.730822455052610167e+04 1.941351670421405288e+04 1.229132742481538827e+02
5.730822455213892681e+04 1.934487501705257819e+04 1.226960072040263015e+02
5.730822455375175196e+04 1.938957195313323609e+04 1.228205587074206022e+02
5.730822455536457710e+04 1.971321916274160321e+04 1.236128575612712410e+02
5.730822455697739497e+04 1.983859065521572120e+04 1.239494225378785615e+02
5.730822455859022011e+04 2.016046967523845160e+04 1.247182644344452171e+02
5.730822456020304526e+04 2.010632850977403359e+04 1.246450229802052974e+02
5.730822456181587040e+04 2.008682406206416999e+04 1.245356643999897273e+02
5.730822456342869555e+04 1.993127104491308273e+04 1.241743482810631463e+02
5.730822456504152069e+04 1.980952771118193050e+04 1.238968921247049195e+02
5.730822456665434584e+04 1.968163917253999898e+04 1.235761193183053024e+02
5.730822456826717098e+04 1.970020181544153456e+04 1.235433694106360036e+02
5.730822456987999612e+04 1.967502957336900727e+04 1.235230778248715922e+02
5.730822457149282127e+04 1.971722717179893880e+04 1.235734847204237212e+02
5.730822457310563914e+04 1.981445718547744400e+04 1.238727804672027304e+02
5.730822457471846428e+04 1.978228488789484618e+04 1.238186457435019463e+02
5.730822457633128943e+04 1.996405532235727878e+04 1.242573177251978649e+02
5.730822457794411457e+04 1.982253497800526748e+04 1.239255908349037441e+02
5.730822457955693972e+04 1.998924501978658373e+04 1.243323433672248512e+02
5.730822458116976486e+04 1.977720499727022980e+04 1.237945896366926490e+02
5.730822458278259001e+04 1.968830601177288918e+04 1.235322910861025321e+02
5.730822458439541515e+04 1.988291544641996006e+04 1.240154418946382719e+02
5.730822458600824029e+04 1.987020055332067204e+04 1.240262486526122387e+02
5.730822458762106544e+04 1.978709413479268551e+04 1.238389604715385133e+02
5.730822458923388331e+04 1.963239547883239720e+04 1.234455009101621812e+02
5.730822459084670845e+04 1.976032237718924807e+04 1.237251846730465701e+02
5.730822459245953360e+04 1.969659295877433033e+04 1.235590034504116232e+02
5.730822459407235874e+04 1.967617990430405916e+04 1.235798860063055571e+02
5.730822459568518389e+04 1.962829034211860926e+04 1.234085406792681567e+02
5.730822459729800903e+04 1.960091421757040735e+04 1.233347852850981781e+02
5.730822459891083417e+04 1.947690459813216148e+04 1.229738800845340876e+02
5.730822460052365932e+04 1.947229583582485429e+04 1.230224118568750811e+02
5.730822460213648446e+04 1.946955697376251192e+04 1.229683911100519822e+02
5.730822460374930233e+04 1.962449329765845323e+04 1.234030973473200419e+02
5.730822460536212748e+04 1.986571709964683396e+04 1.239780420452414091e+02
5.730822460697495262e+04 1.975400911812878257e+04 1.236919737347308370e+02
5.730822460858777777e+04 1.963539455633021862e+04 1.233885762367965526e+02
5.730822461020060291e+04 1.972611993045293639e+04 1.236407236806761603e+02
5.730822461181342806e+04 1.952374626697941130e+04 1.231449085795196652e+02
5.730822461342625320e+04 1.972326413849731398e+04 1.236768141321652905e+02
5.730822461503907834e+04 1.997339403065998340e+04 1.243234729982303577e+02
5.730822461665190349e+04 1.983421387245082951e+04 1.238741945251899779e+02
5.730822461826472863e+04 2.013851958889072557e+04 1.246551320885707383e+02
5.730822461987754650e+04 2.009541455731921451e+04 1.245372438059444846e+02
5.730822462149037165e+04 2.010882235879379368e+04 1.245757819992145841e+02
5.730822462310319679e+04 1.984738374683808070e+04 1.239759740550575486e+02
5.730822462471602194e+04 1.991737968160798118e+04 1.241363151397721794e+02
5.730822462632884708e+04 1.990024787021793964e+04 1.240828507654579340e+02
5.730822462794167222e+04 1.971787069568524385e+04 1.236125228317915088e+02
5.730822462955449737e+04 1.971149883836068693e+04 1.236408098415603689e+02
5.730822463116732251e+04 1.982349616007605800e+04 1.239273426984721311e+02
5.730822463278014766e+04 1.960656377745660939e+04 1.233979808458819178e+02
5.730822463439297280e+04 1.987211696775020755e+04 1.240184107179993447e+02
5.730822463600579067e+04 2.008396703609759425e+04 1.245344180946910058e+02
5.730822463761861582e+04 2.010235029871441293e+04 1.245906214132517675e+02
5.730822463923144096e+04 1.993799779575151479e+04 1.241723015982018552e+02
5.730822464084426610e+04 1.978099393326331483e+04 1.238201259442647739e+02
5.730822464245709125e+04 1.968536488793357785e+04 1.235483356475445618e+02
5.730822464406991639e+04 1.963844227691590277e+04 1.233976443849514766e+02
5.730822464568274154e+04 1.955132615892948525e+04 1.232318772607660122e+02
5.730822464729556668e+04 1.958144480674127044e+04 1.233186095842515329e+02
5.730822464890839183e+04 1.957335657986579099e+04 1.232612761618641031e+02
5.730822465052121697e+04 1.971193019232968072e+04 1.235911628303676224e+02
5.730822465213403484e+04 1.959039456448273995e+04 1.233422828682707575e+02
5.730822465374685999e+04 1.958070254198051043e+04 1.232889409334002693e+02
5.730822465535968513e+04 1.971210420064332357e+04 1.236247481262126371e+02
5.730822465697251027e+04 1.966866975381549855e+04 1.234725129498837504e+02
5.730822465858533542e+04 1.966723261241762884e+04 1.234544022926790063e+02
5.730822466019816056e+04 1.949492605816630021e+04 1.230149212415271478e+02
5.730822466181098571e+04 1.948352063545733108e+04 1.230843074635211565e+02
5.730822466342381085e+04 1.964259924145851255e+04 1.234208580698309277e+02
5.730822466503663600e+04 1.970949359684474257e+04 1.236060169190079705e+02
5.730822466664946114e+04 1.998245302326720412e+04 1.242886696812551719e+02
5.730822466826227901e+04 2.004942311230083214e+04 1.244810401812139560e+02
5.730822466987510415e+04 2.013679451315359984e+04 1.246658732227421496e+02
5.730822467148792930e+04 1.990158771147785228e+04 1.240580459189882703e+02
5.730822467310075444e+04 1.990116252405431442e+04 1.240886125906222475e+02
5.730822467471357959e+04 1.961936257921291326e+04 1.234396548903247179e+02
5.730822467632640473e+04 1.985744812451799589e+04 1.239916397265405266e+02
5.730822467793922988e+04 1.995116479887247988e+04 1.242425769450041741e+02
5.730822467955205502e+04 1.982127319546235958e+04 1.239070781571731175e+02
5.730822468116488017e+04 1.987680768117938715e+04 1.239737073412650119e+02
5.730822468277769804e+04 1.984487852314769043e+04 1.239810482471258268e+02
5.730822468439052318e+04 2.013941438634535007e+04 1.246772460064429850e+02
5.730822468600334832e+04 2.000583202575366158e+04 1.243300858984655690e+02
5.730822468761617347e+04 1.965513001530824113e+04 1.234857667364908735e+02
5.730822468922899861e+04 1.999039215348237849e+04 1.243091887241081537e+02
5.730822469084182376e+04 1.997470342335087480e+04 1.242709312238063433e+02
5.730822469245464890e+04 1.983109889631252372e+04 1.238956961974562887e+02
5.730822469406747405e+04 1.989336928172410262e+04 1.240244805121945149e+02
5.730822469568029919e+04 1.970259765278521445e+04 1.235966106311212087e+02
5.730822469729312434e+04 1.960788037299358984e+04 1.233915589699843736e+02
5.730822469890594220e+04 1.962259037806084598e+04 1.234352121863554856e+02
5.730822470051876735e+04 1.961910124115393410e+04 1.234050643543669850e+02
5.730822470213159249e+04 1.988694434198221279e+04 1.240262479919005187e+02
5.730822470374441764e+04 2.000575200835342184e+04 1.243558115120716110e+02
5.730822470535724278e+04 1.995592114110517650e+04 1.241646802634377735e+02
5.730822470697006793e+04 1.989499741457915297e+04 1.240508375368086575e+02
5.730822470858289307e+04 1.962530271532662300e+04 1.233955934484291959e+02
5.730822471019571822e+04 1.954746991657942999e+04 1.232205730171767044e+02
5.730822471180854336e+04 1.943930237340450185e+04 1.228683253636657753e+02
5.730822471342136851e+04 1.972190019217867666e+04 1.236470138648291197e+02
5.730822471503418637e+04 1.990887669869979436e+04 1.240669092727597160e+02
5.730822471664701152e+04 1.980118669643287649e+04 1.238934963971264125e+02
5.730822471825983666e+04 1.953032084737279365e+04 1.234312940502467626e+02
5.730822471987266181e+04 1.946086268667663535e+04 1.231931444633947308e+02
5.730822472148548695e+04 1.953833212544730486e+04 1.231796626290235110e+02
5.730822472309831210e+04 1.948059900260690847e+04 1.230185869930479612e+02
5.730822472471113724e+04 1.941269526103824319e+04 1.228359512344765108e+02
5.730822472632396239e+04 1.947589740420753151e+04 1.229822742240363027e+02
5.730822472793678753e+04 1.949436991135078642e+04 1.230321086095805470e+02
5.730822472954961268e+04 1.971707310115467044e+04 1.236146686504685448e+02
5.730822473116243054e+04 1.982160993785442770e+04 1.238980478241348351e+02
5.730822473277525569e+04 1.973042780727534773e+04 1.236507582894489587e+02
5.730822473438808083e+04 1.950469359076171895e+04 1.230949288608027672e+02
5.730822473600090598e+04 1.952867518266974366e+04 1.231173047994405749e+02
5.730822473761373112e+04 1.977959963159614927e+04 1.237351727846465081e+02
5.730822473922655627e+04 1.974554808396386215e+04 1.237021358354545413e+02
5.730822474083938141e+04 1.973496622232898153e+04 1.236872827939445045e+02
5.730822474245220656e+04 1.969003465469132425e+04 1.235816688861972210e+02
5.730822474406503170e+04 1.987096121871510331e+04 1.239994527458046605e+02
5.730822474567784957e+04 1.962861432525265263e+04 1.233521553389342102e+02
5.730822474729067471e+04 1.985332755640977484e+04 1.236244991192136240e+02
5.730822474890349986e+04 2.007106926926193046e+04 1.241004843460251550e+02
5.730822475051632500e+04 2.006102978863036697e+04 1.240168535154461296e+02
5.730822475212915015e+04 2.026950305196880436e+04 1.245585390487924684e+02
5.730822475374197529e+04 2.030417419903076370e+04 1.246662863742038923e+02
5.730822475535480044e+04 2.053782571336039109e+04 1.252717972611886381e+02
5.730822475696762558e+04 2.058823397373947591e+04 1.253636089260100732e+02
5.730822475858045073e+04 2.019925042097777623e+04 1.244144929425497139e+02
5.730822476019327587e+04 2.007560137631970065e+04 1.240884817043093449e+02
5.730822476180609374e+04 1.980279178178041911e+04 1.234450569814758438e+02
5.730822476341891888e+04 1.975504417850166647e+04 1.232407342240738757e+02
5.730822476503174403e+04 1.988284567810105727e+04 1.236141894244173756e+02
5.730822476664456917e+04 1.976949601566544516e+04 1.233460960005264155e+02
5.730822476825739432e+04 1.978322698808967471e+04 1.233419266378803201e+02
5.730822476987021946e+04 1.853089599028282464e+04 1.203471141367484449e+02
5.730822477148304461e+04 1.793298913929798073e+04 1.190112378391777952e+02
5.730822477309586975e+04 1.806090024732532402e+04 1.193643539084957297e+02
5.730822477470869489e+04 1.777282239321242378e+04 1.186360401518030301e+02
5.730822477632152004e+04 1.753554471436814492e+04 1.179942187688283894e+02
5.730822477793433791e+04 1.741662159884994253e+04 1.175924907595342859e+02
5.730822477954716305e+04 1.648357684395717661e+04 1.151139644590308393e+02
5.730822478115998820e+04 1.572498236154612459e+04 1.130599700445074518e+02
5.730822478277281334e+04 1.716349514550647291e+04 1.169542774117156085e+02
5.730822478438563849e+04 1.779451795636345196e+04 1.186630076092778836e+02
5.730822478599846363e+04 1.760311641992762452e+04 1.181274501036093483e+02
5.730822478761128878e+04 1.774142254122149461e+04 1.185166799693302124e+02
5.730822478922411392e+04 1.755517658446312271e+04 1.179855076458067202e+02
5.730822479083693906e+04 1.751824436070292359e+04 1.179023427647283455e+02
5.730822479244976421e+04 1.846150126883270059e+04 1.201978825979240639e+02
5.730822479406258208e+04 1.971735481631298171e+04 1.232366607750339682e+02
5.730822479567540722e+04 1.974494608187321865e+04 1.232821367351709938e+02
5.730822479728823237e+04 1.945312321175481702e+04 1.225726241254994875e+02
5.730822479890105751e+04 1.943535572817288630e+04 1.225204806072377153e+02
5.730822480051388266e+04 1.943672388986583610e+04 1.224545499762878507e+02
5.730822480212670780e+04 1.943141689252014476e+04 1.224826097590236174e+02
5.730822480373953294e+04 1.968922769065644025e+04 1.230880481188563351e+02
5.730822480535235809e+04 1.976360473239105340e+04 1.233010263122484105e+02
5.730822480696518323e+04 1.976732956179085886e+04 1.232701998259275769e+02
5.730822480857800838e+04 1.972033231386531406e+04 1.232198920817906469e+02
5.730822481019082625e+04 1.978911196300336451e+04 1.233659365730930233e+02
5.730822481180365139e+04 2.023834175303690427e+04 1.245477954993656340e+02
5.730822481341647654e+04 2.020053427002007084e+04 1.244633535799295458e+02
5.730822481502930168e+04 2.030317131068426534e+04 1.248264760943233114e+02
5.730822481664212683e+04 2.011459536883211695e+04 1.245719837114011881e+02
5.730822481825495197e+04 2.007015827372953936e+04 1.244635984093914658e+02
5.730822481986777711e+04 1.982809474603610943e+04 1.238883978282521383e+02
5.730822482148060226e+04 1.961292227742012619e+04 1.233698415514547833e+02
5.730822482309342740e+04 1.953216562794342099e+04 1.231612756710229775e+02
5.730822482470624527e+04 1.946401393301008284e+04 1.229701494067328866e+02
5.730822482631907042e+04 1.922069716762810640e+04 1.223289789161392491e+02
5.730822482793189556e+04 1.946404496108349122e+04 1.230056091795108557e+02
5.730822482954472071e+04 1.982262343432719354e+04 1.238893362919236836e+02
5.730822483115754585e+04 1.977929193145635145e+04 1.237872945839137344e+02
5.730822483277037099e+04 1.959633790068521557e+04 1.233189801162716890e+02
5.730822483438319614e+04 1.998133529707606795e+04 1.242762467389250816e+02
5.730822483599602128e+04 1.996898191249896263e+04 1.242092838945453792e+02
5.730822483760884643e+04 2.003883854215070824e+04 1.243887545869886679e+02
5.730822483922167157e+04 1.998943523836160239e+04 1.242334946350464833e+02
5.730822484083448944e+04 1.965200316274032593e+04 1.234187364250697669e+02
5.730822484244731459e+04 1.989040047190704718e+04 1.239941529587857474e+02
5.730822484406013973e+04 1.991984333700481147e+04 1.240632796592505827e+02
5.730822484567296488e+04 1.987144969430045967e+04 1.240422182618183626e+02
5.730822484728579002e+04 1.991508880451666482e+04 1.241153828113361612e+02
5.730822484889861516e+04 2.012077567126841313e+04 1.245637286899630993e+02
5.730822485051144031e+04 1.991545825618450544e+04 1.240915701915405691e+02
5.730822485212426545e+04 1.978121614229953411e+04 1.237462985286181834e+02
5.730822485373709060e+04 1.989514063567325866e+04 1.240448170572906292e+02
5.730822485534991574e+04 1.985774626570549299e+04 1.239379103053297797e+02
5.730822485696273361e+04 1.999470460075508163e+04 1.242638528073537572e+02
5.730822485857555876e+04 2.007271620559581061e+04 1.245161887862433332e+02
5.730822486018838390e+04 2.022138458022232953e+04 1.248379590446117362e+02
5.730822486180120904e+04 1.990708929012690351e+04 1.240856085885894800e+02
5.730822486341403419e+04 1.965407941179078625e+04 1.234308811504545105e+02
5.730822486502685933e+04 1.964159861492383789e+04 1.233634415870792935e+02
5.730822486663968448e+04 1.973603284467796766e+04 1.236375498521688030e+02
5.730822486825250962e+04 1.996750864572239516e+04 1.242669218973252185e+02
5.730822486986533477e+04 1.983465208680291471e+04 1.239050837351614689e+02
5.730822487147815991e+04 1.981721164097679502e+04 1.238507010729060909e+02
5.730822487309097778e+04 1.991537969507947855e+04 1.240737844078723811e+02
5.730822487470380293e+04 1.990306986613919071e+04 1.240331596291903935e+02
5.730822487631662807e+04 1.988647376884826735e+04 1.240430795726184670e+02
5.730822487792945321e+04 1.976650682905983194e+04 1.237128873446196451e+02
5.730822487954227836e+04 1.956107783612467392e+04 1.231929514022245513e+02
5.730822488115510350e+04 1.943866960913935327e+04 1.228508800012012045e+02
5.730822488276792865e+04 1.943391912963543291e+04 1.228609142236150973e+02
5.730822488438075379e+04 1.935820784980202006e+04 1.227051629977874256e+02
5.730822488599357894e+04 1.935634409097181924e+04 1.227453811271893045e+02
5.730822488760640408e+04 1.936089643317061200e+04 1.226840284353016557e+02
5.730822488921922195e+04 1.945947548386080962e+04 1.229373800786424482e+02
5.730822489083204709e+04 1.949534750772104962e+04 1.230265549147394069e+02
5.730822489244487224e+04 1.959015658490935311e+04 1.232578208950869652e+02
5.730822489405769738e+04 1.988898333017853656e+04 1.239826625622849292e+02
5.730822489567052253e+04 1.953446846269221351e+04 1.231060466446969173e+02
5.730822489728334767e+04 1.933497300438035018e+04 1.226209991590274626e+02
5.730822489889617282e+04 1.934615971643402372e+04 1.226824972654922448e+02
5.730822490050899796e+04 1.937065763834753670e+04 1.226729773775482357e+02
5.730822490212182311e+04 1.917232083726788551e+04 1.222077892588085319e+02
5.730822490373464098e+04 1.921565543901636920e+04 1.222972632627961218e+02
5.730822490534746612e+04 1.937457048008256243e+04 1.226889582705094597e+02
5.730822490696029126e+04 1.938319921377877836e+04 1.227453503103609620e+02
5.730822490857311641e+04 1.935455740656640774e+04 1.227093736570036384e+02
5.730822491018594155e+04 1.958118712874717312e+04 1.233159879836837121e+02
5.730822491179876670e+04 1.944860277218359261e+04 1.229288518414945059e+02
5.730822491341159184e+04 1.962386960088437263e+04 1.232913156605282410e+02
5.730822491502441699e+04 1.937825519069254733e+04 1.227092975887030519e+02
5.730822491663724213e+04 1.947791505369951119e+04 1.230122803442540658e+02
5.730822491825006728e+04 1.955596506108444737e+04 1.231551749745714517e+02
5.730822491986288514e+04 1.957166251063612799e+04 1.232099182051638877e+02
5.730822492147571029e+04 1.978194067576989255e+04 1.237513690165775131e+02
5.730822492308853543e+04 1.981537330490341628e+04 1.238472477886858911e+02
5.730822492470136058e+04 1.948096827985011987e+04 1.229692546544612668e+02
5.730822492631418572e+04 1.941872853079690685e+04 1.228398521333957945e+02
5.730822492792701087e+04 1.922567854192891537e+04 1.223102138570476143e+02
5.730822492953983601e+04 1.896203114338641171e+04 1.215888858157825752e+02
5.730822493115266116e+04 1.866559399429312180e+04 1.208506266428862261e+02
5.730822493276548630e+04 1.859634780861923355e+04 1.206744495257246683e+02
5.730822493437831145e+04 1.774835604849573792e+04 1.185596034640645655e+02
5.730822493599112931e+04 1.760727592639541399e+04 1.181250104529097911e+02
5.730822493760395446e+04 1.769756279236593400e+04 1.184129165995214379e+02
5.730822493921677960e+04 1.748305112558517430e+04 1.178511181167912838e+02
5.730822494082960475e+04 1.749295465751945449e+04 1.177842579860795382e+02
5.730822494244242989e+04 1.739427824731124201e+04 1.175843779024892939e+02
5.730822494405525504e+04 1.725898254956898745e+04 1.171552511706552622e+02
5.730822494566808018e+04 1.727385092527122106e+04 1.172107167438207966e+02
5.730822494728090533e+04 1.720179249378528402e+04 1.170261496111126576e+02
5.730822494889373047e+04 1.743309813755789219e+04 1.177026370190090887e+02
5.730822495050655561e+04 1.715000430310972661e+04 1.169035965959016039e+02
5.730822495211937348e+04 1.704179995180236438e+04 1.165994295757645034e+02
5.730822495373219863e+04 1.727647707080803957e+04 1.172952676658393045e+02
5.730822495534502377e+04 1.746795323879460921e+04 1.177727267849388539e+02
5.730822495695784892e+04 1.713667145463475754e+04 1.169176405861797434e+02
5.730822495857067406e+04 1.717194398643969180e+04 1.169967290795140258e+02
5.730822496018349921e+04 1.718864295320640667e+04 1.169929665999360111e+02
5.730822496179632435e+04 1.725165563135247066e+04 1.172079627953208103e+02
5.730822496340914950e+04 1.728419001435999962e+04 1.173235902976050369e+02
5.730822496502197464e+04 1.721861789897233029e+04 1.170935265269718570e+02
5.730822496663479978e+04 1.734674730442190048e+04 1.174439443731038040e+02
5.730822496824761765e+04 1.731057465820998550e+04 1.173435045097998000e+02
5.730822496986044280e+04 1.747018910734804012e+04 1.177008559374854286e+02
5.730822497147326794e+04 1.696468913891321426e+04 1.164774020487070345e+02
5.730822497308609309e+04 1.702182905200621462e+04 1.166275176352049954e+02
5.730822497469891823e+04 1.710191637103816174e+04 1.167642166229257299e+02
5.730822497631174338e+04 1.712124909091601512e+04 1.169004209196445032e+02
5.730822497792456852e+04 1.721627192304454002e+04 1.171436302057667831e+02
5.730822497953739366e+04 1.730162846891468871e+04 1.172912642506405945e+02
5.730822498115021881e+04 1.725131741017715831e+04 1.172018336274456516e+02
5.730822498276303668e+04 1.717397794341612462e+04 1.169543519982109956e+02
5.730822498437586182e+04 1.723086357408558979e+04 1.171431662785959560e+02
5.730822498598868697e+04 1.711257528229182935e+04 1.168214395233247558e+02
5.730822498760151211e+04 1.712928805028236820e+04 1.169036167297938533e+02
5.730822498921433726e+04 1.707865865039616983e+04 1.166778997351667186e+02
5.730822499082716240e+04 1.704949967392058170e+04 1.167118498770982313e+02
5.730822499243998755e+04 1.712240803725481965e+04 1.168039267069831197e+02
5.730822499405281269e+04 1.710703085365897277e+04 1.167892242321841536e+02
5.730822499566563783e+04 1.718205371941053818e+04 1.170304183248308760e+02
5.730822499727846298e+04 1.724056020134433857e+04 1.171772065280768658e+02
5.730822499889128085e+04 1.699301449526558281e+04 1.165229674924938053e+02
5.730822500050410599e+04 1.716443497340048270e+04 1.170027895927234738e+02
5.730822500211693114e+04 1.703321862851565675e+04 1.166620671558372351e+02
5.730822500372975628e+04 1.711863016277680435e+04 1.168590183525015220e+02
5.730822500534258143e+04 1.716289922000346633e+04 1.169701683911846430e+02
5.730822500695540657e+04 1.716050922784924114e+04 1.169597764905800119e+02
5.730822500856823171e+04 1.698564995755256314e+04 1.165323387872730621e+02
5.730822501018105686e+04 1.696686758680960702e+04 1.165196228045297602e+02
5.730822501179388200e+04 1.711790769711543908e+04 1.168704608123581750e+02
5.730822501340670715e+04 1.722510150178810727e+04 1.171249525884704497e+02
5.730822501501952502e+04 1.723365119835209771e+04 1.171790779692319546e+02
5.730822501663235016e+04 1.707915893503506959e+04 1.166882121629598572e+02
5.730822501824517531e+04 1.714370236087900048e+04 1.168802917459250921e+02
5.730822501985800045e+04 1.725728485579031621e+04 1.171856891449844511e+02
5.730822502147082560e+04 1.707735812188030468e+04 1.166838381290723419e+02
5.730822502308365074e+04 1.706056503492159754e+04 1.167048052454741196e+02
5.730822502469647588e+04 1.702207074289554294e+04 1.166160400255094061e+02
5.730822502630930103e+04 1.724284058679593727e+04 1.171386618940683917e+02
5.730822502792212617e+04 1.728840237315981722e+04 1.172874927065418973e+02
5.730822502953495132e+04 1.708734423873084233e+04 1.167758101350652851e+02
5.730822503114776919e+04 1.706197743799509408e+04 1.167508366124942256e+02
5.730822503276059433e+04 1.734536553182245916e+04 1.175032578753938139e+02
5.730822503437341948e+04 1.704280742889949033e+04 1.166398674470552379e+02
5.730822503598624462e+04 1.716071922931424342e+04 1.169966400204161090e+02
5.730822503759906976e+04 1.731267863734877028e+04 1.174034312243474290e+02
5.730822503921189491e+04 1.732723089804457413e+04 1.173767025119767311e+02
5.730822504082472005e+04 1.736584023043662455e+04 1.174996754476450604e+02
5.730822504243754520e+04 1.723042720636265585e+04 1.171973520100183208e+02
5.730822504405037034e+04 1.717174460429170722e+04 1.170225147975088476e+02
5.730822504566319549e+04 1.703141934630555261e+04 1.166454334367020493e+02
5.730822504727601336e+04 1.705300510757233133e+04 1.166598403620211286e+02
5.730822504888883850e+04 1.692728466792187464e+04 1.163319274320271290e+02
5.730822505050166365e+04 1.700461342483297994e+04 1.166203817348750675e+02
5.730822505211448879e+04 1.689629824259302404e+04 1.162252838621784008e+02
5.730822505372731393e+04 1.699972742134716464e+04 1.165200026275580427e+02
