5.730822435859999678e+04 6.008529484736557606e+03 6.706997637767331355e+01
5.730822436050445685e+04 6.078783816405275502e+03 6.740615692477585696e+01
5.730822436240891693e+04 6.037571527304517076e+03 6.718715306902558382e+01
5.730822436431336973e+04 6.044646047588628790e+03 6.722195855458657832e+01
5.730822436621782981e+04 5.994656629683292522e+03 6.698923656243761116e+01
5.730822436812228989e+04 6.025705138138951042e+03 6.714559674171755432e+01
5.730822437002674997e+04 6.060410061684380707e+03 6.731316185946482733e+01
5.730822437193120277e+04 6.058393569054506770e+03 6.728266757903728035e+01
5.730822437383566285e+04 6.060258928316836318e+03 6.726514604993144530e+01
5.730822437574012292e+04 5.969006502733534035e+03 6.684709533280594940e+01
5.730822437764458300e+04 6.036184431926139951e+03 6.714738238322983932e+01
5.730822437954903580e+04 6.172601061585414755e+03 6.779173317286598888e+01
5.730822438145349588e+04 6.076165428407290165e+03 6.737374595160711976e+01
5.730822438335795596e+04 6.008051399817535639e+03 6.706799196982066746e+01
5.730822438526241604e+04 6.091842130512604854e+03 6.742094091791156529e+01
5.730822438716687611e+04 6.140185216276971914e+03 6.766369989033820787e+01
5.730822438907132891e+04 6.089087790435922216e+03 6.741641747995633693e+01
5.730822439097578899e+04 6.129672022230797666e+03 6.757519926312343728e+01
5.730822439288024907e+04 6.090339042205604528e+03 6.738752628604393635e+01
5.730822439478470915e+04 6.077014254868362514e+03 6.734176513144376486e+01
5.730822439668916195e+04 6.114860223605287501e+03 6.751518210858174029e+01
5.730822439859362203e+04 6.013921701934192242e+03 6.706235263863281659e+01
5.730822440049808210e+04 6.082232006069951240e+03 6.733310157566950238e+01
5.730822440240254218e+04 6.266179275524905279e+03 6.821487929577173759e+01
5.730822440430699498e+04 6.388046338878091774e+03 6.877104941891097667e+01
5.730822440621145506e+04 6.675063136491134173e+03 7.006321788902759806e+01
5.730822440811591514e+04 7.196697997352452148e+03 7.233965950295798564e+01
5.730822441002037522e+04 8.014694710609994218e+03 7.582343264656947213e+01
5.730822441192483529e+04 8.519229682930115814e+03 7.787561802492132301e+01
5.730822441382928810e+04 9.134684028652700363e+03 8.028662179154827072e+01
5.730822441573374817e+04 9.889389749830448636e+03 8.320482996070519732e+01
5.730822441763820825e+04 1.046008213450250696e+04 8.530609755680509920e+01
5.730822441954266833e+04 1.070415297812131575e+04 8.620249739938775235e+01
5.730822442144712113e+04 1.087322696653734965e+04 8.682531299624582743e+01
5.730822442335158121e+04 1.114357910116759922e+04 8.774988147631033542e+01
5.730822442525604129e+04 1.123287512067560237e+04 8.809016905054616586e+01
5.730822442716050136e+04 1.145186843954878350e+04 8.886294737425598100e+01
5.730822442906495417e+04 1.123451874961429894e+04 8.809803629417993420e+01
5.730822443096941424e+04 1.104172593291474550e+04 8.739806124831866896e+01
5.730822443287387432e+04 1.092022063262523807e+04 8.697835978569007409e+01
5.730822443477833440e+04 1.065789351869496750e+04 8.603456127171760670e+01
5.730822443668279448e+04 1.053136300934074825e+04 8.558749879577463560e+01
5.730822443858724728e+04 1.029415460702548262e+04 8.470295280840444718e+01
5.730822444049170736e+04 1.052895724317619351e+04 8.554057358025637825e+01
5.730822444239616743e+04 1.069667730424700312e+04 8.613892793014359484e+01
5.730822444430062751e+04 1.088966377253480459e+04 8.685127827399966804e+01
5.730822444620508031e+04 1.145912189297181430e+04 8.888929030468403880e+01
5.730822444810954039e+04 1.161970886098579103e+04 8.947604268010255169e+01
5.730822445001400047e+04 1.160750372516264179e+04 8.940948780043991917e+01
5.730822445191846055e+04 1.154064360017382387e+04 8.919815798775734095e+01
5.730822445382291335e+04 1.140913333270565636e+04 8.871809262793223638e+01
5.730822445572737342e+04 1.128550692626554519e+04 8.828173102558614005e+01
5.730822445763183350e+04 1.114970732974702514e+04 8.779093584645814019e+01
5.730822445953629358e+04 1.084246343843958857e+04 8.671198547823674119e+01
5.730822446144075366e+04 1.065677290431536312e+04 8.601756462181123197e+01
5.730822446334520646e+04 1.054056416168946089e+04 8.559506486698062133e+01
5.730822446524966654e+04 1.040924330931810800e+04 8.513688631108591665e+01
5.730822446715412661e+04 1.066013140783845120e+04 8.605286762377809850e+01
5.730822446905858669e+04 1.091161683294631621e+04 8.694877918148236517e+01
5.730822447096303949e+04 1.116923335201999907e+04 8.786100545426275232e+01
5.730822447286749957e+04 1.145350709118112354e+04 8.886474313997800323e+01
5.730822447477195965e+04 1.175887357127868745e+04 8.992500542268561503e+01
5.730822447667641973e+04 1.166104800034080836e+04 8.959478152595454503e+01
5.730822447858087980e+04 1.149096535947545090e+04 8.900529364321577930e+01
5.730822448048533261e+04 1.120647043606857369e+04 8.800756452004124242e+01
5.730822448238979268e+04 1.086301344236042678e+04 8.677946985225629817e+01
5.730822448429425276e+04 1.083425632719264104e+04 8.666105680142240431e+01
5.730822448619871284e+04 1.059545796127563881e+04 8.579289569548318184e+01
5.730822448810316564e+04 1.054733780623367966e+04 8.561540717452635363e+01
5.730822449000762572e+04 1.085604263491291567e+04 8.674914166941422877e+01
5.730822449191208580e+04 1.085262689797346320e+04 8.672885175333964014e+01
5.730822449381654587e+04 1.067340429243710241e+04 8.607496066967472359e+01
5.730822449572099868e+04 1.054609870613944986e+04 8.562971696931761301e+01
5.730822449762545875e+04 1.034760884342262580e+04 8.492552527625416303e+01
5.730822449952991883e+04 1.040278635999626385e+04 8.508090164169192349e+01
5.730822450143437891e+04 1.038045891369057790e+04 8.504616889383635225e+01
5.730822450333883899e+04 1.039493760230261978e+04 8.508028010998212665e+01
5.730822450524329179e+04 1.050543133987388865e+04 8.545501706837947609e+01
5.730822450714775186e+04 1.035817312434199994e+04 8.494914348982005947e+01
5.730822450905221194e+04 1.039363678574197002e+04 8.509424412196338494e+01
5.730822451095667202e+04 1.020982752771540800e+04 8.437961754340260256e+01
5.730822451286112482e+04 1.028183436478178919e+04 8.465470875322282041e+01
5.730822451476558490e+04 1.042306522393892737e+04 8.518006117655062326e+01
5.730822451667004498e+04 1.066996379382315354e+04 8.609030503123958056e+01
5.730822451857450505e+04 1.081162782687011713e+04 8.657342747769519065e+01
5.730822452047895786e+04 1.080729708982303055e+04 8.655915539800034253e+01
5.730822452238341793e+04 1.077630224320448178e+04 8.645086863283692935e+01
5.730822452428787801e+04 1.069720301209594072e+04 8.618022569563403579e+01
5.730822452619233809e+04 1.081280989350058371e+04 8.660895231708745712e+01
5.730822452809679817e+04 1.086078317825232807e+04 8.676169908521555385e+01
5.730822453000125097e+04 1.101265049109722167e+04 8.731584059702349521e+01
5.730822453190571105e+04 1.108873638663891143e+04 8.757351678008051010e+01
5.730822453381017112e+04 1.106571461107054529e+04 8.748653974185904758e+01
5.730822453571463120e+04 1.112099309613608602e+04 8.769353394496262410e+01
5.730822453761908400e+04 1.123477998393273083e+04 8.806197515006662968e+01
5.730822453952354408e+04 1.097373861728507472e+04 8.716398791672531843e+01
5.730822454142800416e+04 1.113594703710040812e+04 8.774637254932495978e+01
5.730822454333246424e+04 1.109676388035481432e+04 8.761228168543190975e+01
5.730822454523691704e+04 1.105220253264425264e+04 8.746045732638096126e+01
5.730822454714137712e+04 1.104867459763158149e+04 8.743059872035564695e+01
5.730822454904583719e+04 1.052809875093547453e+04 8.554586371259524924e+01
5.730822455095029727e+04 1.041840996668158914e+04 8.515598011823999514e+01
5.730822455285475735e+04 1.039500855197740930e+04 8.509420208228226556e+01
5.730822455475921015e+04 1.068690320651480215e+04 8.612772132992742513e+01
5.730822455666367023e+04 1.096734419405435256e+04 8.715511657781432575e+01
5.730822455856813031e+04 1.143574796395165140e+04 8.880128050210782931e+01
5.730822456047259038e+04 1.151786808628598556e+04 8.909278967242464375e+01
5.730822456237704318e+04 1.136356571076549699e+04 8.857373312207573690e+01
5.730822456428150326e+04 1.117614429810380170e+04 8.790271157763051235e+01
5.730822456618596334e+04 1.097681538195550274e+04 8.717437806173607839e+01
5.730822456809042342e+04 1.081989084480434212e+04 8.660094583756630016e+01
5.730822456999487622e+04 1.084053840354820932e+04 8.668442831053832265e+01
5.730822457189933630e+04 1.066873017485443779e+04 8.605722124223721892e+01
5.730822457380379637e+04 1.085473105771029623e+04 8.670848281883652930e+01
5.730822457570825645e+04 1.071417015961134712e+04 8.620886718540907623e+01
5.730822457761271653e+04 1.068157919949174720e+04 8.611730796779575314e+01
5.730822457951716933e+04 1.073845620179012622e+04 8.633436682628759229e+01
5.730822458142162941e+04 1.088490320653126037e+04 8.683547942963815558e+01
5.730822458332608949e+04 1.078800117060136654e+04 8.649356999258633039e+01
5.730822458523054956e+04 1.081839297101101874e+04 8.662305991270775962e+01
5.730822458713500237e+04 1.065630046854470856e+04 8.601320567090466795e+01
5.730822458903946244e+04 1.058306515397821204e+04 8.574122484623336504e+01
5.730822459094392252e+04 1.033296841100024903e+04 8.483646100204332186e+01
5.730822459284838260e+04 1.047996168504779780e+04 8.537923508178407417e+01
5.730822459475283540e+04 1.044000790894358397e+04 8.523068490506402384e+01
5.730822459665729548e+04 1.040881004742803270e+04 8.508700151188222094e+01
5.730822459856175556e+04 1.053486545922288497e+04 8.555846985032357566e+01
5.730822460046621563e+04 1.099113573302212535e+04 8.724854040278643197e+01
5.730822460237067571e+04 1.115817043199045293e+04 8.784501114800494292e+01
5.730822460427512851e+04 1.104658602159145994e+04 8.743186112955295641e+01
5.730822460617958859e+04 1.115452888287972564e+04 8.782822523475745413e+01
5.730822460808404867e+04 1.148346453054584163e+04 8.899389395887369858e+01
5.730822460998850875e+04 1.171668843928652677e+04 8.976746362033605919e+01
5.730822461189296155e+04 1.151160728071038284e+04 8.907354323936600338e+01
5.730822461379742163e+04 1.112502619551973658e+04 8.771369314554453922e+01
5.730822461570188170e+04 1.072678870120712054e+04 8.628401521624869019e+01
5.730822461760634178e+04 1.065222306533092706e+04 8.599569904571202983e+01
5.730822461951079458e+04 1.061741834968138573e+04 8.587832859152857168e+01
5.730822462141525466e+04 1.090444705177389369e+04 8.689384927702816697e+01
5.730822462331971474e+04 1.084868158711632714e+04 8.670324110078313140e+01
5.730822462522417482e+04 1.084732856013483251e+04 8.670713197163892971e+01
5.730822462712863489e+04 1.080480364360161002e+04 8.656669127303446487e+01
5.730822462903308769e+04 1.075540478626713957e+04 8.639474143393331929e+01
5.730822463093754777e+04 1.097034116036955675e+04 8.714412188300704543e+01
5.730822463284200785e+04 1.109444620435578508e+04 8.756756596931357706e+01
5.730822463474646793e+04 1.127093420488467564e+04 8.822383398894380946e+01
5.730822463665092073e+04 1.130242120305022763e+04 8.834111533049049569e+01
5.730822463855538081e+04 1.128704031316964574e+04 8.826277793814958272e+01
5.730822464045984088e+04 1.094254339589001574e+04 8.705768016960502109e+01
5.730822464236430096e+04 1.093401327444727576e+04 8.703474271015392105e+01
5.730822464426875376e+04 1.094487188602739116e+04 8.706352017297496104e+01
5.730822464617321384e+04 1.070471714703568978e+04 8.616959516117806572e+01
5.730822464807767392e+04 1.051362495571046384e+04 8.549990040465834795e+01
5.730822464998213400e+04 1.030974271126982785e+04 8.473565394159211905e+01
5.730822465188659407e+04 1.039240262911123500e+04 8.504296869283238891e+01
5.730822465379104688e+04 1.071316640043683401e+04 8.624014073914408129e+01
5.730822465569550695e+04 1.108573847221833057e+04 8.756928329440772529e+01
5.730822465759996703e+04 1.120422583341790960e+04 8.795466679883629979e+01
5.730822465950442711e+04 1.146849541615955604e+04 8.890636152386866797e+01
5.730822466140887991e+04 1.139455440515806185e+04 8.865738237955652323e+01
5.730822466331333999e+04 1.097945892950444613e+04 8.715834971369493189e+01
5.730822466521780007e+04 1.061987985019700500e+04 8.588486872602335609e+01
5.730822466712226014e+04 1.032907516284664780e+04 8.484334874102609092e+01
5.730822466902671295e+04 1.016988159779642410e+04 8.425540075758370051e+01
5.730822467093117302e+04 1.013116510640479828e+04 8.410357724095766230e+01
5.730822467283563310e+04 1.032316944896687528e+04 8.481409278401380902e+01
5.730822467474009318e+04 1.058418032270877484e+04 8.574393229510310732e+01
5.730822467664455326e+04 1.086130305015308841e+04 8.673099265706339622e+01
5.730822467854900606e+04 1.084762125280260261e+04 8.670460518565599273e+01
5.730822468045346614e+04 1.086899600834239754e+04 8.677623730802814350e+01
5.730822468235792621e+04 1.093964340979510234e+04 8.705130909235813874e+01
5.730822468426238629e+04 1.069746975674878195e+04 8.617477436364836763e+01
5.730822468616683909e+04 1.054154784047034445e+04 8.560166640923171144e+01
5.730822468807129917e+04 1.027992477492731450e+04 8.464060638616871302e+01
5.730822468997575925e+04 1.033493690214239359e+04 8.484522850844386710e+01
5.730822469188021932e+04 1.029805863545985994e+04 8.472909737676398834e+01
5.730822469378467213e+04 1.039769713948198660e+04 8.509501799095582442e+01
5.730822469568913220e+04 1.040761797987465616e+04 8.511757200699955206e+01
5.730822469759359228e+04 1.049055723021512495e+04 8.541896813218465923e+01
5.730822469949805236e+04 1.059848948012399342e+04 8.579306746876945056e+01
5.730822470140251244e+04 1.045806549771885875e+04 8.531003894444296520e+01
5.730822470330696524e+04 1.063471772873434202e+04 8.596538063953600783e+01
5.730822470521142532e+04 1.057723113532726529e+04 8.572721888576646165e+01
5.730822470711588539e+04 1.046921622010092324e+04 8.530778764320275798e+01
5.730822470902034547e+04 1.054335283633220934e+04 8.560418096167836666e+01
5.730822471092479827e+04 1.050017461864514917e+04 8.546763423089642231e+01
5.730822471282925835e+04 1.077019604910024827e+04 8.643568349378067239e+01
5.730822471473371843e+04 1.089446580814797562e+04 8.686636419549310517e+01
5.730822471663817851e+04 1.088457594357958988e+04 8.681897644720402241e+01
5.730822471854263858e+04 1.075456510664880807e+04 8.636430585452956166e+01
5.730822472044709139e+04 1.087295297680829754e+04 8.679913350046042808e+01
5.730822472235155146e+04 1.067857761833161931e+04 8.609047787184383083e+01
5.730822472425601154e+04 1.059209019187864033e+04 8.577700001637587945e+01
5.730822472616047162e+04 1.075030502656779208e+04 8.637086136807954517e+01
5.730822472806492442e+04 1.121887258160362217e+04 8.805594112571530729e+01
5.730822472996938450e+04 1.164477296264637334e+04 8.954671139533513724e+01
5.730822473187384458e+04 1.189744928143518700e+04 9.042667086976138080e+01
5.730822473377830465e+04 1.185192145585548678e+04 9.027236064269577298e+01
5.730822473568275745e+04 1.161065614899073989e+04 8.942060326489212230e+01
5.730822473758721753e+04 1.138452313823733493e+04 8.864000220025788224e+01
5.730822473949167761e+04 1.126932352966783219e+04 8.822668816647772871e+01
5.730822474139613769e+04 1.126378615909055043e+04 8.820265967170058730e+01
5.730822474330059777e+04 1.107115876829295485e+04 8.751970469239785189e+01
5.730822474520505057e+04 1.095230777826216399e+04 8.710979134212421116e+01
5.730822474710951064e+04 1.107540162083191899e+04 8.754398380977714567e+01
5.730822474901397072e+04 1.110565395069351325e+04 8.761502158394942796e+01
5.730822475091843080e+04 1.091442030083962709e+04 8.698037404403140727e+01
5.730822475282288360e+04 1.057859716566493807e+04 8.573317780116430242e+01
5.730822475472734368e+04 1.050846746716204507e+04 8.547604496809518082e+01
5.730822475663180376e+04 1.069007438921357789e+04 8.613790118871037294e+01
5.730822475853626383e+04 1.108529941711343599e+04 8.759026817162111911e+01
5.730822476044071664e+04 1.150511183158631320e+04 8.906613214713074456e+01
5.730822476234517671e+04 1.128392213398948843e+04 8.827314805330490799e+01
5.730822476424963679e+04 1.063107637306436118e+04 8.594749442355073654e+01
5.730822476615409687e+04 1.015124742282908301e+04 8.417159870147969514e+01
5.730822476805855695e+04 1.013927806573617454e+04 8.412900096355110691e+01
5.730822476996300975e+04 1.020299398593467777e+04 8.435368434532708193e+01
5.730822477186746983e+04 1.021873952225994981e+04 8.440566550070086294e+01
5.730822477377192990e+04 1.015943866193168833e+04 8.418073660538370007e+01
5.730822477567638998e+04 1.049802369082791847e+04 8.545635571593737723e+01
5.730822477758084278e+04 1.055228717761203734e+04 8.564954005214903532e+01
5.730822477948530286e+04 1.054935110712280766e+04 8.560656201157355838e+01
5.730822478138976294e+04 1.031358368827094273e+04 8.474846178678392050e+01
5.730822478329422302e+04 1.041661442482142593e+04 8.515490254983333784e+01
5.730822478519867582e+04 1.052291904131168485e+04 8.554532009507573775e+01
5.730822478710313590e+04 1.062219798659718617e+04 8.588534537823518633e+01
5.730822478900759597e+04 1.071637401299860721e+04 8.624314227820532608e+01
5.730822479091205605e+04 1.067918744908967346e+04 8.612900227741342007e+01
5.730822479281651613e+04 1.045666644004561749e+04 8.529739986502498539e+01
5.730822479472096893e+04 1.038490613082214622e+04 8.503034688368640559e+01
5.730822479662542901e+04 1.011543283376351428e+04 8.401107422846504846e+01
5.730822479852988909e+04 1.025189177816402116e+04 8.453278264402102593e+01
5.730822480043434916e+04 1.046003888073951566e+04 8.528804222315230277e+01
5.730822480233880196e+04 1.063967757338199590e+04 8.599048961565895866e+01
5.730822480424326204e+04 1.091453585139608185e+04 8.696163430332455846e+01
5.730822480614772212e+04 1.102289847635731348e+04 8.732673348801208135e+01
5.730822480805218220e+04 1.092310157384676859e+04 8.699338237358729486e+01
5.730822480995663500e+04 1.065418668606306892e+04 8.602635379011275063e+01
5.730822481186109508e+04 1.042220155220147899e+04 8.518530560537688245e+01
5.730822481376555515e+04 1.033764804880188240e+04 8.484837456125760013e+01
5.730822481567001523e+04 1.060961773858281958e+04 8.583311777349696570e+01
5.730822481757447531e+04 1.104204737197186114e+04 8.739304739328862581e+01
5.730822481947892811e+04 1.175023261842552347e+04 8.991785164686450571e+01
5.730822482138338819e+04 1.224508531472886534e+04 9.160563741915285618e+01
5.730822482328784827e+04 1.192821707404610788e+04 9.050144349279624123e+01
5.730822482519230834e+04 1.115412138159889400e+04 8.780786331416285861e+01
5.730822482709676115e+04 1.066813972811929125e+04 8.606737748942383348e+01
5.730822482900122122e+04 1.041226540638012739e+04 8.513717891454311371e+01
5.730822483090568130e+04 1.058419529539510404e+04 8.575361588974332960e+01
5.730822483281014138e+04 1.055352652225604106e+04 8.563818566384672692e+01
5.730822483471459418e+04 1.037865138777346328e+04 8.499717776536111558e+01
5.730822483661905426e+04 1.015379326113086427e+04 8.430702272107131989e+01
5.730822483852351434e+04 1.021598537592518915e+04 8.448091440845566069e+01
5.730822484042797441e+04 1.031572046028946534e+04 8.477832028458692548e+01
5.730822484233243449e+04 1.068626086499701705e+04 8.611924173733112298e+01
5.730822484423688729e+04 1.092605893183121771e+04 8.698867272975812170e+01
5.730822484614134737e+04 1.091128377315575199e+04 8.695635098167038279e+01
5.730822484804580745e+04 1.080407676715626076e+04 8.656321100299183513e+01
5.730822484995026753e+04 1.065433122476715835e+04 8.601902135723230458e+01
5.730822485185472033e+04 1.073609426938500837e+04 8.634410555350130778e+01
5.730822485375918041e+04 1.084785306334237976e+04 8.673763221243885368e+01
5.730822485566364048e+04 1.092361685350279549e+04 8.701896882723139015e+01
5.730822485756810056e+04 1.096883695987227475e+04 8.715586452244917837e+01
5.730822485947255336e+04 1.090025463267438317e+04 8.692929082742239189e+01
5.730822486137701344e+04 1.088813179102867798e+04 8.684933573190339473e+01
5.730822486328147352e+04 1.104283159361113212e+04 8.743907664481523057e+01
5.730822486518593360e+04 1.115726249682314483e+04 8.785909447405823869e+01
5.730822486709039367e+04 1.136851326200660696e+04 8.861209512051257775e+01
5.730822486899484647e+04 1.138536241232508655e+04 8.867766317502731965e+01
5.730822487089930655e+04 1.134597514816335752e+04 8.853432273449385548e+01
5.730822487280376663e+04 1.109158669411494702e+04 8.761195837964874045e+01
5.730822487470822671e+04 1.094661967466532587e+04 8.710900771455696656e+01
5.730822487661267951e+04 1.068720585706039310e+04 8.617756996197870478e+01
5.730822487851713959e+04 1.077202937568744710e+04 8.649953124059983622e+01
5.730822488042159966e+04 1.098208789541040096e+04 8.724575077128160672e+01
5.730822488232605974e+04 1.108316938802737604e+04 8.760456442787543097e+01
5.730822488423051254e+04 1.111479597331312107e+04 8.768438408328739797e+01
5.730822488613497262e+04 1.113616693340769780e+04 8.777219474078545147e+01
5.730822488803943270e+04 1.108172318358512348e+04 8.760966328125918778e+01
5.730822488994389278e+04 1.098860665854300896e+04 8.727762233386947344e+01
5.730822489184835285e+04 1.080907627537397639e+04 8.662961477596937243e+01
5.730822489375280566e+04 1.075415015738832699e+04 8.642490162303447221e+01
5.730822489565726573e+04 1.080317147745037983e+04 8.660698771266137896e+01
5.730822489756172581e+04 1.095434806915965601e+04 8.714482978290270410e+01
5.730822489946618589e+04 1.116400781954047670e+04 8.789923936634879453e+01
5.730822490137063869e+04 1.124880781410375857e+04 8.817733752063077191e+01
5.730822490327509877e+04 1.125070975292771618e+04 8.819539237349876259e+01
5.730822490517955885e+04 1.117964647735063591e+04 8.795684472749994143e+01
5.730822490708401892e+04 1.116705048945790986e+04 8.788220083266899962e+01
5.730822490898847173e+04 1.127203696966980715e+04 8.825934247905055940e+01
5.730822491089293180e+04 1.109399019472951113e+04 8.763984099640281045e+01
5.730822491279739188e+04 1.091667367167606426e+04 8.700160344756301356e+01
5.730822491470185196e+04 1.086099174792769008e+04 8.681056892518445522e+01
5.730822491660631204e+04 1.090618488145780611e+04 8.696057557471246469e+01
5.730822491851076484e+04 1.063526791652852444e+04 8.597907062283272239e+01
5.730822492041522491e+04 1.040182162773508389e+04 8.512349096915787072e+01
5.730822492231968499e+04 1.013493254179992073e+04 8.414118372726251494e+01
5.730822492422414507e+04 9.886459190069721444e+03 8.321499286337541434e+01
5.730822492612859787e+04 9.673609162637831105e+03 8.241920550896813324e+01
5.730822492803305795e+04 9.957648757144430419e+03 8.347285990847555581e+01
5.730822492993751803e+04 1.027195571039949209e+04 8.464204808696676707e+01
5.730822493184197810e+04 1.063573188038821354e+04 8.598243954363680075e+01
5.730822493374643091e+04 1.069123988756618382e+04 8.619510176935678203e+01
5.730822493565089098e+04 1.071933684932431970e+04 8.626210538239904224e+01
5.730822493755535106e+04 1.098305561635601043e+04 8.722813600290098179e+01
5.730822493945981114e+04 1.087303466494172972e+04 8.683026078696249783e+01
5.730822494136427122e+04 1.051340201305863047e+04 8.551706659698008650e+01
5.730822494326872402e+04 1.015666200513343938e+04 8.422939466820997723e+01
5.730822494517318410e+04 1.005212333548835522e+04 8.384383969905285028e+01
5.730822494707764417e+04 1.005906997821494588e+04 8.385515821498647426e+01
5.730822494898210425e+04 9.940543101884921271e+03 8.343964354279316353e+01
5.730822495088655705e+04 9.925372495608544341e+03 8.336192829174852648e+01
5.730822495279101713e+04 9.899703901407527155e+03 8.326080394110866223e+01
5.730822495469547721e+04 1.013618127676777112e+04 8.413609331762376087e+01
5.730822495659993729e+04 1.030083693836569182e+04 8.473533204197677549e+01
5.730822495850439736e+04 1.035611500428248473e+04 8.495672592019546698e+01
5.730822496040885017e+04 1.029968800199235193e+04 8.474916042570440311e+01
5.730822496231331024e+04 1.033489287598552619e+04 8.488614186559773600e+01
5.730822496421777032e+04 1.042312875070769769e+04 8.519477412812270245e+01
5.730822496612223040e+04 1.041158951389618596e+04 8.514715366974947131e+01
5.730822496802668320e+04 1.034315209991622396e+04 8.490993354277885885e+01
5.730822496993114328e+04 1.022865790994321651e+04 8.448970193099808057e+01
5.730822497183560336e+04 1.027382164800057944e+04 8.467340819908584137e+01
5.730822497374006343e+04 1.052030478888939979e+04 8.559184612965793804e+01
5.730822497564451623e+04 1.062999343989849513e+04 8.596618651922194942e+01
5.730822497754897631e+04 1.079612856293409823e+04 8.656721573271379100e+01
5.730822497945343639e+04 1.101695396457636343e+04 8.736042978806942472e+01
5.730822498135789647e+04 1.111254556495478391e+04 8.771703869375424745e+01
5.730822498326235655e+04 1.097681172844734647e+04 8.721605576853166042e+01
5.730822498516680935e+04 1.075796086887277488e+04 8.641700871608054513e+01
5.730822498707126942e+04 1.046482098616389521e+04 8.532140698768209575e+01
5.730822498897572950e+04 9.991564306173226214e+03 8.358768736876383798e+01
5.730822499088018958e+04 9.510659123652047128e+03 8.180085796906344342e+01
5.730822499278464238e+04 8.978908058872373658e+03 7.971412530768628812e+01
5.730822499468910246e+04 8.459419609276661504e+03 7.765284031344735638e+01
5.730822499659356254e+04 8.135750449185272373e+03 7.635274707631364777e+01
5.730822499849802261e+04 7.683540951773380584e+03 7.448943200735921266e+01
5.730822500040247542e+04 7.060101715118573338e+03 7.182439440768888517e+01
5.730822500230693549e+04 6.715574437711901737e+03 7.033247878184744195e+01
5.730822500421139557e+04 6.548967040358984377e+03 6.957223364223985129e+01
5.730822500611585565e+04 6.279592533669305340e+03 6.835505795981501365e+01
5.730822500802031573e+04 6.117254281804191123e+03 6.760355240705835911e+01
5.730822500992476853e+04 6.129879557282685710e+03 6.765463858913068407e+01
5.730822501182922861e+04 6.173147881659144332e+03 6.783884108049232964e+01
5.730822501373368868e+04 6.136034509831376454e+03 6.765996256865739156e+01
5.730822501563814876e+04 6.025410337531656296e+03 6.713819808865143557e+01
5.730822501754260156e+04 6.076741803557144522e+03 6.739715104873418738e+01
5.730822501944706164e+04 6.109115257941450182e+03 6.754188875336268438e+01
5.730822502135152172e+04 6.106092575544173997e+03 6.753934883159439551e+01
5.730822502325598180e+04 5.938328053958911369e+03 6.674677502128078288e+01
5.730822502516043460e+04 6.066421589337947808e+03 6.734498142894338457e+01
5.730822502706489468e+04 5.977913469338794130e+03 6.695491521978271976e+01
5.730822502896935475e+04 5.964084104803045193e+03 6.689784226791181254e+01
5.730822503087381483e+04 5.972612900345588969e+03 6.691059283785644141e+01
5.730822503277827491e+04 6.175240784061597878e+03 6.782498861772737087e+01
5.730822503468272771e+04 6.019166271042890912e+03 6.717949755396227829e+01
5.730822503658718779e+04 6.004435382031146219e+03 6.706477139609555138e+01
5.730822503849164787e+04 6.091618253866889063e+03 6.743430082344774235e+01
5.730822504039610794e+04 6.004154566318056823e+03 6.707267778701221062e+01
5.730822504230056074e+04 5.999366371435718065e+03 6.703262491401486045e+01
5.730822504420502082e+04 5.936170835155983696e+03 6.672072716011163607e+01
5.730822504610948090e+04 5.987323845943966262e+03 6.699707286546218654e+01
5.730822504801394098e+04 6.069358124227665030e+03 6.737070020048204810e+01
5.730822504991839378e+04 6.088652173840362593e+03 6.747670159490418484e+01
5.730822505182285386e+04 6.030192831056312571e+03 6.718060516555958372e+01
5.730822505372731393e+04 6.012721014577290589e+03 6.711983244331040055e+01
