5.730822435859999678e+04 5.682654057124535939e+03 6.500310199012368173e+01
5.730822436050445685e+04 5.647568451615058621e+03 6.483168467312704308e+01
5.730822436240891693e+04 5.667719587410159875e+03 6.493620368807653165e+01
5.730822436431336973e+04 5.588766701726763131e+03 6.452556097244836053e+01
5.730822436621782981e+04 5.680594788889727170e+03 6.497988215658169509e+01
5.730822436812228989e+04 5.603053978635166459e+03 6.461248832025795252e+01
5.730822437002674997e+04 5.685914960645894098e+03 6.500443269102679267e+01
5.730822437193120277e+04 5.637097697316062295e+03 6.479437959514810075e+01
5.730822437383566285e+04 5.675162264887217134e+03 6.494998838812439601e+01
5.730822437574012292e+04 5.673515032840634376e+03 6.493749702495867382e+01
5.730822437764458300e+04 5.756815741159438403e+03 6.534804611804543129e+01
5.730822437954903580e+04 5.633195597870340862e+03 6.471215921281716987e+01
5.730822438145349588e+04 5.811881019695837495e+03 6.556265891844893190e+01
5.730822438335795596e+04 5.824817319770704671e+03 6.566715178250981921e+01
5.730822438526241604e+04 5.719373328159270386e+03 6.515989518333688579e+01
5.730822438716687611e+04 5.695103786756715635e+03 6.506171995343183312e+01
5.730822438907132891e+04 5.704137317204261308e+03 6.509458108870680348e+01
5.730822439097578899e+04 5.849253831343996353e+03 6.579245062618062434e+01
5.730822439288024907e+04 5.830453715783325606e+03 6.571893289947740868e+01
5.730822439478470915e+04 5.816926810920998832e+03 6.564951371486553455e+01
5.730822439668916195e+04 5.965054977963998681e+03 6.634487872539142472e+01
5.730822439859362203e+04 6.112824965234922274e+03 6.705788195993629586e+01
5.730822440049808210e+04 6.352045748131770779e+03 6.815564750294281282e+01
5.730822440240254218e+04 6.843064866533828535e+03 7.036019180320026578e+01
5.730822440430699498e+04 7.521897032612564544e+03 7.331438938997607124e+01
5.730822440621145506e+04 8.657488926258281936e+03 7.799673533300381223e+01
5.730822440811591514e+04 1.002719350348472290e+04 8.331107451097658156e+01
5.730822441002037522e+04 1.137651525135644806e+04 8.822321997093199286e+01
5.730822441192483529e+04 1.280111989913131038e+04 9.313390219290666039e+01
5.730822441382928810e+04 1.378230396000265500e+04 9.637404862348579115e+01
5.730822441573374817e+04 1.430247462050207287e+04 9.804994087372548961e+01
5.730822441763820825e+04 1.454916232049935570e+04 9.883733453622052423e+01
5.730822441954266833e+04 1.451975425410788921e+04 9.875777600393935529e+01
5.730822442144712113e+04 1.437203591371770744e+04 9.828107474098916896e+01
5.730822442335158121e+04 1.406814830096526930e+04 9.727514273151284385e+01
5.730822442525604129e+04 1.413675406179799938e+04 9.751869488891146887e+01
5.730822442716050136e+04 1.405488235075722514e+04 9.724677656359058631e+01
5.730822442906495417e+04 1.428621009095724003e+04 9.798623404619181088e+01
5.730822443096941424e+04 1.444722277684609799e+04 9.851044722071239335e+01
5.730822443287387432e+04 1.469118418923399440e+04 9.928841001728977744e+01
5.730822443477833440e+04 1.507328594027263716e+04 1.004689479504687313e+02
5.730822443668279448e+04 1.532279440776517549e+04 1.012407805299979060e+02
5.730822443858724728e+04 1.537135984305369857e+04 1.014010757379757877e+02
5.730822444049170736e+04 1.563124125300552987e+04 1.022079979098599836e+02
5.730822444239616743e+04 1.555404036419570184e+04 1.019583977278001186e+02
5.730822444430062751e+04 1.565611998156388472e+04 1.022665995601231970e+02
5.730822444620508031e+04 1.573147260912785168e+04 1.024997780935052845e+02
5.730822444810954039e+04 1.619353077249236230e+04 1.039210628351340659e+02
5.730822445001400047e+04 1.620649930498336107e+04 1.039568268861932836e+02
5.730822445191846055e+04 1.591822008034892497e+04 1.030813730266789179e+02
5.730822445382291335e+04 1.523319606345267857e+04 1.009708642487817372e+02
5.730822445572737342e+04 1.483699571873472996e+04 9.974252830968983119e+01
5.730822445763183350e+04 1.436848264969028787e+04 9.824486219436641932e+01
5.730822445953629358e+04 1.401338090428690703e+04 9.710580041647897076e+01
5.730822446144075366e+04 1.405896842371551429e+04 9.727056690248058146e+01
5.730822446334520646e+04 1.459344844044100864e+04 9.896851737698217732e+01
5.730822446524966654e+04 1.527081968588900236e+04 1.010902151258942467e+02
5.730822446715412661e+04 1.623021090436242775e+04 1.039958100858608105e+02
5.730822446905858669e+04 1.615040919647543888e+04 1.037687541964448030e+02
5.730822447096303949e+04 1.572686887853257031e+04 1.024899676077116055e+02
5.730822447286749957e+04 1.522984356178302551e+04 1.009687713905359772e+02
5.730822447477195965e+04 1.496409272885120663e+04 1.001444494228809390e+02
5.730822447667641973e+04 1.467052265218845605e+04 9.922794568270440152e+01
5.730822447858087980e+04 1.475099864432480717e+04 9.947709884429634997e+01
5.730822448048533261e+04 1.501126111040351680e+04 1.002733744308645356e+02
5.730822448238979268e+04 1.491024639802418642e+04 9.994229660959599926e+01
5.730822448429425276e+04 1.475110778099816343e+04 9.945817523873954258e+01
5.730822448619871284e+04 1.487024831252394142e+04 9.986404168558748040e+01
5.730822448810316564e+04 1.467080392320860301e+04 9.922805842105584873e+01
5.730822449000762572e+04 1.482048753218326965e+04 9.965686374906884737e+01
5.730822449191208580e+04 1.499051862218984024e+04 1.002209560276004652e+02
5.730822449381654587e+04 1.491882146706824642e+04 9.999157982104011921e+01
5.730822449572099868e+04 1.458652832249776293e+04 9.893621386552058539e+01
5.730822449762545875e+04 1.420329105994327438e+04 9.772015093324678503e+01
5.730822449952991883e+04 1.398975815941622750e+04 9.705971757461070126e+01
5.730822450143437891e+04 1.409159658147566734e+04 9.736659025466003925e+01
5.730822450333883899e+04 1.382265612974997202e+04 9.649182060615653711e+01
5.730822450524329179e+04 1.383202873671442285e+04 9.650940722306538078e+01
5.730822450714775186e+04 1.387579595619598149e+04 9.667107775231716005e+01
5.730822450905221194e+04 1.404527728734314769e+04 9.721754319231705210e+01
5.730822451095667202e+04 1.439665827216453908e+04 9.836408268582140124e+01
5.730822451286112482e+04 1.457176684691949413e+04 9.891359521655078879e+01
5.730822451476558490e+04 1.471514522024493090e+04 9.936615204073699203e+01
5.730822451667004498e+04 1.480909774772787569e+04 9.965664015456962943e+01
5.730822451857450505e+04 1.458806170949453190e+04 9.897171244916007993e+01
5.730822452047895786e+04 1.419457386849652539e+04 9.770224975297959702e+01
5.730822452238341793e+04 1.408647086303067044e+04 9.737233234895693101e+01
5.730822452428787801e+04 1.426406359895048627e+04 9.792678247251339485e+01
5.730822452619233809e+04 1.444919169965802575e+04 9.851048946550481844e+01
5.730822452809679817e+04 1.455678595527166908e+04 9.885276411576934663e+01
5.730822453000125097e+04 1.489322029370918790e+04 9.990706644785372248e+01
5.730822453190571105e+04 1.502175200075744033e+04 1.003350779783899611e+02
5.730822453381017112e+04 1.482770132924055724e+04 9.973452865585370830e+01
5.730822453571463120e+04 1.500588851221052937e+04 1.002759876072024099e+02
5.730822453761908400e+04 1.550094114486804756e+04 1.018121428711717584e+02
5.730822453952354408e+04 1.608099881729537265e+04 1.035790761498550552e+02
5.730822454142800416e+04 1.654877555221536386e+04 1.049763365640940407e+02
5.730822454333246424e+04 1.640146489720087629e+04 1.045483176553488534e+02
5.730822454523691704e+04 1.543804010570780883e+04 1.016180215683914270e+02
5.730822454714137712e+04 1.463800642466352474e+04 9.909308387533187101e+01
5.730822454904583719e+04 1.425296202213974175e+04 9.789253685203762245e+01
5.730822455095029727e+04 1.462144451443382241e+04 9.904935538756970459e+01
5.730822455285475735e+04 1.512050355956297062e+04 1.006251140153520538e+02
5.730822455475921015e+04 1.541739765578747574e+04 1.015533861485466502e+02
5.730822455666367023e+04 1.534351867217956533e+04 1.012994562670764793e+02
5.730822455856813031e+04 1.513550700861666155e+04 1.006668276772032584e+02
5.730822456047259038e+04 1.515013085419898380e+04 1.007200294707175630e+02
5.730822456237704318e+04 1.529577117779989931e+04 1.011706138183665473e+02
5.730822456428150326e+04 1.549349034332917654e+04 1.017714518531362842e+02
5.730822456618596334e+04 1.542790617798002131e+04 1.015978994568956750e+02
5.730822456809042342e+04 1.498136065674093697e+04 1.002007125203375466e+02
5.730822456999487622e+04 1.489470658909749545e+04 9.992011634849438906e+01
5.730822457189933630e+04 1.489015061153905299e+04 9.990582588682103449e+01
5.730822457380379637e+04 1.466506795051096742e+04 9.920712333893250445e+01
5.730822457570825645e+04 1.418739054677233980e+04 9.767391673763009408e+01
5.730822457761271653e+04 1.371526386494160579e+04 9.617120413415958069e+01
5.730822457951716933e+04 1.361398051746339115e+04 9.584151720647392381e+01
5.730822458142162941e+04 1.380442834679041698e+04 9.646782069931983017e+01
5.730822458332608949e+04 1.406284072666079919e+04 9.728487012873991091e+01
5.730822458523054956e+04 1.428336670972868160e+04 9.798292376120120650e+01
5.730822458713500237e+04 1.452594201604277259e+04 9.876340290694436419e+01
5.730822458903946244e+04 1.466114209838867464e+04 9.919040854756975989e+01
5.730822459094392252e+04 1.468346686528033024e+04 9.927365480115109619e+01
5.730822459284838260e+04 1.496417594739673223e+04 1.001382411843219700e+02
5.730822459475283540e+04 1.519009127419241486e+04 1.008424103505538625e+02
5.730822459665729548e+04 1.555378397358403163e+04 1.019575895189850030e+02
5.730822459856175556e+04 1.564997289875167553e+04 1.022599274299215750e+02
5.730822460046621563e+04 1.564321968758832554e+04 1.022344240980124397e+02
5.730822460237067571e+04 1.529503590433215686e+04 1.011613832905051709e+02
5.730822460427512851e+04 1.501993685783181354e+04 1.003017980780845306e+02
5.730822460617958859e+04 1.500581082264918223e+04 1.002757523417471504e+02
5.730822460808404867e+04 1.500422233443168079e+04 1.002604287035153305e+02
5.730822460998850875e+04 1.502039031204753883e+04 1.003014757000889006e+02
5.730822461189296155e+04 1.491042536224341166e+04 9.996061035632466485e+01
5.730822461379742163e+04 1.480588083815949540e+04 9.964698451871440454e+01
5.730822461570188170e+04 1.462334924191442769e+04 9.907162250587272467e+01
5.730822461760634178e+04 1.471834255114586449e+04 9.935215015823600027e+01
5.730822461951079458e+04 1.476496738167622061e+04 9.950649184755185672e+01
5.730822462141525466e+04 1.515979918450506011e+04 1.007356138941940600e+02
5.730822462331971474e+04 1.540236913811399972e+04 1.014869522060791809e+02
5.730822462522417482e+04 1.539187823620270865e+04 1.014563512982244333e+02
5.730822462712863489e+04 1.535700851843972123e+04 1.013515751143233672e+02
5.730822462903308769e+04 1.526610352799126667e+04 1.010740332635070331e+02
5.730822463093754777e+04 1.541073870059375440e+04 1.015200123348776060e+02
5.730822463284200785e+04 1.526517162490243027e+04 1.010749455787237139e+02
5.730822463474646793e+04 1.512021941579355189e+04 1.006257218156487454e+02
5.730822463665092073e+04 1.502840005678691159e+04 1.003449536964143931e+02
5.730822463855538081e+04 1.477379036055682809e+04 9.953923418928475542e+01
5.730822464045984088e+04 1.444899024286059648e+04 9.850480834769044236e+01
5.730822464236430096e+04 1.404997057509828301e+04 9.722189664150080546e+01
5.730822464426875376e+04 1.434749749118637192e+04 9.818851026608629695e+01
5.730822464617321384e+04 1.441844851859116898e+04 9.841544064785664148e+01
5.730822464807767392e+04 1.423849125218254812e+04 9.784514956218818327e+01
5.730822464998213400e+04 1.436332619047939261e+04 9.823650908319154951e+01
5.730822465188659407e+04 1.437209783696915110e+04 9.826851141152695845e+01
5.730822465379104688e+04 1.486214982210970993e+04 9.979641283417238640e+01
5.730822465569550695e+04 1.501992715661497641e+04 1.003172443968613123e+02
5.730822465759996703e+04 1.482012436759040429e+04 9.967278544328968337e+01
5.730822465950442711e+04 1.479496827517801648e+04 9.958080868145660247e+01
5.730822466140887991e+04 1.487723219830349080e+04 9.986235711938671500e+01
5.730822466331333999e+04 1.476258154649907192e+04 9.949628276253650938e+01
5.730822466521780007e+04 1.463112174654123919e+04 9.909041347133386068e+01
5.730822466712226014e+04 1.448364121709085339e+04 9.861722998409895524e+01
5.730822466902671295e+04 1.435480794282825082e+04 9.819665779015313944e+01
5.730822467093117302e+04 1.422590570429660875e+04 9.778697810931825529e+01
5.730822467283563310e+04 1.423750599813350345e+04 9.782855009824966430e+01
5.730822467474009318e+04 1.463486202819840764e+04 9.910300247584281408e+01
5.730822467664455326e+04 1.488763431505229528e+04 9.990304430306925099e+01
5.730822467854900606e+04 1.504067340264463019e+04 1.003678529025940520e+02
5.730822468045346614e+04 1.485447406911580947e+04 9.979318704317448407e+01
5.730822468235792621e+04 1.435297401015885043e+04 9.820760043612936840e+01
5.730822468426238629e+04 1.423369976929756194e+04 9.780104876171600381e+01
5.730822468616683909e+04 1.406978769934817865e+04 9.728712984552898035e+01
5.730822468807129917e+04 1.429538821985603317e+04 9.800203008228719170e+01
5.730822468997575925e+04 1.412404228862590026e+04 9.746351066897389614e+01
5.730822469188021932e+04 1.391719308302580976e+04 9.680815304549447831e+01
5.730822469378467213e+04 1.395198988398889196e+04 9.691226678122238525e+01
5.730822469568913220e+04 1.390678807207776481e+04 9.676630217932229527e+01
5.730822469759359228e+04 1.411581531828714287e+04 9.746613416049937939e+01
5.730822469949805236e+04 1.434981148260445480e+04 9.817214007916024343e+01
5.730822470140251244e+04 1.464403129025867747e+04 9.908075999462543848e+01
5.730822470330696524e+04 1.498513287465250869e+04 1.001729721026580222e+02
5.730822470521142532e+04 1.546093685348825966e+04 1.016835156103960713e+02
5.730822470711588539e+04 1.536107156233125170e+04 1.013498100516109588e+02
5.730822470902034547e+04 1.440703409172159445e+04 9.837091895303926492e+01
5.730822471092479827e+04 1.405502925167436479e+04 9.725542206616495378e+01
5.730822471282925835e+04 1.400935106982543402e+04 9.707997849395383128e+01
5.730822471473371843e+04 1.384694548079924061e+04 9.656445485617676638e+01
5.730822471663817851e+04 1.348704255912887857e+04 9.538187906776519753e+01
5.730822471854263858e+04 1.384328100826674563e+04 9.657915911125709840e+01
5.730822472044709139e+04 1.422412462721756674e+04 9.777626188166159693e+01
5.730822472235155146e+04 1.453631313502398189e+04 9.879711888449881485e+01
5.730822472425601154e+04 1.456832181153115562e+04 9.889859283730150707e+01
5.730822472616047162e+04 1.476192370516242772e+04 9.948988190401112774e+01
5.730822472806492442e+04 1.538477493257936112e+04 1.014381900206080758e+02
5.730822472996938450e+04 1.614694428576371320e+04 1.037568055394042972e+02
5.730822473187384458e+04 1.661483430869570657e+04 1.051556585921588720e+02
5.730822473377830465e+04 1.655310932421794860e+04 1.049632711478391371e+02
5.730822473568275745e+04 1.627041251503381136e+04 1.041427423245842903e+02
5.730822473758721753e+04 1.571529745420518702e+04 1.024486308743415321e+02
5.730822473949167761e+04 1.540722419374213314e+04 1.015040930150327938e+02
5.730822474139613769e+04 1.508574237897590683e+04 1.004967101090553427e+02
5.730822474330059777e+04 1.526075197617362937e+04 1.010380721448401147e+02
5.730822474520505057e+04 1.531133094324497688e+04 1.011978852397389375e+02
5.730822474710951064e+04 1.495525674366935345e+04 1.000793511980971289e+02
5.730822474901397072e+04 1.468240414545084423e+04 9.924104541833246174e+01
5.730822475091843080e+04 1.460870743201435835e+04 9.901101146792059637e+01
5.730822475282288360e+04 1.438082892443815581e+04 9.828942523516403185e+01
5.730822475472734368e+04 1.431524999114392267e+04 9.809172575315899678e+01
5.730822475663180376e+04 1.460425897184240239e+04 9.900363852483438620e+01
5.730822475853626383e+04 1.528798284644133309e+04 1.011442017735295309e+02
5.730822476044071664e+04 1.576571053816118365e+04 1.025936891957651937e+02
5.730822476234517671e+04 1.587237558105285461e+04 1.029174221040188399e+02
5.730822476424963679e+04 1.579060839962031605e+04 1.026532862932791943e+02
5.730822476615409687e+04 1.507376203628686926e+04 1.004621125436040643e+02
5.730822476805855695e+04 1.415187567845725243e+04 9.756099962331997233e+01
5.730822476996300975e+04 1.379374428997692667e+04 9.640474176868839606e+01
5.730822477186746983e+04 1.341022246760872258e+04 9.514774815965887456e+01
5.730822477377192990e+04 1.328440240338272633e+04 9.472765564032253849e+01
5.730822477567638998e+04 1.306278935420717607e+04 9.399665269134844436e+01
5.730822477758084278e+04 1.341471428727403145e+04 9.515997003481450633e+01
5.730822477948530286e+04 1.387204248139399533e+04 9.664609168765676372e+01
5.730822478138976294e+04 1.426333424204725634e+04 9.791567987774570270e+01
5.730822478329422302e+04 1.413263959876866284e+04 9.750072257555061128e+01
5.730822478519867582e+04 1.399428489962943058e+04 9.704549836121364592e+01
5.730822478710313590e+04 1.446989848415364031e+04 9.856669033633365018e+01
5.730822478900759597e+04 1.467728716249175159e+04 9.921343192734944694e+01
5.730822479091205605e+04 1.469382622823088423e+04 9.928124199346856926e+01
5.730822479281651613e+04 1.451565344659257789e+04 9.872574502418757447e+01
5.730822479472096893e+04 1.428550063671241514e+04 9.799756527411179263e+01
5.730822479662542901e+04 1.386111938693313641e+04 9.662372423284361389e+01
5.730822479852988909e+04 1.355478340829633817e+04 9.561279006525221291e+01
5.730822480043434916e+04 1.356036564030728914e+04 9.564129630447092723e+01
5.730822480233880196e+04 1.395835417542985851e+04 9.691406707568529555e+01
5.730822480424326204e+04 1.435569134563831358e+04 9.819489983419947521e+01
5.730822480614772212e+04 1.393732717180650798e+04 9.686582364050997285e+01
5.730822480805218220e+04 1.434966658119172462e+04 9.819355921806094045e+01
5.730822480995663500e+04 1.474685135835074470e+04 9.946056331292787434e+01
5.730822481186109508e+04 1.518953121783573260e+04 1.008268493659257103e+02
5.730822481376555515e+04 1.560085521908044029e+04 1.020804149837618411e+02
5.730822481567001523e+04 1.545077041890502369e+04 1.016281139379644003e+02
5.730822481757447531e+04 1.520534456221654909e+04 1.008763895993931072e+02
5.730822481947892811e+04 1.540931924178826011e+04 1.014939351088842869e+02
5.730822482138338819e+04 1.573677986736645835e+04 1.025078108535560517e+02
5.730822482328784827e+04 1.605436222053554229e+04 1.034755280779222062e+02
5.730822482519230834e+04 1.584508178565353046e+04 1.028418537286948720e+02
5.730822482709676115e+04 1.505261964951825576e+04 1.004146754607322265e+02
5.730822482900122122e+04 1.408599546454105803e+04 9.733786551074946658e+01
5.730822483090568130e+04 1.364546157813639729e+04 9.591833054870092212e+01
5.730822483281014138e+04 1.372330771009017189e+04 9.617117018477371460e+01
5.730822483471459418e+04 1.408512045536861842e+04 9.735434307496348083e+01
5.730822483661905426e+04 1.436903481659284080e+04 9.825443803780139262e+01
5.730822483852351434e+04 1.419553983239256195e+04 9.771260139484516571e+01
5.730822484042797441e+04 1.361028968807198362e+04 9.578479515268354305e+01
5.730822484233243449e+04 1.344495917175437717e+04 9.525370778064589672e+01
5.730822484423688729e+04 1.391718046667599629e+04 9.681101075580501458e+01
5.730822484614134737e+04 1.456078200460102744e+04 9.885553815521853949e+01
5.730822484804580745e+04 1.514360857251363086e+04 1.006780983692610221e+02
5.730822484995026753e+04 1.563748906655487190e+04 1.021887289856160095e+02
5.730822485185472033e+04 1.610652974839992748e+04 1.036393102555299635e+02
5.730822485375918041e+04 1.602250253787553993e+04 1.033801143989319371e+02
5.730822485566364048e+04 1.574029127558036089e+04 1.025101972781290272e+02
5.730822485756810056e+04 1.516319390300976920e+04 1.007552804727444311e+02
5.730822485947255336e+04 1.495866059438950833e+04 1.001068643069489070e+02
5.730822486137701344e+04 1.491803062326706822e+04 9.997789368437024393e+01
5.730822486328147352e+04 1.490940110224083583e+04 9.996700941430057696e+01
5.730822486518593360e+04 1.498308663285429975e+04 1.002032261742440369e+02
5.730822486709039367e+04 1.512430141294167515e+04 1.006224144041943873e+02
5.730822486899484647e+04 1.528892057669929454e+04 1.011176029416878492e+02
5.730822487089930655e+04 1.570470775142872117e+04 1.024112007500196313e+02
5.730822487280376663e+04 1.603190972485624479e+04 1.034268675411192646e+02
5.730822487470822671e+04 1.623399423999074497e+04 1.040307661308058158e+02
5.730822487661267951e+04 1.593142937060829536e+04 1.031072648984064841e+02
5.730822487851713959e+04 1.541426499901275929e+04 1.015193125745325204e+02
5.730822488042159966e+04 1.512478959940214190e+04 1.006386483860312069e+02
5.730822488232605974e+04 1.486031450510676586e+04 9.981013372663689154e+01
5.730822488423051254e+04 1.474936110503892814e+04 9.945579105138607190e+01
5.730822488613497262e+04 1.475886251350841849e+04 9.949138153162152776e+01
5.730822488803943270e+04 1.477838299282208027e+04 9.956557734937447890e+01
5.730822488994389278e+04 1.471892109851355781e+04 9.937262507996354088e+01
5.730822489184835285e+04 1.510063791956767636e+04 1.005523684989305764e+02
5.730822489375280566e+04 1.504457073440708155e+04 1.003850049737096981e+02
5.730822489565726573e+04 1.526655424565296380e+04 1.010387407142498120e+02
5.730822489756172581e+04 1.536986837092406313e+04 1.013831438942017655e+02
5.730822489946618589e+04 1.549385901070955879e+04 1.017743812659944211e+02
5.730822490137063869e+04 1.574205584464792810e+04 1.025219878547306820e+02
5.730822490327509877e+04 1.543688718264975978e+04 1.015998145637567660e+02
5.730822490517955885e+04 1.504020520090795799e+04 1.003529003452562307e+02
5.730822490708401892e+04 1.475696442559291063e+04 9.947927654015494170e+01
5.730822490898847173e+04 1.482589175792456808e+04 9.969937020490601753e+01
5.730822491089293180e+04 1.509419936660293206e+04 1.005332701708232008e+02
5.730822491279739188e+04 1.538103843966210115e+04 1.014158854338754452e+02
5.730822491470185196e+04 1.564788117910490473e+04 1.022336913727416601e+02
5.730822491660631204e+04 1.567231571304958925e+04 1.023154365008577287e+02
5.730822491851076484e+04 1.546492457282942269e+04 1.016785019694399494e+02
5.730822492041522491e+04 1.521595566217548730e+04 1.009040121148898379e+02
5.730822492231968499e+04 1.514691277617787273e+04 1.006964064446115259e+02
5.730822492422414507e+04 1.457831647797917321e+04 9.890610203406670564e+01
5.730822492612859787e+04 1.377366568164119417e+04 9.632040479118130349e+01
5.730822492803305795e+04 1.347752614173139591e+04 9.537652891336510663e+01
5.730822492993751803e+04 1.319571300955235165e+04 9.445685827681163005e+01
5.730822493184197810e+04 1.331840686418303085e+04 9.485760626063940038e+01
5.730822493374643091e+04 1.365727617144786200e+04 9.595636423868094766e+01
5.730822493565089098e+04 1.397095909034062424e+04 9.696322423594317286e+01
5.730822493755535106e+04 1.415332036527230412e+04 9.755996006164622258e+01
5.730822493945981114e+04 1.432086194318937487e+04 9.810557769354163327e+01
5.730822494136427122e+04 1.451680610627707392e+04 9.872114698366128493e+01
5.730822494326872402e+04 1.447607461339186921e+04 9.858690090553295704e+01
5.730822494517318410e+04 1.413891846329936743e+04 9.751441978384717402e+01
5.730822494707764417e+04 1.356785937501880107e+04 9.565211978100956003e+01
5.730822494898210425e+04 1.310569861530006347e+04 9.414636574573668781e+01
5.730822495088655705e+04 1.292323959664778886e+04 9.351456050332012637e+01
5.730822495279101713e+04 1.293105347948930284e+04 9.354332416956380314e+01
5.730822495469547721e+04 1.317120052121116169e+04 9.434567121844746396e+01
5.730822495659993729e+04 1.345372806037683404e+04 9.528110657827943442e+01
5.730822495850439736e+04 1.374645041472466983e+04 9.625839084910035126e+01
5.730822496040885017e+04 1.384143853456554643e+04 9.657058816082772523e+01
5.730822496231331024e+04 1.372519596191336132e+04 9.619253248166640446e+01
5.730822496421777032e+04 1.345451193007120128e+04 9.530152195403634607e+01
5.730822496612223040e+04 1.339027116913910140e+04 9.507017498366926134e+01
5.730822496802668320e+04 1.337993637674026286e+04 9.504545855159429379e+01
5.730822496993114328e+04 1.362303396443728161e+04 9.584341037040199751e+01
5.730822497183560336e+04 1.408194317473081355e+04 9.732816329452234072e+01
5.730822497374006343e+04 1.452712267411294670e+04 9.873063180605294065e+01
5.730822497564451623e+04 1.478825856490917977e+04 9.962581584237534571e+01
5.730822497754897631e+04 1.472643697263491413e+04 9.945854166753224490e+01
5.730822497945343639e+04 1.482929021106234359e+04 9.968832166902740255e+01
5.730822498135789647e+04 1.486230830133303061e+04 9.980932389078307665e+01
5.730822498326235655e+04 1.499832991197620322e+04 1.002173814328802024e+02
5.730822498516680935e+04 1.499461453732840528e+04 1.002201650334481684e+02
5.730822498707126942e+04 1.476752396066926849e+04 9.951156480044994623e+01
5.730822498897572950e+04 1.448364714511328748e+04 9.860764863383465695e+01
5.730822499088018958e+04 1.414293834243103083e+04 9.750414180229260808e+01
5.730822499278464238e+04 1.347852781999972831e+04 9.537627648188984608e+01
5.730822499468910246e+04 1.285681052720458320e+04 9.330472180146171013e+01
5.730822499659356254e+04 1.233332127202527590e+04 9.153623872857808408e+01
5.730822499849802261e+04 1.171272998201913651e+04 8.941229285603107257e+01
5.730822500040247542e+04 1.075680227415377885e+04 8.598544206321848549e+01
5.730822500230693549e+04 9.644681563801141237e+03 8.184396744469880502e+01
5.730822500421139557e+04 8.626775483232664556e+03 7.785700786660270012e+01
5.730822500611585565e+04 7.863701233720786149e+03 7.473844532358322112e+01
5.730822500802031573e+04 7.074038794454129857e+03 7.134172318473764562e+01
5.730822500992476853e+04 6.579605350636827097e+03 6.914945082200082993e+01
5.730822501182922861e+04 6.370002018494269578e+03 6.820582483998865087e+01
5.730822501373368868e+04 6.047183451223703742e+03 6.673007661651847400e+01
5.730822501563814876e+04 5.952610650864433410e+03 6.626923976734852317e+01
5.730822501754260156e+04 5.834551107277731717e+03 6.572162476407794429e+01
5.730822501944706164e+04 5.760713771513167558e+03 6.536844267711811085e+01
5.730822502135152172e+04 5.713355731107980318e+03 6.512646243555353465e+01
5.730822502325598180e+04 5.762096384815285091e+03 6.535378776299802439e+01
5.730822502516043460e+04 5.763331968442845209e+03 6.534840952498392141e+01
5.730822502706489468e+04 5.784615462638329518e+03 6.544682778306749071e+01
5.730822502896935475e+04 5.725180324784542790e+03 6.514217793576209203e+01
5.730822503087381483e+04 5.671173640675504430e+03 6.489791301039984717e+01
5.730822503277827491e+04 5.686954496434826069e+03 6.499439554156977294e+01
5.730822503468272771e+04 5.661130336439066923e+03 6.488634332780347336e+01
5.730822503658718779e+04 5.640986151921456440e+03 6.477199344830825112e+01
5.730822503849164787e+04 5.639593097748227592e+03 6.475459138338730725e+01
5.730822504039610794e+04 5.644594247102731060e+03 6.475404759494085738e+01
5.730822504230056074e+04 5.721774793436767141e+03 6.514018739507062605e+01
5.730822504420502082e+04 5.763604242432791580e+03 6.534184220545974142e+01
5.730822504610948090e+04 5.740377133333709935e+03 6.526039214848604786e+01
5.730822504801394098e+04 5.671212632787205621e+03 6.492092703086228767e+01
5.730822504991839378e+04 5.742925260649733900e+03 6.524582055442324702e+01
5.730822505182285386e+04 5.751236028593433730e+03 6.528566432215738757e+01
5.730822505372731393e+04 5.554360775332959747e+03 6.450561475519839405e+01
