5.736348485249999794e+04 8.591096597780553566e+03 9.082066684963957925e+01
5.736348485647221969e+04 8.591679351710412448e+03 9.080234769124230354e+01
5.736348486044444144e+04 8.548465287094964879e+03 9.053615112686502187e+01
5.736348486441666319e+04 8.411045177168933151e+03 9.011350274645576519e+01
5.736348486838888493e+04 8.486906127670163187e+03 9.042245408505168314e+01
5.736348487236110668e+04 8.495623899045011058e+03 9.034226190321889760e+01
5.736348487633332843e+04 8.433179102742225950e+03 9.000892509661942142e+01
5.736348488030555018e+04 8.450501202247480251e+03 9.039804958487653153e+01
5.736348488427777920e+04 8.519939400366560221e+03 9.052830286999603970e+01
5.736348488825000095e+04 8.495142080114899727e+03 9.028955148466653213e+01
5.736348489222222270e+04 8.443563345049944473e+03 9.025085458814596961e+01
5.736348489619444445e+04 8.503607243135709723e+03 9.051070260786248411e+01
5.736348490016666619e+04 8.458946966380690355e+03 9.031291368211702775e+01
5.736348490413888794e+04 8.526912766129828015e+03 9.045729625362406523e+01
5.736348490811110969e+04 8.643810307672278213e+03 9.090713045115083446e+01
5.736348491208333144e+04 8.601526225894180243e+03 9.080909268589938677e+01
5.736348491605555319e+04 8.553753675796218886e+03 9.062208310066084493e+01
5.736348492002777493e+04 8.629334160340902599e+03 9.093053267837525766e+01
5.736348492399999668e+04 8.603064173813583693e+03 9.091386960908246806e+01
5.736348492797221843e+04 8.761560977158867900e+03 9.137645231671426416e+01
5.736348493194444018e+04 8.832145734270092362e+03 9.152712657589097489e+01
5.736348493591666193e+04 9.397445915232794505e+03 9.353400660156847835e+01
5.736348493988888367e+04 9.838262010955098958e+03 9.495157074438776590e+01
5.736348494386110542e+04 9.949196016589261490e+03 9.540423665752652482e+01
5.736348494783333445e+04 1.012938641078253022e+04 9.601660264632647568e+01
5.736348495180555619e+04 1.018772080369002651e+04 9.619198180214402782e+01
5.736348495577777794e+04 9.888952722998847094e+03 9.522991258842064610e+01
5.736348495974999969e+04 9.866752095677533362e+03 9.520439667749782586e+01
5.736348496372222144e+04 9.667070251515486234e+03 9.442805500973453547e+01
5.736348496769444318e+04 9.916189229152485495e+03 9.524227398281438184e+01
5.736348497166666493e+04 1.016224698349389655e+04 9.603333321265901645e+01
5.736348497563888668e+04 1.021141408591246363e+04 9.610301125307215386e+01
5.736348497961110843e+04 1.002118718941048610e+04 9.549821540228001027e+01
5.736348498358333018e+04 1.006488889480472608e+04 9.560255042218616950e+01
5.736348498755555192e+04 9.801017176791736347e+03 9.477466372998910060e+01
5.736348499152777367e+04 9.722431014704608970e+03 9.460788687358885340e+01
5.736348499549999542e+04 9.986458015252668702e+03 9.543275326444586426e+01
5.736348499947221717e+04 1.008247059141443242e+04 9.585418160875757110e+01
5.736348500344443892e+04 9.920654804074938511e+03 9.542243569963008554e+01
5.736348500741666066e+04 1.006046287092460807e+04 9.584523175663740346e+01
5.736348501138888969e+04 1.023558599196912110e+04 9.630119478724465409e+01
5.736348501536111144e+04 1.008509933489003015e+04 9.583399528435383274e+01
5.736348501933333318e+04 9.891964005885321967e+03 9.506913474433825684e+01
5.736348502330555493e+04 9.827133061351909419e+03 9.500388033843863411e+01
5.736348502727777668e+04 9.985331104792812766e+03 9.548777782321030827e+01
5.736348503124999843e+04 1.006843013105463615e+04 9.584540557708886865e+01
5.736348503522222018e+04 9.887781178021492451e+03 9.508065989741574242e+01
5.736348503919444192e+04 9.831689031230844193e+03 9.491661706468218540e+01
5.736348504316666367e+04 9.964706258864380288e+03 9.545608836847247858e+01
5.736348504713888542e+04 9.939227113122698938e+03 9.538858362975753380e+01
5.736348505111110717e+04 1.008628908463699554e+04 9.593061830186030647e+01
5.736348505508332892e+04 1.003760720380426574e+04 9.567074616396054410e+01
5.736348505905555066e+04 1.027306203937594182e+04 9.632895647932198813e+01
5.736348506302777241e+04 1.016699726043472401e+04 9.588505717890436131e+01
5.736348506699999416e+04 9.918680221033700946e+03 9.532692018986625726e+01
5.736348507097221591e+04 9.965114135720505146e+03 9.545723462870091680e+01
5.736348507494444493e+04 1.037558737193293746e+04 9.674878807016118287e+01
5.736348507891666668e+04 1.024591494724709446e+04 9.622783927692887573e+01
5.736348508288888843e+04 9.912936863604958489e+03 9.532571692671740493e+01
5.736348508686111018e+04 9.778133035032535190e+03 9.483513301315142030e+01
5.736348509083333192e+04 9.805669758425739928e+03 9.499149752789774936e+01
5.736348509480555367e+04 9.820484534332397743e+03 9.492420487686295871e+01
5.736348509877777542e+04 9.891941450627418817e+03 9.509507044413034293e+01
5.736348510274999717e+04 9.932832013104640282e+03 9.526443785057658431e+01
5.736348510672221892e+04 9.958557462842520181e+03 9.544842098735053071e+01
5.736348511069444066e+04 1.005825815958410203e+04 9.573750793471320719e+01
5.736348511466666241e+04 1.005816086348562385e+04 9.571633180176519318e+01
5.736348511863888416e+04 1.003495675091134035e+04 9.572587843298310872e+01
5.736348512261110591e+04 1.032444767787028286e+04 9.654495175729883272e+01
5.736348512658332766e+04 1.033723398141389407e+04 9.665739087890209191e+01
5.736348513055554940e+04 1.017519672522534529e+04 9.608512871811001332e+01
5.736348513452777115e+04 1.013355929630022365e+04 9.597405097996301038e+01
5.736348513850000018e+04 1.018665648546486409e+04 9.603394095218959592e+01
5.736348514247222192e+04 1.007026488311039066e+04 9.575340883577875672e+01
5.736348514644444367e+04 9.951962262448401816e+03 9.532728278644100328e+01
5.736348515041666542e+04 9.710114656761943479e+03 9.456869782919557110e+01
5.736348515438888717e+04 9.687341650620099244e+03 9.447567740096022249e+01
5.736348515836110892e+04 9.681600328087106391e+03 9.448454890697894371e+01
5.736348516233333066e+04 9.810466607469716109e+03 9.479296992015100898e+01
5.736348516630555241e+04 9.948588601485957042e+03 9.530832332345543989e+01
5.736348517027777416e+04 1.013878361726840922e+04 9.596775998727997603e+01
5.736348517424999591e+04 9.989626180990813737e+03 9.554333913949444934e+01
5.736348517822221766e+04 1.032471400548536803e+04 9.660990343198210439e+01
5.736348518219443940e+04 1.036794162635181601e+04 9.671158076199608900e+01
5.736348518616666115e+04 1.032452745590512131e+04 9.659993771257757089e+01
5.736348519013888290e+04 1.030406357479942017e+04 9.659080422215389206e+01
5.736348519411110465e+04 1.008119560247835761e+04 9.574992537535231918e+01
5.736348519808332640e+04 1.004103018969893674e+04 9.556942337647321040e+01
5.736348520205555542e+04 1.012740333335525793e+04 9.597186289518654689e+01
5.736348520602777717e+04 9.995842513895917364e+03 9.548962572710752283e+01
5.736348520999999892e+04 9.802745633332013313e+03 9.502302123108481169e+01
5.736348521397222066e+04 9.683259019925200846e+03 9.453657064796222187e+01
5.736348521794444241e+04 9.739208266938272573e+03 9.480957400789625922e+01
5.736348522191666416e+04 1.027648672657256247e+04 9.646448402589443560e+01
5.736348522588888591e+04 1.027493449184877318e+04 9.647010567987288709e+01
5.736348522986110765e+04 1.034525109165468530e+04 9.663965293245692578e+01
5.736348523383332940e+04 1.037807696120954643e+04 9.668055327269216548e+01
5.736348523780555115e+04 9.843355435812503856e+03 9.489807503807901412e+01
5.736348524177777290e+04 9.924630923125663685e+03 9.512307927035459443e+01
5.736348524574999465e+04 9.910590279854910477e+03 9.517059477724896510e+01
5.736348524972221639e+04 1.018395171906880387e+04 9.604809785663384503e+01
5.736348525369443814e+04 1.013937790528519145e+04 9.596260669832486201e+01
5.736348525766665989e+04 1.017512107771060982e+04 9.610893979350380789e+01
5.736348526163888164e+04 1.024944613349404608e+04 9.621647228309910815e+01
5.736348526561111066e+04 1.013203906627361539e+04 9.579412079110967682e+01
5.736348526958333241e+04 1.008637497609087040e+04 9.572576490701979424e+01
5.736348527355555416e+04 1.011376431400836191e+04 9.573197498532942973e+01
5.736348527752777591e+04 9.933977938544852805e+03 9.497038185286520218e+01
5.736348528149999765e+04 9.999378752367854759e+03 9.513692447474052472e+01
5.736348528547221940e+04 1.011358438269774888e+04 9.555107377200596375e+01
5.736348528944444115e+04 1.006821269571427729e+04 9.524858444084411246e+01
5.736348529341666290e+04 1.021714847630988697e+04 9.583339682205263443e+01
5.736348529738888465e+04 1.047549386815859725e+04 9.663704512459347029e+01
5.736348530136110639e+04 1.055502524443327275e+04 9.696959448983018603e+01
5.736348530533332814e+04 1.047684017644855885e+04 9.668017310635109141e+01
5.736348530930554989e+04 1.036125457593873580e+04 9.624241397233045348e+01
5.736348531327777164e+04 1.020747434695633274e+04 9.566245788839182751e+01
5.736348531724999339e+04 1.018076376101914684e+04 9.569859820142474405e+01
5.736348532122221513e+04 1.026051759293154464e+04 9.594874091195774213e+01
5.736348532519443688e+04 1.052698704450766672e+04 9.680776193936954144e+01
5.736348532916666591e+04 1.030242444288388651e+04 9.622769062827168796e+01
5.736348533313888765e+04 1.014564987015390579e+04 9.560614063548544550e+01
5.736348533711110940e+04 1.014203631725737432e+04 9.557003257894720605e+01
5.736348534108333115e+04 1.014081613418071902e+04 9.563637744532272222e+01
5.736348534505555290e+04 1.041154540261569673e+04 9.650983317987945043e+01
5.736348534902777465e+04 1.046066776158552238e+04 9.676698971335679289e+01
5.736348535299999639e+04 1.054176887223333506e+04 9.706080148291819398e+01
5.736348535697221814e+04 1.079666403875979813e+04 9.804377611479054622e+01
5.736348536094443989e+04 1.119173176546756804e+04 9.996247140317800017e+01
5.736348536491666164e+04 1.248046183620511874e+04 1.055096351744075918e+02
5.736348536888888339e+04 1.407182795118778085e+04 1.120608717511838108e+02
5.736348537286110513e+04 1.498677345373108983e+04 1.159798556341988558e+02
5.736348537683332688e+04 1.510712131525018776e+04 1.171562160795220393e+02
5.736348538080554863e+04 1.496663402900155597e+04 1.170420689041040703e+02
5.736348538477777038e+04 1.554409578420040816e+04 1.186138145781277586e+02
5.736348538874999213e+04 1.536293020085145508e+04 1.174797731210482681e+02
5.736348539272222115e+04 1.519511896134390190e+04 1.161315543210576493e+02
5.736348539669444290e+04 1.526747913166593753e+04 1.162017750874439486e+02
5.736348540066666465e+04 1.574720723759652537e+04 1.183977616829696302e+02
5.736348540463888639e+04 1.575305489653140103e+04 1.195155966026326126e+02
5.736348540861110814e+04 1.556307357523402970e+04 1.190682403743318787e+02
5.736348541258332989e+04 1.537053999364336778e+04 1.177744314143340034e+02
5.736348541655555164e+04 1.449861923151093470e+04 1.146442297633232101e+02
5.736348542052777339e+04 1.355155707973788594e+04 1.120832201715308543e+02
5.736348542449999513e+04 1.351258174118198622e+04 1.124266577818008130e+02
5.736348542847221688e+04 1.459440680532200349e+04 1.157088528643486143e+02
5.736348543244443863e+04 1.529251729146433536e+04 1.174938628180203750e+02
5.736348543641666038e+04 1.523647210357548101e+04 1.177725755061753716e+02
5.736348544038888213e+04 1.532498751521916711e+04 1.182597798751343987e+02
5.736348544436110387e+04 1.554862646254863284e+04 1.186863318055458478e+02
5.736348544833332562e+04 1.569465039485551824e+04 1.184250675075712991e+02
5.736348545230554737e+04 1.480527749380645764e+04 1.155952211428427745e+02
5.736348545627777639e+04 1.395275970797510490e+04 1.132566170989464212e+02
5.736348546024999814e+04 1.421593620343913790e+04 1.145009057159334560e+02
5.736348546422221989e+04 1.453857198253115894e+04 1.153914113257750245e+02
5.736348546819444164e+04 1.515827022292606489e+04 1.160557560816637022e+02
5.736348547216666338e+04 1.593239875027518428e+04 1.176940250394013248e+02
5.736348547613888513e+04 1.656726780297652658e+04 1.197263151201288451e+02
5.736348548011110688e+04 1.662817159775413529e+04 1.200668498833934450e+02
5.736348548408332863e+04 1.624495909111338915e+04 1.191644368719299365e+02
5.736348548805555038e+04 1.496681064199615321e+04 1.158561228492801121e+02
5.736348549202777212e+04 1.592257256147173757e+04 1.188145864860329937e+02
5.736348549599999387e+04 1.676902019785479206e+04 1.206365303411156589e+02
5.736348549997221562e+04 1.670720587819983120e+04 1.196172079274521849e+02
5.736348550394443737e+04 1.866427525119115307e+04 1.244804139414708573e+02
5.736348550791665912e+04 1.946540194568381776e+04 1.266611402616282049e+02
5.736348551188888086e+04 1.788884670654073125e+04 1.224003196785748457e+02
5.736348551586110261e+04 1.634731551996196504e+04 1.180136996299745960e+02
5.736348551983333164e+04 1.617804887655149832e+04 1.178684564944406929e+02
5.736348552380555338e+04 1.723496856345899141e+04 1.205552094638612886e+02
5.736348552777777513e+04 1.838690139015709428e+04 1.229612058335889770e+02
5.736348553174999688e+04 1.951706301852011893e+04 1.257756247567053265e+02
5.736348553572221863e+04 2.071464247295535824e+04 1.285884616361304893e+02
5.736348553969444038e+04 2.225826667240761162e+04 1.321397158103881395e+02
5.736348554366666212e+04 2.234499778796257669e+04 1.321262204825139008e+02
5.736348554763888387e+04 2.223918211203187093e+04 1.322988232192965370e+02
