2.457429882228900213e+06 1.846022577910173568e+05 3.361191953427470480e+02
2.457429882238973398e+06 1.887014895859580429e+05 3.397830384746183654e+02
2.457429882249046583e+06 1.745714816728061705e+05 3.269946361758370017e+02
2.457429882259119768e+06 2.349760273480294563e+05 3.787156529880227254e+02
2.457429882269192953e+06 1.915134413261394075e+05 3.422892388994009139e+02
2.457429882279265672e+06 1.968825481795367668e+05 3.469912346214063632e+02
2.457429882289338857e+06 1.746257590494221367e+05 3.270536450977226082e+02
2.457429882299412042e+06 1.950450850487511489e+05 3.454215600619004931e+02
2.457429882309485227e+06 1.851680384325701743e+05 3.366348216197690704e+02
2.457429882319558412e+06 1.888415895874130947e+05 3.399165947770857770e+02
2.457429882329631597e+06 1.821122560228486836e+05 3.338940763147928124e+02
2.457429882339704782e+06 1.653425647738241532e+05 3.183206114075407527e+02
2.457429882349777967e+06 1.712790127702878963e+05 3.239015159438048954e+02
2.457429882359851152e+06 2.196846087791342870e+05 3.663078990004844968e+02
2.457429882369924337e+06 1.783358238048450148e+05 3.304178223379670953e+02
2.457429882379997056e+06 1.891135637862209987e+05 3.401559263961056558e+02
2.457429882390070241e+06 1.961881632810788869e+05 3.463759595705687957e+02
2.457429882400143426e+06 1.855750604951796995e+05 3.369903863431612763e+02
2.457429882410216611e+06 1.969597058853939234e+05 3.470354734549912337e+02
2.457429882420289796e+06 1.779127733231539896e+05 3.300421899889078077e+02
2.457429882430362981e+06 2.097555391943061550e+05 3.580119000670550236e+02
2.457429882440436166e+06 2.031166095513974433e+05 3.523735477360243067e+02
2.457429882450509351e+06 1.910291585430818668e+05 3.418439891228351826e+02
2.457429882460582536e+06 2.140963599051332858e+05 3.616823522690614254e+02
2.457429882470655721e+06 1.725756489187630650e+05 3.251428751209307393e+02
2.457429882480728440e+06 1.945754966897869599e+05 3.450066416422850466e+02
2.457429882490801625e+06 1.588287104046272871e+05 3.121387161701364334e+02
2.457429882500874810e+06 1.906908776322682679e+05 3.416420138999387746e+02
2.457429882510947995e+06 2.133974274120500195e+05 3.611713070471199103e+02
2.457429882521021180e+06 1.763004806650035025e+05 3.286401791890714321e+02
2.457429882531094365e+06 1.822165027478985721e+05 3.340303209846679806e+02
2.457429882541167550e+06 2.023920915185413614e+05 3.517918914068224581e+02
2.457429882551240735e+06 2.070868463299731375e+05 3.557990559274309135e+02
2.457429882561313920e+06 1.953269594478362415e+05 3.456528147020987944e+02
2.457429882571387105e+06 1.862722541007061373e+05 3.376351383034804599e+02
2.457429882581459824e+06 1.806595458821762586e+05 3.327186427620414975e+02
2.457429882591533009e+06 1.683378177154082223e+05 3.214215171317039790e+02
2.457429882601606194e+06 1.955024355556054797e+05 3.460336452329299846e+02
2.457429882611679379e+06 1.586623002760218515e+05 3.121937506129589224e+02
2.457429882621752564e+06 1.984607419333035068e+05 3.486101601960323819e+02
2.457429882631825749e+06 2.274329255159256281e+05 3.731831970822275366e+02
2.457429882641898934e+06 1.888798765725999838e+05 3.414929414430321231e+02
2.457429882651972119e+06 1.630067501015072048e+05 3.180629625506532534e+02
2.457429882662045304e+06 1.960954538997459749e+05 3.483006004471461097e+02
2.457429882672118489e+06 1.691423435341457371e+05 3.237090454750547792e+02
2.457429882682191208e+06 2.062532750891838514e+05 3.568784353648907768e+02
2.457429882692264393e+06 1.881923534954253701e+05 3.410427689118366743e+02
2.457429882702337578e+06 2.005054501408778597e+05 3.518553387468303413e+02
2.457429882712410763e+06 1.699851559261344955e+05 3.246502264026910325e+02
2.457429882722483948e+06 1.897073076837746776e+05 3.429613554526614507e+02
2.457429882732557133e+06 2.022906829843618907e+05 3.533835656657986988e+02
2.457429882742630318e+06 2.055689888403123186e+05 3.563049475024942012e+02
2.457429882752703503e+06 1.848904753055507899e+05 3.380036966398724303e+02
2.457429882762776688e+06 1.955516071767496469e+05 3.477650528318118290e+02
2.457429882772849873e+06 1.901755588203883381e+05 3.429541100195327203e+02
2.457429882782922592e+06 1.793109418314522190e+05 3.332151715988786691e+02
2.457429882792995777e+06 1.749994883539995353e+05 3.292198450863469361e+02
2.457429882803068962e+06 1.925520713662649796e+05 3.447834534570658320e+02
2.457429882813142147e+06 1.935783614542815194e+05 3.457807215681826278e+02
2.457429882823215332e+06 1.817859572037954931e+05 3.357272783550822624e+02
2.457429882833288517e+06 1.979416785175074474e+05 3.495944311044409005e+02
2.457429882843361702e+06 1.880835366749304812e+05 3.412212802433390948e+02
2.457429882853434887e+06 1.791974788134717965e+05 3.331890249425229058e+02
2.457429882863508072e+06 1.746370114280915877e+05 3.289846812672914780e+02
2.457429882873581257e+06 1.714212269675033749e+05 3.261040977492099842e+02
2.457429882883653976e+06 1.993272019108438690e+05 3.508179438608728447e+02
2.457429882893727161e+06 1.895915504495115019e+05 3.426690776714042386e+02
2.457429882903800346e+06 1.783257322181742347e+05 3.325952549744383191e+02
2.457429882913873531e+06 1.801523024592937436e+05 3.342457480579307116e+02
2.457429882923946716e+06 1.455662280702230346e+05 3.016045629771206791e+02
