5.742236268150000251e+04 1.864217498547358446e+03 3.660791230039441757e+01
5.742236268264726823e+04 1.870388171293802088e+03 3.665450178706991835e+01
5.742236268379452667e+04 1.821291100913318360e+03 3.624782613518179630e+01
5.742236268494179239e+04 1.828778857050580427e+03 3.631499925750978974e+01
5.742236268608905812e+04 1.863206971939596315e+03 3.660903772676811485e+01
5.742236268723631656e+04 1.837466916828981311e+03 3.638506548948433306e+01
5.742236268838358228e+04 1.823795444774291582e+03 3.626693849464550112e+01
5.742236268953084800e+04 1.884500261916673935e+03 3.678867341732942720e+01
5.742236269067810645e+04 1.848944432088391522e+03 3.648596378767948778e+01
5.742236269182537217e+04 1.809655202547712634e+03 3.614821508303562325e+01
5.742236269297263789e+04 1.926677825503142913e+03 3.714705499115773790e+01
5.742236269411990361e+04 1.905359384701057479e+03 3.695771137243198012e+01
5.742236269526716205e+04 1.841690868417197635e+03 3.642361327956245276e+01
5.742236269641442777e+04 1.884953401859556834e+03 3.679335178350590496e+01
5.742236269756169349e+04 1.925650714296811202e+03 3.713834438618003730e+01
5.742236269870895194e+04 1.920684552311024163e+03 3.709093070997771946e+01
5.742236269985621766e+04 1.920821957374223985e+03 3.709425120139604104e+01
5.742236270100348338e+04 1.956259087927315932e+03 3.739314401769419050e+01
5.742236270215074182e+04 1.989303785620342296e+03 3.766943450365074852e+01
5.742236270329800755e+04 2.020312969912435392e+03 3.792609513618892692e+01
5.742236270444527327e+04 2.092678751729030409e+03 3.851139758488656639e+01
5.742236270559253171e+04 2.334184495215365132e+03 4.042815688255740980e+01
5.742236270673979743e+04 2.979184745893105173e+03 4.514576437046103052e+01
5.742236270788706315e+04 4.002414427797347344e+03 5.174502548483710740e+01
5.742236270903432160e+04 5.508675345847332210e+03 6.015251217490025937e+01
5.742236271018158732e+04 6.854331215033907938e+03 6.678123767247866738e+01
5.742236271132885304e+04 7.621562082832124361e+03 7.028420876616212354e+01
5.742236271247611148e+04 7.772130006032022720e+03 7.095045315376275141e+01
5.742236271362337720e+04 7.854519072933338066e+03 7.130761557790208371e+01
5.742236271477064292e+04 8.198760195417879004e+03 7.280475385144559652e+01
5.742236271591790137e+04 8.240747582885367592e+03 7.298588712921863930e+01
5.742236271706516709e+04 8.191632436842033712e+03 7.277752136282086326e+01
5.742236271821243281e+04 7.949895504872902166e+03 7.172831762855190618e+01
5.742236271935969853e+04 7.698090149847826069e+03 7.062548980490903716e+01
5.742236272050695698e+04 7.591429663641825755e+03 7.015152832904627189e+01
5.742236272165422270e+04 7.648428951005083945e+03 7.040493621447375006e+01
5.742236272280148842e+04 8.008399327188983079e+03 7.198544640999158162e+01
5.742236272394874686e+04 8.121684621400839205e+03 7.248515259026747515e+01
5.742236272509601258e+04 8.024014550943863469e+03 7.205476597487168533e+01
5.742236272624327830e+04 8.077256515419887364e+03 7.228540422241108843e+01
5.742236272739053675e+04 8.302171737000038775e+03 7.325119006135423660e+01
5.742236272853780247e+04 8.271663271118704870e+03 7.312088610314246750e+01
5.742236272968506819e+04 8.473906151823752225e+03 7.397933954974118365e+01
5.742236273083232663e+04 8.541758502918160957e+03 7.426510372171678398e+01
5.742236273197959235e+04 8.270259344433488877e+03 7.311327693713047893e+01
5.742236273312685807e+04 8.126922005648107188e+03 7.250000382543613853e+01
5.742236273427411652e+04 8.155073316703183082e+03 7.262138684029751801e+01
5.742236273542138224e+04 8.035667694057505287e+03 7.210936145880343418e+01
5.742236273656864796e+04 8.014156380333524794e+03 7.201026296917105185e+01
5.742236273771590641e+04 7.816769082199570221e+03 7.115301465151533478e+01
5.742236273886317213e+04 7.809151070615956087e+03 7.111835355903271250e+01
5.742236274001043785e+04 8.044970020837159609e+03 7.214937634973675529e+01
5.742236274115769629e+04 8.200585676662407423e+03 7.281595169933414979e+01
5.742236274230496201e+04 8.300166173235409588e+03 7.323811202640081319e+01
5.742236274345222773e+04 8.554903276626668230e+03 7.431951680010409689e+01
5.742236274459949345e+04 8.745809440037239256e+03 7.512282542979379230e+01
5.742236274574675190e+04 8.576018369099709162e+03 7.441432298804522816e+01
5.742236274689401762e+04 8.067166547343594175e+03 7.224290381964702590e+01
5.742236274804128334e+04 8.003220868327319295e+03 7.196892857227419427e+01
5.742236274918854178e+04 8.156915843023401976e+03 7.263297187589459725e+01
5.742236275033580750e+04 8.124491198115642874e+03 7.249137589144737603e+01
5.742236275148307323e+04 7.748924230694367907e+03 7.085227581786267592e+01
5.742236275263033167e+04 7.657343200526410328e+03 7.045111978420187882e+01
5.742236275377759739e+04 7.636465501808199406e+03 7.035807694783946431e+01
5.742236275492486311e+04 7.542772080710959926e+03 6.993810278120005819e+01
5.742236275607212156e+04 7.652974808519799808e+03 7.043322997184695566e+01
5.742236275721938728e+04 8.095426265002958644e+03 7.236733737443884706e+01
5.742236275836665300e+04 8.366539529115618279e+03 7.352852289307509182e+01
5.742236275951391144e+04 8.696051080865268887e+03 7.491626920629002484e+01
5.742236276066117716e+04 8.660307136343602906e+03 7.476568481277992362e+01
5.742236276180844288e+04 8.214696268278752541e+03 7.287310638810306784e+01
5.742236276295570133e+04 7.910551167502695534e+03 7.156344088248006585e+01
5.742236276410296705e+04 7.948772660552514026e+03 7.173515884143563426e+01
5.742236276525023277e+04 7.863808179257776828e+03 7.135447348423507208e+01
5.742236276639749121e+04 7.894947812818457351e+03 7.149239500792468505e+01
5.742236276754475693e+04 8.013659495648150369e+03 7.200613739943746339e+01
5.742236276869202266e+04 7.874836976996527483e+03 7.140341613466929971e+01
5.742236276983928838e+04 7.696069646807670324e+03 7.061756191432677099e+01
5.742236277098654682e+04 7.507464440385913804e+03 6.977774156931940297e+01
5.742236277213381254e+04 7.554627689774838473e+03 6.999001102513274475e+01
5.742236277328107826e+04 7.802090839836610940e+03 7.108629616984214294e+01
5.742236277442833671e+04 8.086902550180448088e+03 7.233024224654492684e+01
5.742236277557560243e+04 8.385450988182903529e+03 7.360702752485734379e+01
5.742236277672286815e+04 8.756891527967631191e+03 7.516596008024545483e+01
5.742236277787012659e+04 8.975327978109053220e+03 7.606981897224247291e+01
5.742236277901739231e+04 8.683053995239597498e+03 7.486142323669787402e+01
5.742236278016465803e+04 8.070502543323499594e+03 7.225560281311040001e+01
5.742236278131191648e+04 7.918056876109914811e+03 7.159358832283139407e+01
5.742236278245918220e+04 8.013950772860613142e+03 7.201196622055277885e+01
5.742236278360644792e+04 7.993753126236670141e+03 7.192763070845370521e+01
5.742236278475370636e+04 7.724767821964461291e+03 7.074824764024280910e+01
5.742236278590097209e+04 7.599504928499578455e+03 7.019417815129629901e+01
5.742236278704823781e+04 7.633545736705113086e+03 7.034126169012655794e+01
5.742236278819549625e+04 7.747456734355525441e+03 7.084480190427984780e+01
5.742236278934276197e+04 8.154509866248747130e+03 7.261850182984863977e+01
5.742236279049002769e+04 8.503649302860443640e+03 7.410309883456459090e+01
5.742236279163728614e+04 8.830012759468134391e+03 7.546867749898864020e+01
5.742236279278455186e+04 8.827642733335695084e+03 7.546493159736454004e+01
5.742236279393181758e+04 8.462033018886209902e+03 7.393097615425449476e+01
5.742236279507908330e+04 8.100765515598958700e+03 7.238788227831011568e+01
5.742236279622634174e+04 7.834245896206542056e+03 7.122449625345700497e+01
5.742236279737360746e+04 7.925936161927847934e+03 7.163047035108186833e+01
5.742236279852087318e+04 7.863799101401145890e+03 7.135769014235667385e+01
5.742236279966813163e+04 7.654760183498902734e+03 7.043542199254180503e+01
5.742236280081539735e+04 7.762141789389936093e+03 7.090958819060955420e+01
5.742236280196266307e+04 7.950504945360576130e+03 7.173921727195843800e+01
5.742236280310992151e+04 7.979580886782700873e+03 7.186680079181046210e+01
5.742236280425718724e+04 8.300604055226904165e+03 7.324551644727731059e+01
5.742236280540445296e+04 8.575711168544603424e+03 7.441001805321236873e+01
5.742236280655171140e+04 8.417439705364235124e+03 7.373809476441975619e+01
5.742236280769897712e+04 8.122739082533090368e+03 7.247728263941459659e+01
5.742236280884624284e+04 8.008288671443398925e+03 7.199021112262894917e+01
5.742236280999350129e+04 8.052749227367622552e+03 7.218363794175851922e+01
5.742236281114076701e+04 8.202258906387369279e+03 7.282585048978954489e+01
5.742236281228803273e+04 8.196743776499462911e+03 7.280055871985716465e+01
5.742236281343529117e+04 8.363619376967541029e+03 7.351579301106772846e+01
5.742236281458255689e+04 8.479009873560511551e+03 7.400344843667450334e+01
5.742236281572982261e+04 8.421245573397260159e+03 7.375559720741111391e+01
5.742236281687708106e+04 8.053075124219830286e+03 7.218059505631002537e+01
5.742236281802434678e+04 7.839317318322247957e+03 7.125119912790152910e+01
5.742236281917161250e+04 8.036425974269163817e+03 7.210967981478485456e+01
5.742236282031887822e+04 8.138825087756225912e+03 7.255267980784023507e+01
5.742236282146613667e+04 7.960235715601444099e+03 7.177992828211394283e+01
5.742236282261340239e+04 8.032688873017927108e+03 7.209011420726365316e+01
5.742236282376066811e+04 8.028239026721052142e+03 7.207533160467463063e+01
5.742236282490792655e+04 8.077202187855590637e+03 7.229201553305199468e+01
5.742236282605519227e+04 8.182366188925250754e+03 7.273696660336219111e+01
5.742236282720245799e+04 8.363865760922759364e+03 7.351174114451160335e+01
5.742236282834971644e+04 8.300949566207713360e+03 7.324720625998104140e+01
5.742236282949698216e+04 7.870592693627255358e+03 7.139087393949060356e+01
5.742236283064424788e+04 7.733940928162715863e+03 7.078894119974114574e+01
5.742236283179150632e+04 7.771997129451334331e+03 7.095299435488331596e+01
5.742236283293877204e+04 8.008415070961904348e+03 7.199046656721748150e+01
5.742236283408603776e+04 8.336816592960114576e+03 7.340390121001757961e+01
5.742236283523329621e+04 8.553290459121712047e+03 7.431434954580710439e+01
5.742236283638056193e+04 8.615239772727640229e+03 7.457634015176448372e+01
5.742236283752782765e+04 8.583192620926443851e+03 7.444355647088811168e+01
5.742236283867508610e+04 8.413790937779576780e+03 7.372882583663964340e+01
5.742236283982235182e+04 8.222772624747167356e+03 7.291327862543887761e+01
5.742236284096961754e+04 8.384150138905844869e+03 7.360059567713193474e+01
5.742236284211687598e+04 8.421450880906211751e+03 7.375939960209140622e+01
5.742236284326414170e+04 8.482782204553121119e+03 7.402039774856868348e+01
5.742236284441140742e+04 8.334904964872110213e+03 7.339467732864554250e+01
5.742236284555867314e+04 7.919508774421761700e+03 7.160675343232638568e+01
5.742236284670593159e+04 7.619943376887298655e+03 7.028491515853757221e+01
5.742236284785319731e+04 7.394171382125805394e+03 6.927180153097570781e+01
5.742236284900046303e+04 7.268581151756153304e+03 6.870256525839162975e+01
5.742236285014772147e+04 7.747418889156258047e+03 7.084775871460907126e+01
5.742236285129498719e+04 8.280854672967258011e+03 7.316263515318294708e+01
5.742236285244225292e+04 8.602262368766001600e+03 7.452090462686524575e+01
5.742236285358951136e+04 8.546122099840671581e+03 7.428544569884395798e+01
5.742236285473677708e+04 8.364961630809171766e+03 7.351956246671925044e+01
5.742236285588404280e+04 8.139496557300751192e+03 7.255455616749837588e+01
5.742236285703130125e+04 7.852568135293491650e+03 7.131015392338257186e+01
5.742236285817856697e+04 7.648850814557335980e+03 7.041393500448191389e+01
5.742236285932583269e+04 7.669128486416188935e+03 7.050327168011469325e+01
5.742236286047309113e+04 8.013703013200562054e+03 7.201186750098852940e+01
5.742236286162035685e+04 8.522553326241522882e+03 7.418407093050241485e+01
5.742236286276762257e+04 8.424607631903327274e+03 7.377085472541433830e+01
5.742236286391488102e+04 8.016096253092150619e+03 7.202082898423272184e+01
5.742236286506214674e+04 7.809329432881906541e+03 7.112072388837138703e+01
5.742236286620941246e+04 7.973237503222671876e+03 7.183458147594600973e+01
5.742236286735667090e+04 8.158454240849494454e+03 7.263445455463983080e+01
5.742236286850393662e+04 8.088070057115760392e+03 7.233491565300694504e+01
5.742236286965120235e+04 8.015092429656172499e+03 7.201989709245303573e+01
5.742236287079846807e+04 7.944418859252881703e+03 7.171367744144171752e+01
5.742236287194572651e+04 7.873958462051155948e+03 7.140577612557801501e+01
5.742236287309299223e+04 7.788217206446350247e+03 7.102806698573471067e+01
5.742236287424025795e+04 7.893868953585377312e+03 7.149041707657282529e+01
5.742236287538751640e+04 7.940531876882447250e+03 7.169523399932432994e+01
5.742236287653478212e+04 8.154814998773414118e+03 7.262482060467955591e+01
5.742236287768204784e+04 8.639299610327701885e+03 7.467581694963224948e+01
5.742236287882930628e+04 8.543493372860535601e+03 7.427819168630119862e+01
5.742236287997657200e+04 8.218086398475481474e+03 7.289083827253874404e+01
5.742236288112383772e+04 8.003346223379211551e+03 7.196870932846383084e+01
5.742236288227109617e+04 8.194306097741724443e+03 7.279212302165207404e+01
5.742236288341836189e+04 8.442549595256659813e+03 7.384786881595593400e+01
5.742236288456562761e+04 8.542625862100116137e+03 7.427397957751661295e+01
5.742236288571288605e+04 8.755298180400928686e+03 7.516498847193275878e+01
5.742236288686015178e+04 8.750207206589688212e+03 7.514073515984551932e+01
5.742236288800741750e+04 8.641360052905180055e+03 7.468632134723061711e+01
5.742236288915467594e+04 8.717010670582954845e+03 7.499776855368865824e+01
5.742236289030194166e+04 8.336346408055671418e+03 7.339399206906591644e+01
5.742236289144920738e+04 7.731179818257488478e+03 7.077554686280674900e+01
5.742236289259646583e+04 7.564929882882345737e+03 7.003593081674402754e+01
5.742236289374373155e+04 7.399773460396729206e+03 6.929372182920941725e+01
5.742236289489099727e+04 7.302085258362316381e+03 6.885423835880737897e+01
5.742236289603826299e+04 7.670761250076414399e+03 7.050820093083896722e+01
5.742236289718552143e+04 8.354128018798193807e+03 7.347515863100733213e+01
5.742236289833278715e+04 8.314077051195859895e+03 7.330722218661803424e+01
5.742236289948005287e+04 8.161643553069337031e+03 7.264835537465290827e+01
5.742236290062731132e+04 8.117234463918268375e+03 7.245773969770228007e+01
5.742236290177457704e+04 8.196582158923187308e+03 7.280146292400407049e+01
5.742236290292184276e+04 8.443703876715260776e+03 7.385563638728361013e+01
5.742236290406910121e+04 8.553786277487732150e+03 7.431402630520872776e+01
5.742236290521636693e+04 8.133447683254107687e+03 7.252796426721157275e+01
5.742236290636363265e+04 8.003663593141540332e+03 7.196743511984571740e+01
5.742236290751089109e+04 8.266917741998007841e+03 7.310406377198570738e+01
5.742236290865815681e+04 8.151554061506821199e+03 7.261125732752321937e+01
5.742236290980542253e+04 7.922039837874947807e+03 7.161252355847156537e+01
5.742236291095268098e+04 7.439498177464909531e+03 6.947519611900916914e+01
5.742236291209994670e+04 7.374044307166555882e+03 6.917931813463970059e+01
5.742236291324721242e+04 7.746381773987364795e+03 7.084352095048902243e+01
5.742236291439447086e+04 8.108970145343019794e+03 7.242894209090381707e+01
5.742236291554173658e+04 8.458177052320323128e+03 7.391887886522899009e+01
5.742236291668900230e+04 8.461090651091011750e+03 7.392796915605973140e+01
5.742236291783626802e+04 8.556748105774935539e+03 7.432937653114028365e+01
5.742236291898352647e+04 8.638348887230575201e+03 7.467660952067869573e+01
5.742236292013079219e+04 8.853113847177372008e+03 7.556884202942335094e+01
5.742236292127805791e+04 8.660892088284554120e+03 7.476941750845479362e+01
5.742236292242531636e+04 8.594591437950148247e+03 7.449307784071585559e+01
5.742236292357258208e+04 8.334091174880129984e+03 7.338740699223160391e+01
5.742236292471984780e+04 8.008317887583913034e+03 7.199146116893689396e+01
5.742236292586710624e+04 7.731639690921061629e+03 7.077791947283810714e+01
5.742236292701437196e+04 7.678500360140250450e+03 7.054264679829830698e+01
5.742236292816163768e+04 7.915186739360820866e+03 7.158297287234952933e+01
5.742236292930889613e+04 8.159766992603726067e+03 7.264145840600978943e+01
5.742236293045616185e+04 8.268689501674116400e+03 7.310740942266500042e+01
5.742236293160342757e+04 8.664844310887954634e+03 7.478509294931568263e+01
5.742236293275068601e+04 8.778861247407967312e+03 7.526010586889559306e+01
5.742236293389795173e+04 8.510110054116310494e+03 7.413693561197776205e+01
5.742236293504521745e+04 8.476726372902980074e+03 7.399205997692439496e+01
5.742236293619247590e+04 8.183887803305011403e+03 7.274738121363054688e+01
5.742236293733974162e+04 8.007606754085097236e+03 7.198463776116537360e+01
5.742236293848700734e+04 7.894235649000172998e+03 7.148840771094005220e+01
5.742236293963426579e+04 7.700526103879907168e+03 7.064198210474100392e+01
5.742236294078153151e+04 7.652346893921388073e+03 7.042591403357657498e+01
5.742236294192879723e+04 8.025375371251058823e+03 7.206082208194270322e+01
5.742236294307606295e+04 8.654242442389093412e+03 7.473633965988354078e+01
5.742236294422332139e+04 9.112678977993233275e+03 7.662961214456818482e+01
5.742236294537058711e+04 9.130670735475021502e+03 7.670411545062204084e+01
5.742236294651785283e+04 8.842251620538723728e+03 7.552069061311361509e+01
5.742236294766511128e+04 8.567042722379621409e+03 7.437510160041777851e+01
5.742236294881237700e+04 8.364974680417979471e+03 7.351660831971928189e+01
5.742236294995964272e+04 8.033865201557820910e+03 7.210259987155612293e+01
5.742236295110690116e+04 7.910660181113214094e+03 7.156412769634499682e+01
5.742236295225416688e+04 8.017309579221257081e+03 7.202750912905135294e+01
5.742236295340143261e+04 8.241223078927421739e+03 7.299648862630539270e+01
5.742236295454869105e+04 8.237095567421611122e+03 7.297623097380433421e+01
5.742236295569595677e+04 7.999759980910010199e+03 7.195286875386584313e+01
5.742236295684322249e+04 7.922105803789477250e+03 7.161358657954889395e+01
5.742236295799048094e+04 8.150490624518156437e+03 7.260290769758401552e+01
5.742236295913774666e+04 8.044360979485910320e+03 7.214560882998878810e+01
5.742236296028501238e+04 8.011718821132662015e+03 7.200173232973428128e+01
5.742236296143227082e+04 8.367058747060878886e+03 7.353196058451962358e+01
5.742236296257953654e+04 8.823066178094995848e+03 7.544294212727214699e+01
5.742236296372680226e+04 8.761390924635421470e+03 7.519151084912664373e+01
5.742236296487406071e+04 8.235182122783173327e+03 7.296862600280041988e+01
5.742236296602132643e+04 8.039951252157618001e+03 7.213213945736320909e+01
5.742236296716859215e+04 7.774380353309764359e+03 7.096965400900040777e+01
5.742236296831585787e+04 7.796618379069183902e+03 7.106458546188247283e+01
5.742236296946311631e+04 7.818157213708828749e+03 7.116024139335564769e+01
5.742236297061038204e+04 8.007200982601002579e+03 7.198638739662506225e+01
5.742236297175764776e+04 8.335808517022574961e+03 7.339755458080661299e+01
5.742236297290490620e+04 8.689750645385651296e+03 7.489069585618528890e+01
5.742236297405217192e+04 9.071196548167112269e+03 7.646544312745784566e+01
5.742236297519943764e+04 8.904641344361698430e+03 7.578160887349456232e+01
5.742236297634669609e+04 8.472036457494545175e+03 7.397456440709601111e+01
5.742236297749396181e+04 8.445232367175103718e+03 7.385836410450271217e+01
5.742236297864122753e+04 8.363388795939485135e+03 7.351700415507204411e+01
5.742236297978848597e+04 8.142455764039731548e+03 7.256807843281349335e+01
5.742236298093575169e+04 7.800680838046600911e+03 7.108987171493231472e+01
5.742236298208301741e+04 7.649636986194498604e+03 7.041377319214400643e+01
5.742236298323027586e+04 7.854922742388804181e+03 7.131757531462992006e+01
5.742236298437754158e+04 7.875429811193879686e+03 7.140799608374263130e+01
5.742236298552480730e+04 7.995089624287447805e+03 7.192619704322865459e+01
5.742236298667206574e+04 8.025274868507780411e+03 7.206123610832032966e+01
5.742236298781933147e+04 7.953120845694875243e+03 7.174950886758979607e+01
5.742236298896659719e+04 7.880013607760933155e+03 7.142824623515997473e+01
5.742236299011385563e+04 7.709018490124522032e+03 7.067783417243879285e+01
5.742236299126112135e+04 7.801274273578866087e+03 7.108237329881110611e+01
5.742236299240838707e+04 8.080165030325420958e+03 7.230200034647177176e+01
5.742236299355565279e+04 8.756016880980710994e+03 7.516306204217494269e+01
5.742236299470291124e+04 9.208715827525316854e+03 7.702367547559057925e+01
5.742236299585017696e+04 9.096620134817483631e+03 7.657203437804098201e+01
5.742236299699744268e+04 8.923299017492148778e+03 7.585892920104124926e+01
5.742236299814470112e+04 8.643249793506853166e+03 7.469217180600932693e+01
5.742236299929196684e+04 8.176039787702217836e+03 7.271155104253136869e+01
5.742236300043923256e+04 7.934636567299883609e+03 7.166579526997573169e+01
5.742236300158649101e+04 7.882576898995073861e+03 7.144143139396680908e+01
5.742236300273375673e+04 7.899595154670438205e+03 7.151685440466596333e+01
5.742236300388102245e+04 7.992421450891432869e+03 7.192244682198952432e+01
5.742236300502828090e+04 8.242472623655843563e+03 7.299912734732872366e+01
5.742236300617554662e+04 8.562771248676266623e+03 7.435872966409289120e+01
5.742236300732281234e+04 8.715762566342997161e+03 7.499888000748146055e+01
5.742236300847007078e+04 8.400042081784455149e+03 7.367356230255900584e+01
5.742236300961733650e+04 8.199540105507525368e+03 7.281580137865354629e+01
5.742236301076460222e+04 7.951209131934319885e+03 7.174066234141540122e+01
5.742236301191186067e+04 7.896441429905202313e+03 7.150124455053268946e+01
5.742236301305912639e+04 7.939128163879629938e+03 7.168777508537958454e+01
5.742236301420639211e+04 7.867866902468580520e+03 7.137748862409280548e+01
5.742236301535365055e+04 7.958964888121725380e+03 7.177445275528887692e+01
5.742236301650091627e+04 7.969621817800435565e+03 7.181998086400220416e+01
5.742236301764818199e+04 7.808099329792106801e+03 7.111468735277807696e+01
5.742236301879544772e+04 7.971803411378701639e+03 7.183394561058690897e+01
5.742236301994270616e+04 8.313236752781158430e+03 7.330218640521805185e+01
5.742236302108997188e+04 8.345690733853974962e+03 7.344233430406349328e+01
5.742236302223723760e+04 8.364599976334697203e+03 7.352072219541639697e+01
5.742236302338449605e+04 8.077751627276011277e+03 7.229101018934908041e+01
5.742236302453176177e+04 7.595217742864023421e+03 7.016997302772229261e+01
5.742236302567902749e+04 7.449047672434427113e+03 6.951443203453844433e+01
5.742236302682628593e+04 7.672998107858396907e+03 7.052286737717234644e+01
5.742236302797355165e+04 8.017142449032762670e+03 7.202958898381410791e+01
5.742236302912081737e+04 8.121139105975179518e+03 7.248090152527981900e+01
5.742236303026807582e+04 7.888733986276719406e+03 7.146843702501097084e+01
5.742236303141534154e+04 7.674058973230532501e+03 7.052479964962763859e+01
5.742236303256260726e+04 7.736009973069592888e+03 7.080158816969519364e+01
5.742236303370986570e+04 7.985218501296090835e+03 7.188668054982551325e+01
5.742236303485713142e+04 8.266807294375614219e+03 7.310356685609146155e+01
5.742236303600439715e+04 8.511262505527130998e+03 7.414199791747313384e+01
5.742236303715165559e+04 8.819807973609220426e+03 7.542796049082507182e+01
5.742236303829892131e+04 8.579448092645156066e+03 7.442350401926609038e+01
5.742236303944618703e+04 8.212238742028837805e+03 7.286731065817571107e+01
5.742236304059344548e+04 7.990998784518976208e+03 7.191273707004047822e+01
5.742236304174071120e+04 7.926276995180843187e+03 7.163448319626303373e+01
5.742236304288797692e+04 7.719841480804889216e+03 7.072668295197968291e+01
5.742236304403524264e+04 7.502092599276325018e+03 6.975616730728732762e+01
5.742236304518250108e+04 7.559016371087002881e+03 7.001005802311379966e+01
5.742236304632976680e+04 7.738962195259171494e+03 7.080761293404820833e+01
5.742236304747703252e+04 7.802775043327016647e+03 7.109082021879977731e+01
5.742236304862429097e+04 7.888528445869895222e+03 7.146881806525986747e+01
5.742236304977155669e+04 8.139110366683637039e+03 7.255539603361442857e+01
5.742236305091882241e+04 8.377575306637801987e+03 7.357782040076561714e+01
5.742236305206608085e+04 8.680685099318519860e+03 7.485212897082124073e+01
5.742236305321334657e+04 8.649385516415833990e+03 7.472040456409142450e+01
5.742236305436061230e+04 8.370118128718580920e+03 7.354165989194025599e+01
5.742236305550787074e+04 8.408520233442844983e+03 7.370588872208070086e+01
5.742236305665513646e+04 8.416700365102449723e+03 7.374017794782236024e+01
5.742236305780240218e+04 8.415049676406755680e+03 7.373111848345563146e+01
5.742236305894966063e+04 8.316330951026675393e+03 7.330996083139710606e+01
5.742236306009692635e+04 8.313734731114816896e+03 7.330084435568082313e+01
5.742236306124419207e+04 8.287026225264113236e+03 7.318812662644769773e+01
5.742236306239145051e+04 8.077157739738961027e+03 7.228397645604272270e+01
5.742236306353871623e+04 7.980645389587630234e+03 7.187208246567011827e+01
5.742236306468598195e+04 8.109358666185299626e+03 7.242443304156199702e+01
5.742236306583324040e+04 8.167970696480550032e+03 7.267758958355481980e+01
5.742236306698050612e+04 8.586573505553589712e+03 7.446378378112261487e+01
5.742236306812777184e+04 8.838676595628166979e+03 7.551126962651973429e+01
5.742236306927503756e+04 8.326102245618227244e+03 7.335314479981647651e+01
5.742236307042229600e+04 7.944042883311811238e+03 7.170711862948837734e+01
5.742236307156956173e+04 7.745715162783921187e+03 7.083877332830675755e+01
5.742236307271682745e+04 7.907320762422317785e+03 7.154760095777561446e+01
5.742236307386408589e+04 7.989393127779575480e+03 7.190731677299976354e+01
5.742236307501135161e+04 7.970348441990461652e+03 7.182747640780409881e+01
5.742236307615861733e+04 7.993794388292569238e+03 7.193037938634248007e+01
5.742236307730587578e+04 7.962799189462425602e+03 7.178855643847418833e+01
5.742236307845314150e+04 7.572991774158674161e+03 7.007582831274442015e+01
5.742236307960040722e+04 7.423197177556540737e+03 6.940212551725993251e+01
5.742236308074766566e+04 7.862090561132633411e+03 7.135063491417106718e+01
5.742236308189493138e+04 8.659627360746802879e+03 7.476154613575610597e+01
5.742236308304219710e+04 9.048822364622687019e+03 7.637157792575254689e+01
5.742236308418945555e+04 9.073046024733606828e+03 7.647352830836598514e+01
5.742236308533672127e+04 8.756077529354639410e+03 7.516521489882740070e+01
5.742236308648398699e+04 8.444100567853052780e+03 7.385401705736417455e+01
5.742236308763124543e+04 8.147414207613440340e+03 7.258440598481529094e+01
5.742236308877851116e+04 7.921345423092196143e+03 7.160574124872324830e+01
5.742236308992577688e+04 7.910292986983721676e+03 7.155683106726299059e+01
5.742236309107303532e+04 8.227464705899354158e+03 7.293265168102585960e+01
5.742236309222030104e+04 8.216639291111563580e+03 7.289072231155438431e+01
5.742236309336756676e+04 7.607662496695114896e+03 7.022679106951794381e+01
5.742236309451483248e+04 7.309788833509150209e+03 6.888565099454685026e+01
5.742236309566209093e+04 7.558947637807499632e+03 7.000895563885111983e+01
5.742236309680935665e+04 8.293005022675293731e+03 7.321264016666414420e+01
5.742236309795662237e+04 8.573445613170806610e+03 7.440568098674378916e+01
5.742236309910388081e+04 8.160124637807476574e+03 7.264779856991455631e+01
5.742236310025114653e+04 7.974113911148688203e+03 7.184105327687942122e+01
5.742236310139841225e+04 8.257120926465844605e+03 7.306329299600236027e+01
5.742236310254567070e+04 8.376498536676515869e+03 7.356811364259586128e+01
5.742236310369293642e+04 8.213874100094697496e+03 7.287443461950967105e+01
5.742236310484020214e+04 7.923119065843048702e+03 7.161300064460766635e+01
5.742236310598746059e+04 7.776635154218299249e+03 7.097613283345671675e+01
5.742236310713472631e+04 7.678941796261350646e+03 7.054270192666173500e+01
5.742236310828199203e+04 7.756140500198161135e+03 7.088649720417528499e+01
5.742236310942925047e+04 7.743872789603437923e+03 7.082858608805057088e+01
5.742236311057651619e+04 7.976490502141395154e+03 7.185050065546042219e+01
5.742236311172378191e+04 8.687554755840288635e+03 7.488008784597288070e+01
5.742236311287104036e+04 9.108179826640869578e+03 7.661831597208744427e+01
5.742236311401830608e+04 8.609671489267713696e+03 7.455462859776571349e+01
5.742236311516557180e+04 8.028484714960775818e+03 7.207692610100974662e+01
5.742236311631283024e+04 7.843123200299370183e+03 7.126574496458208330e+01
5.742236311746009596e+04 7.929727974110650393e+03 7.164543467862843329e+01
5.742236311860736168e+04 7.995073160806322448e+03 7.193499874506086655e+01
5.742236311975462741e+04 7.910876272764900023e+03 7.156546516943322445e+01
5.742236312090188585e+04 7.829949134659006631e+03 7.121123069205954437e+01
5.742236312204915157e+04 8.078766657960414705e+03 7.229273686929734311e+01
5.742236312319641729e+04 8.343438168245376801e+03 7.342510705818288841e+01
5.742236312434367574e+04 8.169759178675382827e+03 7.268714359734138952e+01
5.742236312549094146e+04 8.020292965995559825e+03 7.204277732327537365e+01
5.742236312663820718e+04 8.107888226258088253e+03 7.242043129292066794e+01
5.742236312778546562e+04 8.401384657328324465e+03 7.367874206869886677e+01
5.742236312893273134e+04 8.508965720979125763e+03 7.413195279257601555e+01
5.742236313007999706e+04 8.633674230733529839e+03 7.465553439766090094e+01
5.742236313122725551e+04 8.594941645144263020e+03 7.449504923462531281e+01
5.742236313237452123e+04 8.415689797875043951e+03 7.374140510501825929e+01
5.742236313352178695e+04 8.438394081485592324e+03 7.383109372941935078e+01
5.742236313466904539e+04 8.286601666063417724e+03 7.319163097674375251e+01
5.742236313581631111e+04 8.152113091298931977e+03 7.261664177891861982e+01
5.742236313696357684e+04 8.202187020754612604e+03 7.282776110892631038e+01
5.742236313811083528e+04 8.010466744970120999e+03 7.200188479765667182e+01
5.742236313925810100e+04 7.922638175070680518e+03 7.161887054721458412e+01
5.742236314040536672e+04 7.638110247479966347e+03 7.036862344774189637e+01
5.742236314155262517e+04 7.603094595947033667e+03 7.021320645386504111e+01
5.742236314269989089e+04 8.282590104757533481e+03 7.317249081631847218e+01
5.742236314384715661e+04 9.112776310453631595e+03 7.663541612995064156e+01
5.742236314499442233e+04 9.415687260625762065e+03 7.786218593729485349e+01
5.742236314614168077e+04 9.343616114737584212e+03 7.757044733859365238e+01
5.742236314728894649e+04 8.773787554263159109e+03 7.524243746330522242e+01
5.742236314843621221e+04 8.131556500213709114e+03 7.252489693660797343e+01
5.742236314958347066e+04 7.763373367065029015e+03 7.092733517259839005e+01
5.742236315073073638e+04 7.730011742385667276e+03 7.077267672016742495e+01
5.742236315187800210e+04 7.716117563745308871e+03 7.071314240302032772e+01
5.742236315302526054e+04 7.545252987148259308e+03 6.995624224046846962e+01
5.742236315417252627e+04 7.329951248886731264e+03 6.898765340360903053e+01
5.742236315531979199e+04 7.493921298704755827e+03 6.972801461753093122e+01
5.742236315646705043e+04 8.172015510250055740e+03 7.270249615171441349e+01
5.742236315761431615e+04 8.501997859802824678e+03 7.410492983324735405e+01
5.742236315876158187e+04 8.350740621669270695e+03 7.346182859938235765e+01
5.742236315990884032e+04 8.338808243666977432e+03 7.341090620446061621e+01
5.742236316105610604e+04 8.382029241038095279e+03 7.359492454230802139e+01
5.742236316220337176e+04 8.291973891193125382e+03 7.321558754138082747e+01
5.742236316335063020e+04 8.550339874796092772e+03 7.430967969280564489e+01
5.742236316449789592e+04 8.778331259990951366e+03 7.526358772774618444e+01
5.742236316564516164e+04 9.045234282782630544e+03 7.636149370092464039e+01
5.742236316679242736e+04 9.058216995032285922e+03 7.641457475308530434e+01
5.742236316793968581e+04 8.348498345398795209e+03 7.345797606856058337e+01
5.742236316908695153e+04 7.777921469917837385e+03 7.098582515819501282e+01
5.742236317023421725e+04 7.459732776220098458e+03 6.957106012193450795e+01
5.742236317138147569e+04 7.619347450412170474e+03 7.028259367521401657e+01
5.742236317252874142e+04 7.953737216752067980e+03 7.175579639797770426e+01
5.742236317367600714e+04 8.109514446038185270e+03 7.243443716330916970e+01
5.742236317482326558e+04 8.489779444605441313e+03 7.405526245939334729e+01
5.742236317597053130e+04 8.824371227984511279e+03 7.545171573807650134e+01
5.742236317711779702e+04 8.583242847253384753e+03 7.444694971323211519e+01
5.742236317826505547e+04 8.553994732712821133e+03 7.432285349263749197e+01
5.742236317941232119e+04 8.498893813807168044e+03 7.409241871674868207e+01
5.742236318055958691e+04 8.311021525027928874e+03 7.328986065731567123e+01
5.742236318170684535e+04 8.315124315891258448e+03 7.330931800597599590e+01
5.742236318285411107e+04 8.214538398898541345e+03 7.287914411002715553e+01
5.742236318400137679e+04 8.107760561990678980e+03 7.242206044291587830e+01
5.742236318514863524e+04 8.165354280575181292e+03 7.267186434814873053e+01
5.742236318629590096e+04 8.107665395831284513e+03 7.242419856730087702e+01
5.742236318744316668e+04 8.057761764018939175e+03 7.220490746362172274e+01
5.742236318859042512e+04 7.811724184894543214e+03 7.113337993555300898e+01
5.742236318973769085e+04 7.616933236694737388e+03 7.026885783253220552e+01
5.742236319088495657e+04 7.579434523234697735e+03 7.010439369444868873e+01
5.742236319203222229e+04 7.971902723917356525e+03 7.182865592485688921e+01
5.742236319317948073e+04 8.476907973526269416e+03 7.400054826622897508e+01
5.742236319432674645e+04 8.442884541658246235e+03 7.385866169904265632e+01
5.742236319547401217e+04 8.052040216179445451e+03 7.218083099748477593e+01
5.742236319662127062e+04 8.148604524107244288e+03 7.259700222066160791e+01
5.742236319776853634e+04 8.102023087098623364e+03 7.239941404347464982e+01
5.742236319891580206e+04 8.124880818779041874e+03 7.250038099584448048e+01
5.742236320006306050e+04 8.118269806236936347e+03 7.246944254167203781e+01
5.742236320121032622e+04 8.114693228884759264e+03 7.245684746954884758e+01
5.742236320235759194e+04 8.279369022825432694e+03 7.316512322510257604e+01
5.742236320350485039e+04 8.490095904464833438e+03 7.405781630181958519e+01
5.742236320465211611e+04 8.318505277584676151e+03 7.333044770234421605e+01
5.742236320579938183e+04 7.962653130877222793e+03 7.179640330069072718e+01
5.742236320694664028e+04 7.992644154510276167e+03 7.192419455599858225e+01
5.742236320809390600e+04 8.080605241936842503e+03 7.230198775172071635e+01
5.742236320924117172e+04 8.316731644084509753e+03 7.331872556642593963e+01
5.742236321038843016e+04 8.677496904491872556e+03 7.483875843493606794e+01
5.742236321153569588e+04 8.815591597284475938e+03 7.541534428401713797e+01
5.742236321268296160e+04 8.787480365665129284e+03 7.529977994010238262e+01
5.742236321383022005e+04 8.622287757893605885e+03 7.461241453442632121e+01
5.742236321497748577e+04 8.285429949311706878e+03 7.318665138369235024e+01
5.742236321612475149e+04 8.138419093540621361e+03 7.255201111640397471e+01
5.742236321727201721e+04 8.442766759315683885e+03 7.385127283150097810e+01
5.742236321841927565e+04 8.479075933357920803e+03 7.400914120516642924e+01
5.742236321956654137e+04 8.381182842710884870e+03 7.359583467460021211e+01
5.742236322071380710e+04 8.248417239422604325e+03 7.302779951489605992e+01
5.742236322186106554e+04 8.167524662673090461e+03 7.268611341339651233e+01
5.742236322300833126e+04 8.385974436155585863e+03 7.361189142711907607e+01
5.742236322415559698e+04 8.617369837475285749e+03 7.459169104370113246e+01
5.742236322530285543e+04 8.390285762339693974e+03 7.363283367904531929e+01
5.742236322645012115e+04 8.155980187243603723e+03 7.262760699486436522e+01
5.742236322759738687e+04 7.930551925609533100e+03 7.165510251522253782e+01
5.742236322874464531e+04 7.985503959782029597e+03 7.189569495241930497e+01
5.742236322989191103e+04 8.283531272213485863e+03 7.317789385594240059e+01
5.742236323103917675e+04 8.561519327421336129e+03 7.435870519730370631e+01
5.742236323218643520e+04 8.857140117716377063e+03 7.558912796011777857e+01
5.742236323333370092e+04 8.748796855843251251e+03 7.513723991332726371e+01
5.742236323448096664e+04 8.569578184145122577e+03 7.438819362140573332e+01
5.742236323562822508e+04 8.790288225082420468e+03 7.530710986909652149e+01
5.742236323677549080e+04 8.905048111065405465e+03 7.578920074882093161e+01
5.742236323792275653e+04 8.407934802026940815e+03 7.371259178811354218e+01
5.742236323907001497e+04 8.194082161704567625e+03 7.279731861193164377e+01
5.742236324021728069e+04 8.068658453437138633e+03 7.225839769503186005e+01
5.742236324136454641e+04 7.905123062849937014e+03 7.154393933963777386e+01
5.742236324251181213e+04 7.764322614975421857e+03 7.092440351200151838e+01
5.742236324365907058e+04 7.678520942454163560e+03 7.054759595464142308e+01
5.742236324480633630e+04 7.605416832027671262e+03 7.021973190802316367e+01
5.742236324595360202e+04 7.740854148911603261e+03 7.082257868541803703e+01
5.742236324710086046e+04 8.246133367498634470e+03 7.301935796417535585e+01
5.742236324824812618e+04 8.514752889780545956e+03 7.415560378620035920e+01
5.742236324939539190e+04 8.357642709952284349e+03 7.349335206360005657e+01
5.742236325054265035e+04 8.198620367171484759e+03 7.281192858853228245e+01
5.742236325168991607e+04 8.068261606089107772e+03 7.225552820705887314e+01
5.742236325283718179e+04 8.197883418553565207e+03 7.281141635090297370e+01
5.742236325398444023e+04 8.395468987361859035e+03 7.365682316852496569e+01
5.742236325513170596e+04 8.194573854599793776e+03 7.279739430887450169e+01
5.742236325627897168e+04 7.749243523628156254e+03 7.086038854801333287e+01
5.742236325742623012e+04 7.635877444768344503e+03 7.036225901186874410e+01
5.742236325857349584e+04 7.835280695608314090e+03 7.124118544375767215e+01
5.742236325972076156e+04 8.088789120892141000e+03 7.234334464436032874e+01
5.742236326086802001e+04 8.283297679833325674e+03 7.317693013963584292e+01
5.742236326201528573e+04 8.223065091962140286e+03 7.291753896022984804e+01
5.742236326316255145e+04 9.035526500032747208e+03 7.632295129848138515e+01
5.742236326430980989e+04 8.710424082716948760e+03 7.498007833178851911e+01
5.742236326545707561e+04 8.202840431668331803e+03 7.283634649353393797e+01
5.742236326660434133e+04 8.013199060510275558e+03 7.201774648047837957e+01
5.742236326775160705e+04 8.058838708968968604e+03 7.221151810522768244e+01
5.742236326889886550e+04 8.164257420978731716e+03 7.266287044047793131e+01
5.742236327004613122e+04 8.197641208017403187e+03 7.280715928940499282e+01
5.742236327119339694e+04 8.336749390242473964e+03 7.340701917929303022e+01
5.742236327234065539e+04 8.347191088794021198e+03 7.345345718925834433e+01
5.742236327348792111e+04 8.025916447619971223e+03 7.207120558731689641e+01
5.742236327463518683e+04 8.035692081461001180e+03 7.211126676297686799e+01
5.742236327578244527e+04 8.260976875794800435e+03 7.308344261456944935e+01
5.742236327692971099e+04 8.476399047988878010e+03 7.399293380626154715e+01
5.742236327807697671e+04 8.663406489725484789e+03 7.478527323540961902e+01
5.742236327922423516e+04 8.568751878918857983e+03 7.438738766490830301e+01
5.742236328037150088e+04 8.429669674009530354e+03 7.379762700687895460e+01
5.742236328151876660e+04 8.340563150065652735e+03 7.342048246995575767e+01
5.742236328266602504e+04 8.340000133320470923e+03 7.341701584508886924e+01
5.742236328381329076e+04 8.387833128750604374e+03 7.362286112256209947e+01
5.742236328496055648e+04 8.393497208922935897e+03 7.363896628515085752e+01
5.742236328610781493e+04 8.279306926149982246e+03 7.315049465691274122e+01
5.742236328725508065e+04 8.281780025299271074e+03 7.316701646597353204e+01
5.742236328840234637e+04 8.173758420385139289e+03 7.270890314379731478e+01
5.742236328954960481e+04 8.003371187173202998e+03 7.197130628449801293e+01
5.742236329069687054e+04 7.972823370804676415e+03 7.183886023629332840e+01
5.742236329184413626e+04 8.510849187363004603e+03 7.413786251795839632e+01
5.742236329299140198e+04 8.989917459372578378e+03 7.613597012518852125e+01
5.742236329413866042e+04 9.039593808359408285e+03 7.633726847785207781e+01
5.742236329528592614e+04 8.976318118841138130e+03 7.607915506906951464e+01
5.742236329643319186e+04 8.808696034128972315e+03 7.538730534134126060e+01
5.742236329758045031e+04 8.574830456554238481e+03 7.440952417197837576e+01
5.742236329872771603e+04 8.273080307912145145e+03 7.313120401963074357e+01
5.742236329987498175e+04 8.003348285389901321e+03 7.197077563592117144e+01
5.742236330102224019e+04 7.912204436066520429e+03 7.157626190201789029e+01
5.742236330216950591e+04 7.614149596017921795e+03 7.025993844085697049e+01
5.742236330331677163e+04 7.390354150794671114e+03 6.925498402477819582e+01
5.742236330446403008e+04 6.978201956619349403e+03 6.737369200009590031e+01
5.742236330561129580e+04 6.877927811393567026e+03 6.690822527242201545e+01
5.742236330675856152e+04 7.236744384920662924e+03 6.856515595126781193e+01
5.742236330790581997e+04 8.314528044892223988e+03 7.331015072127584631e+01
5.742236330905308569e+04 8.964234170600939251e+03 7.602379826612505553e+01
5.742236331020035141e+04 9.031341096064799785e+03 7.630199935110580611e+01
5.742236331134760985e+04 9.012412102275349753e+03 7.622478494228933243e+01
5.742236331249487557e+04 8.888365372015272442e+03 7.572790231594011345e+01
5.742236331364214129e+04 8.615062170235682061e+03 7.460942892220053579e+01
5.742236331478939974e+04 8.435520040528270329e+03 7.383327375598777564e+01
5.742236331593666546e+04 8.447762897452781544e+03 7.387446574333040417e+01
5.742236331708393118e+04 8.377313297072169007e+03 7.357558907698472694e+01
5.742236331823119690e+04 8.042400402837844922e+03 7.213957460759804974e+01
5.742236331937845534e+04 7.773102224893861603e+03 7.096325743214019610e+01
5.742236332052572106e+04 7.664106653215091683e+03 7.048090716364582420e+01
5.742236332167298679e+04 7.739453988636414579e+03 7.081241296597519863e+01
5.742236332282024523e+04 8.022045936324466311e+03 7.205294207794378281e+01
5.742236332396751095e+04 7.986090276984302363e+03 7.189759696091567776e+01
5.742236332511477667e+04 8.129603010676864869e+03 7.251635364618392998e+01
5.742236332626203512e+04 8.548476505684031508e+03 7.429818340134573873e+01
5.742236332740930084e+04 8.579299516476279678e+03 7.443174810686335263e+01
5.742236332855656656e+04 8.471410466584533424e+03 7.397517011955957855e+01
5.742236332970382500e+04 8.379822310225392357e+03 7.358593731358249102e+01
5.742236333085109072e+04 8.296438089204921198e+03 7.323029107973019336e+01
5.742236333199835644e+04 8.193579919013287508e+03 7.279184277803784653e+01
5.742236333314561489e+04 8.121696173902390910e+03 7.248311224897216221e+01
5.742236333429288061e+04 8.098399708007969821e+03 7.238284729065475176e+01
5.742236333544014633e+04 8.106091101625495867e+03 7.241450674554658917e+01
5.742236333658740477e+04 8.410521071288865642e+03 7.371895156323274989e+01
5.742236333773467049e+04 8.598785735474080866e+03 7.451288491150540949e+01
5.742236333888193622e+04 8.242697941236601764e+03 7.299741572119501143e+01
5.742236334002919466e+04 7.992734242319808800e+03 7.192303792450155697e+01
5.742236334117646038e+04 7.784235676644791056e+03 7.101225360380935570e+01
5.742236334232372610e+04 7.559340923035653759e+03 7.001371608221090526e+01
5.742236334347099182e+04 7.572916277729282228e+03 7.007426514713542076e+01
5.742236334461825027e+04 7.811554634845450892e+03 7.113493473602414952e+01
5.742236334576551599e+04 7.974970213768930989e+03 7.185193941529266226e+01
5.742236334691278171e+04 7.851949611187445043e+03 7.131447710766614989e+01
5.742236334806004015e+04 8.043838221805889589e+03 7.214753326782660281e+01
5.742236334920730587e+04 8.263747730651502934e+03 7.309164558904508624e+01
5.742236335035457159e+04 8.112900291392673353e+03 7.244080479842983777e+01
5.742236335150183004e+04 7.707022203721253391e+03 7.067199783606119468e+01
5.742236335264909576e+04 7.102770294619913329e+03 6.794525684232880280e+01
5.742236335379636148e+04 5.966978373080461097e+03 6.250016437393419011e+01
5.742236335494361992e+04 4.424405338446490532e+03 5.424083978078638069e+01
5.742236335609088565e+04 3.129549146739245771e+03 4.617879796032143958e+01
5.742236335723815137e+04 2.468382607427221956e+03 4.146667732533173734e+01
5.742236335838540981e+04 2.231152034735515826e+03 3.964404383693157996e+01
5.742236335953267553e+04 2.141132078922731125e+03 3.892252587950813592e+01
5.742236336067994125e+04 2.056046229257139657e+03 3.822940595886640835e+01
5.742236336182719970e+04 2.052707058462089208e+03 3.820476674482886636e+01
5.742236336297446542e+04 1.985415882496974064e+03 3.765157288886604903e+01
5.742236336412173114e+04 1.993535347204058553e+03 3.771627850971776041e+01
5.742236336526898958e+04 1.967998210358592132e+03 3.750480640579966973e+01
5.742236336641625530e+04 1.917536466565627279e+03 3.707506935113438118e+01
5.742236336756352102e+04 1.971171818441557207e+03 3.752860963082112988e+01
5.742236336871078674e+04 1.973874406647782735e+03 3.754474366213464265e+01
5.742236336985804519e+04 1.903890424360261250e+03 3.695621909120625759e+01
5.742236337100531091e+04 1.922560472181900423e+03 3.712073770148786878e+01
5.742236337215257663e+04 1.994778745048226483e+03 3.772787303782659052e+01
5.742236337329983508e+04 1.970981427438026003e+03 3.751905573686096318e+01
5.742236337444710080e+04 1.939553701159296907e+03 3.725136499253155620e+01
5.742236337559436652e+04 1.886430430439741713e+03 3.681112334845414580e+01
5.742236337674162496e+04 1.898180376377369157e+03 3.691480334739839009e+01
5.742236337788889068e+04 1.968791861653658316e+03 3.749682321455731682e+01
