5.742236268150000251e+04 5.855003882982901996e+04 2.460809962635006229e+02
5.742236268267832202e+04 5.979263018353599182e+04 2.464345776206779703e+02
5.742236268385664880e+04 6.046410900776278868e+04 2.469037776286837698e+02
5.742236268503496831e+04 6.076618932575998770e+04 2.471215182859641004e+02
5.742236268621329509e+04 6.070459352633514936e+04 2.465771601023627113e+02
5.742236268739161460e+04 6.071056391227687709e+04 2.470494414100392646e+02
5.742236268856994138e+04 6.152714463504785090e+04 2.478557929648811751e+02
5.742236268974826089e+04 6.169824260764233622e+04 2.478609944976362556e+02
5.742236269092658767e+04 6.182248787356958928e+04 2.483954690487028358e+02
5.742236269210490718e+04 6.243651513902428269e+04 2.487412521283499984e+02
5.742236269328323397e+04 6.260881229011721734e+04 2.494419699995390545e+02
5.742236269446155347e+04 6.305956009295900731e+04 2.493716728090273591e+02
5.742236269563988026e+04 6.335925035657356784e+04 2.496507545778307247e+02
5.742236269681819977e+04 6.373833603617933841e+04 2.498619305436875777e+02
5.742236269799652655e+04 6.387451883862572140e+04 2.505998691714303845e+02
5.742236269917484606e+04 6.315270604039132013e+04 2.502657657394481134e+02
5.742236270035317284e+04 6.470183288886799710e+04 2.516263473765002914e+02
5.742236270153149235e+04 6.492493275999934122e+04 2.515981179763793705e+02
5.742236270270981913e+04 6.484495253963902360e+04 2.519248682128650785e+02
5.742236270388813864e+04 6.499496554136098712e+04 2.523447014871246381e+02
5.742236270506646542e+04 6.530789794857624656e+04 2.527147177071510953e+02
5.742236270624478493e+04 6.538751199875050224e+04 2.523056584693554498e+02
5.742236270742311171e+04 6.629138680656682118e+04 2.533763990441033229e+02
5.742236270860143122e+04 6.589567298621285590e+04 2.535375487489527302e+02
5.742236270977975073e+04 6.581526737462711753e+04 2.532189116523028076e+02
5.742236271095807751e+04 6.668699188972570118e+04 2.538213275291024615e+02
5.742236271213639702e+04 6.774777796564587334e+04 2.549181531304545842e+02
5.742236271331472381e+04 6.752189675844847807e+04 2.548129380849956078e+02
5.742236271449304331e+04 6.782163175187335582e+04 2.556336713237714946e+02
5.742236271567137010e+04 6.816563326662595500e+04 2.556755476102627824e+02
5.742236271684968960e+04 6.875856080177630065e+04 2.562321729574211986e+02
5.742236271802801639e+04 6.832134920721050003e+04 2.559361784758459635e+02
5.742236271920633590e+04 6.842087711000622949e+04 2.569973507805846680e+02
5.742236272038466268e+04 6.898437074544414645e+04 2.567516824239688162e+02
5.742236272156298219e+04 6.979140571649391495e+04 2.569885547505105592e+02
5.742236272274130897e+04 7.020920660895912442e+04 2.579474935786637957e+02
5.742236272391962848e+04 6.948882733308430761e+04 2.578974224006252030e+02
5.742236272509795526e+04 7.014025898752704961e+04 2.583057396397438197e+02
5.742236272627627477e+04 7.005404414731066208e+04 2.580854481820674664e+02
5.742236272745460155e+04 7.067613330989194219e+04 2.582917487653926969e+02
5.742236272863292106e+04 7.070650716415728675e+04 2.588039994049072448e+02
5.742236272981124785e+04 7.041570759552858362e+04 2.592396836238993956e+02
5.742236273098956735e+04 7.079939855228755914e+04 2.603531795918850094e+02
5.742236273216789414e+04 7.213852201809527469e+04 2.604602231013721507e+02
5.742236273334621364e+04 7.204966107981375535e+04 2.605564531179351206e+02
5.742236273452454043e+04 7.178084849261349882e+04 2.603276638258533922e+02
5.742236273570285994e+04 7.450658893724528025e+04 2.631107836190084868e+02
5.742236273688118672e+04 7.335114799131697509e+04 2.615526357126369703e+02
5.742236273805950623e+04 7.313942739534004068e+04 2.620196300721798934e+02
5.742236273923782574e+04 7.287486447903003136e+04 2.617060179409594411e+02
5.742236274041615252e+04 7.338082084791761008e+04 2.621839350102387129e+02
5.742236274159447203e+04 7.337739836372781429e+04 2.622466823463694823e+02
5.742236274277279881e+04 7.383264804304158315e+04 2.622776010740529387e+02
5.742236274395111832e+04 7.424655749099029345e+04 2.634305838471462380e+02
5.742236274512944510e+04 7.444169852950688801e+04 2.637405071449523462e+02
5.742236274630776461e+04 7.532622370246352511e+04 2.642466070651511814e+02
5.742236274748609139e+04 7.531268789050764462e+04 2.643550084383787748e+02
5.742236274866441090e+04 7.613353293048037449e+04 2.656145659116312459e+02
5.742236274984273768e+04 7.559113279988936847e+04 2.647307324390444592e+02
5.742236275102105719e+04 7.589818318590061972e+04 2.652522543909669821e+02
5.742236275219938398e+04 7.621838016024269746e+04 2.657463760203886523e+02
5.742236275337770348e+04 7.681025425925009768e+04 2.668148522485687977e+02
5.742236275455603027e+04 7.702593947803262563e+04 2.665277809268034162e+02
5.742236275573434978e+04 7.765255513381300261e+04 2.671573322957228811e+02
5.742236275691267656e+04 7.794485255822566978e+04 2.671564840811050772e+02
5.742236275809099607e+04 7.787158600774870138e+04 2.675106036769186062e+02
5.742236275926932285e+04 7.833975173492738395e+04 2.683410511991550607e+02
5.742236276044764236e+04 7.846506298227355001e+04 2.681803323567103803e+02
5.742236276162596914e+04 7.856542598611670837e+04 2.681759301304812766e+02
5.742236276280428865e+04 7.886683291042037308e+04 2.686008659263484333e+02
5.742236276398261543e+04 7.914242919035450905e+04 2.693029396373348732e+02
5.742236276516093494e+04 7.921093603090006218e+04 2.689708399078443790e+02
5.742236276633925445e+04 8.029788748061555088e+04 2.697694196783923530e+02
5.742236276751758123e+04 8.018957040268272976e+04 2.697545574053889936e+02
5.742236276869590074e+04 7.993553527044257498e+04 2.702611587603112753e+02
5.742236276987422752e+04 8.011521887122742191e+04 2.707693685524697571e+02
5.742236277105254703e+04 8.069846490683553566e+04 2.705742411004605401e+02
5.742236277223087382e+04 8.183185011965999729e+04 2.712753293228354323e+02
5.742236277340919332e+04 8.155788928961899364e+04 2.712565113740471361e+02
5.742236277458752011e+04 8.163734693073696690e+04 2.721797546017703553e+02
5.742236277576583961e+04 8.213854723570651549e+04 2.721415704184150854e+02
5.742236277694416640e+04 8.253686696943682909e+04 2.728201768359509742e+02
5.742236277812248591e+04 8.218247985967806017e+04 2.721894038190071683e+02
5.742236277930081269e+04 8.243693789769246359e+04 2.727061637376961016e+02
5.742236278047913220e+04 8.225832850338242133e+04 2.727332434322779022e+02
5.742236278165745898e+04 8.289024099264605320e+04 2.733964966049077248e+02
5.742236278283577849e+04 8.353143336576102593e+04 2.738360119639984305e+02
5.742236278401410527e+04 8.409016441989141458e+04 2.751464277277301562e+02
5.742236278519242478e+04 8.408023272290360183e+04 2.744949286672568292e+02
5.742236278637075156e+04 8.515203136960147822e+04 2.753130087150028089e+02
5.742236278754907107e+04 8.567553761872794712e+04 2.757579018472778216e+02
5.742236278872739786e+04 8.599494178532873048e+04 2.755745244778420329e+02
5.742236278990571736e+04 8.783484947682236088e+04 2.756239223368516491e+02
5.742236279108404415e+04 8.864343349657228100e+04 2.758402252764405489e+02
5.742236279226236366e+04 8.903049650456719974e+04 2.760301659455667505e+02
5.742236279344068316e+04 9.019505427851175773e+04 2.773917550481714329e+02
5.742236279461900995e+04 9.015531042374722892e+04 2.772955653099146502e+02
5.742236279579732945e+04 8.989419591694723931e+04 2.772601387744903150e+02
5.742236279697565624e+04 9.025843616947623377e+04 2.776569705044627199e+02
5.742236279815397575e+04 9.049684702540413127e+04 2.778327735818052702e+02
5.742236279933230253e+04 9.152280180416075746e+04 2.789132317907267407e+02
5.742236280051062204e+04 9.227117413607570052e+04 2.795937165787217396e+02
5.742236280168894882e+04 9.439830747134688136e+04 2.818562471114129835e+02
5.742236280286726833e+04 1.004849936185299302e+05 2.885711729274715367e+02
5.742236280404559511e+04 1.061566826835220127e+05 2.940554996252755018e+02
5.742236280522391462e+04 1.071681805401296879e+05 2.943787760318376172e+02
5.742236280640224140e+04 1.063993322409260436e+05 2.935353136013793005e+02
5.742236280758056091e+04 1.075364689164385491e+05 2.946998328585685272e+02
5.742236280875888770e+04 1.085523332961388078e+05 2.957054884507338670e+02
5.742236280993720720e+04 1.080106676100538607e+05 2.950782441504370013e+02
5.742236281111553399e+04 1.072780267950663110e+05 2.944593473509669934e+02
5.742236281229385349e+04 1.080772974545315665e+05 2.951954284639247703e+02
5.742236281347218028e+04 1.092788839494006679e+05 2.964084862275166756e+02
5.742236281465049979e+04 1.093800618032311177e+05 2.965194363155341648e+02
5.742236281582882657e+04 1.093924428982679965e+05 2.966436518337405346e+02
5.742236281700714608e+04 1.103385114185092534e+05 2.976758098518738507e+02
5.742236281818547286e+04 1.096992366587497672e+05 2.969488588252204977e+02
5.742236281936379237e+04 1.107109687009520421e+05 2.980257616295421599e+02
5.742236282054211915e+04 1.107053475936129980e+05 2.980342369843343135e+02
5.742236282172043866e+04 1.111818231263576890e+05 2.985153977574055375e+02
5.742236282289875817e+04 1.115214697387206543e+05 2.988314669013357161e+02
5.742236282407708495e+04 1.122185589566169510e+05 2.997155146757564808e+02
5.742236282525540446e+04 1.120435633396225749e+05 2.994269993123048152e+02
5.742236282643373124e+04 1.121849135159423458e+05 2.995411435353011029e+02
5.742236282761205075e+04 1.118805596479400847e+05 2.993374315906219749e+02
5.742236282879037753e+04 1.133200168253055599e+05 3.008536365159680486e+02
5.742236282996869704e+04 1.146284049104872392e+05 3.022845545384155912e+02
5.742236283114702383e+04 1.125326564749061363e+05 3.001287164157211578e+02
5.742236283232534333e+04 1.124160381341939938e+05 2.997675691832953930e+02
5.742236283350367012e+04 1.130730043150819547e+05 3.005630787437775666e+02
5.742236283468198963e+04 1.142081045709250029e+05 3.016871277553856316e+02
5.742236283586031641e+04 1.143564667175032664e+05 3.018557535104603176e+02
5.742236283703863592e+04 1.146541866766404419e+05 3.021119005999503884e+02
5.742236283821696270e+04 1.159614430829722987e+05 3.034982799382685812e+02
5.742236283939528221e+04 1.157379120986286871e+05 3.032531930890104377e+02
5.742236284057360899e+04 1.157856116249134066e+05 3.033199409375397977e+02
5.742236284175192850e+04 1.158837826372017880e+05 3.033595917951373053e+02
5.742236284293025528e+04 1.157603472852372070e+05 3.032824474519325690e+02
5.742236284410857479e+04 1.167906076903256035e+05 3.043205642105573929e+02
5.742236284528690157e+04 1.169667374528797809e+05 3.045550775684227460e+02
5.742236284646522108e+04 1.170622086677173211e+05 3.046750234486864315e+02
5.742236284764354787e+04 1.167712141429544718e+05 3.043567381051755092e+02
5.742236284882186737e+04 1.162843391820585530e+05 3.038103857152124760e+02
5.742236285000018688e+04 1.175641093687682296e+05 3.052270470797932376e+02
5.742236285117851367e+04 1.190425140751243307e+05 3.066548050931612011e+02
5.742236285235683317e+04 1.176291082032089762e+05 3.052560768378183411e+02
5.742236285353515996e+04 1.180293368947723502e+05 3.055658963233327086e+02
5.742236285471347946e+04 1.191441345657007769e+05 3.067069072284367621e+02
5.742236285589180625e+04 1.203534434609887394e+05 3.080230666699823132e+02
5.742236285707012576e+04 1.195318498241973575e+05 3.071607958705534429e+02
5.742236285824845254e+04 1.200683581352866895e+05 3.077049098368013347e+02
5.742236285942677205e+04 1.195617547079492069e+05 3.071982865680762984e+02
5.742236286060509883e+04 1.200859440998154751e+05 3.077268260939436573e+02
5.742236286178341834e+04 1.205425434735457529e+05 3.083769038458319756e+02
5.742236286296174512e+04 1.206616376479671744e+05 3.083002791471300839e+02
5.742236286414006463e+04 1.204559440909929544e+05 3.080796434180988967e+02
5.742236286531839141e+04 1.222324287218754616e+05 3.099747341002400276e+02
5.742236286649671092e+04 1.220290254348148446e+05 3.096362090320338325e+02
5.742236286767503771e+04 1.224208205202866811e+05 3.100656517226715891e+02
5.742236286885335721e+04 1.232548874659828289e+05 3.108517683883214886e+02
5.742236287003168400e+04 1.221869911495699635e+05 3.098289172077415401e+02
5.742236287121000350e+04 1.228409948046118079e+05 3.104977186200395636e+02
5.742236287238833029e+04 1.245476305411418143e+05 3.121181157844179097e+02
5.742236287356664980e+04 1.251660077132076840e+05 3.127511915908734750e+02
5.742236287474497658e+04 1.226773763115761976e+05 3.104079551096981504e+02
5.742236287592329609e+04 1.235142805260673340e+05 3.111718097131786749e+02
5.742236287710161560e+04 1.246030951405782835e+05 3.123675360878432343e+02
5.742236287827994238e+04 1.250828900928549119e+05 3.128165694096515494e+02
5.742236287945826189e+04 1.241712128650263476e+05 3.119115488198862067e+02
5.742236288063658867e+04 1.259305920608125161e+05 3.135852114365939087e+02
5.742236288181490818e+04 1.262908473453584884e+05 3.138965028916106235e+02
5.742236288299323496e+04 1.259383991067411407e+05 3.136790757612942002e+02
5.742236288417155447e+04 1.263116343906324182e+05 3.138863335328854873e+02
5.742236288534988125e+04 1.262911230728350056e+05 3.138360747864780365e+02
5.742236288652820076e+04 1.275934475380099029e+05 3.151012094641041017e+02
5.742236288770652754e+04 1.280916548146118294e+05 3.156330148367791821e+02
5.742236288888484705e+04 1.270931047547431372e+05 3.146276047400377252e+02
5.742236289006317384e+04 1.280667538659726270e+05 3.156307159991426374e+02
5.742236289124149334e+04 1.301791177767846675e+05 3.177159952248198351e+02
5.742236289241982013e+04 1.294628808224520180e+05 3.170492853118365701e+02
5.742236289359813964e+04 1.288812640072137438e+05 3.164562409413401269e+02
5.742236289477646642e+04 1.292943338987536263e+05 3.167833200153052076e+02
5.742236289595478593e+04 1.312884259906120715e+05 3.187296697909523004e+02
5.742236289713311271e+04 1.294193833808999916e+05 3.169493725728676736e+02
5.742236289831143222e+04 1.304006311265630648e+05 3.178994959332595158e+02
5.742236289948975900e+04 1.308332435509934294e+05 3.183070349001652630e+02
5.742236290066807851e+04 1.315096655029653339e+05 3.190048867916921722e+02
5.742236290184640529e+04 1.326680125922562438e+05 3.201334331153445305e+02
5.742236290302472480e+04 1.309023565007589204e+05 3.183517386858159171e+02
5.742236290420305158e+04 1.316124452844967018e+05 3.190547890448686417e+02
5.742236290538137109e+04 1.313450553106096631e+05 3.187901404330025912e+02
5.742236290655969060e+04 1.325044757782446104e+05 3.199251593194531438e+02
5.742236290773801738e+04 1.323988740759296634e+05 3.198997086199613022e+02
5.742236290891633689e+04 1.317301861966261931e+05 3.192984869397171224e+02
5.742236291009466368e+04 1.319147372102415247e+05 3.193002248837656225e+02
5.742236291127298318e+04 1.328832662356449291e+05 3.202309182923702338e+02
5.742236291245130997e+04 1.346520945001667133e+05 3.221003907126560648e+02
5.742236291362962947e+04 1.343212298861793824e+05 3.217746605755822316e+02
5.742236291480795626e+04 1.340214080218483869e+05 3.217505641120976065e+02
5.742236291598627577e+04 1.358435099043927621e+05 3.235476197166374277e+02
5.742236291716460255e+04 1.356938881257810281e+05 3.233685321565548065e+02
5.742236291834292206e+04 1.352767305400589830e+05 3.230194167183043987e+02
5.742236291952124884e+04 1.364140357112380734e+05 3.241054701434126741e+02
5.742236292069956835e+04 1.363329844476210419e+05 3.239977380311456727e+02
5.742236292187789513e+04 1.385796121631936112e+05 3.262538357719187161e+02
5.742236292305621464e+04 1.402902223078143143e+05 3.277486205652088529e+02
5.742236292423454142e+04 1.437579191196297179e+05 3.311263687725757450e+02
5.742236292541286093e+04 1.468814998208289326e+05 3.339689957848526660e+02
5.742236292659118772e+04 1.535334232168379240e+05 3.400323087184606266e+02
5.742236292776950722e+04 1.583140159267577692e+05 3.444055755803734087e+02
5.742236292894783401e+04 1.613719964279937849e+05 3.470641392282033166e+02
5.742236293012615351e+04 1.670737888014898635e+05 3.521685376254279731e+02
5.742236293130448030e+04 1.590298005119902664e+05 3.449966308400320827e+02
5.742236293248279981e+04 1.709796279010268627e+05 3.556930666731859674e+02
5.742236293366111931e+04 1.679668005095439148e+05 3.532116732816194258e+02
5.742236293483944610e+04 1.703000002987151674e+05 3.552679943276831978e+02
5.742236293601776561e+04 1.735522331350195745e+05 3.581148181514755038e+02
5.742236293719609239e+04 1.753359986509013979e+05 3.597595711100510698e+02
5.742236293837441190e+04 1.712013656872925640e+05 3.561234044811705530e+02
5.742236293955273868e+04 1.729663712007808208e+05 3.574984127062273274e+02
5.742236294073105819e+04 1.741590051066824235e+05 3.589149552935689940e+02
5.742236294190938497e+04 1.731329737688036694e+05 3.577953022301476835e+02
5.742236294308770448e+04 1.720392577012641705e+05 3.568479985650889148e+02
5.742236294426603126e+04 1.758043557156976312e+05 3.600778644064963601e+02
5.742236294544435077e+04 1.782657110467293242e+05 3.623143562194146625e+02
5.742236294662267755e+04 1.749637009939411946e+05 3.594108665062839805e+02
5.742236294780099706e+04 1.800045888000944688e+05 3.637882958422143815e+02
5.742236294897932385e+04 1.769669730737585924e+05 3.614549577620497303e+02
5.742236295015764335e+04 1.744814097192870395e+05 3.611088696558281868e+02
5.742236295133597014e+04 1.728476421578698501e+05 3.627041420258913718e+02
5.742236295251428965e+04 1.720488887944629532e+05 3.623231683606760498e+02
5.742236295369261643e+04 1.738046390771212755e+05 3.634017685070397761e+02
5.742236295487093594e+04 1.732388570248514297e+05 3.632710556243177962e+02
5.742236295604926272e+04 1.762172366976090125e+05 3.660285685616652245e+02
5.742236295722758223e+04 1.756486061459669145e+05 3.652161039874987409e+02
5.742236295840590901e+04 1.739386413662956329e+05 3.635949757355371617e+02
5.742236295958422852e+04 1.720125450364245335e+05 3.616892143154219639e+02
5.742236296076254803e+04 1.746155479953357135e+05 3.643917486194350772e+02
5.742236296194087481e+04 1.769876465476686135e+05 3.665159101668829749e+02
5.742236296311919432e+04 1.763351360029911157e+05 3.652827467146238973e+02
5.742236296429752110e+04 1.794302929703783884e+05 3.681233738167032357e+02
5.742236296547584061e+04 1.830735016735724639e+05 3.711051795395704289e+02
5.742236296665416739e+04 1.786520146079829719e+05 3.676332907859809893e+02
5.742236296783248690e+04 1.757547478432740318e+05 3.653083663572863884e+02
5.742236296901081369e+04 1.777291780018229620e+05 3.668252411317525343e+02
5.742236297018913319e+04 1.821754163739823562e+05 3.703775791914644628e+02
5.742236297136745998e+04 1.793336145998041320e+05 3.681268244069724460e+02
5.742236297254577948e+04 1.766380691089924658e+05 3.662345258097247438e+02
5.742236297372410627e+04 1.782838553421937104e+05 3.673671177334460367e+02
5.742236297490242578e+04 1.783596425928940880e+05 3.673650704083937626e+02
5.742236297608075256e+04 1.834061906047687808e+05 3.712188296801842853e+02
5.742236297725907207e+04 1.795502862663099659e+05 3.688634898434512479e+02
5.742236297843739885e+04 1.799362921692972304e+05 3.688578241029180163e+02
5.742236297961571836e+04 1.843849524197413994e+05 3.709003346728654833e+02
5.742236298079404514e+04 1.849042681811425427e+05 3.719841932946350198e+02
5.742236298197236465e+04 1.822770802886298625e+05 3.703006596327442708e+02
5.742236298315069143e+04 1.821485037073039566e+05 3.705858459940142211e+02
5.742236298432901094e+04 1.811771917034903599e+05 3.697935103503683081e+02
5.742236298550733773e+04 1.830618975760272879e+05 3.715215151707769223e+02
5.742236298668565723e+04 1.848864257293770497e+05 3.727239961014548157e+02
5.742236298786398402e+04 1.822339465805656218e+05 3.707620707354317346e+02
5.742236298904230352e+04 1.803267580194762559e+05 3.693676874216390615e+02
5.742236299022062303e+04 1.846845985582515132e+05 3.727961387261206028e+02
5.742236299139894982e+04 1.866392644718852243e+05 3.740246895421707904e+02
5.742236299257726932e+04 1.825917900425732660e+05 3.709271836553120352e+02
5.742236299375559611e+04 1.859309741339174798e+05 3.737494680138584613e+02
5.742236299493391562e+04 1.830885521907588700e+05 3.714833619559342992e+02
5.742236299611224240e+04 1.872115854930343630e+05 3.745578794099496918e+02
5.742236299729056191e+04 1.890418633646589878e+05 3.760329014136864885e+02
5.742236299846888869e+04 1.855361275465798390e+05 3.733698547928713651e+02
5.742236299964720820e+04 1.847114077858590754e+05 3.729357561156256793e+02
5.742236300082553498e+04 1.857377730882995529e+05 3.736702741928265255e+02
5.742236300200385449e+04 1.866400259751623671e+05 3.745081417182491350e+02
5.742236300318218127e+04 1.871399939089605759e+05 3.751095589197731215e+02
5.742236300436050078e+04 1.855049470955410216e+05 3.735294293194920101e+02
5.742236300553882757e+04 1.870730056345915073e+05 3.748186972569839668e+02
5.742236300671714707e+04 1.884082809527021891e+05 3.760599301031176083e+02
5.742236300789547386e+04 1.867587601371771016e+05 3.744869944267314850e+02
5.742236300907379336e+04 1.883378338664690382e+05 3.757930592352312829e+02
5.742236301025212015e+04 1.868601345696019125e+05 3.745177527526432186e+02
5.742236301143043966e+04 1.940004885286366625e+05 3.801596331358936709e+02
5.742236301260876644e+04 1.895326157095255039e+05 3.766327073342378640e+02
5.742236301378708595e+04 1.833999016245263629e+05 3.718434868687962762e+02
5.742236301496541273e+04 1.859665129930119729e+05 3.738349164322322054e+02
5.742236301614373224e+04 1.905194118779722485e+05 3.776792168824821943e+02
5.742236301732205175e+04 1.891529739867323951e+05 3.762444051269873739e+02
5.742236301850037853e+04 1.813046546368171403e+05 3.696671397724248891e+02
5.742236301967869804e+04 1.730991098925817932e+05 3.630557409832331928e+02
5.742236302085702482e+04 1.763529883152315451e+05 3.661844122997388808e+02
5.742236302203534433e+04 1.788869150712066039e+05 3.676036431563529163e+02
5.742236302321367111e+04 1.779862196192309493e+05 3.666903372957841043e+02
5.742236302439199062e+04 1.797006334176927921e+05 3.687663094734724041e+02
5.742236302557031740e+04 1.827740613997557666e+05 3.709430307579733608e+02
5.742236302674863691e+04 1.791883057653439464e+05 3.676309389146890680e+02
5.742236302792696370e+04 1.828022321821976220e+05 3.710115011589012965e+02
5.742236302910528320e+04 1.831367567391189514e+05 3.718481899991722344e+02
5.742236303028360999e+04 1.982553204645768856e+05 3.840721171747163112e+02
5.742236303146192949e+04 1.820854986277829157e+05 3.703025402233287195e+02
5.742236303264025628e+04 1.829816492775521765e+05 3.712927062194194150e+02
5.742236303381857579e+04 1.844292773235238565e+05 3.725382098734359033e+02
5.742236303499690257e+04 1.817378912476342230e+05 3.703693488281548412e+02
5.742236303617522208e+04 1.846795714921407925e+05 3.726290617435805643e+02
5.742236303735354886e+04 1.845785462639566977e+05 3.724136811328469321e+02
5.742236303853186837e+04 1.799503904234820220e+05 3.692674475583188496e+02
5.742236303971019515e+04 1.822824861747665564e+05 3.709792291514388580e+02
5.742236304088851466e+04 1.841115637088993681e+05 3.721553057352589349e+02
5.742236304206684144e+04 1.832433186444666644e+05 3.716741891008966832e+02
5.742236304324516095e+04 1.832469847578277113e+05 3.710456791830971497e+02
5.742236304442348046e+04 1.836752825185196707e+05 3.718930251475959494e+02
5.742236304560180724e+04 1.856987786409812688e+05 3.738945826804799708e+02
5.742236304678012675e+04 1.849179659972590744e+05 3.729671308332533499e+02
5.742236304795845354e+04 1.863539355814829178e+05 3.739302980301702632e+02
5.742236304913677304e+04 1.831112840722418041e+05 3.717022619089727868e+02
5.742236305031509983e+04 1.866690092279483215e+05 3.745833272495477786e+02
5.742236305149341933e+04 1.874523790201750526e+05 3.746807637581531480e+02
5.742236305267174612e+04 1.858477035419205786e+05 3.733167212661123244e+02
5.742236305385006563e+04 1.860404841143687663e+05 3.739137450186798901e+02
5.742236305502839241e+04 1.851943898990113812e+05 3.734102407555762966e+02
5.742236305620671192e+04 1.896082282980120508e+05 3.767108297307198654e+02
5.742236305738503870e+04 1.869783112814354245e+05 3.744126051961238204e+02
5.742236305856335821e+04 1.852346519844164723e+05 3.731893324670000425e+02
5.742236305974168499e+04 1.838136820060093596e+05 3.724272976355362630e+02
5.742236306092000450e+04 1.883438709253701381e+05 3.757231259269296970e+02
5.742236306209833128e+04 1.905556648611592245e+05 3.775790249653632600e+02
5.742236306327665079e+04 1.846130408032263804e+05 3.731506876558429440e+02
5.742236306445497758e+04 1.793484051629066525e+05 3.691120305547813132e+02
5.742236306563329708e+04 1.833863006380438455e+05 3.723989139788990883e+02
5.742236306681162387e+04 1.908008716465925972e+05 3.781889540642108045e+02
5.742236306798994337e+04 1.884230243777990981e+05 3.759660654678525589e+02
5.742236306916827016e+04 1.842393906090465607e+05 3.728039451956339576e+02
5.742236307034658967e+04 1.821485983662473154e+05 3.714919279827739160e+02
5.742236307152490917e+04 1.879569821281718905e+05 3.759319892193883561e+02
5.742236307270323596e+04 1.874917225473822327e+05 3.755056115437725452e+02
5.742236307388155547e+04 1.852124965421990200e+05 3.736278887677581224e+02
5.742236307505988225e+04 1.852395356511996652e+05 3.740560388114978991e+02
5.742236307623820176e+04 1.861802045051530586e+05 3.743132852260798131e+02
5.742236307741652854e+04 1.836506118858502305e+05 3.724360778462359463e+02
5.742236307859484805e+04 1.828222309647327347e+05 3.719148615343904112e+02
5.742236307977317483e+04 1.800643284652217699e+05 3.698179755066933581e+02
5.742236308095149434e+04 1.711389133234881156e+05 3.623138342670505381e+02
5.742236308212982112e+04 1.542991728739405225e+05 3.474071684269635512e+02
5.742236308330814063e+04 1.492690719610331580e+05 3.426606371446472394e+02
5.742236308448646741e+04 1.481642174222739122e+05 3.418006995600258620e+02
5.742236308566478692e+04 1.474308282167235448e+05 3.413189767412707738e+02
5.742236308684311371e+04 1.480659053441509604e+05 3.415475251393561962e+02
5.742236308802143321e+04 1.478633657164963370e+05 3.414239908293064900e+02
5.742236308919976000e+04 1.475495947438381845e+05 3.412941653251131129e+02
5.742236309037807951e+04 1.472812499548674969e+05 3.413255103940229560e+02
5.742236309155640629e+04 1.474185838541134726e+05 3.410450908215657364e+02
5.742236309273472580e+04 1.479041181100769900e+05 3.412266997007631062e+02
5.742236309391305258e+04 1.478303527809896041e+05 3.414588562407304835e+02
5.742236309509137209e+04 1.470335448557198397e+05 3.415074750443113203e+02
5.742236309626969887e+04 1.473571649493963923e+05 3.416415971751538905e+02
5.742236309744801838e+04 1.472111662332436827e+05 3.405170145464736606e+02
5.742236309862634516e+04 1.483010292002749047e+05 3.416461879491335480e+02
5.742236309980466467e+04 1.472664556541359634e+05 3.415333767417573654e+02
5.742236310098298418e+04 1.469513351437095844e+05 3.415231103511255242e+02
5.742236310216131096e+04 1.468131702465994749e+05 3.416525777358874052e+02
5.742236310333963047e+04 1.477043906602046336e+05 3.415521608192378267e+02
5.742236310451795725e+04 1.476279818635524134e+05 3.412352839948447354e+02
5.742236310569627676e+04 1.468434419151882466e+05 3.414453590733142505e+02
5.742236310687460355e+04 1.474889503141519672e+05 3.415860608150925941e+02
5.742236310805292305e+04 1.477056516110103403e+05 3.417278176115117390e+02
5.742236310923124984e+04 1.463996127305137052e+05 3.410455859974177883e+02
5.742236311040956934e+04 1.462847391942793620e+05 3.407245492032734546e+02
5.742236311158789613e+04 1.465119602090152039e+05 3.409184941521938299e+02
5.742236311276621564e+04 1.467508709662015026e+05 3.414824372452330294e+02
5.742236311394454242e+04 1.466264727859004634e+05 3.413644377268292374e+02
5.742236311512286193e+04 1.460202883000338043e+05 3.408714987165240018e+02
5.742236311630118871e+04 1.466435892108925909e+05 3.412572209416210285e+02
5.742236311747950822e+04 1.469373367914424744e+05 3.422987839495755225e+02
5.742236311865783500e+04 1.454159072397849231e+05 3.418384255907743068e+02
5.742236311983615451e+04 1.465728214367117907e+05 3.413089579325648515e+02
5.742236312101448129e+04 1.454467211574474641e+05 3.405425582124150310e+02
5.742236312219280080e+04 1.469827345793441636e+05 3.412931941450783597e+02
5.742236312337112759e+04 1.466158817217419855e+05 3.411673809371069410e+02
5.742236312454944709e+04 1.466398630478245032e+05 3.414688155022875549e+02
5.742236312572777388e+04 1.464206014574967267e+05 3.408824761261754475e+02
5.742236312690609338e+04 1.472066606809928198e+05 3.413654228682839857e+02
5.742236312808441289e+04 1.475149131891320285e+05 3.405779070710691485e+02
5.742236312926273968e+04 1.474941236763239140e+05 3.398306688346152669e+02
5.742236313044105918e+04 1.426925999548154068e+05 3.356938440949663232e+02
5.742236313161938597e+04 1.381258959958050109e+05 3.311258449113160509e+02
5.742236313279770548e+04 1.329934130551830167e+05 3.256986159891569628e+02
5.742236313397603226e+04 1.267344947327122791e+05 3.201056210324921949e+02
5.742236313515435177e+04 1.205959411091652873e+05 3.144257839648234381e+02
5.742236313633267855e+04 1.153800074670942995e+05 3.088254712452967397e+02
5.742236313751099806e+04 1.100909597780671029e+05 3.033537568647373632e+02
5.742236313868932484e+04 1.047489924890067341e+05 2.978400152641345926e+02
5.742236313986764435e+04 9.863790692863325239e+04 2.916938950468032203e+02
5.742236314104597113e+04 9.361817815163463820e+04 2.860415064449385341e+02
5.742236314222429064e+04 8.771902787547493062e+04 2.788530325313928415e+02
5.742236314340261742e+04 8.341453436164020968e+04 2.738390544003797231e+02
5.742236314458093693e+04 7.683885412701417226e+04 2.675661235128416706e+02
5.742236314575926372e+04 7.052216384306616965e+04 2.603628088465396218e+02
5.742236314693758322e+04 6.631802739395337994e+04 2.540022679187548533e+02
5.742236314811591001e+04 5.971133461901926785e+04 2.452697866130936006e+02
5.742236314929422952e+04 5.395376978565815079e+04 2.375301390696217254e+02
5.742236315047255630e+04 4.712515489354341116e+04 2.305648062329425443e+02
5.742236315165087581e+04 4.241327368103433400e+04 2.236531606990355101e+02
5.742236315282920259e+04 3.685501596991102269e+04 2.152070432575316374e+02
5.742236315400752210e+04 3.196263921391321128e+04 2.075059822418641886e+02
5.742236315518584161e+04 2.627544908228391796e+04 1.990205257816394067e+02
5.742236315636416839e+04 2.098048273776315546e+04 1.909246415888919444e+02
5.742236315754248790e+04 1.546015928055768381e+04 1.817932769055825020e+02
5.742236315872081468e+04 9.992004049151633808e+03 1.713082270465641557e+02
5.742236315989913419e+04 4.185925144588461990e+03 1.610169964455379841e+02
5.742236316107746097e+04 -9.677393671885110962e+02 1.495283015880589517e+02
5.742236316225578048e+04 -6.607630184498255403e+03 1.378718307166930686e+02
5.742236316343410726e+04 -1.187900975682567514e+04 1.248266369077196885e+02
5.742236316461242677e+04 -1.645529519907461508e+04 1.100200693535474414e+02
5.742236316579075356e+04 -1.958381763165153825e+04 9.186910313813966411e+01
5.742236316696907306e+04 -2.029754198341810843e+04 8.113643438342172942e+01
5.742236316814739985e+04 -1.952340663003345981e+04 8.064286296968838030e+01
5.742236316932571935e+04 -1.877563030409895873e+04 8.009163536586844145e+01
5.742236317050404614e+04 -1.819513489050073622e+04 7.966186914991672552e+01
5.742236317168236565e+04 -1.746982220695459910e+04 7.912160073501657109e+01
5.742236317286069243e+04 -1.673958781731155614e+04 7.857391347577873830e+01
5.742236317403901194e+04 -1.615931588945200383e+04 7.813596311624179691e+01
5.742236317521733872e+04 -1.544572268548164539e+04 7.759400189322430208e+01
5.742236317639565823e+04 -1.490953927451026539e+04 7.718427633383704745e+01
5.742236317757398501e+04 -1.422566075528590227e+04 7.665851152235578070e+01
5.742236317875230452e+04 -1.356538767368531080e+04 7.614745023067972340e+01
5.742236317993063130e+04 -1.299568675918189547e+04 7.570372056279958883e+01
5.742236318110895081e+04 -1.228238670319560515e+04 7.514445007165100776e+01
5.742236318228727760e+04 -1.162713784480246250e+04 7.462700181514907172e+01
5.742236318346559710e+04 -1.092186059287245007e+04 7.406600677410361300e+01
5.742236318464391661e+04 -1.026965825876734925e+04 7.354342056066495559e+01
5.742236318582224339e+04 -9.586135230567790131e+03 7.299172301564776433e+01
5.742236318700056290e+04 -8.977064503446146773e+03 7.249658150282266433e+01
5.742236318817888969e+04 -8.277305041348177838e+03 7.192350728954689032e+01
5.742236318935720919e+04 -7.694556169902091824e+03 7.144275187679669159e+01
5.742236319053553598e+04 -7.029114385262014366e+03 7.088978953121331017e+01
5.742236319171385549e+04 -6.330208870358194872e+03 7.030433721229169919e+01
5.742236319289218227e+04 -5.687149678957719516e+03 6.976132579188993077e+01
5.742236319407050178e+04 -5.050062632310056870e+03 6.921915682627334832e+01
5.742236319524882856e+04 -4.383380145121355781e+03 6.864721693410896819e+01
5.742236319642714807e+04 -3.738138918701734383e+03 6.808909648341405330e+01
5.742236319760547485e+04 -3.100483074753585242e+03 6.753300586698512120e+01
5.742236319878379436e+04 -2.486319175487804841e+03 6.699303838326527227e+01
5.742236319996212114e+04 -1.826653464995161357e+03 6.640817582128420327e+01
5.742236320114044065e+04 -1.202776540091777633e+03 6.585026444003879931e+01
5.742236320231876743e+04 -5.393198474103003264e+02 6.525172469644934381e+01
5.742236320349708694e+04 -3.815978224926444540e+01 6.479593594005142165e+01
5.742236320467541373e+04 1.888410972166713539e-02 nan
5.742236320585373323e+04 -6.177566613660891040e-05 6.476109949117959275e+01
5.742236320703206002e+04 6.600902869400682912e-06 nan
5.742236320821037953e+04 -1.430178643610923162e-07 6.476109943489930743e+01
5.742236320938870631e+04 -2.734263345474967043e-10 6.476109943476895126e+01
5.742236321056702582e+04 7.507397513868805429e-11 nan
5.742236321174534532e+04 -8.930511792241934740e-13 6.476109943476870967e+01
5.742236321292367211e+04 8.241190438798527598e-16 nan
5.742236321410199162e+04 2.307576406806144546e-16 nan
5.742236321528031840e+04 0.000000000000000000e+00 6.476109943476870967e+01
5.742236321645863791e+04 0.000000000000000000e+00 6.476109943476870967e+01
5.742236321763696469e+04 0.000000000000000000e+00 6.476109943476870967e+01
5.742236321881528420e+04 0.000000000000000000e+00 6.476109943476870967e+01
5.742236321999361098e+04 0.000000000000000000e+00 6.476109943476870967e+01
5.742236322117193049e+04 0.000000000000000000e+00 6.476109943476870967e+01
5.742236322235025727e+04 0.000000000000000000e+00 6.476109943476870967e+01
5.742236322352857678e+04 0.000000000000000000e+00 6.476109943476870967e+01
5.742236322470690357e+04 0.000000000000000000e+00 6.476109943476870967e+01
5.742236322588522307e+04 0.000000000000000000e+00 6.476109943476870967e+01
5.742236322706354986e+04 0.000000000000000000e+00 6.476109943476870967e+01
5.742236322824186936e+04 0.000000000000000000e+00 6.476109943476870967e+01
5.742236322942019615e+04 0.000000000000000000e+00 6.476109943476870967e+01
5.742236323059851566e+04 0.000000000000000000e+00 6.476109943476870967e+01
5.742236323177684244e+04 0.000000000000000000e+00 6.476109943476870967e+01
5.742236323295516195e+04 0.000000000000000000e+00 6.476109943476870967e+01
5.742236323413348873e+04 0.000000000000000000e+00 6.476109943476870967e+01
5.742236323531180824e+04 0.000000000000000000e+00 6.476109943476870967e+01
5.742236323649013502e+04 0.000000000000000000e+00 6.476109943476870967e+01
5.742236323766845453e+04 0.000000000000000000e+00 6.476109943476870967e+01
5.742236323884677404e+04 0.000000000000000000e+00 6.476109943476870967e+01
5.742236324002510082e+04 0.000000000000000000e+00 6.476109943476870967e+01
5.742236324120342033e+04 0.000000000000000000e+00 6.476109943476870967e+01
5.742236324238174711e+04 0.000000000000000000e+00 6.476109943476870967e+01
5.742236324356006662e+04 0.000000000000000000e+00 6.476109943476870967e+01
5.742236324473839340e+04 0.000000000000000000e+00 6.476109943476870967e+01
5.742236324591671291e+04 0.000000000000000000e+00 6.476109943476870967e+01
5.742236324709503970e+04 0.000000000000000000e+00 6.476109943476870967e+01
5.742236324827335920e+04 0.000000000000000000e+00 6.476109943476870967e+01
5.742236324945168599e+04 0.000000000000000000e+00 6.476109943476870967e+01
5.742236325063000550e+04 0.000000000000000000e+00 6.476109943476870967e+01
5.742236325180833228e+04 0.000000000000000000e+00 6.476109943476870967e+01
5.742236325298665179e+04 0.000000000000000000e+00 6.476109943476870967e+01
5.742236325416497857e+04 0.000000000000000000e+00 6.476109943476870967e+01
5.742236325534329808e+04 0.000000000000000000e+00 6.476109943476870967e+01
5.742236325652162486e+04 0.000000000000000000e+00 6.476109943476870967e+01
5.742236325769994437e+04 0.000000000000000000e+00 6.476109943476870967e+01
5.742236325887827115e+04 0.000000000000000000e+00 6.476109943476870967e+01
5.742236326005659066e+04 0.000000000000000000e+00 6.476109943476870967e+01
5.742236326123491745e+04 0.000000000000000000e+00 6.476109943476870967e+01
5.742236326241323695e+04 0.000000000000000000e+00 6.476109943476870967e+01
5.742236326359156374e+04 0.000000000000000000e+00 6.476109943476870967e+01
5.742236326476988324e+04 0.000000000000000000e+00 6.476109943476870967e+01
5.742236326594821003e+04 0.000000000000000000e+00 6.476109943476870967e+01
5.742236326712652954e+04 0.000000000000000000e+00 6.476109943476870967e+01
5.742236326830484904e+04 0.000000000000000000e+00 6.476109943476870967e+01
5.742236326948317583e+04 0.000000000000000000e+00 6.476109943476870967e+01
5.742236327066149533e+04 0.000000000000000000e+00 6.476109943476870967e+01
5.742236327183982212e+04 0.000000000000000000e+00 6.476109943476870967e+01
5.742236327301814163e+04 0.000000000000000000e+00 6.476109943476870967e+01
5.742236327419646841e+04 0.000000000000000000e+00 6.476109943476870967e+01
5.742236327537478792e+04 0.000000000000000000e+00 6.476109943476870967e+01
5.742236327655311470e+04 0.000000000000000000e+00 6.476109943476870967e+01
5.742236327773143421e+04 0.000000000000000000e+00 6.476109943476870967e+01
5.742236327890976099e+04 0.000000000000000000e+00 6.476109943476870967e+01
5.742236328008808050e+04 0.000000000000000000e+00 6.476109943476870967e+01
5.742236328126640728e+04 0.000000000000000000e+00 6.476109943476870967e+01
5.742236328244472679e+04 0.000000000000000000e+00 6.476109943476870967e+01
5.742236328362305358e+04 0.000000000000000000e+00 6.476109943476870967e+01
5.742236328480137308e+04 0.000000000000000000e+00 6.476109943476870967e+01
5.742236328597969987e+04 0.000000000000000000e+00 6.476109943476870967e+01
5.742236328715801938e+04 0.000000000000000000e+00 6.476109943476870967e+01
5.742236328833634616e+04 0.000000000000000000e+00 6.476109943476870967e+01
5.742236328951466567e+04 0.000000000000000000e+00 6.476109943476870967e+01
5.742236329069299245e+04 0.000000000000000000e+00 6.476109943476870967e+01
5.742236329187131196e+04 0.000000000000000000e+00 6.476109943476870967e+01
5.742236329304963874e+04 0.000000000000000000e+00 6.476109943476870967e+01
5.742236329422795825e+04 0.000000000000000000e+00 6.476109943476870967e+01
5.742236329540627776e+04 0.000000000000000000e+00 6.476109943476870967e+01
5.742236329658460454e+04 0.000000000000000000e+00 6.476109943476870967e+01
5.742236329776292405e+04 0.000000000000000000e+00 6.476109943476870967e+01
5.742236329894125083e+04 0.000000000000000000e+00 6.476109943476870967e+01
5.742236330011957034e+04 0.000000000000000000e+00 6.476109943476870967e+01
5.742236330129789712e+04 0.000000000000000000e+00 6.476109943476870967e+01
5.742236330247621663e+04 0.000000000000000000e+00 6.476109943476870967e+01
5.742236330365454342e+04 0.000000000000000000e+00 6.476109943476870967e+01
5.742236330483286292e+04 0.000000000000000000e+00 6.476109943476870967e+01
5.742236330601118971e+04 0.000000000000000000e+00 6.476109943476870967e+01
5.742236330718950921e+04 0.000000000000000000e+00 6.476109943476870967e+01
5.742236330836783600e+04 0.000000000000000000e+00 6.476109943476870967e+01
5.742236330954615551e+04 0.000000000000000000e+00 6.476109943476870967e+01
5.742236331072448229e+04 0.000000000000000000e+00 6.476109943476870967e+01
5.742236331190280180e+04 0.000000000000000000e+00 6.476109943476870967e+01
5.742236331308112858e+04 0.000000000000000000e+00 6.476109943476870967e+01
5.742236331425944809e+04 0.000000000000000000e+00 6.476109943476870967e+01
5.742236331543777487e+04 0.000000000000000000e+00 6.476109943476870967e+01
5.742236331661609438e+04 0.000000000000000000e+00 6.476109943476870967e+01
5.742236331779442116e+04 0.000000000000000000e+00 6.476109943476870967e+01
5.742236331897274067e+04 0.000000000000000000e+00 6.476109943476870967e+01
5.742236332015106746e+04 0.000000000000000000e+00 6.476109943476870967e+01
5.742236332132938696e+04 0.000000000000000000e+00 6.476109943476870967e+01
5.742236332250770647e+04 0.000000000000000000e+00 6.476109943476870967e+01
5.742236332368603325e+04 0.000000000000000000e+00 6.476109943476870967e+01
5.742236332486435276e+04 0.000000000000000000e+00 6.476109943476870967e+01
5.742236332604267955e+04 0.000000000000000000e+00 6.476109943476870967e+01
5.742236332722099905e+04 0.000000000000000000e+00 6.476109943476870967e+01
5.742236332839932584e+04 0.000000000000000000e+00 6.476109943476870967e+01
5.742236332957764535e+04 0.000000000000000000e+00 6.476109943476870967e+01
5.742236333075597213e+04 0.000000000000000000e+00 6.476109943476870967e+01
5.742236333193429164e+04 0.000000000000000000e+00 6.476109943476870967e+01
5.742236333311261842e+04 0.000000000000000000e+00 6.476109943476870967e+01
5.742236333429093793e+04 0.000000000000000000e+00 6.476109943476870967e+01
5.742236333546926471e+04 0.000000000000000000e+00 6.476109943476870967e+01
5.742236333664758422e+04 0.000000000000000000e+00 6.476109943476870967e+01
5.742236333782591100e+04 0.000000000000000000e+00 6.476109943476870967e+01
5.742236333900423051e+04 0.000000000000000000e+00 6.476109943476870967e+01
5.742236334018255729e+04 0.000000000000000000e+00 6.476109943476870967e+01
5.742236334136087680e+04 0.000000000000000000e+00 6.476109943476870967e+01
5.742236334253920359e+04 0.000000000000000000e+00 6.476109943476870967e+01
5.742236334371752309e+04 0.000000000000000000e+00 6.476109943476870967e+01
5.742236334489584988e+04 0.000000000000000000e+00 6.476109943476870967e+01
5.742236334607416939e+04 0.000000000000000000e+00 6.476109943476870967e+01
5.742236334725249617e+04 0.000000000000000000e+00 6.476109943476870967e+01
5.742236334843081568e+04 0.000000000000000000e+00 6.476109943476870967e+01
5.742236334960914246e+04 0.000000000000000000e+00 6.476109943476870967e+01
5.742236335078746197e+04 0.000000000000000000e+00 6.476109943476870967e+01
5.742236335196578148e+04 0.000000000000000000e+00 6.476109943476870967e+01
5.742236335314410826e+04 0.000000000000000000e+00 6.476109943476870967e+01
5.742236335432242777e+04 0.000000000000000000e+00 6.476109943476870967e+01
5.742236335550075455e+04 0.000000000000000000e+00 6.476109943476870967e+01
5.742236335667907406e+04 0.000000000000000000e+00 6.476109943476870967e+01
5.742236335785740084e+04 0.000000000000000000e+00 6.476109943476870967e+01
5.742236335903572035e+04 0.000000000000000000e+00 6.476109943476870967e+01
5.742236336021404713e+04 0.000000000000000000e+00 6.476109943476870967e+01
5.742236336139236664e+04 0.000000000000000000e+00 6.476109943476870967e+01
5.742236336257069343e+04 0.000000000000000000e+00 6.476109943476870967e+01
5.742236336374901293e+04 0.000000000000000000e+00 6.476109943476870967e+01
5.742236336492733972e+04 0.000000000000000000e+00 6.476109943476870967e+01
5.742236336610565922e+04 0.000000000000000000e+00 6.476109943476870967e+01
5.742236336728398601e+04 0.000000000000000000e+00 6.476109943476870967e+01
5.742236336846230552e+04 0.000000000000000000e+00 6.476109943476870967e+01
5.742236336964063230e+04 0.000000000000000000e+00 6.476109943476870967e+01
5.742236337081895181e+04 0.000000000000000000e+00 6.476109943476870967e+01
5.742236337199727859e+04 0.000000000000000000e+00 6.476109943476870967e+01
5.742236337317559810e+04 0.000000000000000000e+00 6.476109943476870967e+01
5.742236337435392488e+04 0.000000000000000000e+00 6.476109943476870967e+01
5.742236337553224439e+04 0.000000000000000000e+00 6.476109943476870967e+01
5.742236337671057117e+04 0.000000000000000000e+00 6.476109943476870967e+01
5.742236337788889068e+04 0.000000000000000000e+00 6.476109943476870967e+01
