5.737343767310000112e+04 4.356787007472625191e+03 6.721611410029458966e+01
5.737343768395792722e+04 4.736951757600357269e+03 6.881895682736607966e+01
5.737343769481586060e+04 5.120662459479008248e+03 7.084889921927961609e+01
5.737343770567378670e+04 6.103159350760728557e+03 7.502731960701062519e+01
5.737343771653171279e+04 7.577808088057748137e+03 8.094819194388246331e+01
5.737343772738963889e+04 9.303607640963571612e+03 8.745004363555236182e+01
5.737343773824757227e+04 1.115069664069652936e+04 9.382945877247904320e+01
5.737343774910549837e+04 1.254005354867761707e+04 9.831656638799613290e+01
5.737343775996342447e+04 1.356369672490969970e+04 1.016191250677535436e+02
5.737343777082135784e+04 1.437689375966240550e+04 1.041382534870441248e+02
5.737343778167928394e+04 1.487649718520625356e+04 1.055283214998943464e+02
5.737343779253721004e+04 1.534961914298828742e+04 1.070036392418303421e+02
5.737343780339514342e+04 1.588012326251738705e+04 1.085495118566833810e+02
5.737343781425306952e+04 1.646638121615457931e+04 1.102127715005596400e+02
5.737343782511099562e+04 1.704464251260287347e+04 1.119062971251394174e+02
5.737343783596892172e+04 1.764310216662909806e+04 1.136078419598904645e+02
5.737343784682685509e+04 1.812084591808187542e+04 1.148741469664607706e+02
5.737343785768478119e+04 1.818853538634133656e+04 1.149774241055875592e+02
5.737343786854270729e+04 1.767968671064516093e+04 1.136428912059166123e+02
5.737343787940064067e+04 1.705649211463950996e+04 1.119292578165577936e+02
5.737343789025856677e+04 1.645611464728756619e+04 1.102676243616198093e+02
5.737343790111649287e+04 1.659510891617600646e+04 1.107122097207418960e+02
5.737343791197442624e+04 1.695363478825308266e+04 1.116337655864584519e+02
5.737343792283235234e+04 1.729582619372488261e+04 1.125417869311618801e+02
5.737343793369027844e+04 1.788871664376676199e+04 1.141880620043007042e+02
5.737343794454820454e+04 1.871311918914166381e+04 1.164277992311179730e+02
5.737343795540613792e+04 1.919829129951048162e+04 1.177381353273114399e+02
5.737343796626406402e+04 1.892984524308455366e+04 1.170046552538969564e+02
5.737343797712199012e+04 1.819178671818496514e+04 1.149809233503000883e+02
5.737343798797992349e+04 1.780112169688206995e+04 1.139165936786637729e+02
5.737343799883784959e+04 1.731038187016486700e+04 1.125238434076973704e+02
5.737343800969577569e+04 1.689374959692031189e+04 1.113521054746305481e+02
5.737343802055370179e+04 1.640512463761390245e+04 1.099829929814362401e+02
5.737343803141163517e+04 1.590809534487275232e+04 1.086452851441475360e+02
5.737343804226956127e+04 1.578279164538390069e+04 1.081869185606647790e+02
5.737343805312748736e+04 1.583831991795059002e+04 1.083342273452355329e+02
5.737343806398542074e+04 1.574020590687177537e+04 1.079928588063835235e+02
5.737343807484334684e+04 1.585367916414042702e+04 1.083137568174007441e+02
5.737343808570127294e+04 1.612589967894549773e+04 1.091034062232223221e+02
5.737343809655920631e+04 1.615220547805182650e+04 1.091832081280974336e+02
5.737343810741713241e+04 1.605847771689740694e+04 1.088812304104134796e+02
5.737343811827505851e+04 1.633257886516877261e+04 1.096989015232720419e+02
5.737343812913298461e+04 1.666752243549977356e+04 1.106405682995967084e+02
5.737343813999091799e+04 1.765775843456629445e+04 1.133466208906558705e+02
5.737343815084884409e+04 1.818555328722164268e+04 1.148306797438417988e+02
5.737343816170677019e+04 1.795204537732591780e+04 1.141866539908966303e+02
5.737343817256470356e+04 1.761544036477502232e+04 1.132879772857616558e+02
5.737343818342262966e+04 1.705399051412471817e+04 1.117552292987749638e+02
5.737343819428055576e+04 1.657397761085809543e+04 1.103684004436422583e+02
5.737343820513848914e+04 1.601345627589094147e+04 1.088291808708331416e+02
5.737343821599641524e+04 1.595025349196365642e+04 1.085883921804684888e+02
5.737343822685434134e+04 1.622403594224528570e+04 1.093982348389927353e+02
5.737343823771226744e+04 1.692820568931419257e+04 1.113368760409355218e+02
5.737343824857020081e+04 1.731009065126272981e+04 1.123795895742894260e+02
5.737343825942812691e+04 1.722763613893981164e+04 1.122284153096992299e+02
5.737343827028605301e+04 1.667508035752228170e+04 1.106812980763591554e+02
5.737343828114398639e+04 1.640062164470215794e+04 1.099019760911868673e+02
5.737343829200191249e+04 1.637109641084246505e+04 1.098074652506143849e+02
5.737343830285983859e+04 1.605740417845489355e+04 1.088628492099127101e+02
5.737343831371777196e+04 1.566784543285122709e+04 1.077112087161318073e+02
5.737343832457569806e+04 1.503260534921722319e+04 1.059020267187459439e+02
5.737343833543362416e+04 1.422867416792392578e+04 1.033916066363692465e+02
5.737343834629155026e+04 1.349054949065215624e+04 1.011201845096893095e+02
5.737343835714948364e+04 1.248686357804881300e+04 9.809345451695303097e+01
5.737343836800740974e+04 1.104149876008029241e+04 9.317941758964609278e+01
