5.737343767310000112e+04 6.369612757983059964e+03 7.646047543859117468e+01
5.737343768395792722e+04 7.169968507457954729e+03 7.957519912432650244e+01
5.737343769481586060e+04 7.690282902201494835e+03 8.171956595419460712e+01
5.737343770567378670e+04 8.111993818879976970e+03 8.335863928755276220e+01
5.737343771653171279e+04 8.518522980471312621e+03 8.483358377374736392e+01
5.737343772738963889e+04 8.869795519368446548e+03 8.602942032737510658e+01
5.737343773824757227e+04 9.184977351018811532e+03 8.720346647291620457e+01
5.737343774910549837e+04 9.324718684316145300e+03 8.770217077291914620e+01
5.737343775996342447e+04 9.625887656883112868e+03 8.872847529470030281e+01
5.737343777082135784e+04 9.797529834129980372e+03 8.934832624696699099e+01
5.737343778167928394e+04 1.004707148904476526e+04 9.014926967167681937e+01
5.737343779253721004e+04 1.028240821745185167e+04 9.104504868219095215e+01
5.737343780339514342e+04 1.027184130212524360e+04 9.111902570871507123e+01
5.737343781425306952e+04 1.021986030664775171e+04 9.091643502816390310e+01
5.737343782511099562e+04 1.007725842994651794e+04 9.034998601697840570e+01
5.737343783596892172e+04 9.670301787831163892e+03 8.889562297349249320e+01
5.737343784682685509e+04 9.683907867775031264e+03 8.897202014964139494e+01
5.737343785768478119e+04 9.613476615187626521e+03 8.868529797088392286e+01
5.737343786854270729e+04 9.879645042867638040e+03 8.957908990432754592e+01
5.737343787940064067e+04 1.020676142943417108e+04 9.070220481625442233e+01
5.737343789025856677e+04 1.051213905564280140e+04 9.179267252433209023e+01
5.737343790111649287e+04 1.082629184624738627e+04 9.285050507418901589e+01
5.737343791197442624e+04 1.079144507648639228e+04 9.274399042285121197e+01
5.737343792283235234e+04 1.049219710915074575e+04 9.172292734733062503e+01
5.737343793369027844e+04 1.014445296708487513e+04 9.043742359209750248e+01
5.737343794454820454e+04 9.892421234165018177e+03 8.958627152704802654e+01
5.737343795540613792e+04 9.661612396351332791e+03 8.878605562175941657e+01
5.737343796626406402e+04 9.513167789077189809e+03 8.818504074039221052e+01
5.737343797712199012e+04 9.382532344931432817e+03 8.768398818695388286e+01
5.737343798797992349e+04 9.246891930589665208e+03 8.717634669744968789e+01
5.737343799883784959e+04 9.274215282964920334e+03 8.725246883674725495e+01
5.737343800969577569e+04 9.268999024397813628e+03 8.717016114834679286e+01
5.737343802055370179e+04 9.336104370500512232e+03 8.738112153843680119e+01
5.737343803141163517e+04 9.429579748566722628e+03 8.772780593299624741e+01
5.737343804226956127e+04 9.459634187600338919e+03 8.774754052859249498e+01
5.737343805312748736e+04 9.464131929615808986e+03 8.757396723824015794e+01
5.737343806398542074e+04 9.668518456035006238e+03 8.833161963582293197e+01
5.737343807484334684e+04 1.000750565044673021e+04 8.951147096246400281e+01
5.737343808570127294e+04 1.026717149130715916e+04 9.045399366559759358e+01
5.737343809655920631e+04 1.048138734155830389e+04 9.120489008407545839e+01
5.737343810741713241e+04 1.032794726978313702e+04 9.061482589087924566e+01
5.737343811827505851e+04 1.014161852050419475e+04 8.996432550465726763e+01
5.737343812913298461e+04 9.925422926715620633e+03 8.926507116781519358e+01
5.737343813999091799e+04 9.674119137818854142e+03 8.830238949692930817e+01
5.737343815084884409e+04 9.489362022966948643e+03 8.764671934316615420e+01
5.737343816170677019e+04 9.374549522351910127e+03 8.728509163628891088e+01
5.737343817256470356e+04 9.667172569155432939e+03 8.829519289379351221e+01
5.737343818342262966e+04 9.964879958409093888e+03 8.941945590448227676e+01
5.737343819428055576e+04 1.018841420757187916e+04 9.020711472329124092e+01
5.737343820513848914e+04 9.758035583741379014e+03 8.867928206726526241e+01
5.737343821599641524e+04 9.526188222956810932e+03 8.784082440105038359e+01
5.737343822685434134e+04 9.490951167161749254e+03 8.762994344186043350e+01
5.737343823771226744e+04 9.583029403076543531e+03 8.800433126714825960e+01
5.737343824857020081e+04 9.539281931751775119e+03 8.784477676782087485e+01
5.737343825942812691e+04 9.275068519561482390e+03 8.689838227315635777e+01
5.737343827028605301e+04 8.892299900421430721e+03 8.545560126010616386e+01
5.737343828114398639e+04 8.641754989531038518e+03 8.451911916084593202e+01
5.737343829200191249e+04 8.210943967285191320e+03 8.292824981634733206e+01
5.737343830285983859e+04 7.574814470218630049e+03 8.046246799272229566e+01
5.737343831371777196e+04 6.900832199954042153e+03 7.780586250393668024e+01
5.737343832457569806e+04 5.941441887134058561e+03 7.389375618820395175e+01
5.737343833543362416e+04 5.219866625628474139e+03 7.069286463644505147e+01
5.737343834629155026e+04 4.632732899823981825e+03 6.799825038545549205e+01
5.737343835714948364e+04 4.187929490497226652e+03 6.594957666988671008e+01
5.737343836800740974e+04 3.945577690408067610e+03 6.469709669203385261e+01
