5.742938222890000179e+04 4.917189272364375938e+04 2.106210434851704463e+02
5.742938223078359442e+04 4.932806310224957997e+04 2.109576459383023064e+02
5.742938223266718705e+04 4.895406645327938168e+04 2.105861395934008158e+02
5.742938223455078696e+04 4.905284986952361942e+04 2.105418041041219510e+02
5.742938223643437959e+04 4.866978996251677017e+04 2.098980909578411058e+02
5.742938223831797222e+04 4.898629369480888272e+04 2.103713708454756954e+02
5.742938224020156485e+04 4.876820303991921537e+04 2.102008780214559920e+02
5.742938224208516476e+04 4.850296833336961572e+04 2.098349462678933151e+02
5.742938224396875739e+04 4.857172208629733359e+04 2.098343512115418719e+02
5.742938224585235002e+04 4.861508949669967114e+04 2.098990393714156824e+02
5.742938224773594266e+04 4.868834492650911852e+04 2.099229315641648839e+02
5.742938224961954256e+04 4.887997566758264293e+04 2.101599994504973097e+02
5.742938225150313519e+04 4.854875757259601960e+04 2.098472596050303878e+02
5.742938225338672783e+04 4.876354999236634467e+04 2.103443739534058921e+02
5.742938225527032046e+04 4.850672097544510325e+04 2.098420035484210473e+02
5.742938225715391309e+04 4.894676677318582369e+04 2.104733452571042278e+02
5.742938225903751299e+04 4.924892466872495424e+04 2.110096060571265468e+02
5.742938226092110563e+04 4.874385014347444667e+04 2.105256363015035106e+02
5.742938226280469826e+04 4.851659894962402905e+04 2.099513724942502506e+02
5.742938226468829089e+04 4.919386925267626066e+04 2.108796169466331207e+02
5.742938226657189080e+04 4.894584463591419626e+04 2.103761495440443809e+02
5.742938226845548343e+04 4.868284072910038230e+04 2.099737040896568772e+02
5.742938227033907606e+04 4.889256398966097913e+04 2.103852733275784317e+02
5.742938227222266869e+04 4.956115390533221216e+04 2.112350340788641745e+02
5.742938227410626860e+04 4.995655409630575741e+04 2.115798256039363139e+02
5.742938227598986123e+04 5.012823286298947642e+04 2.117929209938531585e+02
5.742938227787345386e+04 5.037868110356374382e+04 2.122344590133396878e+02
5.742938227975704649e+04 5.033078628855214629e+04 2.122176263480052114e+02
5.742938228164063912e+04 5.080611095579249377e+04 2.131535836115832296e+02
5.742938228352423903e+04 5.102311831165454350e+04 2.134570833796768170e+02
5.742938228540783166e+04 5.169600930876804341e+04 2.144805105699694252e+02
5.742938228729142429e+04 5.141361590219703794e+04 2.141482835166629854e+02
5.742938228917501692e+04 5.192237568487616954e+04 2.147085557381025751e+02
5.742938229105861683e+04 5.189732489520790114e+04 2.148136377167036528e+02
5.742938229294220946e+04 5.204342732546056504e+04 2.149303323953892857e+02
5.742938229482580209e+04 5.222062290219993156e+04 2.150944547282601604e+02
5.742938229670939472e+04 5.194461560712484061e+04 2.145540740952909857e+02
5.742938229859299463e+04 5.191302804813632247e+04 2.145571196707779507e+02
5.742938230047658726e+04 5.188894466159479634e+04 2.144294701318880527e+02
5.742938230236017989e+04 5.195443859714239807e+04 2.142647040571805235e+02
5.742938230424377252e+04 5.272496879337219434e+04 2.152155016322325594e+02
5.742938230612736515e+04 5.284800407547219220e+04 2.153374836656195725e+02
5.742938230801096506e+04 5.227472690579861228e+04 2.146278877513058774e+02
5.742938230989455769e+04 5.201091429659004643e+04 2.143414918420985202e+02
5.742938231177815032e+04 5.187706399680390314e+04 2.143242357564241445e+02
5.742938231366174296e+04 5.248846485577676503e+04 2.151186952927830589e+02
5.742938231554534286e+04 5.276459780735858658e+04 2.155745327850023330e+02
5.742938231742893549e+04 5.224171035527105414e+04 2.148544649857796571e+02
5.742938231931252813e+04 5.180338256637035374e+04 2.142483862521000333e+02
5.742938232119612076e+04 5.235400602755230648e+04 2.150734070113989560e+02
5.742938232307972066e+04 5.313966536341406754e+04 2.163288950421955690e+02
5.742938232496331329e+04 5.226250231293110119e+04 2.151967293034066415e+02
5.742938232684690593e+04 5.263057058976934059e+04 2.156903532660204519e+02
5.742938232873049856e+04 5.233200168253666197e+04 2.152715978563799695e+02
5.742938233061409119e+04 5.222244231811739155e+04 2.150520141813350676e+02
5.742938233249769110e+04 5.195325825791696116e+04 2.147908453620079001e+02
5.742938233438128373e+04 5.193958237147366162e+04 2.146443067514378811e+02
5.742938233626487636e+04 5.210506268404993898e+04 2.150166891174861519e+02
5.742938233814846899e+04 5.205842603436319041e+04 2.149972622346153628e+02
5.742938234003206890e+04 5.173533038891386241e+04 2.145823340740645619e+02
5.742938234191566153e+04 5.196665939706639620e+04 2.148823681080398558e+02
5.742938234379925416e+04 5.202105585876252735e+04 2.147313022444941737e+02
5.742938234568284679e+04 5.219645215547492990e+04 2.150942722221884935e+02
5.742938234756644670e+04 5.167481083343336650e+04 2.145676871984382785e+02
5.742938234945003933e+04 5.141313509932889428e+04 2.141692933758048412e+02
5.742938235133363196e+04 5.132183275668713759e+04 2.140111833467185818e+02
5.742938235321722459e+04 5.153993229260989028e+04 2.141598327569589344e+02
5.742938235510081722e+04 5.218930908022898075e+04 2.148456138779994831e+02
5.742938235698441713e+04 5.147882674884048174e+04 2.138699517986632088e+02
5.742938235886800976e+04 5.137271176604999346e+04 2.138093320489718963e+02
5.742938236075160239e+04 5.174663415223202901e+04 2.143905811447717724e+02
5.742938236263519502e+04 5.196195127249897632e+04 2.146953037899904189e+02
5.742938236451879493e+04 5.178628157194681989e+04 2.144438492935886131e+02
5.742938236640238756e+04 5.164566133875765081e+04 2.143369408541004759e+02
5.742938236828598019e+04 5.167833428297084902e+04 2.140693674066227743e+02
5.742938237016957282e+04 5.176792894264047209e+04 2.142068697894330001e+02
5.742938237205317273e+04 5.205730244522347493e+04 2.145655747328882512e+02
5.742938237393676536e+04 5.219015938534452289e+04 2.147854263451910128e+02
5.742938237582035799e+04 5.226803821068706748e+04 2.148920507325546509e+02
5.742938237770395062e+04 5.209479849210781686e+04 2.145660150331865452e+02
5.742938237958754326e+04 5.198663196601959498e+04 2.144122677213644863e+02
5.742938238147114316e+04 5.199771550950541859e+04 2.144166385171937748e+02
5.742938238335473579e+04 5.208106094748024771e+04 2.147494966542848545e+02
5.742938238523832842e+04 5.133925341001254128e+04 2.136939311177334844e+02
5.742938238712192106e+04 5.198056166933148779e+04 2.145814108560446414e+02
5.742938238900552096e+04 5.206234117890818743e+04 2.146340503007920972e+02
5.742938239088911359e+04 5.206087776816570840e+04 2.146036472751561064e+02
5.742938239277270623e+04 5.146635985970647744e+04 2.137131811249547013e+02
5.742938239465629886e+04 5.137849520943575044e+04 2.138404157575809279e+02
5.742938239653989876e+04 5.123532176729773346e+04 2.135816273931031901e+02
5.742938239842349140e+04 5.155822888503423019e+04 2.142232945301327049e+02
5.742938240030708403e+04 5.136113646786199388e+04 2.141051663822093474e+02
5.742938240219067666e+04 5.161824753899333155e+04 2.144546388000515833e+02
5.742938240407426929e+04 5.147975619600731443e+04 2.142140850029046248e+02
5.742938240595786920e+04 5.082907218728507723e+04 2.131936476194344152e+02
5.742938240784146183e+04 5.110070137714882731e+04 2.135672588319995100e+02
5.742938240972505446e+04 5.140783540094174532e+04 2.140435127303819627e+02
5.742938241160864709e+04 5.194685188279434078e+04 2.147309700376965225e+02
5.742938241349224700e+04 5.187352399606717518e+04 2.147173074418659837e+02
5.742938241537583963e+04 5.130983252253211685e+04 2.138272112462305756e+02
5.742938241725943226e+04 5.107365766703173722e+04 2.136247951915332806e+02
5.742938241914302489e+04 5.105451815832654393e+04 2.134057102961478165e+02
5.742938242102661752e+04 5.190409518121451401e+04 2.146124947149925219e+02
5.742938242291021743e+04 5.202909466339175560e+04 2.147990018981206219e+02
5.742938242479381006e+04 5.192998444429981464e+04 2.146838663956766311e+02
5.742938242667740269e+04 5.194824141626944765e+04 2.147668337504597105e+02
5.742938242856099532e+04 5.089189742054954695e+04 2.133165862500048320e+02
5.742938243044459523e+04 5.065755482988557196e+04 2.131116982788244911e+02
5.742938243232818786e+04 5.117481727516493993e+04 2.136179544140332780e+02
5.742938243421178049e+04 5.156226910418424086e+04 2.140846341471501262e+02
5.742938243609537312e+04 5.143240157042498322e+04 2.138477685171416738e+02
5.742938243797897303e+04 5.152723602560383006e+04 2.142944746438637651e+02
5.742938243986256566e+04 5.121064331859708909e+04 2.139960887971077739e+02
5.742938244174615829e+04 5.159261094809473434e+04 2.144924404759911454e+02
5.742938244362975092e+04 5.245614254054115736e+04 2.155858118453556358e+02
5.742938244551334355e+04 5.254501059820457886e+04 2.155516489827979001e+02
5.742938244739694346e+04 5.319423696653968364e+04 2.165956147743027600e+02
5.742938244928053609e+04 5.309128201541633462e+04 2.166066831864505389e+02
5.742938245116412872e+04 5.270572056512584095e+04 2.161663203294993139e+02
5.742938245304772136e+04 5.267294190103632718e+04 2.161147851352644693e+02
5.742938245493132126e+04 5.288127068828794290e+04 2.162705044054049495e+02
5.742938245681491389e+04 5.373783834425968234e+04 2.172043554374863561e+02
5.742938245869850653e+04 5.416405922032477974e+04 2.179070869636790349e+02
5.742938246058209916e+04 5.481998189986146463e+04 2.191384335463416164e+02
5.742938246246569906e+04 5.780711234335136396e+04 2.234834043148822786e+02
5.742938246434929169e+04 6.065162686376034253e+04 2.274335662107221765e+02
5.742938246623288433e+04 6.181985494750048383e+04 2.290405941032952626e+02
5.742938246811647696e+04 6.187255331300370017e+04 2.290977687972189472e+02
5.742938247000006959e+04 6.203546167112881085e+04 2.294341211701467955e+02
5.742938247188366950e+04 6.143638244101763121e+04 2.287894630161130749e+02
5.742938247376726213e+04 6.122421976406620524e+04 2.285499170474485879e+02
5.742938247565085476e+04 6.219452229607997288e+04 2.299029461665813301e+02
5.742938247753444739e+04 6.198981478736742429e+04 2.292912336262763517e+02
5.742938247941804730e+04 6.098370144626438559e+04 2.279793404001796375e+02
5.742938248130163993e+04 6.137559647190896067e+04 2.286264740136120110e+02
5.742938248318523256e+04 6.272293254550437268e+04 2.302870729513090566e+02
5.742938248506882519e+04 6.338462310376753157e+04 2.311812806771665123e+02
5.742938248695242510e+04 6.322793169686318288e+04 2.310913798188633166e+02
5.742938248883601773e+04 6.174175386405512836e+04 2.293089845594017504e+02
5.742938249071961036e+04 6.142440939175027597e+04 2.288884263639723713e+02
5.742938249260320299e+04 6.203380771949136397e+04 2.296853335515316701e+02
5.742938249448679562e+04 6.277736263445258373e+04 2.305941490322870777e+02
5.742938249637039553e+04 6.204550000646057742e+04 2.298115672677788837e+02
5.742938249825398816e+04 6.124796261429244623e+04 2.286418815187963673e+02
5.742938250013758079e+04 6.076786297431596176e+04 2.278567274464261629e+02
5.742938250202117342e+04 6.404263673244601523e+04 2.323268166793592968e+02
5.742938250390477333e+04 6.650214719815623539e+04 2.357332852174074844e+02
5.742938250578836596e+04 6.497569184863830014e+04 2.338706024041181877e+02
5.742938250767195859e+04 6.453826578722656268e+04 2.332556978051574958e+02
5.742938250955555122e+04 6.286591788233254920e+04 2.310216004321117111e+02
5.742938251143915113e+04 6.284300438818530529e+04 2.308836596325536163e+02
5.742938251332274376e+04 6.335599125228631601e+04 2.315485747893982875e+02
5.742938251520633639e+04 6.399784328309489501e+04 2.323072695177524452e+02
5.742938251708992902e+04 6.256707929159604828e+04 2.304892450022338437e+02
5.742938251897352166e+04 6.119923682346064743e+04 2.287734179602357187e+02
5.742938252085712156e+04 6.129924624620063696e+04 2.288137466781167859e+02
5.742938252274071419e+04 6.283763499241023965e+04 2.307508023849181029e+02
5.742938252462430682e+04 6.375050327196245053e+04 2.320236413755261253e+02
5.742938252650789946e+04 6.366689739235399611e+04 2.320440978953363924e+02
5.742938252839149936e+04 6.269973818681232660e+04 2.307985205601218297e+02
5.742938253027509199e+04 6.268594762350316159e+04 2.308826183321494909e+02
5.742938253215868463e+04 6.290968922038238088e+04 2.316258439340178654e+02
5.742938253404227726e+04 6.308222827965251054e+04 2.324920343649713175e+02
5.742938253592587716e+04 6.245005697213138774e+04 2.320808232157415318e+02
5.742938253780946980e+04 6.165896552423007961e+04 2.311870876516555882e+02
5.742938253969306243e+04 6.145706036284596485e+04 2.309877675512426549e+02
5.742938254157665506e+04 6.077968026419790112e+04 2.301629967041964733e+02
5.742938254346024769e+04 6.074766966124574537e+04 2.298560077401209583e+02
5.742938254534384760e+04 6.054950533021702722e+04 2.296186947004849799e+02
5.742938254722744023e+04 6.064435287652775150e+04 2.298358139849519262e+02
5.742938254911103286e+04 6.120643530693260982e+04 2.307695881821456396e+02
5.742938255099462549e+04 6.265300944269165484e+04 2.328545804556220560e+02
5.742938255287822540e+04 6.418000088887364836e+04 2.348949075920499752e+02
5.742938255476181803e+04 6.396087266608772916e+04 2.345669942581111798e+02
5.742938255664541066e+04 6.229479216577643820e+04 2.326581341328533199e+02
5.742938255852900329e+04 6.245268490547184774e+04 2.325853841715877195e+02
5.742938256041260320e+04 6.166510178438817093e+04 2.313993378373022836e+02
5.742938256229619583e+04 6.173896957328270946e+04 2.313955548001690374e+02
5.742938256417978846e+04 6.212615947870111268e+04 2.319251628151907028e+02
5.742938256606338109e+04 6.196219447655986005e+04 2.319102348887343794e+02
5.742938256794697372e+04 6.302979629508782818e+04 2.333964674869580449e+02
5.742938256983057363e+04 6.348313394972223614e+04 2.339128745063902670e+02
5.742938257171416626e+04 6.280181589674673887e+04 2.329710126174433071e+02
5.742938257359775889e+04 6.109208800014227745e+04 2.312349491684523173e+02
5.742938257548135152e+04 6.053203652012909151e+04 2.307914731750995827e+02
5.742938257736495143e+04 6.042742152936832281e+04 2.303907533449309426e+02
5.742938257924854406e+04 6.155528381141273712e+04 2.316596900749077292e+02
5.742938258113213669e+04 6.174585803469204984e+04 2.315307742832819144e+02
5.742938258301572932e+04 6.199598928582052031e+04 2.318685635246254151e+02
5.742938258489932923e+04 6.058683146332760225e+04 2.301277127987083304e+02
5.742938258678292186e+04 5.953324709410078503e+04 2.285975077073251214e+02
5.742938258866651449e+04 6.240462968788700528e+04 2.325293133950111724e+02
5.742938259055010712e+04 6.397222653181374335e+04 2.342510438476253682e+02
5.742938259243369976e+04 6.498168163703226310e+04 2.354565470975088033e+02
5.742938259431729966e+04 6.403849072465432982e+04 2.342882027764058250e+02
5.742938259620089229e+04 6.184946051470132079e+04 2.315738804433779876e+02
5.742938259808448493e+04 6.067807724772806978e+04 2.300661369834758148e+02
5.742938259996807756e+04 6.095192871909022506e+04 2.303885001558107319e+02
5.742938260185167746e+04 6.230447137970598124e+04 2.321215027905932118e+02
5.742938260373527010e+04 6.358382497824150050e+04 2.338273759658078745e+02
5.742938260561886273e+04 6.350021253426258045e+04 2.336529103417494184e+02
5.742938260750245536e+04 6.187691727771262231e+04 2.313826363845053322e+02
5.742938260938605526e+04 6.134508280683199700e+04 2.305593759025511247e+02
5.742938261126964790e+04 6.162698313513596077e+04 2.310963541623142419e+02
5.742938261315324053e+04 6.230559176659737568e+04 2.318113223656110620e+02
5.742938261503683316e+04 6.307822952171266661e+04 2.325981355667109369e+02
5.742938261692042579e+04 6.140669513827150513e+04 2.301067605099374020e+02
5.742938261880402570e+04 6.091432380316026683e+04 2.291171336873232178e+02
5.742938262068761833e+04 6.049777051244776521e+04 2.287412705110525621e+02
5.742938262257121096e+04 6.185061579786284710e+04 2.309912732022199862e+02
5.742938262445480359e+04 6.295745577635990048e+04 2.328347121500710273e+02
5.742938262633840350e+04 6.395298791772377444e+04 2.340516442721460351e+02
5.742938262822199613e+04 6.502703653581524850e+04 2.351703969392125657e+02
5.742938263010558876e+04 6.445774388546636328e+04 2.342815411363886255e+02
5.742938263198918139e+04 6.277925957220784039e+04 2.318468770395746219e+02
5.742938263387278130e+04 6.215183891740647232e+04 2.310468450781929164e+02
5.742938263575637393e+04 6.208644046048771270e+04 2.310312501953367814e+02
5.742938263763996656e+04 6.267250625345292792e+04 2.320614857058590701e+02
5.742938263952355919e+04 6.208682769051779178e+04 2.314543511261540232e+02
5.742938264140715182e+04 6.171201938572390645e+04 2.309198540262948427e+02
5.742938264329075173e+04 6.271992337184427015e+04 2.321851045239573352e+02
5.742938264517434436e+04 6.345438604695433605e+04 2.329714030871613204e+02
5.742938264705793699e+04 6.304036775508098071e+04 2.323148601495420849e+02
5.742938264894152962e+04 6.350291315662242414e+04 2.330917768722444521e+02
5.742938265082512953e+04 6.371367367034879135e+04 2.336618223514059025e+02
5.742938265270872216e+04 6.346974358263739850e+04 2.331300092440132516e+02
5.742938265459231479e+04 6.255986972931353375e+04 2.316096576925886268e+02
5.742938265647590742e+04 6.173493301941120444e+04 2.302446902817594037e+02
5.742938265835950733e+04 6.301295910534683935e+04 2.320189829691567809e+02
5.742938266024309996e+04 6.314383204872040369e+04 2.329245018004000656e+02
5.742938266212669259e+04 6.203882333766916418e+04 2.317281627741540717e+02
5.742938266401028523e+04 6.151363385150665999e+04 2.310333203566653140e+02
5.742938266589387786e+04 6.136254946005657257e+04 2.305278321330268341e+02
5.742938266777747776e+04 6.060535056406641525e+04 2.290422660575599991e+02
5.742938266966107039e+04 6.102446263000723411e+04 2.294043479466809003e+02
5.742938267154466303e+04 6.172236257101998490e+04 2.305946704306512345e+02
5.742938267342825566e+04 6.262595109083330317e+04 2.323246987878971481e+02
5.742938267531185556e+04 6.151204708158256835e+04 2.310198899967241744e+02
5.742938267719544820e+04 5.830787529023679235e+04 2.262419242841081370e+02
5.742938267907904083e+04 5.945901250230734877e+04 2.271754151841354030e+02
5.742938268096263346e+04 6.146173334143394459e+04 2.298026292492552614e+02
5.742938268284623337e+04 6.151081123028094589e+04 2.301646134852604177e+02
5.742938268472982600e+04 6.195616692637536471e+04 2.310092614615101922e+02
5.742938268661341863e+04 6.112473836627018318e+04 2.298648299224145717e+02
5.742938268849701126e+04 6.026135423741982959e+04 2.284243805936393130e+02
5.742938269038060389e+04 6.223806723011944268e+04 2.309463961530969129e+02
5.742938269226420380e+04 6.159335244289762340e+04 2.302851386934045479e+02
5.742938269414779643e+04 6.035086614803847624e+04 2.287644080817327676e+02
5.742938269603138906e+04 6.080633380854611460e+04 2.295195072027549372e+02
5.742938269791498169e+04 5.986336340270347137e+04 2.284602077943254130e+02
5.742938269979858160e+04 5.653507411576861341e+04 2.240420560427583325e+02
5.742938270168217423e+04 5.842856147196053644e+04 2.263739498511713464e+02
5.742938270356576686e+04 6.211912354214178049e+04 2.309708064838672215e+02
5.742938270544935949e+04 6.219473319502652157e+04 2.308014288690394835e+02
5.742938270733295940e+04 5.943954105985761271e+04 2.270903373101229192e+02
5.742938270921655203e+04 5.840462030021499959e+04 2.254688320737006961e+02
5.742938271110014466e+04 6.003455999666651769e+04 2.275808437286890751e+02
5.742938271298373729e+04 6.171485285530583496e+04 2.298905564824808323e+02
5.742938271486732992e+04 6.316172354550822638e+04 2.319207279883311230e+02
5.742938271675092983e+04 6.619864759533348843e+04 2.362534318505377939e+02
5.742938271863452246e+04 6.525952944281951932e+04 2.349745840492954585e+02
5.742938272051811509e+04 6.165640120222138648e+04 2.301712746744300091e+02
5.742938272240170772e+04 6.388378969260419399e+04 2.331145702423253852e+02
5.742938272428530763e+04 6.539959970575534680e+04 2.350460008770464526e+02
5.742938272616890026e+04 6.367950141731103940e+04 2.325487408557986839e+02
5.742938272805249289e+04 6.327921563434945710e+04 2.321157111796233607e+02
5.742938272993608552e+04 6.287326958900854515e+04 2.324712247731781929e+02
5.742938273181968543e+04 6.239433978263242170e+04 2.326661983565971639e+02
5.742938273370327806e+04 6.219836472555968794e+04 2.322810996187597254e+02
5.742938273558687069e+04 6.386878806718139822e+04 2.343261840795178443e+02
5.742938273747046333e+04 6.459629268529295223e+04 2.353082792708055138e+02
5.742938273935405596e+04 6.540285200438473839e+04 2.360279501761190488e+02
5.742938274123765586e+04 6.343825480001000687e+04 2.337088851927840381e+02
5.742938274312124850e+04 6.387597254627622897e+04 2.345615004087892430e+02
5.742938274500484113e+04 6.326751882709529309e+04 2.340853708618800795e+02
5.742938274688843376e+04 6.344508921133702097e+04 2.339659092042502095e+02
5.742938274877203366e+04 6.356069397801761079e+04 2.337676486511548717e+02
5.742938275065562630e+04 6.220763729151942243e+04 2.322465834113632184e+02
5.742938275253921893e+04 6.196664873781675124e+04 2.324988283270759837e+02
5.742938275442281156e+04 6.226461932455022179e+04 2.329291799592213010e+02
5.742938275630640419e+04 6.455643069189025118e+04 2.357046572939258908e+02
5.742938275819000410e+04 6.418056623019452672e+04 2.351175271141778751e+02
5.742938276007359673e+04 6.303459094800778257e+04 2.335223104173859952e+02
5.742938276195718936e+04 6.367309049743346986e+04 2.349159507979238981e+02
5.742938276384078199e+04 6.436828677101515495e+04 2.354088267207418710e+02
5.742938276572438190e+04 6.239504149763296300e+04 2.322324349860320467e+02
5.742938276760797453e+04 6.271031735519999347e+04 2.328223343754970927e+02
5.742938276949156716e+04 6.261870332778594457e+04 2.333728414442569772e+02
5.742938277137515979e+04 6.256209538149322179e+04 2.329963657076039283e+02
5.742938277325875970e+04 6.251247985670744674e+04 2.331938388672702445e+02
5.742938277514235233e+04 6.330448487405972264e+04 2.346284283825279999e+02
5.742938277702594496e+04 6.377798753812123323e+04 2.349504044441092105e+02
5.742938277890953759e+04 6.422553539575400646e+04 2.350049471631716358e+02
5.742938278079313022e+04 6.413451450644390570e+04 2.347874953347883036e+02
5.742938278267673013e+04 6.423019234139416949e+04 2.352614873796491395e+02
5.742938278456032276e+04 6.314297516188275040e+04 2.337383311695281236e+02
5.742938278644391539e+04 6.330008614512057102e+04 2.339659893682594713e+02
5.742938278832750802e+04 6.304324502419610508e+04 2.338975281777020427e+02
5.742938279021110793e+04 6.332986265045640175e+04 2.341130368258866383e+02
5.742938279209470056e+04 6.401199752487475052e+04 2.346972668685676524e+02
5.742938279397829319e+04 6.209471043892974558e+04 2.323578816430002973e+02
5.742938279586188582e+04 6.285510164038422226e+04 2.332544203441727575e+02
5.742938279774548573e+04 6.277123036940304155e+04 2.326207464713196771e+02
5.742938279962907836e+04 6.253548236706260650e+04 2.323802725847583872e+02
5.742938280151267099e+04 6.349374812870062306e+04 2.337131320081444414e+02
5.742938280339626363e+04 6.399703229448607453e+04 2.341428545956308085e+02
5.742938280527985626e+04 6.485449781645464100e+04 2.354378255232149684e+02
5.742938280716345616e+04 6.534192161414508155e+04 2.363319519046496566e+02
5.742938280904704880e+04 6.469317908209395682e+04 2.357799391375542655e+02
5.742938281093064143e+04 6.475903499680720415e+04 2.356845211073858479e+02
5.742938281281423406e+04 6.620254134469063138e+04 2.371760136703915691e+02
5.742938281469783396e+04 6.567608002858066175e+04 2.366860751595013710e+02
5.742938281658142660e+04 6.543587977621715982e+04 2.365226728529102900e+02
5.742938281846501923e+04 6.640721771260330570e+04 2.379927959346171917e+02
5.742938282034861186e+04 6.622046850084234029e+04 2.380186921832955704e+02
5.742938282223221177e+04 6.605784229773735569e+04 2.376116543591596724e+02
5.742938282411580440e+04 6.624301611155830324e+04 2.374428141446239238e+02
5.742938282599939703e+04 6.622392767723659927e+04 2.372352520481922795e+02
5.742938282788298966e+04 6.674675855223969847e+04 2.381735681312424617e+02
5.742938282976658229e+04 6.628507609466603026e+04 2.375540640488739541e+02
5.742938283165018220e+04 6.526088794591055193e+04 2.359844413660425175e+02
5.742938283353377483e+04 6.403114289615887537e+04 2.345665903316169079e+02
5.742938283541736746e+04 6.333190586650580371e+04 2.337852842199150700e+02
5.742938283730096009e+04 6.369486084106438648e+04 2.341273928804764068e+02
5.742938283918456000e+04 6.381108966014237376e+04 2.341161233937465909e+02
5.742938284106815263e+04 6.463693982656562730e+04 2.349628810290729746e+02
5.742938284295174526e+04 6.538193115740785288e+04 2.359060337591195093e+02
5.742938284483533789e+04 6.666143515840373584e+04 2.380889740930610685e+02
5.742938284671893780e+04 6.751293489142629551e+04 2.397731594969278888e+02
5.742938284860253043e+04 6.683902853902596689e+04 2.388646094003942153e+02
5.742938285048612306e+04 6.577566434214251058e+04 2.370732975502961608e+02
5.742938285236971569e+04 6.601560696607550199e+04 2.371311667542502164e+02
5.742938285425330832e+04 6.614207853634847561e+04 2.373238265218841434e+02
5.742938285613690823e+04 6.584208361245944980e+04 2.373003777017423488e+02
5.742938285802050086e+04 6.417118277764083177e+04 2.351399296758305297e+02
5.742938285990409349e+04 6.157147504588471202e+04 2.317008213466942266e+02
5.742938286178768612e+04 5.922363385269030550e+04 2.284572176424378256e+02
5.742938286367128603e+04 5.796193999937342596e+04 2.260048168734085436e+02
5.742938286555487866e+04 5.756792468233662657e+04 2.251165382309299616e+02
5.742938286743847129e+04 5.673937325050473737e+04 2.242443708120954966e+02
5.742938286932206393e+04 5.614559020462855551e+04 2.235516156148258347e+02
5.742938287120566383e+04 5.562629568099895550e+04 2.229986760436189002e+02
5.742938287308925646e+04 5.575758396764140343e+04 2.229584909977332927e+02
5.742938287497284909e+04 5.596351288575959188e+04 2.229197414208456962e+02
5.742938287685644173e+04 5.662752545937294781e+04 2.236377822925520320e+02
5.742938287874003436e+04 5.769973304124246351e+04 2.252485509714015848e+02
5.742938288062363426e+04 5.890692312199571461e+04 2.272393927913674361e+02
5.742938288250722690e+04 5.884953546964882116e+04 2.270708673873665191e+02
5.742938288439081953e+04 5.794073368224895967e+04 2.258319070595632070e+02
5.742938288627441216e+04 5.771160562566202134e+04 2.254676563958039139e+02
5.742938288815801207e+04 5.830851618748260080e+04 2.261903924835138184e+02
5.742938289004160470e+04 5.841865364013222279e+04 2.265220559600490162e+02
5.742938289192519733e+04 5.830935523385122360e+04 2.268949393649866693e+02
5.742938289380878996e+04 5.828139763557037804e+04 2.269877828374920625e+02
5.742938289569238987e+04 5.951076578627838899e+04 2.285163464441929193e+02
5.742938289757598250e+04 6.072971027421794133e+04 2.299869515441478995e+02
5.742938289945957513e+04 6.123578321454444085e+04 2.304061297907428525e+02
5.742938290134316776e+04 6.213722211973081721e+04 2.312877067874361217e+02
5.742938290322676039e+04 6.293657729451093473e+04 2.321625900055347529e+02
5.742938290511036030e+04 6.209835802702193905e+04 2.307106119834243145e+02
5.742938290699395293e+04 6.142325579808316979e+04 2.295923017530459447e+02
5.742938290887754556e+04 6.129655042531526851e+04 2.296223323845460698e+02
5.742938291076113819e+04 6.149725530650875589e+04 2.302515639038862787e+02
5.742938291264473810e+04 6.133743116645922419e+04 2.301345977047686517e+02
5.742938291452833073e+04 6.087967903589271009e+04 2.296179600141640549e+02
5.742938291641192336e+04 5.974592338248087617e+04 2.283252709936699887e+02
5.742938291829551599e+04 5.981620695710292057e+04 2.288927540101792886e+02
5.742938292017911590e+04 6.100653191239262378e+04 2.307366463344218062e+02
5.742938292206270853e+04 6.080956872357203974e+04 2.302867220900832024e+02
5.742938292394630116e+04 6.056545776057528565e+04 2.297810740245778334e+02
