5.745938794449999841e+04 1.158351656396140970e+04 1.006619170687126399e+02
5.745938794923080422e+04 1.150033667670962677e+04 1.004760920571257259e+02
5.745938795396161004e+04 1.135538332480490863e+04 1.000217115652418158e+02
5.745938795869240857e+04 1.139200850863461892e+04 1.000855902318668456e+02
5.745938796342321439e+04 1.141295052860215583e+04 1.001315585457993507e+02
5.745938796815402020e+04 1.144960864157585274e+04 1.002803118821098849e+02
5.745938797288482601e+04 1.159181099289125268e+04 1.005872027531478210e+02
5.745938797761563183e+04 1.146135119326316271e+04 1.001876732295198309e+02
5.745938798234643036e+04 1.145700135927892734e+04 1.002147630972864363e+02
5.745938798707723618e+04 1.146863656748538779e+04 1.003122170185484237e+02
5.745938799180804199e+04 1.158882111823654668e+04 1.006216633082459850e+02
5.745938799653884780e+04 1.164150180562959395e+04 1.008137077765943559e+02
5.745938800126965361e+04 1.159644261660038501e+04 1.006805445239756125e+02
5.745938800600045215e+04 1.153186240970799554e+04 1.004744804577564281e+02
5.745938801073125796e+04 1.161985081963930315e+04 1.007973748074318792e+02
5.745938801546206378e+04 1.168819201030505246e+04 1.009974456102536777e+02
5.745938802019286959e+04 1.167482607644172458e+04 1.009689542764962766e+02
5.745938802492367540e+04 1.167704222790567292e+04 1.009886416589505558e+02
5.745938802965447394e+04 1.213022273394101285e+04 1.023552546641422794e+02
5.745938803438527975e+04 1.264080917857915119e+04 1.039044460843956443e+02
5.745938803911608557e+04 1.331368545113987602e+04 1.057448353188490557e+02
5.745938804384689138e+04 1.391484414404830204e+04 1.076074202678336746e+02
5.745938804857769719e+04 1.397979490128480211e+04 1.078536502760075848e+02
5.745938805330849573e+04 1.405493268669526515e+04 1.080959790754095593e+02
5.745938805803930154e+04 1.433512566406326368e+04 1.089077906250508505e+02
5.745938806277010735e+04 1.450761925809251625e+04 1.093540651688541629e+02
5.745938806750091317e+04 1.427582186265855307e+04 1.087163006151849913e+02
5.745938807223171898e+04 1.387395007688822443e+04 1.075490169896053629e+02
5.745938807696251752e+04 1.379052386514946920e+04 1.073287953234391665e+02
5.745938808169332333e+04 1.465465504108259120e+04 1.097839027228487936e+02
5.745938808642412914e+04 1.507386635433926676e+04 1.109297263815443557e+02
5.745938809115493495e+04 1.453655628946619981e+04 1.093958999022284644e+02
5.745938809588574077e+04 1.435717854227528187e+04 1.089505555129863978e+02
5.745938810061653930e+04 1.427017772960940965e+04 1.087084641958539635e+02
5.745938810534734512e+04 1.451418538214124783e+04 1.093307539454558821e+02
5.745938811007815093e+04 1.489409512002365955e+04 1.105212777419762347e+02
5.745938811480895674e+04 1.484062364432277900e+04 1.102740928732608694e+02
5.745938811953976256e+04 1.462352066390094478e+04 1.096861341445423363e+02
5.745938812427056837e+04 1.416239250055261982e+04 1.082474787198426185e+02
5.745938812900136691e+04 1.364257457541304393e+04 1.068859208122429862e+02
5.745938813373217272e+04 1.353045087167845486e+04 1.065288981123982808e+02
5.745938813846297853e+04 1.416186834333445586e+04 1.083811652047527900e+02
5.745938814319378434e+04 1.439499072129786327e+04 1.090358298014168810e+02
5.745938814792459016e+04 1.441180954275857039e+04 1.090587623896917364e+02
5.745938815265538869e+04 1.475049852736592766e+04 1.100585454694134739e+02
5.745938815738619451e+04 1.460958305498645313e+04 1.097023499918819596e+02
5.745938816211700032e+04 1.421369380973575608e+04 1.086256999440593489e+02
5.745938816684780613e+04 1.422765428569033975e+04 1.085714325317472344e+02
5.745938817157861195e+04 1.436809659524196468e+04 1.089457280138702089e+02
5.745938817630941048e+04 1.438654798617570668e+04 1.089890184371917456e+02
5.745938818104021630e+04 1.430267693601809697e+04 1.087798801828579798e+02
5.745938818577102211e+04 1.431173199785363249e+04 1.087206965847515932e+02
5.745938819050182792e+04 1.412083536490334336e+04 1.082376199647078465e+02
5.745938819523263373e+04 1.383302126643453266e+04 1.074645562461341939e+02
5.745938819996343227e+04 1.411501254698413322e+04 1.082695169166880049e+02
5.745938820469423808e+04 1.410083144364261534e+04 1.082897973875727047e+02
5.745938820942504390e+04 1.465538525642314562e+04 1.097573127345639250e+02
5.745938821415584971e+04 1.455866295293411349e+04 1.094987583529430424e+02
5.745938821888665552e+04 1.429084497021401148e+04 1.087075246121341650e+02
5.745938822361745406e+04 1.412292894927341331e+04 1.082762764330511374e+02
5.745938822834825987e+04 1.387479802739738443e+04 1.075193989088573545e+02
5.745938823307906569e+04 1.405373081987145815e+04 1.080912380579165131e+02
5.745938823780987150e+04 1.405857776552913856e+04 1.080263822790983284e+02
5.745938824254067731e+04 1.418574994735095970e+04 1.085058785744459442e+02
5.745938824727147585e+04 1.420912271761786360e+04 1.085907269805585145e+02
5.745938825200228166e+04 1.445645476720493571e+04 1.091065346442033217e+02
5.745938825673308747e+04 1.475113075500142622e+04 1.100440040840696696e+02
5.745938826146389329e+04 1.465671581601367870e+04 1.098002930876269403e+02
5.745938826619469910e+04 1.452168465154256410e+04 1.093869738441904218e+02
5.745938827092549764e+04 1.475923768066762204e+04 1.100424024948037101e+02
5.745938827565630345e+04 1.471819863515655743e+04 1.099923473203205191e+02
5.745938828038710926e+04 1.469574292436914584e+04 1.099084373387055820e+02
5.745938828511791507e+04 1.476531783674608596e+04 1.100379833720726026e+02
5.745938828984872089e+04 1.483850472853070460e+04 1.102889829946272897e+02
5.745938829457951942e+04 1.482925477545670765e+04 1.102459961207387664e+02
5.745938829931032524e+04 1.435826608151918481e+04 1.088927975796963210e+02
5.745938830404113105e+04 1.395679996396951901e+04 1.078330453421031336e+02
5.745938830877193686e+04 1.379374589364453641e+04 1.073213781173552803e+02
5.745938831350274268e+04 1.417901499166129724e+04 1.083970846179859393e+02
5.745938831823354121e+04 1.438951036609709809e+04 1.090415321121976575e+02
5.745938832296434703e+04 1.445992610393210998e+04 1.092828023959512791e+02
5.745938832769515284e+04 1.424098226189723027e+04 1.086806417953248172e+02
5.745938833242595865e+04 1.435939055265364004e+04 1.089779110407589826e+02
5.745938833715676446e+04 1.421159766796613621e+04 1.085012586522695130e+02
5.745938834188756300e+04 1.414759099393182987e+04 1.083132516674881458e+02
5.745938834661836881e+04 1.418223099973626267e+04 1.084873668479521882e+02
5.745938835134917463e+04 1.452081942881284522e+04 1.093838292972596520e+02
5.745938835607998044e+04 1.447087298141456085e+04 1.092778700996816781e+02
5.745938836081078625e+04 1.433070773910678872e+04 1.089610751967512385e+02
5.745938836554158479e+04 1.417496726067378222e+04 1.084051991550302034e+02
5.745938837027239060e+04 1.411792024882189799e+04 1.082534590010670001e+02
5.745938837500319642e+04 1.458952612516342015e+04 1.095894968372537477e+02
5.745938837973400223e+04 1.421698420758784232e+04 1.085725006354917497e+02
5.745938838446480804e+04 1.397858411217526009e+04 1.078566330359243040e+02
5.745938838919560658e+04 1.403194753027440674e+04 1.080428460272675864e+02
5.745938839392641239e+04 1.429344984332805143e+04 1.088000729075772171e+02
5.745938839865721820e+04 1.444603865416080953e+04 1.092695917071943654e+02
5.745938840338802402e+04 1.432257514197963428e+04 1.088297837271301489e+02
5.745938840811882983e+04 1.439704198579081640e+04 1.090016379715631558e+02
5.745938841284962837e+04 1.433747944765671855e+04 1.088515689824338040e+02
5.745938841758043418e+04 1.448345184790544226e+04 1.092538493111045028e+02
5.745938842231123999e+04 1.432973190580145274e+04 1.088811960039423212e+02
5.745938842704204581e+04 1.438354457718403864e+04 1.090373272456185703e+02
5.745938843177285162e+04 1.433934171696860722e+04 1.089087502809747008e+02
5.745938843650365015e+04 1.431937769671299247e+04 1.088013791383160793e+02
5.745938844123445597e+04 1.406308024057873263e+04 1.080931367022476763e+02
5.745938844596526178e+04 1.406802765319306491e+04 1.081530382763977798e+02
5.745938845069606759e+04 1.413011500944220097e+04 1.083070344618446939e+02
5.745938845542687341e+04 1.427249594270525085e+04 1.086603820196954899e+02
5.745938846015767194e+04 1.433374825816925295e+04 1.089214349328113229e+02
5.745938846488847776e+04 1.442947791389595659e+04 1.091119133175807860e+02
5.745938846961928357e+04 1.390819810817565303e+04 1.075833211770013946e+02
5.745938847435008938e+04 1.402134380291524940e+04 1.080005383934005323e+02
5.745938847908089519e+04 1.411484093676164593e+04 1.083073467327998145e+02
5.745938848381170101e+04 1.444264936121277970e+04 1.091700108927345241e+02
5.745938848854249954e+04 1.445418823001866076e+04 1.092573769905229426e+02
5.745938849327330536e+04 1.442093836911955259e+04 1.091053829223938862e+02
5.745938849800411117e+04 1.424334162179478153e+04 1.086460658596963640e+02
5.745938850273491698e+04 1.404090430916966579e+04 1.080579901376002425e+02
5.745938850746572280e+04 1.413683099647231757e+04 1.083403670326118231e+02
5.745938851219652133e+04 1.428545046894147890e+04 1.086954001110119918e+02
5.745938851692732715e+04 1.435718246660923433e+04 1.089599629306320026e+02
5.745938852165813296e+04 1.430157638317294914e+04 1.088298725206780233e+02
5.745938852638893877e+04 1.438804444774301373e+04 1.090059115785695951e+02
5.745938853111974458e+04 1.462731217542064405e+04 1.096293413740305311e+02
5.745938853585054312e+04 1.484244891767611261e+04 1.102328910511501618e+02
5.745938854058134893e+04 1.441066555829527351e+04 1.091080300321248160e+02
5.745938854531215475e+04 1.437234004974827985e+04 1.089798780330780090e+02
5.745938855004296056e+04 1.453152032692642388e+04 1.093802846607756862e+02
5.745938855477376637e+04 1.433914997463150212e+04 1.088775291827994067e+02
5.745938855950456491e+04 1.436029387855880486e+04 1.089867909120568328e+02
5.745938856423537072e+04 1.430351279940351378e+04 1.088516335728436104e+02
5.745938856896617654e+04 1.449067677347227436e+04 1.093187652879180405e+02
5.745938857369698235e+04 1.417126901048654508e+04 1.084266489314989883e+02
5.745938857842778816e+04 1.370349009664370351e+04 1.070470653368707730e+02
5.745938858315858670e+04 1.310767163682644241e+04 1.052713045209216034e+02
5.745938858788939251e+04 1.219407961479703590e+04 1.024882801831393806e+02
5.745938859262019832e+04 1.177350235261903435e+04 1.012518780206169140e+02
5.745938859735100414e+04 1.169723050001214142e+04 1.009937231567625986e+02
5.745938860208180995e+04 1.167732171962634675e+04 1.009977818395352642e+02
5.745938860681260849e+04 1.172629148093263575e+04 1.011210028920478550e+02
5.745938861154341430e+04 1.162956544711847346e+04 1.007767740011004349e+02
5.745938861627422011e+04 1.148329670277521109e+04 1.003304806582737001e+02
5.745938862100502593e+04 1.162144415800749266e+04 1.007388770319614508e+02
5.745938862573583174e+04 1.153388286486206925e+04 1.005077125379331306e+02
5.745938863046663027e+04 1.162138330840807066e+04 1.006785720404311633e+02
5.745938863519743609e+04 1.134717054309960986e+04 9.990804232246051697e+01
5.745938863992824190e+04 1.152377641438469436e+04 1.004989438539998474e+02
