5.745938235379999969e+04 4.358075280260217369e+03 5.626809047647340378e+01
5.745938235880333377e+04 5.446467975412802843e+03 6.206487306730709719e+01
5.745938236380666058e+04 7.741674439534681369e+03 7.273438894301054347e+01
5.745938236880999466e+04 1.287139959333606203e+04 9.219823125571691946e+01
5.745938237381332146e+04 2.288535955006264339e+04 1.215126774931424762e+02
5.745938237881665555e+04 3.850163325727049232e+04 1.566068767115459650e+02
5.745938238381998235e+04 5.526042061188978550e+04 1.870980607712509141e+02
5.745938238882331643e+04 6.727806054273076006e+04 2.062127488150781858e+02
5.745938239382664324e+04 7.773538757284775784e+04 2.214934449279870989e+02
5.745938239882997732e+04 8.911425235825992422e+04 2.370162749439495542e+02
5.745938240383330412e+04 1.006685687527926202e+05 2.517928181118298028e+02
5.745938240883663821e+04 1.045500300951590471e+05 2.565828148703096758e+02
5.745938241383996501e+04 1.015974130894495029e+05 2.529596916356231873e+02
5.745938241884329909e+04 9.476577096284434083e+04 2.443834748521092877e+02
5.745938242384662590e+04 8.790241512225895713e+04 2.354500931970306112e+02
5.745938242884995998e+04 8.579469048232786008e+04 2.326401909861830006e+02
5.745938243385329406e+04 8.625418354695025482e+04 2.332638176092706317e+02
5.745938243885662087e+04 8.432074666926292412e+04 2.306572165504414045e+02
5.745938244385995495e+04 8.049308686567496625e+04 2.254040810542695681e+02
5.745938244886328175e+04 8.208565713948126358e+04 2.275999456361550131e+02
5.745938245386661583e+04 9.144979426835061167e+04 2.401269296251858520e+02
5.745938245886994264e+04 9.825598076052902616e+04 2.488228675334529498e+02
5.745938246387327672e+04 9.502681178483100666e+04 2.447337723680806789e+02
5.745938246887660353e+04 9.099473191782884533e+04 2.395423925831206589e+02
5.745938247387993761e+04 9.043939903795078862e+04 2.388177752533486000e+02
5.745938247888326441e+04 9.443323101893180865e+04 2.439914796313849479e+02
5.745938248388659849e+04 9.576907057921116939e+04 2.456835166239642945e+02
5.745938248888992530e+04 9.204196296669139701e+04 2.409123517617580603e+02
5.745938249389325938e+04 9.200127130802741158e+04 2.409106854610657535e+02
5.745938249889658618e+04 9.663874571408268821e+04 2.468054066388783951e+02
5.745938250389992027e+04 9.892604397895069269e+04 2.496723378669984754e+02
5.745938250890325435e+04 9.552618950197975209e+04 2.453836496085711190e+02
5.745938251390658115e+04 8.957931479260366177e+04 2.376834550092434313e+02
5.745938251890991523e+04 8.360802945606900903e+04 2.296951382904508137e+02
5.745938252391324204e+04 7.995704022332894965e+04 2.246692454736958382e+02
5.745938252891657612e+04 7.843780124414521561e+04 2.225474693047137862e+02
5.745938253391990293e+04 7.955419651411092491e+04 2.241173159133748527e+02
5.745938253892323701e+04 8.520013662928885606e+04 2.318504230543456117e+02
5.745938254392656381e+04 9.196538264838448958e+04 2.407951146431607299e+02
5.745938254892989789e+04 9.461845115829751012e+04 2.442156208648148095e+02
5.745938255393322470e+04 9.284331323615551810e+04 2.419364697651445795e+02
5.745938255893655878e+04 9.239452545010182075e+04 2.412772771941340579e+02
5.745938256393988559e+04 9.336296480414299003e+04 2.425044550724600185e+02
5.745938256894321967e+04 9.143650357471678581e+04 2.400116409193123275e+02
5.745938257394654647e+04 6.311977954573958414e+04 1.998638890517465825e+02
5.745938257894988055e+04 4.251784674519687542e+04 1.645769646587544912e+02
5.745938258395320736e+04 7.753021706932307279e+04 2.212347147176124622e+02
5.745938258895654144e+04 8.647959464313587523e+04 2.334760414183396051e+02
5.745938259395987552e+04 8.295193499460753810e+04 2.287010660162588636e+02
5.745938259896320233e+04 8.166857938933100377e+04 2.269592322513869078e+02
5.745938260396653641e+04 8.644638489724397368e+04 2.335288788902796568e+02
5.745938260896986321e+04 9.033185785881757329e+04 2.386733879007729229e+02
5.745938261397319729e+04 8.910041791726085648e+04 2.370666194826504238e+02
5.745938261897652410e+04 8.694770919379482802e+04 2.342176035734613606e+02
5.745938262397985818e+04 8.911798881034553051e+04 2.370991809936395498e+02
5.745938262898318499e+04 9.195028986805739987e+04 2.408038423214742920e+02
5.745938263398651907e+04 9.287011335125552432e+04 2.419897076516547259e+02
5.745938263898984587e+04 9.287726865505831665e+04 2.419995232989885778e+02
5.745938264399317995e+04 9.181750391791533912e+04 2.406311635445464958e+02
5.745938264899650676e+04 9.073928413931997784e+04 2.392336943142203438e+02
5.745938265399984084e+04 8.999250077566082473e+04 2.382478321862388100e+02
5.745938265900316765e+04 8.899361046275035187e+04 2.369385491011692579e+02
5.745938266400650173e+04 9.044559929941646988e+04 2.388484595386009914e+02
5.745938266900983581e+04 9.371687335581793741e+04 2.431092279714986546e+02
5.745938267401316261e+04 9.382832997357205022e+04 2.432554419485009873e+02
5.745938267901649670e+04 9.104142638081139012e+04 2.396388646570443939e+02
5.745938268401982350e+04 8.879055394413757313e+04 2.366841366881131705e+02
5.745938268902315758e+04 8.824723256349375879e+04 2.359630123369937849e+02
5.745938269402648439e+04 9.082435885122179752e+04 2.393467932382177707e+02
5.745938269902981847e+04 9.316165898030619428e+04 2.423865391866248444e+02
5.745938270403314527e+04 9.188817425686650677e+04 2.407249056997572723e+02
5.745938270903647935e+04 9.062414781423156091e+04 2.390726990848876312e+02
5.745938271403980616e+04 9.009682889478308789e+04 2.383992943973170497e+02
5.745938271904314024e+04 9.158905958736805769e+04 2.403418526498154506e+02
5.745938272404646705e+04 9.188337746098329080e+04 2.407055488950987296e+02
5.745938272904980113e+04 8.903067236304367543e+04 2.369787645206419029e+02
5.745938273405312793e+04 8.652550483622572210e+04 2.336611845479205272e+02
5.745938273905646201e+04 8.665097654004402284e+04 2.338239156750554173e+02
5.745938274405979610e+04 8.615639562955166912e+04 2.331580755400992473e+02
5.745938274906312290e+04 8.450604786004309426e+04 2.309386802331754609e+02
5.745938275406645698e+04 8.569025333880985272e+04 2.325294503847418923e+02
5.745938275906978379e+04 9.291471478569625469e+04 2.420494555526089471e+02
5.745938276407311787e+04 9.525520084205263993e+04 2.450582048956658525e+02
5.745938276907644467e+04 9.205946636634803144e+04 2.409365436793450499e+02
5.745938277407977876e+04 8.978574993813177571e+04 2.379750333023807229e+02
5.745938277908310556e+04 9.050382737458753400e+04 2.389150346947815819e+02
5.745938278408643964e+04 9.302275805763453536e+04 2.421865912380293366e+02
5.745938278908976645e+04 9.398195466563536320e+04 2.434283979404567333e+02
5.745938279409310053e+04 9.342859199549102050e+04 2.427122054340063642e+02
5.745938279909642733e+04 9.222938270763908804e+04 2.411580741146325693e+02
5.745938280409976142e+04 9.095926957834359200e+04 2.395071446287504102e+02
5.745938280910308822e+04 9.119055693338898709e+04 2.398176535413833506e+02
5.745938281410642230e+04 8.929553025879160850e+04 2.373373015395488324e+02
5.745938281910975638e+04 8.732779732397639600e+04 2.347159163887524755e+02
5.745938282411308319e+04 8.778073427208725479e+04 2.353122705593497699e+02
5.745938282911641727e+04 9.045642843091991381e+04 2.388547080525040656e+02
5.745938283411974407e+04 9.227081632384278055e+04 2.412242953408121480e+02
5.745938283912307816e+04 9.032786613022134406e+04 2.386832385039447502e+02
5.745938284412640496e+04 8.802066891374641273e+04 2.356424525668249998e+02
5.745938284912973904e+04 8.931079892763355747e+04 2.373491550861599819e+02
5.745938285413306585e+04 9.376623012360234861e+04 2.431396116353045329e+02
5.745938285913639993e+04 9.347239052989857737e+04 2.427685947709797745e+02
5.745938286413972673e+04 9.115403182652233227e+04 2.397635153470588989e+02
5.745938286914306082e+04 9.265144590524326486e+04 2.416936040400820787e+02
5.745938287414638762e+04 9.832010192801010271e+04 2.489182185736473798e+02
5.745938287914972170e+04 1.012494051772504026e+05 2.525699724297519708e+02
5.745938288415304851e+04 9.585748624292538443e+04 2.458102314702361753e+02
5.745938288915638259e+04 8.876598679288855055e+04 2.366170949883505159e+02
5.745938289415970939e+04 8.644851621275822981e+04 2.335401045983172708e+02
5.745938289916304348e+04 8.824922087939373159e+04 2.359348668764699255e+02
5.745938290416637756e+04 8.928576386578720121e+04 2.372963814436575660e+02
5.745938290916970436e+04 8.853896810143309995e+04 2.363196526821366774e+02
5.745938291417303844e+04 9.045239497939271678e+04 2.388323888560223338e+02
5.745938291917636525e+04 9.001403417056432227e+04 2.382521840660965324e+02
5.745938292417969933e+04 8.545653181659471011e+04 2.321984235567024655e+02
5.745938292918302614e+04 8.195628916309776832e+04 2.274387139848700770e+02
5.745938293418636022e+04 8.122117754948600486e+04 2.264266726336299769e+02
5.745938293918968702e+04 8.161620022804156179e+04 2.269630700654727775e+02
5.745938294419302110e+04 8.531535429172546719e+04 2.319999798871705252e+02
5.745938294919634791e+04 9.229163235569187964e+04 2.412069453650966580e+02
5.745938295419968199e+04 9.736251937659541727e+04 2.476903105971776711e+02
5.745938295920300880e+04 9.587232221200087224e+04 2.458059551273089198e+02
5.745938296420634288e+04 9.069019881884576171e+04 2.391289611956621570e+02
5.745938296920966968e+04 8.864060478784091538e+04 2.364372093628335563e+02
5.745938297421300376e+04 8.787312056653705076e+04 2.354196880684691280e+02
5.745938297921633784e+04 8.775309545125838486e+04 2.352527328068873658e+02
5.745938298421966465e+04 8.819611441701516742e+04 2.358267961219513893e+02
5.745938298922299873e+04 8.774415712371011614e+04 2.352178827415923479e+02
5.745938299422632554e+04 8.662718518982165551e+04 2.337253633506409471e+02
5.745938299922965962e+04 8.592349126918824913e+04 2.327748430047696502e+02
5.745938300423298642e+04 8.154572195565597212e+04 2.268270613340796444e+02
5.745938300923632050e+04 6.962439785437159298e+04 2.097551797711258814e+02
5.745938301423964731e+04 5.360819682448481035e+04 1.843221450979263523e+02
5.745938301924298139e+04 3.711379313992039533e+04 1.538336695588814109e+02
5.745938302424630820e+04 2.305937885098250990e+04 1.219597994319231873e+02
5.745938302924964228e+04 1.363812589508904966e+04 9.475602746889028083e+01
5.745938303425296908e+04 8.524548735264606876e+03 7.600696670108347064e+01
5.745938303925630316e+04 6.004832079518917453e+03 6.479971393280256109e+01
5.745938304425962997e+04 4.617898303923605454e+03 5.769539160965457825e+01
5.745938304926296405e+04 3.779933858736089405e+03 5.298817017293305298e+01
