2.457422867000000086e+06 5.076105851049653575e+04 1.789416503893693573e+02
2.457422867006444372e+06 4.838823308541223378e+04 1.749071021534105626e+02
2.457422867012889124e+06 4.977358873692203633e+04 1.772711987579499180e+02
2.457422867019333411e+06 4.798757160477231082e+04 1.741862317128464497e+02
2.457422867025778163e+06 4.927852879813045729e+04 1.764280933702161462e+02
2.457422867032222450e+06 5.084426615673544438e+04 1.791003216696484515e+02
2.457422867038667202e+06 5.026853459094150458e+04 1.781075386056629952e+02
2.457422867045111489e+06 4.952639385616595246e+04 1.768451142880206248e+02
2.457422867051556241e+06 4.964148802220687503e+04 1.770360522881020131e+02
2.457422867058000527e+06 4.895300193336280790e+04 1.758643866586154445e+02
2.457422867064445280e+06 5.011988983614591416e+04 1.778437247674235664e+02
2.457422867070889566e+06 5.028529521982802544e+04 1.781486251107448879e+02
2.457422867077334318e+06 4.839157817718696606e+04 1.749062386642403908e+02
2.457422867083778605e+06 5.041256412810017355e+04 1.783455815280366608e+02
2.457422867090223357e+06 4.968044246215226303e+04 1.771280146319526239e+02
2.457422867096667644e+06 4.876343826619716856e+04 1.755780646842795534e+02
2.457422867103112396e+06 4.909302682314098638e+04 1.761443889610864915e+02
2.457422867109556682e+06 4.938863816672626854e+04 1.766398164050413584e+02
2.457422867116001435e+06 4.824527200391679071e+04 1.746491646706506344e+02
2.457422867122445721e+06 4.925647648920841311e+04 1.763872306903560343e+02
2.457422867128890473e+06 5.214268557821641298e+04 1.812557171823236786e+02
2.457422867135334760e+06 5.071570633682415792e+04 1.788595523541438297e+02
2.457422867141779512e+06 5.139618798367229465e+04 1.800118152011446284e+02
2.457422867148223799e+06 5.111949914582727797e+04 1.795210947210653387e+02
2.457422867154668551e+06 5.080599086974051897e+04 1.790222432940373949e+02
2.457422867161112837e+06 4.832771615808085335e+04 1.747838198484034535e+02
2.457422867167557590e+06 5.083060456345772400e+04 1.790672353888446366e+02
2.457422867174001876e+06 5.036761057839091518e+04 1.782908854243461008e+02
2.457422867180446163e+06 4.974325346258722129e+04 1.772354482877679516e+02
2.457422867186890915e+06 4.966405416986649652e+04 1.770962420709159062e+02
2.457422867193335202e+06 4.999479368238829193e+04 1.776393856153734134e+02
2.457422867199779954e+06 4.923397544135973294e+04 1.763428563537731293e+02
2.457422867206224240e+06 5.026896510324585688e+04 1.781184266759412651e+02
2.457422867212668993e+06 5.186989880541324965e+04 1.808122738120768815e+02
2.457422867219113279e+06 4.899282396879545558e+04 1.759305392004631017e+02
2.457422867225558031e+06 4.776530443618701247e+04 1.738165515788545008e+02
2.457422867232002318e+06 5.101109967622998374e+04 1.793524918181931582e+02
2.457422867238447070e+06 5.028686145860091347e+04 1.781616225420437729e+02
2.457422867244891357e+06 4.989096738359515439e+04 1.774563259168997433e+02
2.457422867251336109e+06 5.030283555157127557e+04 1.781485085471211107e+02
2.457422867257780395e+06 4.963638700001365942e+04 1.770513521745562002e+02
2.457422867264225148e+06 4.982786649517653132e+04 1.773608579723563423e+02
2.457422867270669434e+06 5.021830404728270514e+04 1.780221635528862691e+02
2.457422867277114186e+06 4.829796016900639370e+04 1.747451681040868152e+02
2.457422867283558473e+06 5.167646147790381656e+04 1.804914139249876825e+02
2.457422867290003225e+06 4.955131856888320181e+04 1.769026996652880541e+02
2.457422867296447512e+06 4.999480404835006630e+04 1.776634930093798346e+02
2.457422867302892264e+06 4.954980208183491050e+04 1.768894391992812132e+02
2.457422867309336551e+06 4.880216185369559389e+04 1.756185162223469831e+02
2.457422867315781303e+06 5.042543171540426556e+04 1.783743420103687924e+02
2.457422867322225589e+06 5.148591577876978408e+04 1.801482206769311460e+02
2.457422867328670342e+06 4.910786358567168645e+04 1.761692353091340522e+02
2.457422867335114628e+06 5.019469065873148065e+04 1.780705190956092281e+02
2.457422867341559380e+06 5.102433748742513853e+04 1.794832193126216850e+02
2.457422867348003667e+06 5.008045431391697639e+04 1.778546112031094992e+02
2.457422867354447953e+06 5.101068791959866940e+04 1.794530206241872179e+02
2.457422867360892706e+06 4.888183520916147972e+04 1.758039167319870728e+02
2.457422867367336992e+06 5.150037009920416313e+04 1.802641482750794637e+02
2.457422867373781744e+06 5.088708640011621173e+04 1.792306960360213282e+02
2.457422867380226031e+06 4.818780805305522517e+04 1.746320099785437492e+02
2.457422867386670783e+06 5.127800099852458516e+04 1.798952397074461658e+02
2.457422867393115070e+06 4.947630753580987221e+04 1.768398113502555020e+02
2.457422867399559822e+06 4.757159974716039869e+04 1.735687639502928619e+02
2.457422867406004108e+06 5.227816945020231651e+04 1.815680314524051937e+02
2.457422867412448861e+06 4.929404130950253602e+04 1.765352013400831481e+02
2.457422867418893147e+06 5.027516152690793388e+04 1.782106828133929639e+02
2.457422867425337899e+06 4.991164373190022161e+04 1.775967101405868505e+02
2.457422867431782186e+06 5.071238631176589843e+04 1.789551848624988111e+02
2.457422867438226938e+06 5.136705870682455134e+04 1.800454286212059856e+02
2.457422867444671225e+06 4.981962204739668960e+04 1.774076356516561361e+02
2.457422867451115977e+06 4.980230546815479465e+04 1.773953579563473966e+02
2.457422867457560264e+06 4.957065411739804404e+04 1.770147372026619337e+02
2.457422867464005016e+06 5.093697481068400521e+04 1.793066760171612088e+02
2.457422867470449302e+06 5.061057318044271960e+04 1.787808756920943836e+02
2.457422867476894055e+06 4.943228315939637105e+04 1.767729300219897084e+02
2.457422867483338341e+06 4.896458539709632896e+04 1.759752058534757566e+02
2.457422867489783093e+06 4.969898889298823633e+04 1.772314050131060981e+02
2.457422867496227380e+06 5.022408698360203562e+04 1.781058977312804359e+02
2.457422867502672132e+06 5.027083822860358487e+04 1.781894063502061272e+02
2.457422867509116419e+06 4.899903493132972653e+04 1.760301465043385178e+02
2.457422867515561171e+06 4.943437556023040815e+04 1.767928448181963859e+02
2.457422867522005457e+06 4.898068991680911859e+04 1.759910699354998940e+02
2.457422867528449744e+06 5.046802392447125749e+04 1.785266000894976628e+02
2.457422867534894496e+06 4.819320938120348728e+04 1.748838039987181787e+02
2.457422867541338783e+06 4.842132867861606792e+04 1.756219978444206902e+02
2.457422867547783535e+06 5.125600952572944516e+04 1.798750904519148719e+02
2.457422867554227822e+06 4.852637041530210263e+04 1.752223282439457535e+02
2.457422867560672574e+06 5.000550515641034872e+04 1.777446951045126298e+02
2.457422867567116860e+06 4.988324844600049983e+04 1.775316984138280816e+02
2.457422867573561613e+06 5.200844874078639259e+04 1.811357336944966789e+02
2.457422867580005899e+06 5.094283346703258576e+04 1.793559321499767805e+02
2.457422867586450651e+06 5.027578366928287141e+04 1.781916165732085346e+02
2.457422867592894938e+06 5.073467970237816917e+04 1.789845345120485547e+02
2.457422867599339690e+06 4.858967164880213386e+04 1.753102339205903775e+02
2.457422867605783977e+06 4.931283696723596950e+04 1.765778860736180604e+02
2.457422867612228729e+06 5.137219538136088522e+04 1.800683803342261911e+02
2.457422867618673015e+06 5.164871814589478163e+04 1.805347883945839556e+02
2.457422867625117768e+06 4.844318920038888609e+04 1.750710930258480289e+02
2.457422867631562054e+06 5.080451633569471596e+04 1.790850955996111793e+02
2.457422867638006806e+06 5.095182117239759827e+04 1.793461134721870565e+02
2.457422867644451093e+06 4.985786597810967214e+04 1.774880232944097429e+02
2.457422867650895845e+06 4.904066860657312645e+04 1.761089969388913801e+02
2.457422867657340132e+06 4.892354435608183849e+04 1.758864548864314088e+02
2.457422867663784884e+06 5.056232465707528900e+04 1.786698473085501746e+02
2.457422867670229170e+06 4.994230418765627110e+04 1.776344011211033944e+02
2.457422867676673923e+06 4.844024858824827243e+04 1.750606827481582570e+02
2.457422867683118209e+06 4.946013775865870412e+04 1.768111991373887406e+02
2.457422867689562961e+06 5.137675495810985740e+04 1.800810277016520047e+02
2.457422867696007248e+06 4.942441199338873412e+04 1.767471252825421857e+02
