5.737343542509999679e+04 3.138082347261324685e+03 7.269526843539890137e+01
5.737343543563030107e+04 3.105354757675628662e+03 7.250762876978348004e+01
5.737343544616060535e+04 3.079221217969402005e+03 7.244530138597546909e+01
5.737343545669090236e+04 3.181796717207448637e+03 7.286190911609506315e+01
5.737343546722120664e+04 3.501132687305283980e+03 7.403074863376669157e+01
5.737343547775151092e+04 3.754251416017866632e+03 7.519149989111232912e+01
5.737343548828181520e+04 4.204284537117056061e+03 7.705317540161077261e+01
5.737343549881211948e+04 4.667132240392091262e+03 7.888190484517431855e+01
5.737343550934242376e+04 5.027462421499386437e+03 8.034102189909512504e+01
5.737343551987272804e+04 5.085348225905061554e+03 8.064550818691944301e+01
5.737343553040302504e+04 5.287426658323604897e+03 8.143516714386446154e+01
5.737343554093332932e+04 5.494896936018862107e+03 8.198669964066345983e+01
5.737343555146363360e+04 5.731371630441035450e+03 8.287622392594175835e+01
5.737343556199393788e+04 5.622736526022450562e+03 8.247083516507717604e+01
5.737343557252424216e+04 5.619109741891248632e+03 8.236428807515649453e+01
5.737343558305453917e+04 5.366738894285934293e+03 8.149294979587706678e+01
5.737343559358484345e+04 5.307995859805494547e+03 8.148286677545735301e+01
5.737343560411514773e+04 5.387308133650722084e+03 8.164847654908014363e+01
5.737343561464545201e+04 5.479371908874021756e+03 8.183165567659834494e+01
5.737343562517575629e+04 5.506887197337182442e+03 8.209032995237278385e+01
5.737343563570606057e+04 5.468472076931455376e+03 8.223527344605886924e+01
5.737343564623636485e+04 5.528079132691933410e+03 8.223191361122691490e+01
5.737343565676666185e+04 5.728685275755339717e+03 8.293358076788926780e+01
5.737343566729696613e+04 5.784107966762185242e+03 8.329964836228216996e+01
5.737343567782727041e+04 5.724556939095728922e+03 8.288239031277971947e+01
5.737343568835757469e+04 5.663975005880730350e+03 8.272572527211883653e+01
5.737343569888787897e+04 5.702010511314541873e+03 8.294204649105842009e+01
5.737343570941817597e+04 5.750037265997114446e+03 8.319545240673583919e+01
5.737343571994848025e+04 5.846295089009190633e+03 8.336547550268426221e+01
5.737343573047878454e+04 5.699699708129540340e+03 8.297503224726268911e+01
5.737343574100908882e+04 5.553374283490716152e+03 8.246250488467015316e+01
5.737343575153939310e+04 5.689697080661226209e+03 8.314740294231368978e+01
5.737343576206969738e+04 5.900710539297277137e+03 8.354234168554327766e+01
5.737343577260000166e+04 6.024682954843954576e+03 8.393518886984496419e+01
5.737343578313029866e+04 6.505652950214451266e+03 8.583554087426600177e+01
5.737343579366060294e+04 6.747408895095399203e+03 8.664864938028834729e+01
5.737343580419090722e+04 6.799211329706895413e+03 8.664996510996087409e+01
5.737343581472121150e+04 6.704840149214613120e+03 8.631630279402337180e+01
5.737343582525151578e+04 6.455141347487971871e+03 8.543506866215834350e+01
5.737343583578181278e+04 5.943642700054595480e+03 8.387964873765037055e+01
5.737343584631211706e+04 5.623780980792478658e+03 8.267486857032224634e+01
5.737343585684242134e+04 5.599205158557676441e+03 8.261884848652287872e+01
5.737343586737272562e+04 5.647211157201695642e+03 8.273477728313088164e+01
5.737343587790302990e+04 5.692847842427083378e+03 8.267335437224383554e+01
5.737343588843333418e+04 5.804147573323394681e+03 8.309017360310339484e+01
5.737343589896363846e+04 5.566544536961375343e+03 8.242005535968860386e+01
5.737343590949393547e+04 5.519955248522707734e+03 8.206498929784987695e+01
5.737343592002423975e+04 5.415218767548356482e+03 8.191725646443794062e+01
5.737343593055454403e+04 5.625140766165291097e+03 8.274946576535261045e+01
5.737343594108484831e+04 5.628879952289715220e+03 8.244191152842667236e+01
5.737343595161515259e+04 5.600717090465500405e+03 8.231461527273940249e+01
5.737343596214544959e+04 5.657262759534576617e+03 8.265069941157673838e+01
5.737343597267575387e+04 5.514710137566832600e+03 8.218079642492673997e+01
5.737343598320605815e+04 5.436781188566148558e+03 8.192322282796904176e+01
5.737343599373636243e+04 5.537147368812438799e+03 8.211591846856025256e+01
5.737343600426666671e+04 5.547683799619910133e+03 8.198670857509912935e+01
5.737343601479697099e+04 5.586773434102340616e+03 8.231570228422474145e+01
5.737343602532727527e+04 5.452896104517585627e+03 8.181560614005339005e+01
5.737343603585757228e+04 5.111419802073925894e+03 8.042853470095150215e+01
5.737343604638787656e+04 4.702329760802436795e+03 7.908692642723779898e+01
5.737343605691818084e+04 4.203787274982722920e+03 7.701059892182925637e+01
5.737343606744848512e+04 3.748561246181173829e+03 7.512794688413342215e+01
5.737343607797878940e+04 3.468877328379269784e+03 7.395360755447961765e+01
5.737343608850908640e+04 3.136026823176174730e+03 7.241109332249916974e+01
5.737343609903939068e+04 3.132325850933822039e+03 7.245593447161402878e+01
5.737343610956969496e+04 3.092871773201526594e+03 7.229106498706947548e+01
5.737343612009999924e+04 3.005817011629371791e+03 7.200407759575955424e+01
