5.736833421559999988e+04 0.000000000000000000e+00 0.000000000000000000e+00
5.736833421633076068e+04 0.000000000000000000e+00 0.000000000000000000e+00
5.736833421706152149e+04 0.000000000000000000e+00 0.000000000000000000e+00
5.736833421779228229e+04 0.000000000000000000e+00 0.000000000000000000e+00
5.736833421852304309e+04 0.000000000000000000e+00 0.000000000000000000e+00
5.736833421925380389e+04 0.000000000000000000e+00 0.000000000000000000e+00
5.736833421998456470e+04 0.000000000000000000e+00 0.000000000000000000e+00
5.736833422071532550e+04 0.000000000000000000e+00 0.000000000000000000e+00
5.736833422144608630e+04 0.000000000000000000e+00 0.000000000000000000e+00
5.736833422217684711e+04 0.000000000000000000e+00 0.000000000000000000e+00
5.736833422290760791e+04 0.000000000000000000e+00 0.000000000000000000e+00
5.736833422363836871e+04 0.000000000000000000e+00 0.000000000000000000e+00
5.736833422436912952e+04 0.000000000000000000e+00 0.000000000000000000e+00
5.736833422509989032e+04 0.000000000000000000e+00 0.000000000000000000e+00
5.736833422583065112e+04 0.000000000000000000e+00 0.000000000000000000e+00
5.736833422656141192e+04 0.000000000000000000e+00 0.000000000000000000e+00
5.736833422729217273e+04 0.000000000000000000e+00 0.000000000000000000e+00
5.736833422802293353e+04 0.000000000000000000e+00 0.000000000000000000e+00
5.736833422875369433e+04 0.000000000000000000e+00 0.000000000000000000e+00
5.736833422948445514e+04 0.000000000000000000e+00 0.000000000000000000e+00
5.736833423021522322e+04 0.000000000000000000e+00 0.000000000000000000e+00
5.736833423094598402e+04 0.000000000000000000e+00 0.000000000000000000e+00
5.736833423167674482e+04 0.000000000000000000e+00 0.000000000000000000e+00
5.736833423240750562e+04 0.000000000000000000e+00 0.000000000000000000e+00
5.736833423313826643e+04 0.000000000000000000e+00 0.000000000000000000e+00
5.736833423386902723e+04 0.000000000000000000e+00 0.000000000000000000e+00
5.736833423459978803e+04 0.000000000000000000e+00 0.000000000000000000e+00
5.736833423533054884e+04 0.000000000000000000e+00 0.000000000000000000e+00
5.736833423606130964e+04 0.000000000000000000e+00 0.000000000000000000e+00
5.736833423679207044e+04 0.000000000000000000e+00 0.000000000000000000e+00
5.736833423752283124e+04 0.000000000000000000e+00 0.000000000000000000e+00
5.736833423825359205e+04 0.000000000000000000e+00 0.000000000000000000e+00
5.736833423898435285e+04 0.000000000000000000e+00 0.000000000000000000e+00
5.736833423971511365e+04 0.000000000000000000e+00 0.000000000000000000e+00
5.736833424044587446e+04 0.000000000000000000e+00 0.000000000000000000e+00
5.736833424117663526e+04 0.000000000000000000e+00 0.000000000000000000e+00
5.736833424190739606e+04 0.000000000000000000e+00 0.000000000000000000e+00
5.736833424263815687e+04 0.000000000000000000e+00 0.000000000000000000e+00
5.736833424336891767e+04 0.000000000000000000e+00 0.000000000000000000e+00
5.736833424409967847e+04 0.000000000000000000e+00 0.000000000000000000e+00
5.736833424483043927e+04 0.000000000000000000e+00 0.000000000000000000e+00
5.736833424556120008e+04 0.000000000000000000e+00 0.000000000000000000e+00
5.736833424629196088e+04 0.000000000000000000e+00 0.000000000000000000e+00
5.736833424702272168e+04 0.000000000000000000e+00 0.000000000000000000e+00
5.736833424775348249e+04 0.000000000000000000e+00 0.000000000000000000e+00
5.736833424848424329e+04 0.000000000000000000e+00 0.000000000000000000e+00
5.736833424921500409e+04 0.000000000000000000e+00 0.000000000000000000e+00
5.736833424994576490e+04 0.000000000000000000e+00 0.000000000000000000e+00
5.736833425067652570e+04 0.000000000000000000e+00 0.000000000000000000e+00
5.736833425140728650e+04 0.000000000000000000e+00 0.000000000000000000e+00
5.736833425213804730e+04 0.000000000000000000e+00 0.000000000000000000e+00
5.736833425286880811e+04 0.000000000000000000e+00 0.000000000000000000e+00
5.736833425359956891e+04 0.000000000000000000e+00 0.000000000000000000e+00
5.736833425433032971e+04 0.000000000000000000e+00 0.000000000000000000e+00
5.736833425506109052e+04 0.000000000000000000e+00 0.000000000000000000e+00
5.736833425579185132e+04 0.000000000000000000e+00 0.000000000000000000e+00
5.736833425652261212e+04 0.000000000000000000e+00 0.000000000000000000e+00
5.736833425725337293e+04 0.000000000000000000e+00 0.000000000000000000e+00
5.736833425798414100e+04 0.000000000000000000e+00 0.000000000000000000e+00
5.736833425871490181e+04 0.000000000000000000e+00 0.000000000000000000e+00
5.736833425944566261e+04 0.000000000000000000e+00 0.000000000000000000e+00
5.736833426017642341e+04 0.000000000000000000e+00 0.000000000000000000e+00
5.736833426090718422e+04 0.000000000000000000e+00 0.000000000000000000e+00
5.736833426163794502e+04 0.000000000000000000e+00 0.000000000000000000e+00
5.736833426236870582e+04 0.000000000000000000e+00 0.000000000000000000e+00
5.736833426309946663e+04 0.000000000000000000e+00 0.000000000000000000e+00
5.736833426383022743e+04 0.000000000000000000e+00 0.000000000000000000e+00
5.736833426456098823e+04 0.000000000000000000e+00 0.000000000000000000e+00
5.736833426529174903e+04 0.000000000000000000e+00 0.000000000000000000e+00
5.736833426602250984e+04 0.000000000000000000e+00 0.000000000000000000e+00
5.736833426675327064e+04 0.000000000000000000e+00 0.000000000000000000e+00
5.736833426748403144e+04 0.000000000000000000e+00 0.000000000000000000e+00
5.736833426821479225e+04 0.000000000000000000e+00 0.000000000000000000e+00
5.736833426894555305e+04 0.000000000000000000e+00 0.000000000000000000e+00
5.736833426967631385e+04 0.000000000000000000e+00 0.000000000000000000e+00
5.736833427040707465e+04 0.000000000000000000e+00 0.000000000000000000e+00
5.736833427113783546e+04 0.000000000000000000e+00 0.000000000000000000e+00
5.736833427186859626e+04 0.000000000000000000e+00 0.000000000000000000e+00
5.736833427259935706e+04 0.000000000000000000e+00 0.000000000000000000e+00
5.736833427333011787e+04 0.000000000000000000e+00 0.000000000000000000e+00
5.736833427406087867e+04 0.000000000000000000e+00 0.000000000000000000e+00
5.736833427479163947e+04 0.000000000000000000e+00 0.000000000000000000e+00
5.736833427552240028e+04 0.000000000000000000e+00 0.000000000000000000e+00
5.736833427625316108e+04 0.000000000000000000e+00 0.000000000000000000e+00
5.736833427698392188e+04 0.000000000000000000e+00 0.000000000000000000e+00
5.736833427771468268e+04 0.000000000000000000e+00 0.000000000000000000e+00
5.736833427844544349e+04 0.000000000000000000e+00 0.000000000000000000e+00
5.736833427917620429e+04 0.000000000000000000e+00 0.000000000000000000e+00
5.736833427990696509e+04 0.000000000000000000e+00 0.000000000000000000e+00
5.736833428063772590e+04 0.000000000000000000e+00 0.000000000000000000e+00
5.736833428136848670e+04 0.000000000000000000e+00 0.000000000000000000e+00
5.736833428209924750e+04 0.000000000000000000e+00 0.000000000000000000e+00
5.736833428283000831e+04 0.000000000000000000e+00 0.000000000000000000e+00
5.736833428356076911e+04 0.000000000000000000e+00 0.000000000000000000e+00
5.736833428429152991e+04 0.000000000000000000e+00 0.000000000000000000e+00
5.736833428502229071e+04 0.000000000000000000e+00 0.000000000000000000e+00
5.736833428575305879e+04 0.000000000000000000e+00 0.000000000000000000e+00
5.736833428648381960e+04 0.000000000000000000e+00 0.000000000000000000e+00
5.736833428721458040e+04 0.000000000000000000e+00 0.000000000000000000e+00
5.736833428794534120e+04 0.000000000000000000e+00 0.000000000000000000e+00
5.736833428867610201e+04 0.000000000000000000e+00 0.000000000000000000e+00
5.736833428940686281e+04 0.000000000000000000e+00 0.000000000000000000e+00
5.736833429013762361e+04 0.000000000000000000e+00 0.000000000000000000e+00
5.736833429086838441e+04 0.000000000000000000e+00 0.000000000000000000e+00
5.736833429159914522e+04 0.000000000000000000e+00 0.000000000000000000e+00
5.736833429232990602e+04 0.000000000000000000e+00 0.000000000000000000e+00
5.736833429306066682e+04 0.000000000000000000e+00 0.000000000000000000e+00
5.736833429379142763e+04 0.000000000000000000e+00 0.000000000000000000e+00
5.736833429452218843e+04 0.000000000000000000e+00 0.000000000000000000e+00
5.736833429525294923e+04 0.000000000000000000e+00 0.000000000000000000e+00
5.736833429598371004e+04 0.000000000000000000e+00 0.000000000000000000e+00
5.736833429671447084e+04 0.000000000000000000e+00 0.000000000000000000e+00
5.736833429744523164e+04 0.000000000000000000e+00 0.000000000000000000e+00
5.736833429817599244e+04 0.000000000000000000e+00 0.000000000000000000e+00
5.736833429890675325e+04 0.000000000000000000e+00 0.000000000000000000e+00
5.736833429963751405e+04 0.000000000000000000e+00 0.000000000000000000e+00
5.736833430036827485e+04 0.000000000000000000e+00 0.000000000000000000e+00
5.736833430109903566e+04 0.000000000000000000e+00 0.000000000000000000e+00
5.736833430182979646e+04 0.000000000000000000e+00 0.000000000000000000e+00
5.736833430256055726e+04 0.000000000000000000e+00 0.000000000000000000e+00
5.736833430329131807e+04 0.000000000000000000e+00 0.000000000000000000e+00
5.736833430402207887e+04 0.000000000000000000e+00 nan
5.736833430475283967e+04 0.000000000000000000e+00 nan
5.736833430548360047e+04 0.000000000000000000e+00 0.000000000000000000e+00
5.736833430621436128e+04 0.000000000000000000e+00 0.000000000000000000e+00
5.736833430694512208e+04 0.000000000000000000e+00 0.000000000000000000e+00
5.736833430767588288e+04 0.000000000000000000e+00 0.000000000000000000e+00
5.736833430840664369e+04 0.000000000000000000e+00 0.000000000000000000e+00
5.736833430913740449e+04 0.000000000000000000e+00 0.000000000000000000e+00
5.736833430986816529e+04 0.000000000000000000e+00 0.000000000000000000e+00
5.736833431059892609e+04 0.000000000000000000e+00 0.000000000000000000e+00
5.736833431132968690e+04 0.000000000000000000e+00 0.000000000000000000e+00
5.736833431206044770e+04 0.000000000000000000e+00 0.000000000000000000e+00
5.736833431279120850e+04 0.000000000000000000e+00 0.000000000000000000e+00
5.736833431352197658e+04 0.000000000000000000e+00 0.000000000000000000e+00
5.736833431425273739e+04 0.000000000000000000e+00 0.000000000000000000e+00
5.736833431498349819e+04 0.000000000000000000e+00 0.000000000000000000e+00
5.736833431571425899e+04 0.000000000000000000e+00 0.000000000000000000e+00
5.736833431644501979e+04 0.000000000000000000e+00 0.000000000000000000e+00
5.736833431717578060e+04 0.000000000000000000e+00 0.000000000000000000e+00
5.736833431790654140e+04 0.000000000000000000e+00 0.000000000000000000e+00
5.736833431863730220e+04 0.000000000000000000e+00 0.000000000000000000e+00
5.736833431936806301e+04 0.000000000000000000e+00 0.000000000000000000e+00
5.736833432009882381e+04 0.000000000000000000e+00 0.000000000000000000e+00
5.736833432082958461e+04 0.000000000000000000e+00 0.000000000000000000e+00
5.736833432156034542e+04 0.000000000000000000e+00 0.000000000000000000e+00
5.736833432229110622e+04 0.000000000000000000e+00 0.000000000000000000e+00
5.736833432302186702e+04 0.000000000000000000e+00 0.000000000000000000e+00
5.736833432375262782e+04 0.000000000000000000e+00 0.000000000000000000e+00
5.736833432448338863e+04 0.000000000000000000e+00 0.000000000000000000e+00
5.736833432521414943e+04 0.000000000000000000e+00 0.000000000000000000e+00
5.736833432594491023e+04 0.000000000000000000e+00 0.000000000000000000e+00
5.736833432667567104e+04 0.000000000000000000e+00 0.000000000000000000e+00
5.736833432740643184e+04 0.000000000000000000e+00 0.000000000000000000e+00
5.736833432813719264e+04 0.000000000000000000e+00 0.000000000000000000e+00
5.736833432886795345e+04 0.000000000000000000e+00 0.000000000000000000e+00
5.736833432959871425e+04 0.000000000000000000e+00 0.000000000000000000e+00
5.736833433032947505e+04 0.000000000000000000e+00 0.000000000000000000e+00
5.736833433106023585e+04 0.000000000000000000e+00 0.000000000000000000e+00
5.736833433179099666e+04 0.000000000000000000e+00 0.000000000000000000e+00
5.736833433252175746e+04 0.000000000000000000e+00 0.000000000000000000e+00
5.736833433325251826e+04 0.000000000000000000e+00 0.000000000000000000e+00
5.736833433398327907e+04 0.000000000000000000e+00 0.000000000000000000e+00
5.736833433471403987e+04 0.000000000000000000e+00 0.000000000000000000e+00
5.736833433544480067e+04 0.000000000000000000e+00 0.000000000000000000e+00
5.736833433617556148e+04 0.000000000000000000e+00 0.000000000000000000e+00
5.736833433690632228e+04 0.000000000000000000e+00 0.000000000000000000e+00
5.736833433763708308e+04 0.000000000000000000e+00 0.000000000000000000e+00
5.736833433836784388e+04 0.000000000000000000e+00 0.000000000000000000e+00
5.736833433909860469e+04 0.000000000000000000e+00 0.000000000000000000e+00
5.736833433982936549e+04 0.000000000000000000e+00 0.000000000000000000e+00
5.736833434056012629e+04 0.000000000000000000e+00 0.000000000000000000e+00
5.736833434129089437e+04 0.000000000000000000e+00 0.000000000000000000e+00
5.736833434202165517e+04 0.000000000000000000e+00 0.000000000000000000e+00
5.736833434275241598e+04 0.000000000000000000e+00 0.000000000000000000e+00
5.736833434348317678e+04 0.000000000000000000e+00 0.000000000000000000e+00
5.736833434421393758e+04 0.000000000000000000e+00 0.000000000000000000e+00
5.736833434494469839e+04 0.000000000000000000e+00 0.000000000000000000e+00
5.736833434567545919e+04 0.000000000000000000e+00 0.000000000000000000e+00
5.736833434640621999e+04 0.000000000000000000e+00 0.000000000000000000e+00
5.736833434713698080e+04 0.000000000000000000e+00 0.000000000000000000e+00
5.736833434786774160e+04 0.000000000000000000e+00 0.000000000000000000e+00
5.736833434859850240e+04 0.000000000000000000e+00 0.000000000000000000e+00
5.736833434932926320e+04 0.000000000000000000e+00 0.000000000000000000e+00
5.736833435006002401e+04 0.000000000000000000e+00 0.000000000000000000e+00
5.736833435079078481e+04 0.000000000000000000e+00 0.000000000000000000e+00
5.736833435152154561e+04 0.000000000000000000e+00 0.000000000000000000e+00
5.736833435225230642e+04 0.000000000000000000e+00 0.000000000000000000e+00
5.736833435298306722e+04 0.000000000000000000e+00 0.000000000000000000e+00
5.736833435371382802e+04 0.000000000000000000e+00 0.000000000000000000e+00
5.736833435444458883e+04 0.000000000000000000e+00 0.000000000000000000e+00
5.736833435517534963e+04 0.000000000000000000e+00 0.000000000000000000e+00
5.736833435590611043e+04 0.000000000000000000e+00 0.000000000000000000e+00
5.736833435663687123e+04 0.000000000000000000e+00 0.000000000000000000e+00
5.736833435736763204e+04 0.000000000000000000e+00 0.000000000000000000e+00
5.736833435809839284e+04 0.000000000000000000e+00 0.000000000000000000e+00
5.736833435882915364e+04 0.000000000000000000e+00 0.000000000000000000e+00
5.736833435955991445e+04 0.000000000000000000e+00 0.000000000000000000e+00
5.736833436029067525e+04 0.000000000000000000e+00 0.000000000000000000e+00
5.736833436102143605e+04 0.000000000000000000e+00 0.000000000000000000e+00
5.736833436175219686e+04 0.000000000000000000e+00 0.000000000000000000e+00
5.736833436248295766e+04 0.000000000000000000e+00 0.000000000000000000e+00
5.736833436321371846e+04 0.000000000000000000e+00 0.000000000000000000e+00
5.736833436394447926e+04 0.000000000000000000e+00 0.000000000000000000e+00
5.736833436467524007e+04 0.000000000000000000e+00 0.000000000000000000e+00
5.736833436540600087e+04 0.000000000000000000e+00 0.000000000000000000e+00
5.736833436613676167e+04 0.000000000000000000e+00 0.000000000000000000e+00
5.736833436686752248e+04 0.000000000000000000e+00 0.000000000000000000e+00
5.736833436759828328e+04 0.000000000000000000e+00 0.000000000000000000e+00
5.736833436832904408e+04 0.000000000000000000e+00 0.000000000000000000e+00
5.736833436905981216e+04 0.000000000000000000e+00 0.000000000000000000e+00
5.736833436979057296e+04 0.000000000000000000e+00 0.000000000000000000e+00
5.736833437052133377e+04 0.000000000000000000e+00 0.000000000000000000e+00
5.736833437125209457e+04 0.000000000000000000e+00 0.000000000000000000e+00
5.736833437198285537e+04 0.000000000000000000e+00 0.000000000000000000e+00
5.736833437271361618e+04 0.000000000000000000e+00 0.000000000000000000e+00
5.736833437344437698e+04 0.000000000000000000e+00 0.000000000000000000e+00
5.736833437417513778e+04 0.000000000000000000e+00 0.000000000000000000e+00
5.736833437490589858e+04 0.000000000000000000e+00 0.000000000000000000e+00
5.736833437563665939e+04 0.000000000000000000e+00 0.000000000000000000e+00
5.736833437636742019e+04 0.000000000000000000e+00 0.000000000000000000e+00
5.736833437709818099e+04 0.000000000000000000e+00 0.000000000000000000e+00
5.736833437782894180e+04 0.000000000000000000e+00 0.000000000000000000e+00
5.736833437855970260e+04 0.000000000000000000e+00 0.000000000000000000e+00
5.736833437929046340e+04 0.000000000000000000e+00 0.000000000000000000e+00
5.736833438002122421e+04 0.000000000000000000e+00 0.000000000000000000e+00
5.736833438075198501e+04 0.000000000000000000e+00 0.000000000000000000e+00
5.736833438148274581e+04 0.000000000000000000e+00 0.000000000000000000e+00
5.736833438221350661e+04 0.000000000000000000e+00 0.000000000000000000e+00
5.736833438294426742e+04 0.000000000000000000e+00 0.000000000000000000e+00
5.736833438367502822e+04 0.000000000000000000e+00 0.000000000000000000e+00
5.736833438440578902e+04 0.000000000000000000e+00 0.000000000000000000e+00
5.736833438513654983e+04 0.000000000000000000e+00 0.000000000000000000e+00
5.736833438586731063e+04 0.000000000000000000e+00 0.000000000000000000e+00
5.736833438659807143e+04 0.000000000000000000e+00 0.000000000000000000e+00
5.736833438732883224e+04 0.000000000000000000e+00 0.000000000000000000e+00
5.736833438805959304e+04 0.000000000000000000e+00 0.000000000000000000e+00
5.736833438879035384e+04 0.000000000000000000e+00 0.000000000000000000e+00
5.736833438952111464e+04 0.000000000000000000e+00 0.000000000000000000e+00
5.736833439025187545e+04 0.000000000000000000e+00 0.000000000000000000e+00
5.736833439098263625e+04 0.000000000000000000e+00 0.000000000000000000e+00
5.736833439171339705e+04 0.000000000000000000e+00 0.000000000000000000e+00
5.736833439244415786e+04 0.000000000000000000e+00 0.000000000000000000e+00
5.736833439317491866e+04 0.000000000000000000e+00 0.000000000000000000e+00
5.736833439390567946e+04 0.000000000000000000e+00 0.000000000000000000e+00
5.736833439463644027e+04 0.000000000000000000e+00 0.000000000000000000e+00
5.736833439536720107e+04 0.000000000000000000e+00 0.000000000000000000e+00
5.736833439609796187e+04 0.000000000000000000e+00 0.000000000000000000e+00
5.736833439682872995e+04 0.000000000000000000e+00 0.000000000000000000e+00
5.736833439755949075e+04 0.000000000000000000e+00 0.000000000000000000e+00
5.736833439829025156e+04 0.000000000000000000e+00 0.000000000000000000e+00
5.736833439902101236e+04 0.000000000000000000e+00 0.000000000000000000e+00
5.736833439975177316e+04 0.000000000000000000e+00 0.000000000000000000e+00
5.736833440048253397e+04 0.000000000000000000e+00 0.000000000000000000e+00
5.736833440121329477e+04 0.000000000000000000e+00 0.000000000000000000e+00
5.736833440194405557e+04 0.000000000000000000e+00 0.000000000000000000e+00
5.736833440267481637e+04 0.000000000000000000e+00 0.000000000000000000e+00
5.736833440340557718e+04 0.000000000000000000e+00 0.000000000000000000e+00
5.736833440413633798e+04 0.000000000000000000e+00 0.000000000000000000e+00
5.736833440486709878e+04 0.000000000000000000e+00 0.000000000000000000e+00
5.736833440559785959e+04 0.000000000000000000e+00 0.000000000000000000e+00
5.736833440632862039e+04 0.000000000000000000e+00 0.000000000000000000e+00
5.736833440705938119e+04 0.000000000000000000e+00 0.000000000000000000e+00
5.736833440779014200e+04 0.000000000000000000e+00 0.000000000000000000e+00
5.736833440852090280e+04 0.000000000000000000e+00 0.000000000000000000e+00
5.736833440925166360e+04 0.000000000000000000e+00 0.000000000000000000e+00
5.736833440998242440e+04 0.000000000000000000e+00 0.000000000000000000e+00
5.736833441071318521e+04 0.000000000000000000e+00 0.000000000000000000e+00
5.736833441144394601e+04 0.000000000000000000e+00 0.000000000000000000e+00
5.736833441217470681e+04 0.000000000000000000e+00 0.000000000000000000e+00
5.736833441290546762e+04 0.000000000000000000e+00 0.000000000000000000e+00
5.736833441363622842e+04 0.000000000000000000e+00 0.000000000000000000e+00
5.736833441436698922e+04 0.000000000000000000e+00 0.000000000000000000e+00
5.736833441509775002e+04 0.000000000000000000e+00 0.000000000000000000e+00
5.736833441582851083e+04 0.000000000000000000e+00 0.000000000000000000e+00
5.736833441655927163e+04 0.000000000000000000e+00 0.000000000000000000e+00
5.736833441729003243e+04 0.000000000000000000e+00 0.000000000000000000e+00
5.736833441802079324e+04 0.000000000000000000e+00 0.000000000000000000e+00
5.736833441875155404e+04 0.000000000000000000e+00 0.000000000000000000e+00
5.736833441948231484e+04 0.000000000000000000e+00 0.000000000000000000e+00
5.736833442021307565e+04 0.000000000000000000e+00 0.000000000000000000e+00
5.736833442094383645e+04 0.000000000000000000e+00 0.000000000000000000e+00
5.736833442167459725e+04 0.000000000000000000e+00 0.000000000000000000e+00
5.736833442240535805e+04 0.000000000000000000e+00 0.000000000000000000e+00
5.736833442313611886e+04 0.000000000000000000e+00 0.000000000000000000e+00
5.736833442386687966e+04 0.000000000000000000e+00 0.000000000000000000e+00
5.736833442459764774e+04 0.000000000000000000e+00 0.000000000000000000e+00
5.736833442532840854e+04 0.000000000000000000e+00 0.000000000000000000e+00
5.736833442605916935e+04 0.000000000000000000e+00 0.000000000000000000e+00
5.736833442678993015e+04 0.000000000000000000e+00 0.000000000000000000e+00
5.736833442752069095e+04 0.000000000000000000e+00 0.000000000000000000e+00
5.736833442825145175e+04 0.000000000000000000e+00 0.000000000000000000e+00
5.736833442898221256e+04 0.000000000000000000e+00 0.000000000000000000e+00
5.736833442971297336e+04 0.000000000000000000e+00 0.000000000000000000e+00
5.736833443044373416e+04 0.000000000000000000e+00 0.000000000000000000e+00
5.736833443117449497e+04 0.000000000000000000e+00 0.000000000000000000e+00
5.736833443190525577e+04 0.000000000000000000e+00 0.000000000000000000e+00
5.736833443263601657e+04 0.000000000000000000e+00 0.000000000000000000e+00
5.736833443336677738e+04 0.000000000000000000e+00 0.000000000000000000e+00
5.736833443409753818e+04 0.000000000000000000e+00 0.000000000000000000e+00
5.736833443482829898e+04 0.000000000000000000e+00 0.000000000000000000e+00
5.736833443555905978e+04 0.000000000000000000e+00 0.000000000000000000e+00
5.736833443628982059e+04 0.000000000000000000e+00 0.000000000000000000e+00
5.736833443702058139e+04 0.000000000000000000e+00 0.000000000000000000e+00
5.736833443775134219e+04 0.000000000000000000e+00 0.000000000000000000e+00
5.736833443848210300e+04 0.000000000000000000e+00 0.000000000000000000e+00
5.736833443921286380e+04 0.000000000000000000e+00 0.000000000000000000e+00
5.736833443994362460e+04 0.000000000000000000e+00 0.000000000000000000e+00
5.736833444067438541e+04 0.000000000000000000e+00 0.000000000000000000e+00
5.736833444140514621e+04 0.000000000000000000e+00 0.000000000000000000e+00
5.736833444213590701e+04 0.000000000000000000e+00 0.000000000000000000e+00
5.736833444286666781e+04 0.000000000000000000e+00 0.000000000000000000e+00
5.736833444359742862e+04 0.000000000000000000e+00 0.000000000000000000e+00
5.736833444432818942e+04 0.000000000000000000e+00 0.000000000000000000e+00
5.736833444505895022e+04 0.000000000000000000e+00 0.000000000000000000e+00
5.736833444578971103e+04 0.000000000000000000e+00 0.000000000000000000e+00
5.736833444652047183e+04 0.000000000000000000e+00 0.000000000000000000e+00
5.736833444725123263e+04 0.000000000000000000e+00 0.000000000000000000e+00
5.736833444798199343e+04 0.000000000000000000e+00 0.000000000000000000e+00
5.736833444871275424e+04 0.000000000000000000e+00 0.000000000000000000e+00
5.736833444944351504e+04 0.000000000000000000e+00 0.000000000000000000e+00
5.736833445017427584e+04 0.000000000000000000e+00 0.000000000000000000e+00
5.736833445090503665e+04 0.000000000000000000e+00 0.000000000000000000e+00
5.736833445163579745e+04 0.000000000000000000e+00 0.000000000000000000e+00
5.736833445236656553e+04 0.000000000000000000e+00 0.000000000000000000e+00
5.736833445309732633e+04 0.000000000000000000e+00 0.000000000000000000e+00
5.736833445382808713e+04 0.000000000000000000e+00 0.000000000000000000e+00
5.736833445455884794e+04 0.000000000000000000e+00 0.000000000000000000e+00
5.736833445528960874e+04 0.000000000000000000e+00 0.000000000000000000e+00
5.736833445602036954e+04 0.000000000000000000e+00 0.000000000000000000e+00
5.736833445675113035e+04 0.000000000000000000e+00 0.000000000000000000e+00
5.736833445748189115e+04 0.000000000000000000e+00 0.000000000000000000e+00
5.736833445821265195e+04 0.000000000000000000e+00 0.000000000000000000e+00
5.736833445894341276e+04 0.000000000000000000e+00 0.000000000000000000e+00
5.736833445967417356e+04 0.000000000000000000e+00 0.000000000000000000e+00
5.736833446040493436e+04 0.000000000000000000e+00 0.000000000000000000e+00
5.736833446113569516e+04 0.000000000000000000e+00 0.000000000000000000e+00
5.736833446186645597e+04 0.000000000000000000e+00 0.000000000000000000e+00
5.736833446259721677e+04 0.000000000000000000e+00 0.000000000000000000e+00
5.736833446332797757e+04 0.000000000000000000e+00 0.000000000000000000e+00
5.736833446405873838e+04 0.000000000000000000e+00 0.000000000000000000e+00
5.736833446478949918e+04 0.000000000000000000e+00 0.000000000000000000e+00
5.736833446552025998e+04 0.000000000000000000e+00 0.000000000000000000e+00
5.736833446625102079e+04 0.000000000000000000e+00 0.000000000000000000e+00
5.736833446698178159e+04 0.000000000000000000e+00 0.000000000000000000e+00
5.736833446771254239e+04 0.000000000000000000e+00 0.000000000000000000e+00
5.736833446844330319e+04 0.000000000000000000e+00 0.000000000000000000e+00
5.736833446917406400e+04 0.000000000000000000e+00 0.000000000000000000e+00
5.736833446990482480e+04 0.000000000000000000e+00 0.000000000000000000e+00
5.736833447063558560e+04 0.000000000000000000e+00 0.000000000000000000e+00
5.736833447136634641e+04 0.000000000000000000e+00 0.000000000000000000e+00
5.736833447209710721e+04 0.000000000000000000e+00 0.000000000000000000e+00
5.736833447282786801e+04 0.000000000000000000e+00 0.000000000000000000e+00
5.736833447355862882e+04 0.000000000000000000e+00 0.000000000000000000e+00
5.736833447428938962e+04 0.000000000000000000e+00 0.000000000000000000e+00
5.736833447502015042e+04 0.000000000000000000e+00 0.000000000000000000e+00
5.736833447575091122e+04 0.000000000000000000e+00 0.000000000000000000e+00
5.736833447648167203e+04 0.000000000000000000e+00 0.000000000000000000e+00
5.736833447721243283e+04 0.000000000000000000e+00 0.000000000000000000e+00
5.736833447794319363e+04 0.000000000000000000e+00 0.000000000000000000e+00
5.736833447867395444e+04 0.000000000000000000e+00 0.000000000000000000e+00
5.736833447940471524e+04 0.000000000000000000e+00 0.000000000000000000e+00
5.736833448013548332e+04 0.000000000000000000e+00 0.000000000000000000e+00
5.736833448086624412e+04 0.000000000000000000e+00 0.000000000000000000e+00
5.736833448159700492e+04 0.000000000000000000e+00 0.000000000000000000e+00
5.736833448232776573e+04 0.000000000000000000e+00 0.000000000000000000e+00
5.736833448305852653e+04 0.000000000000000000e+00 0.000000000000000000e+00
5.736833448378928733e+04 0.000000000000000000e+00 0.000000000000000000e+00
5.736833448452004814e+04 0.000000000000000000e+00 0.000000000000000000e+00
5.736833448525080894e+04 0.000000000000000000e+00 0.000000000000000000e+00
5.736833448598156974e+04 0.000000000000000000e+00 0.000000000000000000e+00
5.736833448671233054e+04 0.000000000000000000e+00 0.000000000000000000e+00
5.736833448744309135e+04 0.000000000000000000e+00 0.000000000000000000e+00
5.736833448817385215e+04 0.000000000000000000e+00 0.000000000000000000e+00
5.736833448890461295e+04 0.000000000000000000e+00 0.000000000000000000e+00
5.736833448963537376e+04 0.000000000000000000e+00 0.000000000000000000e+00
5.736833449036613456e+04 0.000000000000000000e+00 0.000000000000000000e+00
5.736833449109689536e+04 0.000000000000000000e+00 0.000000000000000000e+00
5.736833449182765617e+04 0.000000000000000000e+00 0.000000000000000000e+00
5.736833449255841697e+04 0.000000000000000000e+00 0.000000000000000000e+00
5.736833449328917777e+04 0.000000000000000000e+00 0.000000000000000000e+00
5.736833449401993857e+04 0.000000000000000000e+00 0.000000000000000000e+00
5.736833449475069938e+04 0.000000000000000000e+00 0.000000000000000000e+00
5.736833449548146018e+04 0.000000000000000000e+00 0.000000000000000000e+00
5.736833449621222098e+04 0.000000000000000000e+00 0.000000000000000000e+00
5.736833449694298179e+04 0.000000000000000000e+00 0.000000000000000000e+00
5.736833449767374259e+04 0.000000000000000000e+00 0.000000000000000000e+00
5.736833449840450339e+04 0.000000000000000000e+00 0.000000000000000000e+00
5.736833449913526420e+04 0.000000000000000000e+00 0.000000000000000000e+00
5.736833449986602500e+04 0.000000000000000000e+00 0.000000000000000000e+00
5.736833450059678580e+04 0.000000000000000000e+00 0.000000000000000000e+00
5.736833450132754660e+04 0.000000000000000000e+00 0.000000000000000000e+00
5.736833450205830741e+04 0.000000000000000000e+00 0.000000000000000000e+00
5.736833450278906821e+04 0.000000000000000000e+00 0.000000000000000000e+00
5.736833450351982901e+04 0.000000000000000000e+00 0.000000000000000000e+00
5.736833450425058982e+04 0.000000000000000000e+00 0.000000000000000000e+00
5.736833450498135062e+04 0.000000000000000000e+00 0.000000000000000000e+00
5.736833450571211142e+04 0.000000000000000000e+00 0.000000000000000000e+00
5.736833450644287223e+04 0.000000000000000000e+00 0.000000000000000000e+00
5.736833450717363303e+04 0.000000000000000000e+00 0.000000000000000000e+00
5.736833450790440111e+04 0.000000000000000000e+00 0.000000000000000000e+00
5.736833450863516191e+04 0.000000000000000000e+00 0.000000000000000000e+00
5.736833450936592271e+04 0.000000000000000000e+00 0.000000000000000000e+00
5.736833451009668352e+04 0.000000000000000000e+00 0.000000000000000000e+00
5.736833451082744432e+04 0.000000000000000000e+00 0.000000000000000000e+00
5.736833451155820512e+04 0.000000000000000000e+00 0.000000000000000000e+00
5.736833451228896593e+04 0.000000000000000000e+00 0.000000000000000000e+00
5.736833451301972673e+04 0.000000000000000000e+00 0.000000000000000000e+00
5.736833451375048753e+04 0.000000000000000000e+00 0.000000000000000000e+00
5.736833451448124833e+04 0.000000000000000000e+00 0.000000000000000000e+00
5.736833451521200914e+04 0.000000000000000000e+00 0.000000000000000000e+00
5.736833451594276994e+04 0.000000000000000000e+00 0.000000000000000000e+00
5.736833451667353074e+04 0.000000000000000000e+00 0.000000000000000000e+00
5.736833451740429155e+04 0.000000000000000000e+00 0.000000000000000000e+00
5.736833451813505235e+04 0.000000000000000000e+00 0.000000000000000000e+00
5.736833451886581315e+04 0.000000000000000000e+00 0.000000000000000000e+00
5.736833451959657395e+04 0.000000000000000000e+00 0.000000000000000000e+00
5.736833452032733476e+04 0.000000000000000000e+00 0.000000000000000000e+00
5.736833452105809556e+04 0.000000000000000000e+00 0.000000000000000000e+00
5.736833452178885636e+04 0.000000000000000000e+00 0.000000000000000000e+00
5.736833452251961717e+04 0.000000000000000000e+00 0.000000000000000000e+00
5.736833452325037797e+04 0.000000000000000000e+00 0.000000000000000000e+00
5.736833452398113877e+04 0.000000000000000000e+00 0.000000000000000000e+00
5.736833452471189958e+04 0.000000000000000000e+00 0.000000000000000000e+00
5.736833452544266038e+04 0.000000000000000000e+00 0.000000000000000000e+00
5.736833452617342118e+04 0.000000000000000000e+00 0.000000000000000000e+00
5.736833452690418198e+04 0.000000000000000000e+00 0.000000000000000000e+00
5.736833452763494279e+04 0.000000000000000000e+00 0.000000000000000000e+00
5.736833452836570359e+04 0.000000000000000000e+00 0.000000000000000000e+00
5.736833452909646439e+04 0.000000000000000000e+00 0.000000000000000000e+00
5.736833452982722520e+04 0.000000000000000000e+00 0.000000000000000000e+00
5.736833453055798600e+04 0.000000000000000000e+00 0.000000000000000000e+00
5.736833453128874680e+04 0.000000000000000000e+00 0.000000000000000000e+00
5.736833453201950761e+04 0.000000000000000000e+00 0.000000000000000000e+00
5.736833453275026841e+04 0.000000000000000000e+00 0.000000000000000000e+00
5.736833453348102921e+04 0.000000000000000000e+00 0.000000000000000000e+00
5.736833453421179001e+04 0.000000000000000000e+00 0.000000000000000000e+00
5.736833453494255082e+04 0.000000000000000000e+00 0.000000000000000000e+00
5.736833453567331890e+04 0.000000000000000000e+00 0.000000000000000000e+00
5.736833453640407970e+04 0.000000000000000000e+00 0.000000000000000000e+00
5.736833453713484050e+04 0.000000000000000000e+00 0.000000000000000000e+00
5.736833453786560131e+04 0.000000000000000000e+00 0.000000000000000000e+00
5.736833453859636211e+04 0.000000000000000000e+00 0.000000000000000000e+00
5.736833453932712291e+04 0.000000000000000000e+00 0.000000000000000000e+00
5.736833454005788371e+04 0.000000000000000000e+00 0.000000000000000000e+00
5.736833454078864452e+04 0.000000000000000000e+00 0.000000000000000000e+00
5.736833454151940532e+04 0.000000000000000000e+00 0.000000000000000000e+00
5.736833454225016612e+04 0.000000000000000000e+00 0.000000000000000000e+00
5.736833454298092693e+04 0.000000000000000000e+00 0.000000000000000000e+00
5.736833454371168773e+04 0.000000000000000000e+00 0.000000000000000000e+00
5.736833454444244853e+04 0.000000000000000000e+00 0.000000000000000000e+00
5.736833454517320934e+04 0.000000000000000000e+00 0.000000000000000000e+00
5.736833454590397014e+04 0.000000000000000000e+00 0.000000000000000000e+00
5.736833454663473094e+04 0.000000000000000000e+00 0.000000000000000000e+00
5.736833454736549174e+04 0.000000000000000000e+00 0.000000000000000000e+00
5.736833454809625255e+04 0.000000000000000000e+00 0.000000000000000000e+00
5.736833454882701335e+04 0.000000000000000000e+00 0.000000000000000000e+00
5.736833454955777415e+04 0.000000000000000000e+00 0.000000000000000000e+00
5.736833455028853496e+04 0.000000000000000000e+00 0.000000000000000000e+00
5.736833455101929576e+04 0.000000000000000000e+00 0.000000000000000000e+00
5.736833455175005656e+04 0.000000000000000000e+00 0.000000000000000000e+00
5.736833455248081736e+04 0.000000000000000000e+00 0.000000000000000000e+00
5.736833455321157817e+04 0.000000000000000000e+00 0.000000000000000000e+00
5.736833455394233897e+04 0.000000000000000000e+00 0.000000000000000000e+00
5.736833455467309977e+04 0.000000000000000000e+00 0.000000000000000000e+00
5.736833455540386058e+04 0.000000000000000000e+00 0.000000000000000000e+00
5.736833455613462138e+04 0.000000000000000000e+00 0.000000000000000000e+00
5.736833455686538218e+04 0.000000000000000000e+00 0.000000000000000000e+00
5.736833455759614299e+04 0.000000000000000000e+00 0.000000000000000000e+00
5.736833455832690379e+04 0.000000000000000000e+00 0.000000000000000000e+00
5.736833455905766459e+04 0.000000000000000000e+00 0.000000000000000000e+00
5.736833455978842539e+04 0.000000000000000000e+00 0.000000000000000000e+00
5.736833456051918620e+04 0.000000000000000000e+00 0.000000000000000000e+00
5.736833456124994700e+04 0.000000000000000000e+00 0.000000000000000000e+00
5.736833456198070780e+04 0.000000000000000000e+00 0.000000000000000000e+00
5.736833456271146861e+04 0.000000000000000000e+00 0.000000000000000000e+00
5.736833456344223669e+04 0.000000000000000000e+00 0.000000000000000000e+00
5.736833456417299749e+04 0.000000000000000000e+00 0.000000000000000000e+00
5.736833456490375829e+04 0.000000000000000000e+00 0.000000000000000000e+00
5.736833456563451909e+04 0.000000000000000000e+00 0.000000000000000000e+00
5.736833456636527990e+04 0.000000000000000000e+00 0.000000000000000000e+00
5.736833456709604070e+04 0.000000000000000000e+00 0.000000000000000000e+00
5.736833456782680150e+04 0.000000000000000000e+00 0.000000000000000000e+00
5.736833456855756231e+04 0.000000000000000000e+00 0.000000000000000000e+00
5.736833456928832311e+04 0.000000000000000000e+00 0.000000000000000000e+00
5.736833457001908391e+04 0.000000000000000000e+00 0.000000000000000000e+00
5.736833457074984472e+04 0.000000000000000000e+00 0.000000000000000000e+00
5.736833457148060552e+04 0.000000000000000000e+00 0.000000000000000000e+00
5.736833457221136632e+04 0.000000000000000000e+00 0.000000000000000000e+00
5.736833457294212712e+04 0.000000000000000000e+00 0.000000000000000000e+00
5.736833457367288793e+04 0.000000000000000000e+00 0.000000000000000000e+00
5.736833457440364873e+04 0.000000000000000000e+00 0.000000000000000000e+00
5.736833457513440953e+04 0.000000000000000000e+00 0.000000000000000000e+00
5.736833457586517034e+04 0.000000000000000000e+00 0.000000000000000000e+00
5.736833457659593114e+04 0.000000000000000000e+00 0.000000000000000000e+00
5.736833457732669194e+04 0.000000000000000000e+00 0.000000000000000000e+00
5.736833457805745275e+04 0.000000000000000000e+00 0.000000000000000000e+00
5.736833457878821355e+04 0.000000000000000000e+00 0.000000000000000000e+00
5.736833457951897435e+04 0.000000000000000000e+00 0.000000000000000000e+00
5.736833458024973515e+04 0.000000000000000000e+00 0.000000000000000000e+00
5.736833458098049596e+04 0.000000000000000000e+00 0.000000000000000000e+00
5.736833458171125676e+04 0.000000000000000000e+00 0.000000000000000000e+00
5.736833458244201756e+04 0.000000000000000000e+00 0.000000000000000000e+00
5.736833458317277837e+04 0.000000000000000000e+00 0.000000000000000000e+00
5.736833458390353917e+04 0.000000000000000000e+00 0.000000000000000000e+00
5.736833458463429997e+04 0.000000000000000000e+00 0.000000000000000000e+00
5.736833458536506078e+04 0.000000000000000000e+00 0.000000000000000000e+00
5.736833458609582158e+04 0.000000000000000000e+00 0.000000000000000000e+00
5.736833458682658238e+04 0.000000000000000000e+00 0.000000000000000000e+00
5.736833458755734318e+04 0.000000000000000000e+00 0.000000000000000000e+00
5.736833458828810399e+04 0.000000000000000000e+00 0.000000000000000000e+00
5.736833458901886479e+04 0.000000000000000000e+00 0.000000000000000000e+00
5.736833458974962559e+04 0.000000000000000000e+00 0.000000000000000000e+00
5.736833459048038640e+04 0.000000000000000000e+00 0.000000000000000000e+00
5.736833459121115447e+04 0.000000000000000000e+00 0.000000000000000000e+00
5.736833459194191528e+04 0.000000000000000000e+00 0.000000000000000000e+00
5.736833459267267608e+04 0.000000000000000000e+00 0.000000000000000000e+00
5.736833459340343688e+04 0.000000000000000000e+00 0.000000000000000000e+00
5.736833459413419769e+04 0.000000000000000000e+00 0.000000000000000000e+00
5.736833459486495849e+04 0.000000000000000000e+00 0.000000000000000000e+00
5.736833459559571929e+04 0.000000000000000000e+00 0.000000000000000000e+00
5.736833459632648010e+04 0.000000000000000000e+00 0.000000000000000000e+00
5.736833459705724090e+04 0.000000000000000000e+00 0.000000000000000000e+00
5.736833459778800170e+04 0.000000000000000000e+00 0.000000000000000000e+00
5.736833459851876250e+04 0.000000000000000000e+00 0.000000000000000000e+00
5.736833459924952331e+04 0.000000000000000000e+00 0.000000000000000000e+00
5.736833459998028411e+04 0.000000000000000000e+00 0.000000000000000000e+00
5.736833460071104491e+04 0.000000000000000000e+00 0.000000000000000000e+00
5.736833460144180572e+04 0.000000000000000000e+00 0.000000000000000000e+00
5.736833460217256652e+04 0.000000000000000000e+00 0.000000000000000000e+00
5.736833460290332732e+04 0.000000000000000000e+00 0.000000000000000000e+00
5.736833460363408813e+04 0.000000000000000000e+00 0.000000000000000000e+00
5.736833460436484893e+04 0.000000000000000000e+00 0.000000000000000000e+00
5.736833460509560973e+04 0.000000000000000000e+00 0.000000000000000000e+00
5.736833460582637053e+04 0.000000000000000000e+00 0.000000000000000000e+00
5.736833460655713134e+04 0.000000000000000000e+00 0.000000000000000000e+00
5.736833460728789214e+04 0.000000000000000000e+00 0.000000000000000000e+00
5.736833460801865294e+04 0.000000000000000000e+00 0.000000000000000000e+00
5.736833460874941375e+04 0.000000000000000000e+00 0.000000000000000000e+00
5.736833460948017455e+04 0.000000000000000000e+00 0.000000000000000000e+00
5.736833461021093535e+04 0.000000000000000000e+00 0.000000000000000000e+00
5.736833461094169616e+04 0.000000000000000000e+00 0.000000000000000000e+00
5.736833461167245696e+04 0.000000000000000000e+00 0.000000000000000000e+00
5.736833461240321776e+04 0.000000000000000000e+00 0.000000000000000000e+00
5.736833461313397856e+04 0.000000000000000000e+00 0.000000000000000000e+00
5.736833461386473937e+04 0.000000000000000000e+00 0.000000000000000000e+00
5.736833461459550017e+04 0.000000000000000000e+00 0.000000000000000000e+00
5.736833461532626097e+04 0.000000000000000000e+00 0.000000000000000000e+00
5.736833461605702178e+04 0.000000000000000000e+00 0.000000000000000000e+00
5.736833461678778258e+04 0.000000000000000000e+00 0.000000000000000000e+00
5.736833461751854338e+04 0.000000000000000000e+00 0.000000000000000000e+00
5.736833461824930419e+04 0.000000000000000000e+00 0.000000000000000000e+00
5.736833461898007226e+04 0.000000000000000000e+00 0.000000000000000000e+00
5.736833461971083307e+04 0.000000000000000000e+00 0.000000000000000000e+00
5.736833462044159387e+04 0.000000000000000000e+00 0.000000000000000000e+00
5.736833462117235467e+04 0.000000000000000000e+00 0.000000000000000000e+00
5.736833462190311548e+04 0.000000000000000000e+00 0.000000000000000000e+00
5.736833462263387628e+04 0.000000000000000000e+00 0.000000000000000000e+00
5.736833462336463708e+04 0.000000000000000000e+00 0.000000000000000000e+00
5.736833462409539788e+04 0.000000000000000000e+00 0.000000000000000000e+00
5.736833462482615869e+04 0.000000000000000000e+00 0.000000000000000000e+00
5.736833462555691949e+04 0.000000000000000000e+00 0.000000000000000000e+00
5.736833462628768029e+04 0.000000000000000000e+00 0.000000000000000000e+00
5.736833462701844110e+04 0.000000000000000000e+00 0.000000000000000000e+00
5.736833462774920190e+04 0.000000000000000000e+00 0.000000000000000000e+00
5.736833462847996270e+04 0.000000000000000000e+00 0.000000000000000000e+00
5.736833462921072351e+04 0.000000000000000000e+00 0.000000000000000000e+00
5.736833462994148431e+04 0.000000000000000000e+00 0.000000000000000000e+00
5.736833463067224511e+04 0.000000000000000000e+00 0.000000000000000000e+00
5.736833463140300591e+04 0.000000000000000000e+00 0.000000000000000000e+00
5.736833463213376672e+04 0.000000000000000000e+00 0.000000000000000000e+00
5.736833463286452752e+04 0.000000000000000000e+00 0.000000000000000000e+00
5.736833463359528832e+04 0.000000000000000000e+00 0.000000000000000000e+00
5.736833463432604913e+04 0.000000000000000000e+00 0.000000000000000000e+00
5.736833463505680993e+04 0.000000000000000000e+00 0.000000000000000000e+00
5.736833463578757073e+04 0.000000000000000000e+00 0.000000000000000000e+00
5.736833463651833154e+04 0.000000000000000000e+00 0.000000000000000000e+00
5.736833463724909234e+04 0.000000000000000000e+00 0.000000000000000000e+00
5.736833463797985314e+04 0.000000000000000000e+00 0.000000000000000000e+00
5.736833463871061394e+04 0.000000000000000000e+00 0.000000000000000000e+00
5.736833463944137475e+04 0.000000000000000000e+00 0.000000000000000000e+00
5.736833464017213555e+04 0.000000000000000000e+00 0.000000000000000000e+00
5.736833464090289635e+04 0.000000000000000000e+00 0.000000000000000000e+00
5.736833464163365716e+04 0.000000000000000000e+00 0.000000000000000000e+00
5.736833464236441796e+04 0.000000000000000000e+00 0.000000000000000000e+00
5.736833464309517876e+04 0.000000000000000000e+00 0.000000000000000000e+00
5.736833464382593957e+04 0.000000000000000000e+00 0.000000000000000000e+00
5.736833464455670037e+04 0.000000000000000000e+00 0.000000000000000000e+00
5.736833464528746117e+04 0.000000000000000000e+00 0.000000000000000000e+00
5.736833464601822197e+04 0.000000000000000000e+00 0.000000000000000000e+00
5.736833464674899005e+04 0.000000000000000000e+00 0.000000000000000000e+00
5.736833464747975086e+04 0.000000000000000000e+00 0.000000000000000000e+00
5.736833464821051166e+04 0.000000000000000000e+00 0.000000000000000000e+00
5.736833464894127246e+04 0.000000000000000000e+00 0.000000000000000000e+00
5.736833464967203327e+04 0.000000000000000000e+00 0.000000000000000000e+00
5.736833465040279407e+04 0.000000000000000000e+00 0.000000000000000000e+00
5.736833465113355487e+04 0.000000000000000000e+00 0.000000000000000000e+00
5.736833465186431567e+04 0.000000000000000000e+00 0.000000000000000000e+00
5.736833465259507648e+04 0.000000000000000000e+00 0.000000000000000000e+00
5.736833465332583728e+04 0.000000000000000000e+00 0.000000000000000000e+00
5.736833465405659808e+04 0.000000000000000000e+00 0.000000000000000000e+00
5.736833465478735889e+04 0.000000000000000000e+00 0.000000000000000000e+00
5.736833465551811969e+04 0.000000000000000000e+00 0.000000000000000000e+00
5.736833465624888049e+04 0.000000000000000000e+00 0.000000000000000000e+00
5.736833465697964130e+04 0.000000000000000000e+00 0.000000000000000000e+00
5.736833465771040210e+04 0.000000000000000000e+00 0.000000000000000000e+00
5.736833465844116290e+04 0.000000000000000000e+00 0.000000000000000000e+00
5.736833465917192370e+04 0.000000000000000000e+00 0.000000000000000000e+00
5.736833465990268451e+04 0.000000000000000000e+00 0.000000000000000000e+00
5.736833466063344531e+04 0.000000000000000000e+00 0.000000000000000000e+00
5.736833466136420611e+04 0.000000000000000000e+00 0.000000000000000000e+00
5.736833466209496692e+04 0.000000000000000000e+00 0.000000000000000000e+00
5.736833466282572772e+04 0.000000000000000000e+00 0.000000000000000000e+00
5.736833466355648852e+04 0.000000000000000000e+00 0.000000000000000000e+00
5.736833466428724932e+04 0.000000000000000000e+00 0.000000000000000000e+00
5.736833466501801013e+04 0.000000000000000000e+00 0.000000000000000000e+00
5.736833466574877093e+04 0.000000000000000000e+00 0.000000000000000000e+00
5.736833466647953173e+04 0.000000000000000000e+00 0.000000000000000000e+00
5.736833466721029254e+04 0.000000000000000000e+00 0.000000000000000000e+00
5.736833466794105334e+04 0.000000000000000000e+00 0.000000000000000000e+00
5.736833466867181414e+04 0.000000000000000000e+00 0.000000000000000000e+00
5.736833466940257495e+04 0.000000000000000000e+00 0.000000000000000000e+00
5.736833467013333575e+04 0.000000000000000000e+00 0.000000000000000000e+00
5.736833467086409655e+04 0.000000000000000000e+00 0.000000000000000000e+00
5.736833467159485735e+04 0.000000000000000000e+00 0.000000000000000000e+00
5.736833467232561816e+04 0.000000000000000000e+00 0.000000000000000000e+00
5.736833467305637896e+04 0.000000000000000000e+00 0.000000000000000000e+00
5.736833467378713976e+04 0.000000000000000000e+00 0.000000000000000000e+00
5.736833467451790784e+04 0.000000000000000000e+00 0.000000000000000000e+00
5.736833467524866865e+04 0.000000000000000000e+00 0.000000000000000000e+00
5.736833467597942945e+04 0.000000000000000000e+00 0.000000000000000000e+00
5.736833467671019025e+04 0.000000000000000000e+00 0.000000000000000000e+00
5.736833467744095105e+04 0.000000000000000000e+00 0.000000000000000000e+00
5.736833467817171186e+04 0.000000000000000000e+00 0.000000000000000000e+00
5.736833467890247266e+04 0.000000000000000000e+00 0.000000000000000000e+00
5.736833467963323346e+04 0.000000000000000000e+00 0.000000000000000000e+00
5.736833468036399427e+04 0.000000000000000000e+00 0.000000000000000000e+00
5.736833468109475507e+04 0.000000000000000000e+00 0.000000000000000000e+00
5.736833468182551587e+04 0.000000000000000000e+00 0.000000000000000000e+00
5.736833468255627668e+04 0.000000000000000000e+00 0.000000000000000000e+00
5.736833468328703748e+04 0.000000000000000000e+00 0.000000000000000000e+00
5.736833468401779828e+04 0.000000000000000000e+00 0.000000000000000000e+00
5.736833468474855908e+04 0.000000000000000000e+00 0.000000000000000000e+00
5.736833468547931989e+04 0.000000000000000000e+00 0.000000000000000000e+00
5.736833468621008069e+04 0.000000000000000000e+00 0.000000000000000000e+00
5.736833468694084149e+04 0.000000000000000000e+00 0.000000000000000000e+00
5.736833468767160230e+04 0.000000000000000000e+00 0.000000000000000000e+00
5.736833468840236310e+04 0.000000000000000000e+00 0.000000000000000000e+00
5.736833468913312390e+04 0.000000000000000000e+00 0.000000000000000000e+00
5.736833468986388471e+04 0.000000000000000000e+00 0.000000000000000000e+00
5.736833469059464551e+04 0.000000000000000000e+00 0.000000000000000000e+00
5.736833469132540631e+04 0.000000000000000000e+00 0.000000000000000000e+00
5.736833469205616711e+04 0.000000000000000000e+00 0.000000000000000000e+00
5.736833469278692792e+04 0.000000000000000000e+00 0.000000000000000000e+00
5.736833469351768872e+04 0.000000000000000000e+00 0.000000000000000000e+00
5.736833469424844952e+04 0.000000000000000000e+00 0.000000000000000000e+00
5.736833469497921033e+04 0.000000000000000000e+00 0.000000000000000000e+00
5.736833469570997113e+04 0.000000000000000000e+00 0.000000000000000000e+00
5.736833469644073193e+04 0.000000000000000000e+00 0.000000000000000000e+00
5.736833469717149273e+04 0.000000000000000000e+00 0.000000000000000000e+00
5.736833469790225354e+04 0.000000000000000000e+00 0.000000000000000000e+00
5.736833469863301434e+04 0.000000000000000000e+00 0.000000000000000000e+00
5.736833469936377514e+04 0.000000000000000000e+00 0.000000000000000000e+00
5.736833470009453595e+04 0.000000000000000000e+00 0.000000000000000000e+00
5.736833470082529675e+04 0.000000000000000000e+00 0.000000000000000000e+00
5.736833470155605755e+04 0.000000000000000000e+00 0.000000000000000000e+00
5.736833470228682563e+04 0.000000000000000000e+00 0.000000000000000000e+00
5.736833470301758643e+04 0.000000000000000000e+00 0.000000000000000000e+00
5.736833470374834724e+04 0.000000000000000000e+00 0.000000000000000000e+00
5.736833470447910804e+04 0.000000000000000000e+00 0.000000000000000000e+00
5.736833470520986884e+04 0.000000000000000000e+00 0.000000000000000000e+00
5.736833470594062965e+04 0.000000000000000000e+00 0.000000000000000000e+00
5.736833470667139045e+04 0.000000000000000000e+00 0.000000000000000000e+00
5.736833470740215125e+04 0.000000000000000000e+00 0.000000000000000000e+00
5.736833470813291206e+04 0.000000000000000000e+00 0.000000000000000000e+00
5.736833470886367286e+04 0.000000000000000000e+00 0.000000000000000000e+00
5.736833470959443366e+04 0.000000000000000000e+00 0.000000000000000000e+00
5.736833471032519446e+04 0.000000000000000000e+00 0.000000000000000000e+00
5.736833471105595527e+04 0.000000000000000000e+00 0.000000000000000000e+00
5.736833471178671607e+04 0.000000000000000000e+00 0.000000000000000000e+00
5.736833471251747687e+04 0.000000000000000000e+00 0.000000000000000000e+00
5.736833471324823768e+04 0.000000000000000000e+00 0.000000000000000000e+00
5.736833471397899848e+04 0.000000000000000000e+00 0.000000000000000000e+00
5.736833471470975928e+04 0.000000000000000000e+00 0.000000000000000000e+00
5.736833471544052009e+04 0.000000000000000000e+00 0.000000000000000000e+00
5.736833471617128089e+04 0.000000000000000000e+00 0.000000000000000000e+00
5.736833471690204169e+04 0.000000000000000000e+00 0.000000000000000000e+00
5.736833471763280249e+04 0.000000000000000000e+00 0.000000000000000000e+00
5.736833471836356330e+04 0.000000000000000000e+00 0.000000000000000000e+00
5.736833471909432410e+04 0.000000000000000000e+00 0.000000000000000000e+00
5.736833471982508490e+04 0.000000000000000000e+00 0.000000000000000000e+00
5.736833472055584571e+04 0.000000000000000000e+00 0.000000000000000000e+00
5.736833472128660651e+04 0.000000000000000000e+00 0.000000000000000000e+00
5.736833472201736731e+04 0.000000000000000000e+00 0.000000000000000000e+00
5.736833472274812812e+04 0.000000000000000000e+00 0.000000000000000000e+00
5.736833472347888892e+04 0.000000000000000000e+00 0.000000000000000000e+00
5.736833472420964972e+04 0.000000000000000000e+00 0.000000000000000000e+00
5.736833472494041052e+04 0.000000000000000000e+00 0.000000000000000000e+00
5.736833472567117133e+04 0.000000000000000000e+00 0.000000000000000000e+00
5.736833472640193213e+04 0.000000000000000000e+00 0.000000000000000000e+00
5.736833472713269293e+04 0.000000000000000000e+00 0.000000000000000000e+00
5.736833472786345374e+04 0.000000000000000000e+00 0.000000000000000000e+00
5.736833472859421454e+04 0.000000000000000000e+00 0.000000000000000000e+00
5.736833472932497534e+04 0.000000000000000000e+00 0.000000000000000000e+00
5.736833473005574342e+04 0.000000000000000000e+00 0.000000000000000000e+00
5.736833473078650422e+04 0.000000000000000000e+00 0.000000000000000000e+00
5.736833473151726503e+04 0.000000000000000000e+00 0.000000000000000000e+00
5.736833473224802583e+04 0.000000000000000000e+00 0.000000000000000000e+00
5.736833473297878663e+04 0.000000000000000000e+00 0.000000000000000000e+00
5.736833473370954744e+04 0.000000000000000000e+00 0.000000000000000000e+00
5.736833473444030824e+04 0.000000000000000000e+00 0.000000000000000000e+00
5.736833473517106904e+04 0.000000000000000000e+00 0.000000000000000000e+00
5.736833473590182984e+04 0.000000000000000000e+00 0.000000000000000000e+00
5.736833473663259065e+04 0.000000000000000000e+00 0.000000000000000000e+00
5.736833473736335145e+04 0.000000000000000000e+00 0.000000000000000000e+00
5.736833473809411225e+04 0.000000000000000000e+00 0.000000000000000000e+00
5.736833473882487306e+04 0.000000000000000000e+00 0.000000000000000000e+00
5.736833473955563386e+04 0.000000000000000000e+00 0.000000000000000000e+00
5.736833474028639466e+04 0.000000000000000000e+00 0.000000000000000000e+00
5.736833474101715547e+04 0.000000000000000000e+00 0.000000000000000000e+00
5.736833474174791627e+04 0.000000000000000000e+00 0.000000000000000000e+00
5.736833474247867707e+04 0.000000000000000000e+00 0.000000000000000000e+00
5.736833474320943787e+04 0.000000000000000000e+00 0.000000000000000000e+00
5.736833474394019868e+04 0.000000000000000000e+00 0.000000000000000000e+00
5.736833474467095948e+04 0.000000000000000000e+00 0.000000000000000000e+00
5.736833474540172028e+04 0.000000000000000000e+00 0.000000000000000000e+00
5.736833474613248109e+04 0.000000000000000000e+00 0.000000000000000000e+00
5.736833474686324189e+04 0.000000000000000000e+00 0.000000000000000000e+00
5.736833474759400269e+04 0.000000000000000000e+00 0.000000000000000000e+00
5.736833474832476350e+04 0.000000000000000000e+00 0.000000000000000000e+00
5.736833474905552430e+04 0.000000000000000000e+00 0.000000000000000000e+00
5.736833474978628510e+04 0.000000000000000000e+00 0.000000000000000000e+00
5.736833475051704590e+04 0.000000000000000000e+00 0.000000000000000000e+00
5.736833475124780671e+04 0.000000000000000000e+00 0.000000000000000000e+00
5.736833475197856751e+04 0.000000000000000000e+00 0.000000000000000000e+00
5.736833475270932831e+04 0.000000000000000000e+00 0.000000000000000000e+00
5.736833475344008912e+04 0.000000000000000000e+00 0.000000000000000000e+00
5.736833475417084992e+04 0.000000000000000000e+00 0.000000000000000000e+00
5.736833475490161072e+04 0.000000000000000000e+00 0.000000000000000000e+00
5.736833475563237153e+04 0.000000000000000000e+00 0.000000000000000000e+00
5.736833475636313233e+04 0.000000000000000000e+00 0.000000000000000000e+00
5.736833475709389313e+04 0.000000000000000000e+00 0.000000000000000000e+00
5.736833475782466121e+04 0.000000000000000000e+00 0.000000000000000000e+00
5.736833475855542201e+04 0.000000000000000000e+00 0.000000000000000000e+00
5.736833475928618282e+04 0.000000000000000000e+00 0.000000000000000000e+00
5.736833476001694362e+04 0.000000000000000000e+00 0.000000000000000000e+00
5.736833476074770442e+04 0.000000000000000000e+00 0.000000000000000000e+00
5.736833476147846523e+04 0.000000000000000000e+00 0.000000000000000000e+00
5.736833476220922603e+04 0.000000000000000000e+00 0.000000000000000000e+00
5.736833476293998683e+04 0.000000000000000000e+00 0.000000000000000000e+00
5.736833476367074763e+04 0.000000000000000000e+00 0.000000000000000000e+00
5.736833476440150844e+04 0.000000000000000000e+00 0.000000000000000000e+00
5.736833476513226924e+04 0.000000000000000000e+00 0.000000000000000000e+00
5.736833476586303004e+04 0.000000000000000000e+00 0.000000000000000000e+00
5.736833476659379085e+04 0.000000000000000000e+00 0.000000000000000000e+00
5.736833476732455165e+04 0.000000000000000000e+00 0.000000000000000000e+00
5.736833476805531245e+04 0.000000000000000000e+00 0.000000000000000000e+00
5.736833476878607325e+04 0.000000000000000000e+00 0.000000000000000000e+00
5.736833476951683406e+04 0.000000000000000000e+00 0.000000000000000000e+00
5.736833477024759486e+04 0.000000000000000000e+00 0.000000000000000000e+00
5.736833477097835566e+04 0.000000000000000000e+00 0.000000000000000000e+00
5.736833477170911647e+04 0.000000000000000000e+00 0.000000000000000000e+00
5.736833477243987727e+04 0.000000000000000000e+00 0.000000000000000000e+00
5.736833477317063807e+04 0.000000000000000000e+00 0.000000000000000000e+00
5.736833477390139888e+04 0.000000000000000000e+00 0.000000000000000000e+00
5.736833477463215968e+04 0.000000000000000000e+00 0.000000000000000000e+00
5.736833477536292048e+04 0.000000000000000000e+00 0.000000000000000000e+00
5.736833477609368128e+04 0.000000000000000000e+00 0.000000000000000000e+00
5.736833477682444209e+04 0.000000000000000000e+00 0.000000000000000000e+00
5.736833477755520289e+04 0.000000000000000000e+00 0.000000000000000000e+00
5.736833477828596369e+04 0.000000000000000000e+00 0.000000000000000000e+00
5.736833477901672450e+04 0.000000000000000000e+00 0.000000000000000000e+00
5.736833477974748530e+04 0.000000000000000000e+00 0.000000000000000000e+00
5.736833478047824610e+04 0.000000000000000000e+00 0.000000000000000000e+00
5.736833478120900691e+04 0.000000000000000000e+00 0.000000000000000000e+00
5.736833478193976771e+04 0.000000000000000000e+00 0.000000000000000000e+00
5.736833478267052851e+04 0.000000000000000000e+00 0.000000000000000000e+00
5.736833478340128931e+04 0.000000000000000000e+00 0.000000000000000000e+00
5.736833478413205012e+04 0.000000000000000000e+00 0.000000000000000000e+00
5.736833478486281092e+04 0.000000000000000000e+00 0.000000000000000000e+00
5.736833478559357900e+04 0.000000000000000000e+00 0.000000000000000000e+00
5.736833478632433980e+04 0.000000000000000000e+00 0.000000000000000000e+00
5.736833478705510061e+04 0.000000000000000000e+00 0.000000000000000000e+00
5.736833478778586141e+04 0.000000000000000000e+00 0.000000000000000000e+00
5.736833478851662221e+04 0.000000000000000000e+00 0.000000000000000000e+00
5.736833478924738301e+04 0.000000000000000000e+00 0.000000000000000000e+00
5.736833478997814382e+04 0.000000000000000000e+00 0.000000000000000000e+00
5.736833479070890462e+04 0.000000000000000000e+00 0.000000000000000000e+00
5.736833479143966542e+04 0.000000000000000000e+00 0.000000000000000000e+00
5.736833479217042623e+04 0.000000000000000000e+00 0.000000000000000000e+00
5.736833479290118703e+04 0.000000000000000000e+00 0.000000000000000000e+00
5.736833479363194783e+04 0.000000000000000000e+00 0.000000000000000000e+00
5.736833479436270864e+04 0.000000000000000000e+00 0.000000000000000000e+00
5.736833479509346944e+04 0.000000000000000000e+00 0.000000000000000000e+00
5.736833479582423024e+04 0.000000000000000000e+00 0.000000000000000000e+00
5.736833479655499104e+04 0.000000000000000000e+00 0.000000000000000000e+00
5.736833479728575185e+04 0.000000000000000000e+00 0.000000000000000000e+00
5.736833479801651265e+04 0.000000000000000000e+00 0.000000000000000000e+00
5.736833479874727345e+04 0.000000000000000000e+00 0.000000000000000000e+00
5.736833479947803426e+04 0.000000000000000000e+00 0.000000000000000000e+00
5.736833480020879506e+04 0.000000000000000000e+00 0.000000000000000000e+00
5.736833480093955586e+04 0.000000000000000000e+00 0.000000000000000000e+00
5.736833480167031666e+04 0.000000000000000000e+00 0.000000000000000000e+00
5.736833480240107747e+04 0.000000000000000000e+00 0.000000000000000000e+00
5.736833480313183827e+04 0.000000000000000000e+00 0.000000000000000000e+00
5.736833480386259907e+04 0.000000000000000000e+00 0.000000000000000000e+00
5.736833480459335988e+04 0.000000000000000000e+00 0.000000000000000000e+00
5.736833480532412068e+04 0.000000000000000000e+00 0.000000000000000000e+00
5.736833480605488148e+04 0.000000000000000000e+00 0.000000000000000000e+00
5.736833480678564229e+04 0.000000000000000000e+00 0.000000000000000000e+00
5.736833480751640309e+04 0.000000000000000000e+00 0.000000000000000000e+00
5.736833480824716389e+04 0.000000000000000000e+00 0.000000000000000000e+00
5.736833480897792469e+04 0.000000000000000000e+00 0.000000000000000000e+00
5.736833480970868550e+04 0.000000000000000000e+00 0.000000000000000000e+00
5.736833481043944630e+04 0.000000000000000000e+00 0.000000000000000000e+00
5.736833481117020710e+04 0.000000000000000000e+00 0.000000000000000000e+00
5.736833481190096791e+04 0.000000000000000000e+00 0.000000000000000000e+00
5.736833481263172871e+04 0.000000000000000000e+00 0.000000000000000000e+00
5.736833481336249679e+04 0.000000000000000000e+00 0.000000000000000000e+00
5.736833481409325759e+04 0.000000000000000000e+00 0.000000000000000000e+00
5.736833481482401839e+04 0.000000000000000000e+00 0.000000000000000000e+00
5.736833481555477920e+04 0.000000000000000000e+00 0.000000000000000000e+00
5.736833481628554000e+04 0.000000000000000000e+00 0.000000000000000000e+00
5.736833481701630080e+04 0.000000000000000000e+00 0.000000000000000000e+00
5.736833481774706161e+04 0.000000000000000000e+00 0.000000000000000000e+00
5.736833481847782241e+04 0.000000000000000000e+00 0.000000000000000000e+00
5.736833481920858321e+04 0.000000000000000000e+00 0.000000000000000000e+00
5.736833481993934402e+04 0.000000000000000000e+00 0.000000000000000000e+00
5.736833482067010482e+04 0.000000000000000000e+00 0.000000000000000000e+00
5.736833482140086562e+04 0.000000000000000000e+00 0.000000000000000000e+00
5.736833482213162642e+04 0.000000000000000000e+00 0.000000000000000000e+00
5.736833482286238723e+04 0.000000000000000000e+00 0.000000000000000000e+00
5.736833482359314803e+04 0.000000000000000000e+00 0.000000000000000000e+00
5.736833482432390883e+04 0.000000000000000000e+00 0.000000000000000000e+00
5.736833482505466964e+04 0.000000000000000000e+00 0.000000000000000000e+00
5.736833482578543044e+04 0.000000000000000000e+00 0.000000000000000000e+00
5.736833482651619124e+04 0.000000000000000000e+00 0.000000000000000000e+00
5.736833482724695205e+04 0.000000000000000000e+00 0.000000000000000000e+00
5.736833482797771285e+04 0.000000000000000000e+00 0.000000000000000000e+00
5.736833482870847365e+04 0.000000000000000000e+00 0.000000000000000000e+00
5.736833482943923445e+04 0.000000000000000000e+00 0.000000000000000000e+00
5.736833483016999526e+04 0.000000000000000000e+00 0.000000000000000000e+00
5.736833483090075606e+04 0.000000000000000000e+00 0.000000000000000000e+00
5.736833483163151686e+04 0.000000000000000000e+00 0.000000000000000000e+00
5.736833483236227767e+04 0.000000000000000000e+00 0.000000000000000000e+00
5.736833483309303847e+04 0.000000000000000000e+00 0.000000000000000000e+00
5.736833483382379927e+04 0.000000000000000000e+00 0.000000000000000000e+00
5.736833483455456008e+04 0.000000000000000000e+00 0.000000000000000000e+00
5.736833483528532088e+04 0.000000000000000000e+00 0.000000000000000000e+00
5.736833483601608168e+04 0.000000000000000000e+00 0.000000000000000000e+00
5.736833483674684248e+04 0.000000000000000000e+00 0.000000000000000000e+00
5.736833483747760329e+04 0.000000000000000000e+00 0.000000000000000000e+00
5.736833483820836409e+04 0.000000000000000000e+00 0.000000000000000000e+00
5.736833483893912489e+04 0.000000000000000000e+00 0.000000000000000000e+00
5.736833483966988570e+04 0.000000000000000000e+00 0.000000000000000000e+00
5.736833484040064650e+04 0.000000000000000000e+00 0.000000000000000000e+00
5.736833484113141458e+04 0.000000000000000000e+00 0.000000000000000000e+00
5.736833484186217538e+04 0.000000000000000000e+00 0.000000000000000000e+00
5.736833484259293618e+04 0.000000000000000000e+00 0.000000000000000000e+00
5.736833484332369699e+04 0.000000000000000000e+00 0.000000000000000000e+00
5.736833484405445779e+04 0.000000000000000000e+00 0.000000000000000000e+00
5.736833484478521859e+04 0.000000000000000000e+00 0.000000000000000000e+00
5.736833484551597940e+04 0.000000000000000000e+00 0.000000000000000000e+00
5.736833484624674020e+04 0.000000000000000000e+00 0.000000000000000000e+00
5.736833484697750100e+04 0.000000000000000000e+00 0.000000000000000000e+00
5.736833484770826180e+04 0.000000000000000000e+00 0.000000000000000000e+00
5.736833484843902261e+04 0.000000000000000000e+00 0.000000000000000000e+00
5.736833484916978341e+04 0.000000000000000000e+00 0.000000000000000000e+00
5.736833484990054421e+04 0.000000000000000000e+00 0.000000000000000000e+00
5.736833485063130502e+04 0.000000000000000000e+00 0.000000000000000000e+00
5.736833485136206582e+04 0.000000000000000000e+00 0.000000000000000000e+00
5.736833485209282662e+04 0.000000000000000000e+00 0.000000000000000000e+00
5.736833485282358743e+04 0.000000000000000000e+00 0.000000000000000000e+00
5.736833485355434823e+04 0.000000000000000000e+00 0.000000000000000000e+00
5.736833485428510903e+04 0.000000000000000000e+00 0.000000000000000000e+00
5.736833485501586983e+04 0.000000000000000000e+00 0.000000000000000000e+00
5.736833485574663064e+04 0.000000000000000000e+00 0.000000000000000000e+00
5.736833485647739144e+04 0.000000000000000000e+00 0.000000000000000000e+00
5.736833485720815224e+04 0.000000000000000000e+00 0.000000000000000000e+00
5.736833485793891305e+04 0.000000000000000000e+00 0.000000000000000000e+00
5.736833485866967385e+04 0.000000000000000000e+00 0.000000000000000000e+00
5.736833485940043465e+04 0.000000000000000000e+00 0.000000000000000000e+00
5.736833486013119546e+04 0.000000000000000000e+00 0.000000000000000000e+00
5.736833486086195626e+04 0.000000000000000000e+00 0.000000000000000000e+00
5.736833486159271706e+04 0.000000000000000000e+00 0.000000000000000000e+00
5.736833486232347786e+04 0.000000000000000000e+00 0.000000000000000000e+00
5.736833486305423867e+04 0.000000000000000000e+00 0.000000000000000000e+00
5.736833486378499947e+04 0.000000000000000000e+00 0.000000000000000000e+00
5.736833486451576027e+04 0.000000000000000000e+00 0.000000000000000000e+00
5.736833486524652108e+04 0.000000000000000000e+00 0.000000000000000000e+00
5.736833486597728188e+04 0.000000000000000000e+00 0.000000000000000000e+00
5.736833486670804268e+04 0.000000000000000000e+00 0.000000000000000000e+00
5.736833486743880349e+04 0.000000000000000000e+00 0.000000000000000000e+00
5.736833486816956429e+04 0.000000000000000000e+00 0.000000000000000000e+00
5.736833486890033237e+04 0.000000000000000000e+00 0.000000000000000000e+00
5.736833486963109317e+04 0.000000000000000000e+00 0.000000000000000000e+00
5.736833487036185397e+04 0.000000000000000000e+00 0.000000000000000000e+00
5.736833487109261478e+04 0.000000000000000000e+00 0.000000000000000000e+00
5.736833487182337558e+04 0.000000000000000000e+00 0.000000000000000000e+00
5.736833487255413638e+04 0.000000000000000000e+00 0.000000000000000000e+00
5.736833487328489718e+04 0.000000000000000000e+00 0.000000000000000000e+00
5.736833487401565799e+04 0.000000000000000000e+00 0.000000000000000000e+00
5.736833487474641879e+04 0.000000000000000000e+00 0.000000000000000000e+00
5.736833487547717959e+04 0.000000000000000000e+00 0.000000000000000000e+00
5.736833487620794040e+04 0.000000000000000000e+00 0.000000000000000000e+00
5.736833487693870120e+04 0.000000000000000000e+00 0.000000000000000000e+00
5.736833487766946200e+04 0.000000000000000000e+00 0.000000000000000000e+00
5.736833487840022281e+04 0.000000000000000000e+00 0.000000000000000000e+00
5.736833487913098361e+04 0.000000000000000000e+00 0.000000000000000000e+00
5.736833487986174441e+04 0.000000000000000000e+00 0.000000000000000000e+00
5.736833488059250521e+04 0.000000000000000000e+00 0.000000000000000000e+00
5.736833488132326602e+04 0.000000000000000000e+00 0.000000000000000000e+00
5.736833488205402682e+04 0.000000000000000000e+00 0.000000000000000000e+00
5.736833488278478762e+04 0.000000000000000000e+00 0.000000000000000000e+00
5.736833488351554843e+04 0.000000000000000000e+00 0.000000000000000000e+00
5.736833488424630923e+04 0.000000000000000000e+00 0.000000000000000000e+00
5.736833488497707003e+04 0.000000000000000000e+00 0.000000000000000000e+00
5.736833488570783084e+04 0.000000000000000000e+00 0.000000000000000000e+00
5.736833488643859164e+04 0.000000000000000000e+00 0.000000000000000000e+00
5.736833488716935244e+04 0.000000000000000000e+00 0.000000000000000000e+00
5.736833488790011324e+04 0.000000000000000000e+00 0.000000000000000000e+00
5.736833488863087405e+04 0.000000000000000000e+00 0.000000000000000000e+00
5.736833488936163485e+04 0.000000000000000000e+00 0.000000000000000000e+00
5.736833489009239565e+04 0.000000000000000000e+00 0.000000000000000000e+00
5.736833489082315646e+04 0.000000000000000000e+00 0.000000000000000000e+00
5.736833489155391726e+04 0.000000000000000000e+00 0.000000000000000000e+00
5.736833489228467806e+04 0.000000000000000000e+00 0.000000000000000000e+00
5.736833489301543887e+04 0.000000000000000000e+00 0.000000000000000000e+00
5.736833489374619967e+04 0.000000000000000000e+00 0.000000000000000000e+00
5.736833489447696047e+04 0.000000000000000000e+00 0.000000000000000000e+00
5.736833489520772127e+04 0.000000000000000000e+00 0.000000000000000000e+00
5.736833489593848208e+04 0.000000000000000000e+00 0.000000000000000000e+00
5.736833489666925016e+04 0.000000000000000000e+00 0.000000000000000000e+00
5.736833489740001096e+04 0.000000000000000000e+00 0.000000000000000000e+00
5.736833489813077176e+04 0.000000000000000000e+00 0.000000000000000000e+00
5.736833489886153257e+04 0.000000000000000000e+00 0.000000000000000000e+00
5.736833489959229337e+04 0.000000000000000000e+00 0.000000000000000000e+00
5.736833490032305417e+04 0.000000000000000000e+00 0.000000000000000000e+00
5.736833490105381497e+04 0.000000000000000000e+00 0.000000000000000000e+00
5.736833490178457578e+04 0.000000000000000000e+00 0.000000000000000000e+00
5.736833490251533658e+04 0.000000000000000000e+00 0.000000000000000000e+00
5.736833490324609738e+04 0.000000000000000000e+00 0.000000000000000000e+00
5.736833490397685819e+04 0.000000000000000000e+00 0.000000000000000000e+00
5.736833490470761899e+04 0.000000000000000000e+00 0.000000000000000000e+00
5.736833490543837979e+04 0.000000000000000000e+00 nan
5.736833490616914060e+04 0.000000000000000000e+00 nan
5.736833490689990140e+04 0.000000000000000000e+00 nan
5.736833490763066220e+04 0.000000000000000000e+00 nan
5.736833490836142300e+04 0.000000000000000000e+00 0.000000000000000000e+00
5.736833490909218381e+04 0.000000000000000000e+00 0.000000000000000000e+00
5.736833490982294461e+04 0.000000000000000000e+00 0.000000000000000000e+00
5.736833491055370541e+04 0.000000000000000000e+00 nan
