5.733356585259999702e+04 1.182600169086003589e+05 4.109873177770159032e+02
5.733356811043950438e+04 1.177341879793906992e+05 4.108579476924668370e+02
5.733357036827901175e+04 1.182381265608102403e+05 4.113403160530201035e+02
5.733357262611851911e+04 1.180357297560016596e+05 4.109790460947430688e+02
5.733357488395801920e+04 1.184862328856476961e+05 4.111412819829276941e+02
5.733357714179752656e+04 1.188532820866668626e+05 4.115098275207571987e+02
5.733357939963703393e+04 1.191595371127833932e+05 4.118856536348642976e+02
5.733358165747654130e+04 1.178917970251856459e+05 4.110477694617000566e+02
5.733358391531604866e+04 1.180989727172142739e+05 4.111160127270110820e+02
5.733358617315555603e+04 1.183212521112878749e+05 4.112334351553332681e+02
5.733358843099505611e+04 1.184666363561616308e+05 4.112634854686982067e+02
5.733359068883456348e+04 1.188609188277403300e+05 4.116564433008813353e+02
5.733359294667407084e+04 1.182937918465301336e+05 4.114221634613343781e+02
5.733359520451357821e+04 1.176805663729863591e+05 4.105251364212583667e+02
5.733359746235308558e+04 1.179391510514492693e+05 4.108399287395461670e+02
5.733359972019259294e+04 1.178639610406997090e+05 4.107609511174122190e+02
5.733360197803209303e+04 1.183486034624458262e+05 4.111919167163524094e+02
5.733360423587160039e+04 1.181245699815233384e+05 4.106901667964161220e+02
5.733360649371110776e+04 1.179458741671605385e+05 4.107811563973464786e+02
5.733360875155061512e+04 1.181241826691643655e+05 4.110424226838766231e+02
5.733361100939012249e+04 1.178330865462012734e+05 4.106868202703140582e+02
5.733361326722962986e+04 1.180781720672749943e+05 4.109851829691756393e+02
5.733361552506912994e+04 1.175852486101227114e+05 4.105922606256365839e+02
5.733361778290863731e+04 1.172478088709986187e+05 4.103589854384050568e+02
5.733362004074814467e+04 1.173861685646667174e+05 4.104244910481892816e+02
5.733362229858765204e+04 1.178150299362827645e+05 4.108039916289414464e+02
5.733362455642715940e+04 1.169911874678634777e+05 4.102364488266042599e+02
5.733362681426666677e+04 1.169348131241934461e+05 4.102683487116752303e+02
5.733362907210616686e+04 1.174650064850691124e+05 4.106675187727870480e+02
5.733363132994567422e+04 1.173428199531623395e+05 4.104419234928419087e+02
5.733363358778518159e+04 1.168389747837437171e+05 4.100990644963965792e+02
5.733363584562468895e+04 1.164631520451451797e+05 4.098481076491767681e+02
5.733363810346419632e+04 1.167144306480085797e+05 4.100353103583074130e+02
5.733364036130370368e+04 1.162802455960753141e+05 4.096362118738152844e+02
5.733364261914320377e+04 1.169853474138014280e+05 4.101469060608058044e+02
5.733364487698271114e+04 1.163230764323960320e+05 4.095798350538903492e+02
5.733364713482221850e+04 1.166268866093468096e+05 4.096706699498218427e+02
5.733364939266172587e+04 1.169909296226471342e+05 4.102794632399367742e+02
5.733365165050123323e+04 1.170994567480316909e+05 4.101902326302984534e+02
5.733365390834074060e+04 1.170643926474092150e+05 4.101414187491224652e+02
5.733365616618024069e+04 1.168686973771189514e+05 4.103547643271016909e+02
5.733365842401974805e+04 1.170713741313727223e+05 4.101968982743046581e+02
5.733366068185925542e+04 1.172344727132872358e+05 4.105003435847156652e+02
5.733366293969876278e+04 1.166632504404115753e+05 4.101329307979515875e+02
5.733366519753827015e+04 1.163385067598096066e+05 4.100138228794152155e+02
5.733366745537777751e+04 1.170020819147369766e+05 4.103384341041488028e+02
5.733366971321727760e+04 1.169596331215244718e+05 4.106577801269129395e+02
5.733367197105678497e+04 1.160926518762978958e+05 4.103086762946564932e+02
5.733367422889629233e+04 1.153930298561480740e+05 4.106584166730357879e+02
5.733367648673579970e+04 1.116056774431705417e+05 4.117918710986772339e+02
5.733367874457530706e+04 9.908488954285084037e+04 4.153926773816725131e+02
5.733368100241481443e+04 8.450062036894942867e+04 4.199848846547457697e+02
5.733368326025431452e+04 7.962866100157581968e+04 4.207589926398175066e+02
5.733368551809382188e+04 8.295873281877356931e+04 4.194331027215065433e+02
5.733368777593332925e+04 6.849799764040383161e+04 4.243333637897184758e+02
5.733369003377283661e+04 5.926489084848554921e+04 4.266272048308165381e+02
5.733369229161234398e+04 8.631940843572214362e+04 4.196579878684332243e+02
5.733369454945185134e+04 8.859580077378556598e+04 4.185937956382721836e+02
5.733369680729135143e+04 7.891574911179611809e+04 4.208443518730398409e+02
5.733369906513085880e+04 7.302474022762227105e+04 4.231588609909224488e+02
5.733370132297036616e+04 7.844246639175599557e+04 4.214996723769423852e+02
5.733370358080987353e+04 8.388875681068509584e+04 4.197889671528113240e+02
5.733370583864938089e+04 8.635660293868064764e+04 4.268278461868650879e+02
5.733370809648888826e+04 9.070426586278848117e+04 4.278308231992548940e+02
5.733371035432838835e+04 7.012616788102797000e+04 4.245258399112860843e+02
5.733371261216789571e+04 6.372712499133835081e+04 4.259083531321739997e+02
5.733371487000740308e+04 6.376283001633419190e+04 4.264142812697656950e+02
5.733371712784691044e+04 7.384864686549763428e+04 4.241414401189246632e+02
5.733371938568641781e+04 8.355399829045945080e+04 4.213008903796279583e+02
5.733372164352592517e+04 7.979084872886058292e+04 4.228081978619237020e+02
5.733372390136542526e+04 7.904244349486337160e+04 4.228254930592432288e+02
5.733372615920493263e+04 7.252755811386174173e+04 4.246948728534155180e+02
5.733372841704443999e+04 7.488206846682593459e+04 4.240895807740675423e+02
5.733373067488394736e+04 7.348506635857169749e+04 4.239562093559534333e+02
5.733373293272345472e+04 7.538661620579357259e+04 4.241310248746171965e+02
5.733373519056296209e+04 8.433108463968444266e+04 4.217610814423100578e+02
5.733373744840246218e+04 7.629065213893761393e+04 4.238288876213320577e+02
5.733373970624196954e+04 7.416030345942659187e+04 4.246869220587636278e+02
5.733374196408147691e+04 7.838700566371798050e+04 4.235253117566681453e+02
5.733374422192098427e+04 7.796925294414235395e+04 4.226739409398358589e+02
5.733374647976049164e+04 7.742706905447575264e+04 4.234496076881665090e+02
5.733374873759999900e+04 8.300390926153553301e+04 4.220804638589037268e+02
5.733375099543949909e+04 7.269235791251077899e+04 4.245717672366312172e+02
5.733375325327900646e+04 7.454188918836921221e+04 4.243985396605311280e+02
5.733375551111851382e+04 7.811935423824778991e+04 4.232835504677141785e+02
5.733375776895802119e+04 8.137449658226349857e+04 4.220674436704652521e+02
5.733376002679752855e+04 8.061199419597611995e+04 4.224445661765745399e+02
5.733376228463703592e+04 7.676569395927313599e+04 4.235037223494229011e+02
5.733376454247654328e+04 8.357622544927577837e+04 4.218280165060130571e+02
5.733376680031604337e+04 9.063895804613342625e+04 4.202379117761032603e+02
5.733376905815555074e+04 8.832968407174383174e+04 4.210366263099454045e+02
5.733377131599505810e+04 8.704534498778163106e+04 4.203608159309105758e+02
5.733377357383456547e+04 8.477119864814539324e+04 4.216809901337394990e+02
5.733377583167407283e+04 9.395774501848328509e+04 4.186293775489291988e+02
5.733377808951358020e+04 1.116407971337331983e+05 4.133303689258644908e+02
5.733378034735308029e+04 1.171981931204083230e+05 4.121461742397841022e+02
5.733378260519258765e+04 1.177467375827524957e+05 4.114437828723913526e+02
5.733378486303209502e+04 1.178756540276492597e+05 4.114068609942716535e+02
5.733378712087160238e+04 1.193171584132875141e+05 4.122468752327840207e+02
5.733378937871110975e+04 1.187844103527446714e+05 4.118391188935319178e+02
5.733379163655061711e+04 1.179577167200497352e+05 4.113975583594005343e+02
5.733379389439011720e+04 1.181418025848473480e+05 4.114149739082749875e+02
5.733379615222962457e+04 1.185043487930506672e+05 4.116029009955751690e+02
5.733379841006913193e+04 1.179902845018592780e+05 4.109204929748229347e+02
5.733380066790863930e+04 1.192041216341574909e+05 4.120179586935407769e+02
5.733380292574814666e+04 1.192546509635655093e+05 4.120913551748903387e+02
5.733380518358765403e+04 1.185273116776856623e+05 4.114940185249709543e+02
5.733380744142715412e+04 1.185966860086030647e+05 4.119890516889178684e+02
5.733380969926666148e+04 1.187303413266465650e+05 4.119010199623788822e+02
5.733381195710616885e+04 1.194320562269165239e+05 4.122032148820722455e+02
5.733381421494567621e+04 1.193507593537224893e+05 4.122684309736391697e+02
5.733381647278518358e+04 1.184555650116381585e+05 4.117520676009646081e+02
5.733381873062469094e+04 1.182887975412033556e+05 4.112706111862218563e+02
5.733382098846419103e+04 1.183727408309093153e+05 4.112956571587945405e+02
5.733382324630369840e+04 1.183105651946731668e+05 4.115976984210532805e+02
5.733382550414320576e+04 1.182190753587989602e+05 4.113339331415961624e+02
5.733382776198271313e+04 1.177363979132611275e+05 4.109032215701035398e+02
5.733383001982222049e+04 1.183480464718933217e+05 4.116444975162111177e+02
5.733383227766172786e+04 1.180821747720830899e+05 4.113617555934169445e+02
5.733383453550122795e+04 1.178617122642646718e+05 4.116764133871427589e+02
5.733383679334073531e+04 1.184938989610980061e+05 4.116498623208642016e+02
5.733383905118024268e+04 1.182300383522287884e+05 4.113801380858072889e+02
5.733384130901975004e+04 1.177121645658306079e+05 4.110474170960262654e+02
5.733384356685925741e+04 1.179691837220191810e+05 4.112551590054905546e+02
5.733384582469876477e+04 1.183385178360759746e+05 4.113639610058344829e+02
5.733384808253826486e+04 1.182253294119935599e+05 4.114436134116435824e+02
5.733385034037777223e+04 1.181778068511654710e+05 4.114861210958698621e+02
5.733385259821727959e+04 1.181643292730088724e+05 4.111032643833942757e+02
5.733385485605678696e+04 1.180573529653532460e+05 4.111479632031198435e+02
5.733385711389629432e+04 1.182055394264843635e+05 4.113296400867743614e+02
5.733385937173580169e+04 1.171949524082218559e+05 4.107926416535432281e+02
5.733386162957530178e+04 1.177659783073218132e+05 4.109915856941049697e+02
5.733386388741480914e+04 1.182227336381173955e+05 4.113736506936132855e+02
5.733386614525431651e+04 1.177916207901048037e+05 4.109916694197871720e+02
5.733386840309382387e+04 1.177516357674879982e+05 4.110232975232478339e+02
5.733387066093333124e+04 1.174067286795733380e+05 4.106357565839475114e+02
5.733387291877283860e+04 1.174792830908563337e+05 4.108876126731322529e+02
5.733387517661233869e+04 1.190413398622693057e+05 4.116641703604154259e+02
5.733387743445184606e+04 1.179205847965083522e+05 4.112439731634192981e+02
5.733387969229135342e+04 1.170910521051494725e+05 4.104912622564123126e+02
5.733388195013086079e+04 1.174561152171320864e+05 4.110063879451924436e+02
5.733388420797036815e+04 1.179691702834030002e+05 4.111734055488160493e+02
5.733388646580987552e+04 1.177501651355191134e+05 4.109168310149579497e+02
5.733388872364937561e+04 1.181776473847957095e+05 4.111849590277913080e+02
5.733389098148888297e+04 1.178539585882184474e+05 4.110842290790836273e+02
5.733389323932839034e+04 1.203384286588257382e+05 4.128990630579703520e+02
5.733389549716789770e+04 1.175988934364014858e+05 4.107739921940774934e+02
5.733389775500740507e+04 1.176706749653376901e+05 4.107537625916633033e+02
5.733390001284691243e+04 1.178665805837714142e+05 4.107113904684009640e+02
5.733390227068641252e+04 1.172029207000960159e+05 4.102459841884467551e+02
5.733390452852591989e+04 1.164469083117802365e+05 4.097901269434988194e+02
5.733390678636542725e+04 1.170139648318759573e+05 4.101789144593113292e+02
5.733390904420493462e+04 1.164451738284170424e+05 4.096301231167961419e+02
5.733391130204444198e+04 1.169029988036309223e+05 4.100804322300023159e+02
5.733391355988394935e+04 1.164884344566789659e+05 4.099701936988529951e+02
5.733391581772344944e+04 1.153852380426673481e+05 4.090693625140088443e+02
5.733391807556295680e+04 1.170543529093099642e+05 4.100766891484306598e+02
5.733392033340246417e+04 1.164148453639337822e+05 4.100325936431155469e+02
5.733392259124197153e+04 1.159917159188514925e+05 4.103622091256487465e+02
5.733392484908147890e+04 1.165133623528866738e+05 4.098382321707823621e+02
5.733392710692098626e+04 1.162913726790074870e+05 4.098111182663469094e+02
5.733392936476048635e+04 1.166384628749461554e+05 4.098364067864305866e+02
5.733393162259999372e+04 1.166810512300761475e+05 4.100640902010403011e+02
5.733393388043950108e+04 1.158165572695872397e+05 4.096879698219429997e+02
5.733393613827900845e+04 1.170262645825278596e+05 4.102750089531127173e+02
5.733393839611851581e+04 1.167291135064650298e+05 4.099382239658453955e+02
5.733394065395802318e+04 1.158285047999456729e+05 4.096791393648356916e+02
5.733394291179753054e+04 1.165541497175318800e+05 4.097980768689647562e+02
5.733394516963703063e+04 1.171610083044415223e+05 4.104203912895119970e+02
5.733394742747653800e+04 1.173721650138337282e+05 4.105897147395058937e+02
5.733394968531604536e+04 1.160672090510056732e+05 4.091865747882277446e+02
5.733395194315555273e+04 1.166777524153603445e+05 4.098808753960885838e+02
5.733395420099506009e+04 1.167109458435292036e+05 4.099033059736845530e+02
5.733395645883456746e+04 1.160104918788245704e+05 4.094594320879346014e+02
5.733395871667406755e+04 1.162057806583587517e+05 4.095034612990963296e+02
5.733396097451357491e+04 1.158302954241009138e+05 4.093845065764051014e+02
5.733396323235308228e+04 1.163523348797847721e+05 4.096081248728271476e+02
5.733396549019258964e+04 1.164412450702825008e+05 4.095816748747037650e+02
5.733396774803209701e+04 1.165362442956844170e+05 4.097527315511499069e+02
5.733397000587160437e+04 1.167098814540124586e+05 4.100004342541027427e+02
5.733397226371110446e+04 1.164054757641558244e+05 4.097196579481052936e+02
5.733397452155061183e+04 1.162616411010232259e+05 4.096895046951983659e+02
5.733397677939011919e+04 1.167180074712255882e+05 4.098518255430300314e+02
5.733397903722962656e+04 1.196234009183375019e+05 4.120527163443825884e+02
5.733398129506913392e+04 1.164132296767969237e+05 4.097120163387805860e+02
5.733398355290864129e+04 1.165456454239131272e+05 4.096496553270122263e+02
5.733398581074814138e+04 1.159880366503767000e+05 4.091461279764689607e+02
5.733398806858764874e+04 1.173112527605588548e+05 4.103187223967967725e+02
5.733399032642715611e+04 1.202608379859486304e+05 4.125998879334096614e+02
5.733399258426666347e+04 1.168657328708655841e+05 4.101433008362137116e+02
5.733399484210617084e+04 1.160934509692480933e+05 4.093415406214807604e+02
5.733399709994567820e+04 1.160231424867762835e+05 4.093284353092793708e+02
5.733399935778517829e+04 1.159199103225586587e+05 4.094320890959621693e+02
5.733400161562468566e+04 1.168745206182404218e+05 4.099187397261385399e+02
5.733400387346419302e+04 1.168307149619855627e+05 4.099905010341307161e+02
5.733400613130370039e+04 1.160622933222417778e+05 4.093551320977701380e+02
5.733400838914320775e+04 1.160528918264068780e+05 4.091572489855890922e+02
5.733401064698271512e+04 1.164410961848034058e+05 4.095792953710918596e+02
5.733401290482221521e+04 1.164505939196172112e+05 4.093626214163467694e+02
5.733401516266172257e+04 1.157709822276265913e+05 4.094133646033376976e+02
5.733401742050122994e+04 1.164674924917755416e+05 4.095032583664676622e+02
5.733401967834073730e+04 1.155248009947534301e+05 4.090385543339410219e+02
5.733402193618024467e+04 1.168303220320078544e+05 4.100035814695752379e+02
5.733402419401975203e+04 1.165671875246443960e+05 4.096095644143695722e+02
5.733402645185925212e+04 1.160188433230090304e+05 4.092902732459792787e+02
5.733402870969875949e+04 1.163890665005913324e+05 4.095899905648753361e+02
5.733403096753826685e+04 1.160963917236839916e+05 4.095597734392258644e+02
5.733403322537777422e+04 1.159518813054440834e+05 4.094793089185649251e+02
5.733403548321728158e+04 1.171231006836862070e+05 4.103695466694866809e+02
5.733403774105678895e+04 1.170181713621936651e+05 4.103963872510323085e+02
5.733403999889628903e+04 1.167175131394634373e+05 4.098339982224403570e+02
5.733404225673579640e+04 1.161826880499403778e+05 4.097371223192244543e+02
5.733404451457530377e+04 1.162503723548017733e+05 4.096216448162978168e+02
5.733404677241481113e+04 1.164140748782470910e+05 4.099432534890069064e+02
5.733404903025431850e+04 1.156592966356349207e+05 4.091269252569096579e+02
5.733405128809382586e+04 1.161106271718327916e+05 4.095109348135375171e+02
5.733405354593332595e+04 1.168113088156566228e+05 4.098540854426847204e+02
5.733405580377283331e+04 1.162843449384026753e+05 4.092884686072614500e+02
5.733405806161234068e+04 1.157532070837198116e+05 4.091978812730588402e+02
5.733406031945184804e+04 1.160303957489329769e+05 4.094027761553080609e+02
5.733406257729135541e+04 1.159272076037136721e+05 4.096191511400922423e+02
5.733406483513086278e+04 1.156604591658785939e+05 4.094940085767750020e+02
5.733406709297036286e+04 1.160471620083619637e+05 4.096570139181060881e+02
5.733406935080987023e+04 1.163699526471501886e+05 4.096738080019017048e+02
5.733407160864937759e+04 1.150680521269197197e+05 4.093876402854992875e+02
5.733407386648888496e+04 1.162823603098375752e+05 4.098646308834154866e+02
5.733407612432839232e+04 1.176211379287332238e+05 4.105608351380679437e+02
5.733407838216789969e+04 1.159105335672250512e+05 4.093828178283474131e+02
5.733408064000739978e+04 1.164304432835117186e+05 4.097763317931907068e+02
5.733408289784690714e+04 1.163915187573367293e+05 4.094710217281815972e+02
5.733408515568641451e+04 1.156999249480225117e+05 4.096822846022448630e+02
5.733408741352592187e+04 1.161113219934586668e+05 4.095587535307631128e+02
5.733408967136542924e+04 1.151868454778107698e+05 4.090939367415542733e+02
5.733409192920493660e+04 1.159349376318992290e+05 4.094101216118853017e+02
5.733409418704443669e+04 1.159265968925333291e+05 4.092008124412683401e+02
5.733409644488394406e+04 1.158397691044698004e+05 4.093548109646391140e+02
5.733409870272345142e+04 1.162051755236111203e+05 4.093833927212021422e+02
5.733410096056295879e+04 1.164110841162193101e+05 4.097433577698429872e+02
5.733410321840246615e+04 1.160487592568000982e+05 4.095569138882799507e+02
5.733410547624197352e+04 1.162457722107295413e+05 4.095788680750148387e+02
5.733410773408147361e+04 1.173009048588077421e+05 4.103246506952253867e+02
5.733410999192098097e+04 1.164478196678040113e+05 4.097782334111264504e+02
5.733411224976048834e+04 1.162354833657693816e+05 4.094255523303906443e+02
5.733411450759999570e+04 1.179761465889505052e+05 4.109338851697772270e+02
5.733411676543950307e+04 1.163064270852837944e+05 4.094787223696396836e+02
5.733411902327901043e+04 1.167437538188845065e+05 4.098037356511884468e+02
5.733412128111851052e+04 1.165267439642733225e+05 4.097548185624638108e+02
5.733412353895801789e+04 1.166215262093084166e+05 4.097482804396379379e+02
5.733412579679752525e+04 1.172725732034925459e+05 4.101084895834371764e+02
5.733412805463703262e+04 1.166028658817701362e+05 4.096293678293073413e+02
