2.457373934073499870e+06 1.457751889007260615e+03 1.155816827549448647e+02
2.457373934080592822e+06 5.405463373974125716e+02 7.514256726942291209e+01
2.457373934087686241e+06 5.145694937657826813e+02 7.495588527397998746e+01
2.457373934094779193e+06 1.732014663233901956e+03 1.162196703091159264e+02
2.457373934101872612e+06 7.908436464251899451e+02 7.614782454591983196e+01
2.457373934108965565e+06 8.517963423295450411e+02 7.638305743322514729e+01
2.457373934116058517e+06 2.220155584161933803e+03 1.175899161489883369e+02
2.457373934123151936e+06 9.406632191051130576e+02 7.715343844201271395e+01
2.457373934130244888e+06 9.777937677556819835e+02 7.732379108946831536e+01
2.457373934137338307e+06 2.557705586134787154e+03 1.185706372857283952e+02
2.457373934144431259e+06 1.010709004103535335e+03 7.729985046495656320e+01
2.457373934151524212e+06 9.977264638573233242e+02 7.727663831871005584e+01
2.457373934158617631e+06 2.424572275489266758e+03 1.184332913209858731e+02
2.457373934165710583e+06 5.413843463936245826e+02 7.872755050448361658e+01
2.457373934172804002e+06 4.682580591066907800e+02 7.889664578167921150e+01
2.457373934179896954e+06 1.081669951467802093e+03 1.210733238076893201e+02
2.457373934186989907e+06 9.202667593907826813e+02 7.764823253492900790e+01
2.457373934194083326e+06 1.036074830334595390e+03 7.760848989668095044e+01
2.457373934201176278e+06 1.126397904829545041e+03 7.756708097053321183e+01
2.457373934208269697e+06 2.572851162997159918e+03 1.184812157877191225e+02
2.457373934215362649e+06 1.056410748106060964e+03 7.727830640387988126e+01
2.457373934222455602e+06 1.039778991082702305e+03 7.741098721843017927e+01
2.457373934229549021e+06 2.272730207346907264e+03 1.197923305389487467e+02
2.457373934236641973e+06 9.702320273042932968e+02 7.810150941669242286e+01
2.457373934243735392e+06 1.035172486584592662e+03 7.799346811012058822e+01
2.457373934250828344e+06 2.883163342408464814e+03 1.190974035729542493e+02
2.457373934257921297e+06 1.146760821101644069e+03 7.787083397541452712e+01
2.457373934265014715e+06 1.129365372474744618e+03 7.802645631889141953e+01
2.457373934272107668e+06 2.723914866437811725e+03 1.199970043237315735e+02
2.457373934279201087e+06 1.140109631470961176e+03 7.836929398774435640e+01
2.457373934286294039e+06 1.152015264954233317e+03 7.840141555962216557e+01
2.457373934293386992e+06 2.854896760574491054e+03 1.203061460705967534e+02
2.457373934300480410e+06 1.101703401199491964e+03 7.836811155215363556e+01
2.457373934307573363e+06 1.094246246646152031e+03 7.834721499914101628e+01
2.457373934314666782e+06 1.086974609375002728e+03 7.831700425148213185e+01
2.457373934321759734e+06 2.591802078401196923e+03 1.198363606114548077e+02
2.457373934328852687e+06 1.036297491516726041e+03 7.838487762015942906e+01
2.457373934335946105e+06 1.010589005287250075e+03 7.855502204019427381e+01
2.457373934343039058e+06 2.294359685724433803e+03 1.205219814581299573e+02
2.457373934350132477e+06 8.641431453203886122e+02 7.835803827583784198e+01
2.457373934357225429e+06 8.294905697600988788e+02 7.834847191537896549e+01
2.457373934364318382e+06 2.010496256510419698e+03 1.205985008615188860e+02
2.457373934371411800e+06 8.818869554924267504e+02 7.866599841532199378e+01
2.457373934378504753e+06 8.749539733270175930e+02 7.867948152322878741e+01
2.457373934385598172e+06 2.021273107047029043e+03 1.207073527626785676e+02
2.457373934392691124e+06 7.813383049242438574e+02 7.863476247731466628e+01
2.457373934399784077e+06 8.029156210542951158e+02 7.868005938547946698e+01
2.457373934406877495e+06 2.069882600418242873e+03 1.208397898200116600e+02
2.457373934413970448e+06 7.572927418718409172e+02 7.859413908331913490e+01
2.457373934421063401e+06 7.258337279040388239e+02 7.869753966381172461e+01
2.457373934428156819e+06 6.979140131786662096e+02 7.880299753829638121e+01
2.457373934435249772e+06 1.692262877801451395e+03 1.207441438250999255e+02
2.457373934442343190e+06 7.065493410669187142e+02 7.854722589071550942e+01
2.457373934449436143e+06 7.388342803030363939e+02 7.848781488497562009e+01
2.457373934456529096e+06 2.137223913944126252e+03 1.208611545251539496e+02
2.457373934463622514e+06 8.677276081123718541e+02 7.894759111299219967e+01
2.457373934470715467e+06 8.394461460306165463e+02 7.907517951803117739e+01
2.457373934477808885e+06 1.826625098642674857e+03 1.215864784308660091e+02
2.457373934484901838e+06 7.519212634154100670e+02 7.915683669665884281e+01
2.457373934491994791e+06 7.405977252998718541e+02 7.896788336182453349e+01
2.457373934499088209e+06 1.742804692432131560e+03 1.205742711902086768e+02
2.457373934506181162e+06 6.715293166035417016e+02 7.860650549748278593e+01
2.457373934513274580e+06 6.744543580334575381e+02 7.871273916897084177e+01
2.457373934520367533e+06 1.691796682646780027e+03 1.210258346512395917e+02
2.457373934527460486e+06 6.920751065340891728e+02 7.914892083026018099e+01
2.457373934534553904e+06 6.824808238636351234e+02 7.898650319718962010e+01
2.457373934541646857e+06 6.716033084753835283e+02 7.879427193201705393e+01
2.457373934548740275e+06 1.609695268110794132e+03 1.208557096448792976e+02
2.457373934555833228e+06 6.169347034801121481e+02 7.864197696173793872e+01
2.457373934562926181e+06 5.902806581439435831e+02 7.859567929422868815e+01
2.457373934570019599e+06 1.486160141453596225e+03 1.211070688465622851e+02
2.457373934577112552e+06 6.497490974195061426e+02 7.898384703831234788e+01
2.457373934584205970e+06 6.832722241950741591e+02 7.901261368824420117e+01
2.457373934591298923e+06 1.779625872987686307e+03 1.212304488379171516e+02
2.457373934598391876e+06 8.388621123342854844e+02 7.923954082446866209e+01
2.457373934605485294e+06 8.658854561237349117e+02 7.934584949790342989e+01
2.457373934612578247e+06 2.061374950678660753e+03 1.218872106879575625e+02
2.457373934619671665e+06 8.304039960148411410e+02 7.956702753086997859e+01
2.457373934626764618e+06 8.469999309501245079e+02 7.959601806507220090e+01
2.457373934633857571e+06 2.152829920296713681e+03 1.221850004788086608e+02
2.457373934640950989e+06 7.823916212910344257e+02 7.945604545555093523e+01
2.457373934648043942e+06 7.870787957701995765e+02 7.959427720105611570e+01
2.457373934655137360e+06 7.996471008917360450e+02 7.975653541091813281e+01
2.457373934662230313e+06 1.780149724786930165e+03 1.218927629470275065e+02
2.457373934669323266e+06 6.648936927872455271e+02 7.932619786757170743e+01
2.457373934676416684e+06 6.230638809974798278e+02 7.928680595722208579e+01
2.457373934683509637e+06 1.647989987768305582e+03 1.220720127834531468e+02
2.457373934690603055e+06 6.450200441919178047e+02 7.940596552246850592e+01
2.457373934697696008e+06 6.254811000631298157e+02 7.930216405778588751e+01
2.457373934704788961e+06 1.480546855271462846e+03 1.214468944035808846e+02
2.457373934711882379e+06 6.431549084596008470e+02 7.901468190287521054e+01
2.457373934718975332e+06 6.414136334043541865e+02 7.903435626193270025e+01
2.457373934726068750e+06 1.472325841422032681e+03 1.215459884721500003e+02
2.457373934733161703e+06 5.223099550189444926e+02 7.932574142648803672e+01
2.457373934740254655e+06 5.051503413036543861e+02 7.926672126759856951e+01
2.457373934747348074e+06 1.237984527896152940e+03 1.214223587349762141e+02
2.457373934754441027e+06 3.852320174400274482e+02 7.847115631137292269e+01
2.457373934761534445e+06 2.552470900410335162e+02 7.818487228003542100e+01
2.457373934768627398e+06 1.138323863636369424e+02 7.791719432854952743e+01
