5.733953942059999827e+04 1.342453557823391020e+04 9.850832863720899013e+01
5.733954404047288699e+04 1.327111481607730821e+04 9.802321441093984333e+01
5.733954866034577572e+04 1.333458043042772078e+04 9.819729148108217487e+01
5.733955328021867172e+04 1.336096294724446125e+04 9.828070310065336912e+01
5.733955790009156044e+04 1.342558562805020847e+04 9.850162293221578125e+01
5.733956251996444917e+04 1.349307350939980643e+04 9.873013702205506092e+01
5.733956713983733789e+04 1.364491166760419037e+04 9.916014828081515020e+01
5.733957175971022662e+04 1.372346075232545991e+04 9.942922314703537268e+01
5.733957637958311534e+04 1.391725607186014531e+04 1.000286156700528721e+02
5.733958099945601134e+04 1.416168911564869813e+04 1.007949912317088206e+02
5.733958561932890007e+04 1.446697722073507066e+04 1.017448301595466660e+02
5.733959023920178879e+04 1.454487315365806171e+04 1.020133109611900437e+02
5.733959485907467752e+04 1.489873943988911560e+04 1.030805201095754029e+02
5.733959947894756624e+04 1.500874716441217242e+04 1.034124164611578465e+02
5.733960409882046224e+04 1.508343166136526088e+04 1.036291451844834768e+02
5.733960871869335097e+04 1.515208378943468779e+04 1.038288805243709305e+02
5.733961333856623969e+04 1.520369529009086000e+04 1.039987556323122107e+02
5.733961795843912842e+04 1.530761285683585083e+04 1.042831646291253662e+02
5.733962257831201714e+04 1.522441556331669199e+04 1.040338581134446372e+02
5.733962719818490586e+04 1.536427767013500670e+04 1.044853423386718276e+02
5.733963181805780187e+04 1.517569249394974577e+04 1.038950773710472220e+02
5.733963643793069059e+04 1.515055921129308808e+04 1.038326577259859960e+02
5.733964105780357932e+04 1.505526391060037713e+04 1.035435891338533736e+02
5.733964567767646804e+04 1.484607926116585259e+04 1.029285971544971119e+02
5.733965029754935676e+04 1.469710790262686896e+04 1.024556504069769574e+02
5.733965491742224549e+04 1.477712441039542136e+04 1.027239366737629069e+02
5.733965953729514149e+04 1.501456515149060215e+04 1.034048000860259577e+02
5.733966415716803021e+04 1.517403404679931555e+04 1.039101661384294317e+02
5.733966877704091894e+04 1.542871319089649660e+04 1.046427740732004423e+02
5.733967339691380766e+04 1.581865448116845255e+04 1.057979403272066037e+02
5.733967801678669639e+04 1.615501615725527517e+04 1.068294308685869396e+02
5.733968263665959239e+04 1.633597286978233933e+04 1.073342583238945167e+02
5.733968725653248111e+04 1.660294547827085262e+04 1.081453411333432939e+02
5.733969187640536984e+04 1.673163331824383931e+04 1.085411928108156445e+02
5.733969649627825856e+04 1.685318113739291221e+04 1.088568129252756904e+02
5.733970111615114729e+04 1.680979785339012233e+04 1.087139926816931847e+02
5.733970573602403601e+04 1.659895053317899146e+04 1.080928682061432085e+02
5.733971035589693201e+04 1.624876534327702393e+04 1.070865003550401298e+02
5.733971497576982074e+04 1.609943151709456470e+04 1.066309852711829507e+02
5.733971959564270946e+04 1.594377569324467731e+04 1.061487835303260425e+02
5.733972421551559819e+04 1.572838529124631350e+04 1.055352869413284935e+02
5.733972883538848691e+04 1.547303879314715414e+04 1.047675972982454482e+02
5.733973345526138291e+04 1.558475864061473294e+04 1.051121203053490802e+02
5.733973807513427164e+04 1.545700943458015354e+04 1.047401306129275866e+02
5.733974269500716036e+04 1.542330511418126844e+04 1.045894189928045250e+02
5.733974731488004909e+04 1.550154563434514057e+04 1.048275524948766133e+02
5.733975193475293781e+04 1.568805559965095199e+04 1.053807056032256781e+02
5.733975655462582654e+04 1.580015464077397155e+04 1.057095850416499019e+02
5.733976117449872254e+04 1.596921997913938867e+04 1.062516514176890468e+02
5.733976579437161126e+04 1.603190973013112307e+04 1.064238364331910134e+02
5.733977041424449999e+04 1.634455765994891226e+04 1.073250562828105927e+02
5.733977503411738871e+04 1.666433610738896459e+04 1.082199512662234469e+02
5.733977965399027744e+04 1.693243352376346593e+04 1.090076158530395958e+02
5.733978427386317344e+04 1.691659463141468950e+04 1.089619438899931367e+02
5.733978889373606216e+04 1.699687571789809226e+04 1.092098147098214440e+02
5.733979351360895089e+04 1.687937362132253838e+04 1.088713461170238901e+02
5.733979813348183961e+04 1.674176387492201684e+04 1.084739916423233126e+02
5.733980275335472834e+04 1.688748478031812920e+04 1.088789710014969927e+02
5.733980737322761706e+04 1.694128937405427860e+04 1.090624251522401522e+02
5.733981199310051306e+04 1.682525221085458179e+04 1.087169331751292560e+02
5.733981661297340179e+04 1.678025030929141940e+04 1.086006598343515464e+02
5.733982123284629051e+04 1.662566044240757401e+04 1.081649881651354264e+02
5.733982585271917924e+04 1.654421998447416991e+04 1.079095886228827652e+02
5.733983047259206796e+04 1.653357739238409340e+04 1.078838890541754267e+02
5.733983509246496396e+04 1.642920905697958005e+04 1.075727101670574086e+02
5.733983971233785269e+04 1.641458249171970238e+04 1.075509158197323956e+02
5.733984433221074141e+04 1.639803439085421633e+04 1.075003440747626797e+02
5.733984895208363014e+04 1.650951086196213146e+04 1.077902358665698017e+02
5.733985357195651886e+04 1.646837940335058374e+04 1.076979985605087506e+02
5.733985819182940759e+04 1.641399953974384698e+04 1.075452160263328238e+02
5.733986281170230359e+04 1.658127877307321251e+04 1.080190477809593546e+02
5.733986743157519231e+04 1.661296930708147192e+04 1.081664185421128366e+02
5.733987205144808104e+04 1.686997989666693684e+04 1.089041867770714163e+02
5.733987667132096976e+04 1.718376430312369484e+04 1.097269804881308346e+02
5.733988129119385849e+04 1.736087454283545230e+04 1.102937126907198859e+02
5.733988591106674721e+04 1.760101684650397874e+04 1.109701204802567673e+02
5.733989053093964321e+04 1.768490846367897757e+04 1.111666795984135518e+02
5.733989515081253194e+04 1.765208305907049362e+04 1.110617065088447077e+02
5.733989977068542066e+04 1.763367346012379130e+04 1.110255107587997685e+02
5.733990439055830939e+04 1.739795434699236648e+04 1.103290507655672030e+02
5.733990901043119811e+04 1.745274861764900561e+04 1.104797211343856986e+02
5.733991363030409411e+04 1.715270636727865349e+04 1.096398833080465494e+02
5.733991825017698284e+04 1.691866205797202565e+04 1.089878499571607051e+02
5.733992287004987156e+04 1.688075300168885951e+04 1.088735271502202409e+02
5.733992748992276029e+04 1.678698638397947434e+04 1.086307445573175556e+02
5.733993210979564901e+04 1.678224040469673855e+04 1.086094652873350555e+02
5.733993672966853774e+04 1.723556392486421100e+04 1.098903503899467040e+02
5.733994134954143374e+04 1.800365249940294598e+04 1.120604371086911897e+02
5.733994596941432246e+04 1.690617038130670335e+04 1.089523343567659026e+02
5.733995058928721119e+04 1.709452422515771832e+04 1.094949631411758872e+02
5.733995520916009991e+04 1.732898177901867166e+04 1.101605275499079823e+02
5.733995982903298864e+04 1.760451925275905523e+04 1.109129825687532644e+02
5.733996444890588464e+04 1.781353780349118097e+04 1.115096515288153540e+02
5.733996906877877336e+04 1.810638871120330077e+04 1.123480316833630042e+02
5.733997368865166209e+04 1.804905503322543154e+04 1.121823335172474003e+02
5.733997830852455081e+04 1.806216208207625823e+04 1.122114592706995211e+02
5.733998292839743954e+04 1.812158289964386495e+04 1.123737747427325786e+02
5.733998754827032826e+04 1.808415228510803354e+04 1.122377491314197329e+02
5.733999216814322426e+04 1.777673143646418248e+04 1.113981807033924696e+02
5.733999678801611299e+04 1.754177199428053063e+04 1.107391861299584122e+02
5.734000140788900171e+04 1.730598424845437694e+04 1.100866616085174883e+02
5.734000602776189044e+04 1.699370088734570163e+04 1.092057704697624985e+02
5.734001064763477916e+04 1.685217347597638218e+04 1.087962938910889221e+02
5.734001526750767516e+04 1.712881147720272202e+04 1.095668860457872142e+02
5.734001988738056389e+04 1.718376633651540396e+04 1.097577801989985602e+02
5.734002450725345261e+04 1.732267345791919070e+04 1.101275439747079616e+02
5.734002912712634134e+04 1.740848616322423550e+04 1.104083339025717834e+02
5.734003374699923006e+04 1.753479715008095809e+04 1.107466854093464264e+02
5.734003836687211879e+04 1.756490944237586518e+04 1.108381005158431805e+02
5.734004298674501479e+04 1.747570109154039164e+04 1.105496876841573766e+02
5.734004760661790351e+04 1.739866963948029297e+04 1.103441154308131615e+02
5.734005222649079224e+04 1.736091589623629625e+04 1.102274271171258135e+02
5.734005684636368096e+04 1.748262465219368096e+04 1.105865675241705048e+02
5.734006146623656969e+04 1.743588639921415961e+04 1.104714293495548105e+02
5.734006608610946569e+04 1.721523832911067075e+04 1.098564989436623733e+02
5.734007070598235441e+04 1.715227491682886102e+04 1.096488302525563938e+02
5.734007532585524314e+04 1.717793958890215072e+04 1.097305226651364194e+02
5.734007994572813186e+04 1.717713372724355577e+04 1.097218102390227727e+02
5.734008456560102059e+04 1.735023790038167135e+04 1.102167638054626764e+02
5.734008918547390931e+04 1.757114399629064792e+04 1.108628328705056134e+02
5.734009380534680531e+04 1.784598091463529272e+04 1.116088946545084610e+02
5.734009842521969404e+04 1.794073206563226631e+04 1.118503791641601595e+02
5.734010304509258276e+04 1.799380413347768626e+04 1.120296350817476707e+02
5.734010766496547149e+04 1.801470459392629709e+04 1.120869937728826216e+02
5.734011228483836021e+04 1.801327874495898141e+04 1.121052918479664271e+02
5.734011690471124894e+04 1.776213441899334430e+04 1.113944423840092099e+02
5.734012152458414494e+04 1.776794829541705985e+04 1.114121710711485917e+02
5.734012614445703366e+04 1.770183869624803265e+04 1.112469488384253111e+02
5.734013076432992239e+04 1.753854938842489719e+04 1.107769128824426588e+02
5.734013538420281111e+04 1.739352511566424801e+04 1.103541630736918933e+02
5.734014000407569984e+04 1.767558957569782069e+04 1.111475964900525639e+02
5.734014462394859584e+04 1.781499796100070307e+04 1.115241616496966515e+02
5.734014924382148456e+04 1.774972412734390673e+04 1.113307730295994133e+02
5.734015386369437329e+04 1.778719044525732534e+04 1.114528807343641290e+02
5.734015848356726201e+04 1.768952289362112060e+04 1.111992879460349570e+02
5.734016310344015073e+04 1.764229912077167683e+04 1.110749927195961249e+02
5.734016772331303946e+04 1.773417841525319091e+04 1.113174518345480379e+02
5.734017234318593546e+04 1.760212763485911637e+04 1.109006530186203605e+02
5.734017696305882419e+04 1.746685270316349852e+04 1.105409941650712398e+02
5.734018158293171291e+04 1.754949982419405933e+04 1.107965057754810658e+02
5.734018620280460163e+04 1.750123022011388457e+04 1.106563226692108373e+02
5.734019082267749036e+04 1.746827957291657003e+04 1.105609050172351999e+02
5.734019544255038636e+04 1.750620957563022239e+04 1.106606123498654739e+02
5.734020006242327509e+04 1.760858896958980768e+04 1.109441304015207237e+02
5.734020468229616381e+04 1.745048488447398267e+04 1.105314022016034983e+02
5.734020930216905253e+04 1.737946245675023965e+04 1.103043888599878670e+02
5.734021392204194126e+04 1.741574404561288975e+04 1.104017257052797873e+02
5.734021854191482998e+04 1.730599013851187192e+04 1.100994228955987921e+02
5.734022316178772599e+04 1.725053229700478551e+04 1.099348218103611430e+02
5.734022778166061471e+04 1.724654653022429557e+04 1.099043575727981903e+02
5.734023240153350343e+04 1.726616684183288453e+04 1.099551315413826842e+02
5.734023702140639216e+04 1.721325866825553385e+04 1.098374378687112483e+02
5.734024164127928088e+04 1.731416799349305802e+04 1.101098044237997158e+02
5.734024626115217688e+04 1.739597401053282738e+04 1.103457170581494182e+02
5.734025088102506561e+04 1.744570040996561147e+04 1.104700165679170283e+02
5.734025550089795433e+04 1.765408620417597922e+04 1.110914992477607512e+02
5.734026012077084306e+04 1.769307448995572486e+04 1.112066740228696489e+02
5.734026474064373178e+04 1.759942666089111299e+04 1.109156959744304345e+02
5.734026936051662051e+04 1.745727216365868298e+04 1.104991806995302284e+02
5.734027398038951651e+04 1.718181930945118074e+04 1.097409878286603941e+02
5.734027860026240523e+04 1.722262390199291258e+04 1.098419205120909226e+02
5.734028322013529396e+04 1.718407171450640089e+04 1.097351740520532530e+02
5.734028784000818268e+04 1.743431507450695790e+04 1.104678160108211245e+02
5.734029245988107141e+04 1.758701382331860077e+04 1.108884280475380990e+02
5.734029707975396741e+04 1.753929340432953541e+04 1.107471263499137422e+02
5.734030169962685613e+04 1.753179874302276949e+04 1.107252371536211228e+02
5.734030631949974486e+04 1.759493649464298505e+04 1.108997907399858605e+02
5.734031093937263358e+04 1.743417617025512300e+04 1.104336551190414468e+02
5.734031555924552231e+04 1.735171056898430106e+04 1.102099734369603397e+02
5.734032017911841103e+04 1.728726349864200165e+04 1.100375888530647757e+02
5.734032479899130703e+04 1.716146287548498367e+04 1.096766410814108212e+02
5.734032941886419576e+04 1.714471461275428010e+04 1.096213963635070598e+02
5.734033403873708448e+04 1.706776206529119736e+04 1.094195115082758889e+02
5.734033865860997321e+04 1.708044066606525666e+04 1.094611907390040528e+02
5.734034327848286193e+04 1.725328591624822366e+04 1.099433018249979597e+02
5.734034789835575066e+04 1.728727605762114399e+04 1.100810570906959214e+02
5.734035251822864666e+04 1.752712866484288315e+04 1.107148359100965678e+02
5.734035713810153538e+04 1.741103162103734212e+04 1.103664873527750103e+02
5.734036175797442411e+04 1.724156495073089536e+04 1.098968104273697151e+02
5.734036637784731283e+04 1.741729767080557940e+04 1.103905595761479219e+02
5.734037099772020156e+04 1.775399178189511076e+04 1.113467669410246970e+02
5.734037561759309756e+04 1.784003487360942381e+04 1.116082532887760124e+02
5.734038023746598628e+04 1.798127776541136700e+04 1.119639195605059427e+02
5.734038485733887501e+04 1.789036688635988685e+04 1.117290335932619456e+02
5.734038947721176373e+04 1.813322835736831621e+04 1.124088541118942430e+02
5.734039409708465246e+04 1.808977124355942942e+04 1.122769243580621605e+02
5.734039871695754118e+04 1.805509238171746620e+04 1.121685985424516616e+02
5.734040333683043718e+04 1.792246663020142660e+04 1.118305107884937684e+02
5.734040795670332591e+04 1.768161227820384374e+04 1.111561152328341961e+02
5.734041257657621463e+04 1.743413097842689240e+04 1.104517273729876763e+02
5.734041719644910336e+04 1.739151685123038260e+04 1.103171909437188560e+02
5.734042181632199208e+04 1.740313655162472423e+04 1.103782671049141015e+02
5.734042643619488808e+04 1.735978612379455444e+04 1.102345018010982614e+02
5.734043105606777681e+04 1.725244300251662571e+04 1.099299293443887251e+02
5.734043567594066553e+04 1.716465175776906835e+04 1.096820518351294993e+02
5.734044029581355426e+04 1.709362957812981404e+04 1.094973252692781784e+02
5.734044491568644298e+04 1.731030134721135983e+04 1.101188830556592393e+02
5.734044953555933171e+04 1.742254799241749060e+04 1.104239589765219591e+02
5.734045415543222771e+04 1.763802649219579689e+04 1.110457587187385826e+02
5.734045877530511643e+04 1.759589185294800700e+04 1.109429140698349698e+02
5.734046339517800516e+04 1.752520246273172961e+04 1.107074855732411436e+02
5.734046801505089388e+04 1.735332772827248846e+04 1.102132712093317082e+02
5.734047263492378261e+04 1.738921354032149247e+04 1.102958594249683415e+02
5.734047725479667861e+04 1.735779480722522567e+04 1.102388424128212421e+02
5.734048187466956733e+04 1.734048196394659317e+04 1.101937939031377880e+02
5.734048649454245606e+04 1.752705850260754596e+04 1.107026407316561318e+02
5.734049111441534478e+04 1.772860820330719071e+04 1.112719773216323063e+02
5.734049573428823351e+04 1.784532035693750004e+04 1.116096223282879407e+02
5.734050035416112223e+04 1.782112407841953609e+04 1.115693138448975930e+02
5.734050497403401823e+04 1.791487085771615602e+04 1.118316455099923843e+02
5.734050959390690696e+04 1.799523390407567422e+04 1.120432042425785255e+02
5.734051421377979568e+04 1.802087443704235920e+04 1.120935809140674877e+02
5.734051883365268441e+04 1.793187390001397944e+04 1.118686421516048171e+02
5.734052345352557313e+04 1.790835603016232199e+04 1.117862744357795037e+02
5.734052807339846913e+04 1.795543969400085552e+04 1.119189852388395963e+02
5.734053269327135786e+04 1.809272594718916662e+04 1.122842369355403918e+02
5.734053731314424658e+04 1.819595756525314209e+04 1.125718790187303711e+02
5.734054193301713531e+04 1.823556907230014622e+04 1.127279324173834993e+02
5.734054655289002403e+04 1.822146288918943173e+04 1.126596731424067457e+02
5.734055117276291276e+04 1.804828985871734767e+04 1.121771437070465822e+02
5.734055579263580876e+04 1.785672948817406723e+04 1.116216356078159180e+02
5.734056041250869748e+04 1.763010802507607514e+04 1.110173990247247957e+02
5.734056503238158621e+04 1.775143611067500387e+04 1.113379820310295116e+02
5.734056965225447493e+04 1.770758159980333585e+04 1.112147208340529971e+02
5.734057427212736366e+04 1.771399600210534118e+04 1.112507601810499693e+02
5.734057889200025238e+04 1.779878368089130527e+04 1.115155473486422864e+02
5.734058351187314838e+04 1.780235968565897201e+04 1.115358827535742563e+02
5.734058813174603711e+04 1.774038913055503508e+04 1.113092747592067440e+02
5.734059275161892583e+04 1.794630678327305577e+04 1.118921907869849406e+02
5.734059737149181456e+04 1.800071827541835228e+04 1.120409635503951904e+02
5.734060199136470328e+04 1.788612230766165885e+04 1.117092047867589883e+02
5.734060661123759928e+04 1.794334726077012965e+04 1.118627816967867972e+02
5.734061123111048801e+04 1.799012916862307611e+04 1.120319570184912834e+02
5.734061585098337673e+04 1.803646216872310106e+04 1.121750689675111232e+02
5.734062047085626546e+04 1.814855817357713022e+04 1.124462789294617124e+02
5.734062509072915418e+04 1.799808119460068338e+04 1.120262674870948985e+02
5.734062971060204291e+04 1.791182985882145294e+04 1.117800745719574280e+02
5.734063433047493891e+04 1.753267549129432155e+04 1.107357888497578244e+02
5.734063895034782763e+04 1.757427454762820344e+04 1.108576084742532117e+02
5.734064357022071636e+04 1.739835312818680177e+04 1.103509766853603509e+02
5.734064819009360508e+04 1.722329331238253872e+04 1.098939716966374647e+02
5.734065280996649381e+04 1.729950042383073742e+04 1.100997077606553916e+02
5.734065742983938981e+04 1.758781808393059327e+04 1.109176565071756784e+02
5.734066204971227853e+04 1.755271968106603526e+04 1.108104439558895677e+02
5.734066666958516726e+04 1.765490829931449844e+04 1.110821798160106937e+02
5.734067128945805598e+04 1.787103607395103973e+04 1.117065861795852584e+02
5.734067590933094471e+04 1.802873825010106884e+04 1.121222037342232767e+02
5.734068052920383343e+04 1.814818570917277611e+04 1.124581264133635727e+02
5.734068514907672943e+04 1.801749440458400204e+04 1.121084853242136035e+02
5.734068976894961816e+04 1.809226436079221457e+04 1.123157005460217732e+02
5.734069438882250688e+04 1.809229883532757958e+04 1.123027988682095781e+02
5.734069900869539561e+04 1.786751715541319936e+04 1.116716469923991326e+02
5.734070362856828433e+04 1.759699387367386225e+04 1.109059431482175597e+02
5.734070824844118033e+04 1.772346949527021934e+04 1.112880143467345704e+02
5.734071286831406906e+04 1.768625301356529599e+04 1.111614223017243006e+02
5.734071748818695778e+04 1.774498809851248370e+04 1.113431540902878538e+02
5.734072210805984651e+04 1.786379889919656489e+04 1.116636998054386538e+02
5.734072672793273523e+04 1.829570397620584481e+04 1.128690659511291159e+02
5.734073134780562395e+04 1.837916045280625258e+04 1.131020859888302823e+02
5.734073596767851996e+04 1.842987429702635563e+04 1.132589001330690053e+02
5.734074058755140868e+04 1.857535170416254186e+04 1.136180854863646772e+02
5.734074520742429740e+04 1.841766802071081838e+04 1.131905995274982644e+02
5.734074982729718613e+04 1.817658112478404655e+04 1.125417656993865734e+02
5.734075444717007485e+04 1.799001602961816752e+04 1.120224389885965337e+02
5.734075906704297086e+04 1.765008780031080823e+04 1.110726214541454482e+02
5.734076368691585958e+04 1.739217801176239664e+04 1.103372540455655013e+02
5.734076830678874830e+04 1.718954497096290288e+04 1.097589346945078290e+02
5.734077292666163703e+04 1.714003091750378007e+04 1.096008194418984232e+02
5.734077754653452575e+04 1.732605380812296062e+04 1.101092306800456839e+02
5.734078216640741448e+04 1.711585193155333400e+04 1.095733766015564186e+02
5.734078678628031048e+04 1.694269905534462669e+04 1.090793221795702976e+02
5.734079140615319920e+04 1.715218926529248347e+04 1.096377544445911241e+02
5.734079602602608793e+04 1.733489810210726500e+04 1.101508801008336889e+02
5.734080064589897665e+04 1.714530255030253102e+04 1.096147890171670554e+02
5.734080526577186538e+04 1.709912006671921336e+04 1.094820834646540959e+02
5.734080988564475410e+04 1.758137497958846143e+04 1.108403843311957360e+02
5.734081450551765010e+04 1.772655255037702955e+04 1.112796600179106576e+02
5.734081912539053883e+04 1.771074070956041396e+04 1.112541903783820203e+02
5.734082374526342755e+04 1.771562732793902978e+04 1.112787205842074485e+02
5.734082836513631628e+04 1.765429275534673798e+04 1.110943472473273630e+02
5.734083298500920500e+04 1.735854707927143318e+04 1.102464756686916019e+02
5.734083760488210100e+04 1.727980249309075589e+04 1.100154213066569184e+02
5.734084222475498973e+04 1.732147652537556496e+04 1.101274613714773523e+02
5.734084684462787845e+04 1.733042426512031670e+04 1.102023483350117772e+02
5.734085146450076718e+04 1.741874498920047336e+04 1.103919918426208966e+02
5.734085608437365590e+04 1.753360113302653554e+04 1.107374615662646278e+02
5.734086070424654463e+04 1.757394012366974857e+04 1.108634546042828646e+02
5.734086532411944063e+04 1.767212127403701379e+04 1.111137022537333934e+02
5.734086994399232935e+04 1.785580585060864905e+04 1.116441615395296765e+02
5.734087456386521808e+04 1.768394890132718501e+04 1.111208938219781999e+02
5.734087918373810680e+04 1.783574827404528332e+04 1.116001184544809206e+02
5.734088380361099553e+04 1.784267551854582052e+04 1.116044586253194666e+02
5.734088842348389153e+04 1.768769141542134821e+04 1.111305201403909706e+02
5.734089304335678025e+04 1.766046506381079598e+04 1.110699789562899156e+02
5.734089766322966898e+04 1.751572776088162573e+04 1.106639402473162193e+02
5.734090228310255770e+04 1.741659024420585411e+04 1.103711476317171929e+02
5.734090690297544643e+04 1.752805462117811840e+04 1.106719909642113748e+02
5.734091152284833515e+04 1.737204324420235571e+04 1.102772080129732899e+02
5.734091614272123115e+04 1.739581249226524960e+04 1.103110099516036513e+02
5.734092076259411988e+04 1.758330844652466476e+04 1.108500940560103061e+02
5.734092538246700860e+04 1.765032916954194297e+04 1.110247037080450951e+02
5.734093000233989733e+04 1.781031171949719646e+04 1.115152675063000913e+02
5.734093462221278605e+04 1.784235452974434156e+04 1.115951315732406641e+02
5.734093924208568205e+04 1.790600932881907647e+04 1.117421318898185376e+02
5.734094386195857078e+04 1.784108856805225514e+04 1.115716685316199204e+02
5.734094848183145950e+04 1.770048843319815569e+04 1.111877678041598756e+02
5.734095310170434823e+04 1.757237978867097263e+04 1.108286493714637118e+02
5.734095772157723695e+04 1.749217063308581055e+04 1.105832130123297503e+02
5.734096234145012568e+04 1.726269823159545922e+04 1.099131218963220249e+02
5.734096696132302168e+04 1.686413308619920281e+04 1.087984264805247534e+02
5.734097158119591040e+04 1.684797883530133913e+04 1.087529504620998466e+02
5.734097620106879913e+04 1.648804890386856277e+04 1.077085325016692110e+02
5.734098082094168785e+04 1.625668735234865017e+04 1.070550625366393689e+02
5.734098544081457658e+04 1.586092217111159152e+04 1.058783166426969160e+02
5.734099006068747258e+04 1.552141081280749677e+04 1.048615010438414004e+02
5.734099468056036130e+04 1.511926131113825249e+04 1.036224108270461812e+02
5.734099930043325003e+04 1.506644217874553578e+04 1.034999834732555257e+02
5.734100392030613875e+04 1.493234426499571600e+04 1.030629004957060886e+02
5.734100854017902748e+04 1.496115333868592825e+04 1.031712407510703144e+02
5.734101316005191620e+04 1.499646311751203211e+04 1.032926267962496638e+02
5.734101777992481220e+04 1.496594342592101020e+04 1.031934999791765080e+02
5.734102239979770093e+04 1.491367705946161732e+04 1.030645005587229548e+02
5.734102701967058965e+04 1.494358113018442236e+04 1.031562413032262526e+02
5.734103163954347838e+04 1.486841578372016193e+04 1.029134529833445413e+02
5.734103625941636710e+04 1.488677740232052383e+04 1.029739975699709902e+02
5.734104087928925583e+04 1.477994931309216190e+04 1.026403685720541716e+02
5.734104549916215183e+04 1.473893500507398312e+04 1.024954897082412657e+02
5.734105011903504055e+04 1.477706013669837012e+04 1.026022871422694180e+02
5.734105473890792928e+04 1.478845123197446264e+04 1.026496744393375735e+02
5.734105935878081800e+04 1.477304491457867516e+04 1.026138937980951198e+02
5.734106397865370673e+04 1.467975792194849055e+04 1.023537126340841894e+02
5.734106859852660273e+04 1.482411272160797489e+04 1.027927805612485770e+02
5.734107321839949145e+04 1.477132078193648522e+04 1.026007471392330928e+02
5.734107783827238018e+04 1.478352325556906362e+04 1.026393846280814586e+02
5.734108245814526890e+04 1.492634567092528414e+04 1.030728713255483058e+02
5.734108707801815763e+04 1.485876552854063630e+04 1.028653389884767364e+02
5.734109169789104635e+04 1.489577437491338605e+04 1.030163835295047789e+02
5.734109631776394235e+04 1.493735054661925460e+04 1.030588500076469103e+02
5.734110093763683108e+04 1.495959803412276233e+04 1.031220206234860655e+02
5.734110555750971980e+04 1.475182707373797166e+04 1.025322383369686463e+02
