5.733953942059999827e+04 6.236370531018108886e+04 2.323491121338257699e+02
5.733954366487346851e+04 6.256703573888067331e+04 2.325564428104100045e+02
5.733954790914693149e+04 6.280606811219493102e+04 2.326755549700982044e+02
5.733955215342040174e+04 6.291077454671496525e+04 2.328340549032950264e+02
5.733955639769387199e+04 6.311783197237338754e+04 2.331615675333042361e+02
5.733956064196734224e+04 6.276063896975318494e+04 2.326338947670148514e+02
5.733956488624080521e+04 6.288757564705026743e+04 2.327391205069315561e+02
5.733956913051427546e+04 6.287109301808138844e+04 2.327540449116504533e+02
5.733957337478774571e+04 6.281664554303137993e+04 2.327924319317657194e+02
5.733957761906120868e+04 6.242205521736767696e+04 2.323086202550340431e+02
5.733958186333467893e+04 6.243285862954236654e+04 2.322796526727772743e+02
5.733958610760814918e+04 6.170136899249875569e+04 2.314369132705966479e+02
5.733959035188161215e+04 6.213443043036331801e+04 2.320608316680803114e+02
5.733959459615508240e+04 6.170282214689989632e+04 2.316219840336264895e+02
5.733959884042855265e+04 6.187446873635170050e+04 2.318180659963381345e+02
5.733960308470202290e+04 6.158208160140119435e+04 2.314426389176717294e+02
5.733960732897548587e+04 6.121052435691518622e+04 2.307948796617510538e+02
5.733961157324895612e+04 6.157577116658229352e+04 2.312050424162930256e+02
5.733961581752242637e+04 6.113834358189665363e+04 2.309189659348800774e+02
5.733962006179588934e+04 6.115855448433461424e+04 2.310851770270959946e+02
5.733962430606935959e+04 6.168938924868661707e+04 2.312476764544896071e+02
5.733962855034282984e+04 6.170036976637373300e+04 2.312948117967305279e+02
5.733963279461629281e+04 6.156013640842958557e+04 2.311472538377495027e+02
5.733963703888976306e+04 6.154954413129560999e+04 2.311816552187101763e+02
5.733964128316323331e+04 6.156635871977099305e+04 2.313414883633625152e+02
5.733964552743670356e+04 6.092928883598147513e+04 2.311119175683786580e+02
5.733964977171016653e+04 6.116951626987864438e+04 2.308436632224145058e+02
5.733965401598363678e+04 6.110268229081407480e+04 2.307468993555247039e+02
5.733965826025710703e+04 6.139968066445209843e+04 2.310537706146261598e+02
5.733966250453057000e+04 6.098517271809021622e+04 2.302839718424414741e+02
5.733966674880404025e+04 6.090244919831344305e+04 2.302369421921061985e+02
5.733967099307751050e+04 6.044020230729594186e+04 2.295370292334959288e+02
5.733967523735097348e+04 6.037430163550134603e+04 2.294486125286624656e+02
5.733967948162444372e+04 6.070224615818184247e+04 2.298965464467506763e+02
5.733968372589791397e+04 6.068847909791070560e+04 2.299672223795764694e+02
5.733968797017138422e+04 6.061884189886997046e+04 2.298647334466574250e+02
5.733969221444484720e+04 6.079835163801239105e+04 2.300477557265338930e+02
5.733969645871831744e+04 6.071738293751844321e+04 2.300637736915259381e+02
5.733970070299178769e+04 6.036430643263099046e+04 2.294848373811134365e+02
5.733970494726525067e+04 6.035666782057539240e+04 2.294485486247967003e+02
5.733970919153872092e+04 6.052936949597347120e+04 2.297132247502073881e+02
5.733971343581219116e+04 6.046158985697374737e+04 2.297284531458715833e+02
5.733971768008565414e+04 6.080280753789973096e+04 2.302007968818242034e+02
5.733972192435912439e+04 6.085228072287573013e+04 2.302961566258900064e+02
5.733972616863259464e+04 6.089592680718463089e+04 2.303975598461927348e+02
5.733973041290606488e+04 6.090439097982786188e+04 2.304285873088596190e+02
5.733973465717952786e+04 6.088288291747570474e+04 2.303530901594469356e+02
5.733973890145299811e+04 6.053304565897746215e+04 2.299048098813063348e+02
5.733974314572646836e+04 6.071722576428051980e+04 2.300479344829346076e+02
5.733974738999993133e+04 6.059131923284583900e+04 2.297929292510055461e+02
5.733975163427340158e+04 6.054318996924180829e+04 2.297375977291006848e+02
5.733975587854687183e+04 6.027691590793734940e+04 2.293311578923213858e+02
5.733976012282033480e+04 6.059156315061560599e+04 2.297181824819664087e+02
5.733976436709380505e+04 6.104251146503811469e+04 2.303232758710902317e+02
5.733976861136727530e+04 6.085702858638849284e+04 2.300608666982920170e+02
5.733977285564074555e+04 6.073825984514214360e+04 2.298597855457826427e+02
5.733977709991420852e+04 6.078939699160823511e+04 2.301016845979800962e+02
5.733978134418767877e+04 6.039434884030465037e+04 2.295404636526801312e+02
5.733978558846114902e+04 6.042876319804861123e+04 2.296177242451235543e+02
5.733978983273461199e+04 6.060112553915366880e+04 2.298393611034538253e+02
5.733979407700808224e+04 6.040353636363666737e+04 2.295275233936262111e+02
5.733979832128155249e+04 6.060934185530921241e+04 2.296911768608166540e+02
5.733980256555502274e+04 6.066729932012961945e+04 2.298598321115294141e+02
5.733980680982848571e+04 6.034630891685350798e+04 2.294109444373377471e+02
5.733981105410195596e+04 6.068608227295507095e+04 2.299281388193448379e+02
5.733981529837542621e+04 6.065681395231981878e+04 2.298216651740576992e+02
5.733981954264888918e+04 6.066996699232399988e+04 2.299248428886988336e+02
5.733982378692235943e+04 6.075471567350189434e+04 2.299242037483981562e+02
5.733982803119582968e+04 6.095931364362452587e+04 2.303660814010307547e+02
5.733983227546929265e+04 6.067198708841760526e+04 2.298104053574946022e+02
5.733983651974276290e+04 6.060074170309508918e+04 2.297615717223451099e+02
5.733984076401623315e+04 6.056504343213886023e+04 2.297643157099928146e+02
5.733984500828970340e+04 6.057282450699442415e+04 2.297403650503817119e+02
5.733984925256316637e+04 6.045462293752227561e+04 2.296383771533042193e+02
5.733985349683663662e+04 6.088328838134810940e+04 2.301375476787669072e+02
5.733985774111010687e+04 6.040998033765866421e+04 2.296869466100944521e+02
5.733986198538356984e+04 6.049722970538830850e+04 2.296354523202062126e+02
5.733986622965704009e+04 6.073060376111383084e+04 2.299248341978452856e+02
5.733987047393051034e+04 6.058068448421292123e+04 2.296416520653424982e+02
5.733987471820397332e+04 6.069035981369526417e+04 2.297916247656916937e+02
5.733987896247744357e+04 6.056920623056105978e+04 2.296748301129065624e+02
5.733988320675091381e+04 6.062206819950829959e+04 2.297932755001951364e+02
5.733988745102438406e+04 6.056583137714839540e+04 2.295754472518019895e+02
5.733989169529784704e+04 6.091395503021572949e+04 2.300593859318234990e+02
5.733989593957131729e+04 6.087179010279908834e+04 2.297685964084417094e+02
5.733990018384478753e+04 6.069638282058271579e+04 2.294996344718681769e+02
5.733990442811825051e+04 6.138967703446234373e+04 2.304132525426032316e+02
5.733990867239172076e+04 6.108820744887919864e+04 2.299642666579502475e+02
5.733991291666519101e+04 6.112714882012559974e+04 2.299383440283942548e+02
5.733991716093865398e+04 6.099686900205626443e+04 2.298016550523770150e+02
5.733992140521212423e+04 6.133867256558881490e+04 2.302510357375429066e+02
5.733992564948559448e+04 6.180160006535128923e+04 2.307624895079622149e+02
5.733992989375906473e+04 6.204522250844315568e+04 2.310808171726214653e+02
5.733993413803252770e+04 6.265294148787341692e+04 2.319908212014445041e+02
5.733993838230599795e+04 6.367844130724536080e+04 2.333670190477161270e+02
5.733994262657946820e+04 6.509313825706561329e+04 2.353080538583721193e+02
5.733994687085293117e+04 6.693437163280826644e+04 2.376492125891157343e+02
5.733995111512640142e+04 6.824795141709575546e+04 2.392240716336220885e+02
5.733995535939987167e+04 6.898550969802182226e+04 2.402074140019387869e+02
5.733995960367333464e+04 6.994253346494620200e+04 2.414164582550630485e+02
5.733996384794680489e+04 7.111438231661272584e+04 2.431086732029904454e+02
5.733996809222027514e+04 7.172888107758556725e+04 2.438416590367079948e+02
5.733997233649374539e+04 7.147856473413805361e+04 2.435761909541446926e+02
5.733997658076720836e+04 7.153814411530000507e+04 2.435179860875764177e+02
5.733998082504067861e+04 7.066772844972374151e+04 2.424776468583352766e+02
5.733998506931414886e+04 7.065183206591947237e+04 2.424528302576598549e+02
5.733998931358761183e+04 7.032462366885558004e+04 2.420080834128673644e+02
5.733999355786108208e+04 7.081865310219075764e+04 2.426458433116596893e+02
5.733999780213455233e+04 7.171096154576992558e+04 2.437715811870933749e+02
5.734000204640802258e+04 7.332950687172681501e+04 2.458539870574884389e+02
5.734000629068148555e+04 7.508206967354308290e+04 2.481156723595471476e+02
5.734001053495495580e+04 7.656683372227028303e+04 2.499622118220806328e+02
5.734001477922842605e+04 7.703723161759557843e+04 2.506750819363885228e+02
5.734001902350188902e+04 7.760892334658603068e+04 2.512145735069210843e+02
5.734002326777535927e+04 7.708648278705448320e+04 2.506215717452504919e+02
5.734002751204882952e+04 7.606889305858708394e+04 2.493171028955434849e+02
5.734003175632229249e+04 7.606683680324062880e+04 2.493610389876096747e+02
5.734003600059576274e+04 7.509875450509130314e+04 2.482400257890503781e+02
5.734004024486923299e+04 7.470836401044372178e+04 2.477723474148939431e+02
5.734004448914270324e+04 7.399000649444659939e+04 2.468156132205004099e+02
5.734004873341616621e+04 7.398616649274065276e+04 2.467396365827075329e+02
5.734005297768963646e+04 7.435379669323428243e+04 2.470840553837484777e+02
5.734005722196310671e+04 7.510822684512787964e+04 2.480463384851881017e+02
5.734006146623656969e+04 7.629588979839693638e+04 2.494996934887292639e+02
5.734006571051003993e+04 7.642868386895355070e+04 2.496681084544709677e+02
5.734006995478351018e+04 7.693115161626612826e+04 2.503472356769817111e+02
5.734007419905697316e+04 7.693693806702505390e+04 2.503108528765006326e+02
5.734007844333044341e+04 7.669629789091271232e+04 2.499201453959499872e+02
5.734008268760391366e+04 7.630407963886452490e+04 2.494446668225063206e+02
5.734008693187738390e+04 7.657118954043142730e+04 2.498707875713479041e+02
5.734009117615084688e+04 7.616200309277873021e+04 2.493521836553038895e+02
5.734009542042431713e+04 7.652859495297401736e+04 2.498776943969124318e+02
5.734009966469778738e+04 7.461924138012609910e+04 2.474139646918446545e+02
5.734010390897125035e+04 7.483219229341502069e+04 2.477412868290029735e+02
5.734010815324472060e+04 7.487516648517933208e+04 2.477145682551440302e+02
5.734011239751819085e+04 7.519433911501281545e+04 2.480413596772956737e+02
5.734011664179165382e+04 7.496755737771341228e+04 2.478959529149516641e+02
5.734012088606512407e+04 7.514931232256730436e+04 2.480969010629498825e+02
5.734012513033859432e+04 7.522664677876951464e+04 2.482858268549779552e+02
5.734012937461206457e+04 7.560907672367020859e+04 2.487149776670698884e+02
5.734013361888552754e+04 7.620432051146883168e+04 2.494602791522221708e+02
5.734013786315899779e+04 7.684216742626413179e+04 2.502399356372563943e+02
5.734014210743246804e+04 7.717171691265275877e+04 2.506761634950519522e+02
5.734014635170593101e+04 7.684930111358498107e+04 2.501742687258051490e+02
5.734015059597940126e+04 7.634891790899394255e+04 2.496485504020436110e+02
5.734015484025287151e+04 7.632316891766324989e+04 2.495745304996720222e+02
5.734015908452633448e+04 7.628206909954507137e+04 2.495060021268004675e+02
5.734016332879980473e+04 7.605374488350356114e+04 2.492552466303886263e+02
5.734016757307327498e+04 7.540561969747531111e+04 2.484363516891219774e+02
5.734017181734674523e+04 7.510122408398822881e+04 2.480300025320689485e+02
5.734017606162020820e+04 7.547007825723993301e+04 2.484944158685358104e+02
5.734018030589367845e+04 7.561323890647926601e+04 2.486827399617695562e+02
5.734018455016714870e+04 7.606140542925796763e+04 2.492115774652321534e+02
5.734018879444061167e+04 7.687092705418169498e+04 2.501673940047012081e+02
5.734019303871408192e+04 7.724513535467219481e+04 2.507140480752921974e+02
5.734019728298755217e+04 7.731010623375258001e+04 2.508012000670208863e+02
5.734020152726101514e+04 7.725628202350270294e+04 2.507471022888378513e+02
5.734020577153448539e+04 7.670325505605315266e+04 2.500568048968543735e+02
5.734021001580795564e+04 7.599049471549916780e+04 2.493090778239850920e+02
5.734021426008142589e+04 7.518866515211699880e+04 2.486547548305883595e+02
5.734021850435488886e+04 7.544458243707576185e+04 2.493000100155698249e+02
5.734022274862835911e+04 7.663434538350562798e+04 2.504406351098472783e+02
5.734022699290182936e+04 7.665300794052265701e+04 2.504070742959586937e+02
5.734023123717529234e+04 7.586701800948126765e+04 2.496062539226788033e+02
5.734023548144876258e+04 7.497441456612887850e+04 2.486620680126325738e+02
5.734023972572223283e+04 7.466748744186875410e+04 2.485335394289884903e+02
5.734024396999570308e+04 7.529851698739793210e+04 2.497559433990539048e+02
5.734024821426916606e+04 7.465994049219058070e+04 2.495989239460302827e+02
5.734025245854263630e+04 7.328195161368613481e+04 2.489067542281756289e+02
5.734025670281610655e+04 7.196828917691757670e+04 2.488376333479095308e+02
5.734026094708956953e+04 6.947430332963948604e+04 2.485683600813941325e+02
5.734026519136303978e+04 6.686005190251144813e+04 2.499490332754850499e+02
5.734026943563651002e+04 6.269641836121995584e+04 2.526791287965194215e+02
5.734027367990997300e+04 5.397236201663345128e+04 2.556714248427418568e+02
5.734027792418344325e+04 4.233293249580974953e+04 2.588492257264169325e+02
5.734028216845691350e+04 3.015389240424083255e+04 2.605428893503568588e+02
5.734028641273038374e+04 2.073199279989833303e+04 2.618377986839317373e+02
5.734029065700384672e+04 1.538466616839212656e+04 2.628805271296936894e+02
5.734029490127731697e+04 1.002640391317382455e+04 2.639944790239244412e+02
5.734029914555078722e+04 5.113436814731190680e+03 2.647657604959148330e+02
5.734030338982425019e+04 2.589205523725380772e+03 2.651644589492689761e+02
5.734030763409772044e+04 4.406474207186343847e+03 2.649325640302644729e+02
5.734031187837119069e+04 8.969560116662483779e+03 2.630838521289666119e+02
5.734031612264465366e+04 1.504183888588151603e+04 2.612844790795241465e+02
5.734032036691812391e+04 1.771823924975885893e+04 2.601852759863160145e+02
5.734032461119159416e+04 1.729226244929886889e+04 2.603843093868041478e+02
5.734032885546506441e+04 1.207363374280724383e+04 2.615922285506435401e+02
5.734033309973852738e+04 2.132550178313569631e+03 2.647628947348334236e+02
5.734033734401199763e+04 -1.247045533586651436e+04 2.686865983996976297e+02
5.734034158828546788e+04 -3.030971491723103100e+04 2.724140744066819479e+02
5.734034583255893085e+04 -4.231073327850762871e+04 2.736850322480713089e+02
5.734035007683240110e+04 -4.630336306523656822e+04 2.738120367196895018e+02
5.734035432110587135e+04 -4.359767531595175387e+04 2.726072105942581061e+02
5.734035856537933432e+04 -3.561735483726335224e+04 2.707221804848717852e+02
5.734036280965280457e+04 -2.613119609015255992e+04 2.694045239471557807e+02
5.734036705392627482e+04 -1.675904759349918459e+04 2.673030999701841210e+02
5.734037129819974507e+04 -9.301891933585866354e+03 2.666213761730151646e+02
5.734037554247320804e+04 -5.660735439938362106e+03 2.655392254091298696e+02
5.734037978674667829e+04 -3.782019118660566164e+03 2.647932800517565397e+02
5.734038403102014854e+04 -5.599391485954824020e+03 2.644202433863023316e+02
5.734038827529361151e+04 -1.242700640823940921e+04 2.654258195106170888e+02
5.734039251956708176e+04 -2.022278890657443844e+04 2.678063249709036313e+02
5.734039676384055201e+04 -2.651648178780105081e+04 2.704269365896138311e+02
5.734040100811401499e+04 -3.181494236883388658e+04 2.710918049780358388e+02
5.734040525238748523e+04 -3.520846980634388456e+04 2.710135285522984532e+02
5.734040949666095548e+04 -3.412476727104414022e+04 2.705349683270409287e+02
5.734041374093442573e+04 -3.088162808717422013e+04 2.689664885125857836e+02
5.734041798520788871e+04 -2.562302813731929928e+04 2.675401072420294213e+02
5.734042222948135895e+04 -1.981779129866159928e+04 2.666722997682221603e+02
5.734042647375482920e+04 -1.531670657606839086e+04 2.667922387200640628e+02
5.734043071802829218e+04 -1.339671673694308265e+04 2.663029734281299170e+02
5.734043496230176243e+04 -1.377537480561864504e+04 2.664895704741467739e+02
5.734043920657523267e+04 -1.526531542410065595e+04 2.665368011464215670e+02
5.734044345084870292e+04 -1.434599258116802957e+04 2.683119326803741842e+02
5.734044769512216590e+04 -1.385838490894016286e+04 2.690630112678462638e+02
5.734045193939563615e+04 -1.264275104994175490e+04 2.700048378778348024e+02
5.734045618366910639e+04 -1.317096772958936344e+04 2.707043331096349448e+02
5.734046042794256937e+04 -1.413449180126265856e+04 2.708566514109380137e+02
5.734046467221603962e+04 -1.628050975892350834e+04 2.712098483426269127e+02
5.734046891648950987e+04 -2.152724513161124196e+04 2.714409002288138595e+02
5.734047316076297284e+04 -2.743736073245921580e+04 2.728736717395927940e+02
5.734047740503644309e+04 -2.975043874306148791e+04 2.731086691461522378e+02
5.734048164930991334e+04 -2.863524321040666837e+04 2.721482403349555739e+02
5.734048589358338359e+04 -2.585185151127653080e+04 2.714684123829770215e+02
5.734049013785684656e+04 -2.614388979828589072e+04 2.707889290009704837e+02
5.734049438213031681e+04 -2.503119233636418357e+04 2.696952918326648501e+02
5.734049862640378706e+04 -2.036947711000152049e+04 2.687474482500551289e+02
5.734050287067725003e+04 -1.515131679093389539e+04 2.677021341685612583e+02
5.734050711495072028e+04 -1.178778633296757471e+04 2.675502444206582027e+02
5.734051135922419053e+04 -1.253341787399552413e+04 2.677224495943468128e+02
5.734051560349765350e+04 -1.649972686233608692e+04 2.684956685519853181e+02
5.734051984777112375e+04 -2.181922533060250862e+04 2.710020392154758042e+02
5.734052409204459400e+04 -2.720440410340951348e+04 2.730927096870584023e+02
5.734052833631806425e+04 -3.032814877751478343e+04 2.747596877294550950e+02
5.734053258059152722e+04 -3.167266322377781034e+04 2.750060852890231331e+02
5.734053682486499747e+04 -2.941760390333340911e+04 2.753323978973162980e+02
5.734054106913846772e+04 -2.309446296127847745e+04 2.745962348669195876e+02
5.734054531341193069e+04 -1.448661441503290553e+04 2.734687863910899637e+02
5.734054955768540094e+04 -9.150372226457242505e+03 2.723275116309392274e+02
5.734055380195887119e+04 -1.052067777735154959e+04 2.733044724199939992e+02
5.734055804623233416e+04 -1.968899992229808413e+04 2.742690103187154023e+02
5.734056229050580441e+04 -2.673036307401658269e+04 2.753659102665797604e+02
5.734056653477927466e+04 -2.567184056343247357e+04 2.737554212855482660e+02
5.734057077905274491e+04 -1.991619090670741571e+04 2.723228128140784179e+02
5.734057502332620788e+04 -1.667891574551477970e+04 2.711567078408269253e+02
5.734057926759967813e+04 -1.679020451818492438e+04 2.710496737654415256e+02
5.734058351187314838e+04 -1.674082621704922349e+04 2.708323536411513714e+02
5.734058775614661135e+04 -1.434899849689871189e+04 2.701004846288677186e+02
5.734059200042008160e+04 -9.701667786390433321e+03 2.695766628767996167e+02
5.734059624469355185e+04 -7.952906996437202906e+03 2.699018777990523859e+02
5.734060048896701483e+04 -1.320727215779980179e+04 2.717926131435922912e+02
5.734060473324048507e+04 -2.398195300211504218e+04 2.744752093273637570e+02
5.734060897751395532e+04 -3.550646554136939812e+04 2.766642183120598020e+02
5.734061322178742557e+04 -3.952422597913577920e+04 2.760508297739729073e+02
5.734061746606088855e+04 -3.548571580699038168e+04 2.737295740495694076e+02
5.734062171033435880e+04 -2.837748471781940316e+04 2.713828352799697541e+02
5.734062595460782904e+04 -2.176329483494146552e+04 2.710482184375705970e+02
5.734063019888129202e+04 -1.747922758572576276e+04 2.714540070874301705e+02
5.734063444315476227e+04 -1.684224243761067919e+04 2.717851245026238871e+02
5.734063868742823252e+04 -2.034544896659419464e+04 2.733125998271501658e+02
5.734064293170169549e+04 -2.215151498521141184e+04 2.740061431275756831e+02
5.734064717597516574e+04 -2.088049351422762265e+04 2.730092037695008003e+02
5.734065142024863599e+04 -1.716033983415250259e+04 2.721736035411169610e+02
5.734065566452210624e+04 -1.333064496234002581e+04 2.702655164277272206e+02
5.734065990879556921e+04 -1.099969808581021789e+04 2.694093669251217307e+02
5.734066415306903946e+04 -1.231666169220022857e+04 2.700576799721217753e+02
5.734066839734250971e+04 -1.854403487798444985e+04 2.710811694525030475e+02
5.734067264161597268e+04 -2.369467671824083664e+04 2.728857366356781426e+02
5.734067688588944293e+04 -2.421792343989849905e+04 2.735921397216907280e+02
5.734068113016291318e+04 -1.867226620385279239e+04 2.735183925011039037e+02
5.734068537443638343e+04 -1.209518564641174453e+04 2.716102907441618299e+02
5.734068961870984640e+04 -6.335348862940765684e+03 2.703549069930184032e+02
5.734069386298331665e+04 -6.321704256937446189e+03 2.691896219356921733e+02
5.734069810725678690e+04 -8.960940437891156762e+03 2.682023793244005105e+02
5.734070235153024987e+04 -1.151902397045140970e+04 2.677768681075543213e+02
5.734070659580372012e+04 -1.617537031350797042e+04 2.677770224227975859e+02
5.734071084007719037e+04 -1.866022121427884849e+04 2.688074276050336380e+02
5.734071508435065334e+04 -1.512804341438600386e+04 2.679704530468720236e+02
5.734071932862412359e+04 -1.004245506911358098e+04 2.668322163754713756e+02
5.734072357289759384e+04 -7.965530926077015465e+03 2.666809183419873648e+02
5.734072781717106409e+04 -1.075523826151734102e+04 2.679575110890286851e+02
5.734073206144452706e+04 -1.475158119214596809e+04 2.690857924086309367e+02
5.734073630571799731e+04 -1.476675243900988426e+04 2.691565288289145315e+02
5.734074054999146756e+04 -1.198456778425897937e+04 2.682345957352547430e+02
5.734074479426493053e+04 -8.837914402453694493e+03 2.670086148998374256e+02
5.734074903853840078e+04 -5.498902814776229206e+03 2.667601554486117834e+02
5.734075328281187103e+04 -3.272960639050565078e+03 2.662733731545250748e+02
5.734075752708533400e+04 -3.661705838027599384e+03 2.665702786556237243e+02
5.734076177135880425e+04 -6.864902495761300088e+03 2.672726085095824828e+02
5.734076601563227450e+04 -9.108254328338429332e+03 2.682991679633213380e+02
5.734077025990574475e+04 -1.173788802769500762e+04 2.679789593279015207e+02
5.734077450417920772e+04 -1.441340548499936995e+04 2.683163334952661216e+02
5.734077874845267797e+04 -1.925300086929195095e+04 2.692608639203040752e+02
5.734078299272614822e+04 -2.502536650174196984e+04 2.703333108868193904e+02
5.734078723699961120e+04 -3.172276179998469888e+04 2.721205952576576692e+02
5.734079148127308144e+04 -3.709384942030010279e+04 2.731670617213811170e+02
5.734079572554655169e+04 -3.699500032285747875e+04 2.728620754831991917e+02
5.734079996982001467e+04 -3.305121535295153444e+04 2.719321535688622475e+02
5.734080421409348492e+04 -2.465150870018625574e+04 2.711398540825773011e+02
5.734080845836695516e+04 -1.679602102562034270e+04 2.700067664716639797e+02
5.734081270264042541e+04 -1.542075443149851344e+04 2.692387642486867776e+02
5.734081694691388839e+04 -1.757410516641949653e+04 2.688896113978597100e+02
5.734082119118735864e+04 -1.898454462004457309e+04 2.682987523678026491e+02
5.734082543546082888e+04 -1.709610595795905101e+04 2.668423007060787882e+02
5.734082967973429186e+04 -1.563717065708972223e+04 2.652213609902736948e+02
5.734083392400776211e+04 -1.764422719762727502e+04 2.632277702775593866e+02
5.734083816828123236e+04 -2.093821915431090747e+04 2.621137519969889809e+02
5.734084241255469533e+04 -2.362077982415768201e+04 2.602271960751144775e+02
5.734084665682816558e+04 -2.535980173344882496e+04 2.583541335725122394e+02
5.734085090110163583e+04 -2.931368282650214678e+04 2.569620489182532879e+02
5.734085514537510608e+04 -3.492100446467525035e+04 2.572947062496552917e+02
5.734085938964856905e+04 -4.070245025918126339e+04 2.571683426588187444e+02
5.734086363392203930e+04 -4.610044171130724135e+04 2.570942757183937033e+02
5.734086787819550955e+04 -4.946686558550743212e+04 2.576966159054597370e+02
5.734087212246897252e+04 -5.299894047741706891e+04 2.580677636454116737e+02
5.734087636674244277e+04 -5.614959203477084520e+04 2.583016488276412588e+02
5.734088061101591302e+04 -5.749232955737783050e+04 2.587966229930016198e+02
5.734088485528938327e+04 -5.814193623255690909e+04 2.589017145422282624e+02
5.734088909956284624e+04 -5.793669535056325549e+04 2.585134003309917716e+02
5.734089334383631649e+04 -5.360798845235764747e+04 2.576031586680962846e+02
5.734089758810978674e+04 -4.670005023848998826e+04 2.562028584859297098e+02
5.734090183238324971e+04 -4.096103367716986395e+04 2.545079250123008876e+02
5.734090607665671996e+04 -3.661182229135298985e+04 2.536276058655561485e+02
5.734091032093019021e+04 -3.460774513319402467e+04 2.532673209693988952e+02
5.734091456520365318e+04 -3.392263644900306826e+04 2.536887371106712123e+02
5.734091880947712343e+04 -3.554872237128912820e+04 2.536180847672179084e+02
5.734092305375059368e+04 -3.878228325857248274e+04 2.545688289652032665e+02
5.734092729802406393e+04 -4.303433104615261254e+04 2.557501805365467646e+02
5.734093154229752690e+04 -4.751747384822028107e+04 2.566714825292797855e+02
5.734093578657099715e+04 -5.242975773900136119e+04 2.579694593535002696e+02
5.734094003084446740e+04 -5.462486194079610868e+04 2.583955622656374089e+02
5.734094427511793037e+04 -5.125776188434424694e+04 2.572797434169880262e+02
5.734094851939140062e+04 -4.183180180460236443e+04 2.550536335805466308e+02
5.734095276366487087e+04 -3.172659635187960521e+04 2.529346244501677745e+02
5.734095700793833385e+04 -2.667221274575495045e+04 2.516861286367835930e+02
5.734096125221180409e+04 -2.905653693141529220e+04 2.527633329160604205e+02
5.734096549648527434e+04 -3.764233385418879334e+04 2.540050684956591169e+02
5.734096974075874459e+04 -4.778947179353452520e+04 2.567605119767339374e+02
5.734097398503220757e+04 -5.834650171305617550e+04 2.583067127598968682e+02
5.734097822930567781e+04 -6.153677357931368169e+04 2.592820404779373575e+02
5.734098247357914806e+04 -5.538043865946977166e+04 2.579453565094115675e+02
5.734098671785261104e+04 -4.366401702797127655e+04 2.557135805904440815e+02
5.734099096212608129e+04 -3.235356294790093671e+04 2.531090642687891261e+02
5.734099520639955153e+04 -2.810833972267004719e+04 2.522097434614076974e+02
5.734099945067301451e+04 -2.968332191494331346e+04 2.526115761907009301e+02
5.734100369494648476e+04 -3.500433323522910359e+04 2.537866365159378859e+02
5.734100793921995501e+04 -4.191391878087035730e+04 2.551195487996676832e+02
5.734101218349342525e+04 -4.753651822990621440e+04 2.567832049983086335e+02
5.734101642776688823e+04 -5.251026818987482693e+04 2.577195225376657390e+02
5.734102067204035848e+04 -5.398862244613061193e+04 2.580667953966623713e+02
5.734102491631382873e+04 -5.006632086237208568e+04 2.572089461435511453e+02
5.734102916058729170e+04 -4.154505444508513028e+04 2.558009445199846255e+02
5.734103340486076195e+04 -3.193938991743359657e+04 2.525539512004819471e+02
5.734103764913423220e+04 -2.479599052128674521e+04 2.512752524298191474e+02
5.734104189340769517e+04 -2.132576002947617962e+04 2.504937806156569593e+02
5.734104613768116542e+04 -2.035664482542371843e+04 2.501326335797296281e+02
5.734105038195463567e+04 -2.056522129512528772e+04 2.505812109805189323e+02
5.734105462622810592e+04 -2.216554354205456912e+04 2.510664794667083299e+02
5.734105887050156889e+04 -2.688408654427685542e+04 2.511195492289993751e+02
5.734106311477503914e+04 -3.268560955745264073e+04 2.535656115138146163e+02
5.734106735904850939e+04 -3.728646916675921238e+04 2.544907875202766832e+02
5.734107160332197236e+04 -3.760726147250195208e+04 2.540305725370701850e+02
5.734107584759544261e+04 -3.284091437742164999e+04 2.532413690908025785e+02
5.734108009186891286e+04 -2.819246314371244807e+04 2.520934709900641053e+02
5.734108433614237583e+04 -2.597233326087055320e+04 2.515060598722099883e+02
5.734108858041584608e+04 -2.645959320045876666e+04 2.513342607666679100e+02
5.734109282468931633e+04 -2.872426835322089028e+04 2.519887971164288842e+02
5.734109706896278658e+04 -3.142172853302391013e+04 2.523453294634253439e+02
5.734110131323624955e+04 -3.256882871887912916e+04 2.523368075998464235e+02
5.734110555750971980e+04 -3.160297129145135114e+04 2.527335026800093658e+02
