5.742938440270000137e+04 8.979056022532518909e+03 7.809361638422885221e+01
5.742938440456849639e+04 9.019574781633562452e+03 7.826484190696500320e+01
5.742938440643699869e+04 9.056326546790249267e+03 7.842331988353768679e+01
5.742938440830549371e+04 8.941509023438227814e+03 7.795593486556917640e+01
5.742938441017398873e+04 9.009299949011336139e+03 7.821529007739009387e+01
5.742938441204249102e+04 9.108001079379964722e+03 7.862172959116679749e+01
5.742938441391098604e+04 9.096191342614021778e+03 7.857154411131601535e+01
5.742938441577948106e+04 9.059935294865064861e+03 7.843270476259779400e+01
5.742938441764798335e+04 9.164309688053963328e+03 7.882151154898184586e+01
5.742938441951647837e+04 9.209676860455003407e+03 7.901605865707968235e+01
5.742938442138497339e+04 9.231203907020457336e+03 7.910044323426802748e+01
5.742938442325347569e+04 9.322887547854998047e+03 7.945195055685218222e+01
5.742938442512197071e+04 9.211651939741934257e+03 7.901156322621935146e+01
5.742938442699046573e+04 9.482021046494744951e+03 8.007937616589445895e+01
5.742938442885896802e+04 9.982927232298581657e+03 8.200208956542056171e+01
5.742938443072746304e+04 1.091050993065309922e+04 8.547371252287439347e+01
5.742938443259595806e+04 1.271315873881670814e+04 9.183164538191297765e+01
5.742938443446445308e+04 1.449940869930126064e+04 9.771042592339034627e+01
5.742938443633295537e+04 1.561553936298856024e+04 1.012197974689185003e+02
5.742938443820145039e+04 1.720687553592502809e+04 1.060298411243694119e+02
5.742938444006994541e+04 1.773171759680512332e+04 1.075720884983645789e+02
5.742938444193844771e+04 1.868860971412532672e+04 1.103100150127484653e+02
5.742938444380694273e+04 1.904706422007391666e+04 1.113217309778684552e+02
5.742938444567543775e+04 1.856294393284375838e+04 1.099440375471667437e+02
5.742938444754394004e+04 1.681148156907690282e+04 1.048534702922208197e+02
5.742938444941243506e+04 1.634761226475606600e+04 1.034648698634037061e+02
5.742938445128093008e+04 1.668430855767382309e+04 1.044684331529376067e+02
5.742938445314943237e+04 1.650677416495505167e+04 1.039342181157027341e+02
5.742938445501792739e+04 1.714237602813378180e+04 1.058294095367364065e+02
5.742938445688642241e+04 1.702188645918200200e+04 1.054828611430750698e+02
5.742938445875492471e+04 1.753660813055321341e+04 1.070062860814475130e+02
5.742938446062341973e+04 1.728110429632376690e+04 1.062604309567417005e+02
5.742938446249191475e+04 1.645785143856790091e+04 1.038004976610804277e+02
5.742938446436041704e+04 1.629637491515418697e+04 1.033142546003222151e+02
5.742938446622891206e+04 1.672902785550003682e+04 1.046146550262653108e+02
5.742938446809740708e+04 1.722563745991732139e+04 1.060887915405485842e+02
5.742938446996590937e+04 1.691901989021975896e+04 1.051945722591851364e+02
5.742938447183440439e+04 1.750294929183958811e+04 1.069217886975717562e+02
5.742938447370289941e+04 1.937113662014496003e+04 1.122462991463576003e+02
5.742938447557140171e+04 2.028935878472220793e+04 1.147675086269973548e+02
5.742938447743989673e+04 1.833553482982190326e+04 1.093213364560884315e+02
5.742938447930839175e+04 1.706009632400352348e+04 1.056165200616029551e+02
5.742938448117689404e+04 1.717427368951501558e+04 1.059403839526147095e+02
5.742938448304538906e+04 1.812710179224517560e+04 1.087147842855785171e+02
5.742938448491388408e+04 1.889009377445098653e+04 1.108847046701313843e+02
5.742938448678238638e+04 1.993246899469332493e+04 1.137856034631584521e+02
5.742938448865088139e+04 2.016756178335039294e+04 1.144293390615705590e+02
5.742938449051937641e+04 1.853273173383154790e+04 1.098723605334187425e+02
5.742938449238787143e+04 1.701690913040318992e+04 1.054769837912203911e+02
5.742938449425637373e+04 1.628076618145081011e+04 1.032749078397085185e+02
5.742938449612486875e+04 1.659420610105824744e+04 1.042220645736821893e+02
5.742938449799336377e+04 1.710155960181443515e+04 1.057374230382896485e+02
5.742938449986186606e+04 1.763181147109221638e+04 1.072972976124025593e+02
5.742938450173036108e+04 1.735170193649931389e+04 1.064805263838644720e+02
5.742938450359885610e+04 1.747932222145626656e+04 1.068661685991974650e+02
5.742938450546735839e+04 1.783493211833346504e+04 1.078993770070338485e+02
5.742938450733585341e+04 1.788201418383254349e+04 1.080285698528504952e+02
5.742938450920434843e+04 1.815471676261424000e+04 1.088200179496142681e+02
5.742938451107285073e+04 1.797907537420899098e+04 1.083081753869666670e+02
5.742938451294134575e+04 1.794441291936420384e+04 1.082259866165061766e+02
5.742938451480984077e+04 1.801427021935418088e+04 1.084047863842807686e+02
5.742938451667834306e+04 1.773726282265560803e+04 1.076081494482366878e+02
5.742938451854683808e+04 1.732020184681141473e+04 1.064096456835512043e+02
5.742938452041533310e+04 1.723305081208703996e+04 1.061323993189514283e+02
5.742938452228383539e+04 1.763524133629978678e+04 1.073069304289953294e+02
5.742938452415233041e+04 1.805054270856416042e+04 1.085125949973417789e+02
5.742938452602082543e+04 1.838473864400881212e+04 1.094755096731456092e+02
5.742938452788932773e+04 1.679822250884448658e+04 1.048443468356231847e+02
5.742938452975782275e+04 1.563549583559738130e+04 1.013175053545578379e+02
5.742938453162631777e+04 1.582341442058528082e+04 1.019034345041196445e+02
5.742938453349482006e+04 1.725098805037928105e+04 1.061955339169994659e+02
5.742938453536331508e+04 1.851241330652063334e+04 1.098387135980523226e+02
5.742938453723181010e+04 1.843457718539828056e+04 1.096126284007079903e+02
5.742938453910031240e+04 1.809724492110069696e+04 1.086591789321225576e+02
5.742938454096880741e+04 1.727653887732282601e+04 1.062985369287430188e+02
5.742938454283730243e+04 1.805192703146020722e+04 1.085839306097881831e+02
5.742938454470580473e+04 1.834123432831319951e+04 1.094528780017727740e+02
5.742938454657429975e+04 1.852826157904522915e+04 1.100339743665303729e+02
5.742938454844279477e+04 1.885248380836410433e+04 1.109836598996955814e+02
5.742938455031128979e+04 1.893868959623238334e+04 1.112683574503102051e+02
5.742938455217979208e+04 1.760277880395723696e+04 1.074694661437375203e+02
5.742938455404828710e+04 1.749821999688902724e+04 1.071974158499055960e+02
5.742938455591678212e+04 1.947444121026878565e+04 1.128347889424145478e+02
5.742938455778528441e+04 1.882402173466471504e+04 1.109776924617753764e+02
5.742938455965377943e+04 1.685289687675275127e+04 1.052123089537101350e+02
5.742938456152227445e+04 1.605834284439626936e+04 1.028266267799801597e+02
5.742938456339077675e+04 1.617033899300381745e+04 1.031835747813457402e+02
5.742938456525927177e+04 1.688894020655329587e+04 1.053443862305258705e+02
5.742938456712776679e+04 1.698940380802539221e+04 1.056444933173827394e+02
5.742938456899626908e+04 1.738865246656003001e+04 1.068416876408659988e+02
5.742938457086476410e+04 1.859457705562190677e+04 1.103283093641110923e+02
5.742938457273325912e+04 1.888822560268250891e+04 1.111154783247326066e+02
5.742938457460176141e+04 1.795563511125452715e+04 1.084502793503889251e+02
5.742938457647025643e+04 1.736266005433384998e+04 1.067343466269310284e+02
5.742938457833875145e+04 1.731499851251264045e+04 1.066257499333771364e+02
5.742938458020725375e+04 1.694494307497130285e+04 1.055324224418923507e+02
5.742938458207574877e+04 1.650761543593121678e+04 1.042111826746972270e+02
5.742938458394424379e+04 1.646668355148541377e+04 1.041243115065796445e+02
5.742938458581274608e+04 1.659127042349670592e+04 1.045647548055460305e+02
5.742938458768124110e+04 1.779179943809323595e+04 1.080804103991553973e+02
5.742938458954973612e+04 1.975173970505721445e+04 1.135494327223435107e+02
5.742938459141823841e+04 1.985338291966188626e+04 1.137994319314104814e+02
5.742938459328673343e+04 1.820491320301234373e+04 1.091951688086609522e+02
5.742938459515522845e+04 1.704005900352427489e+04 1.058437178381591934e+02
5.742938459702373075e+04 1.691989425791626854e+04 1.055187793950987611e+02
5.742938459889222577e+04 1.687439024581450940e+04 1.053931984923075191e+02
5.742938460076072079e+04 1.678791386726802739e+04 1.051175142612684681e+02
5.742938460262922308e+04 1.785949590585873739e+04 1.082176675929773211e+02
5.742938460449771810e+04 1.837740401235789977e+04 1.096726103557631831e+02
5.742938460636621312e+04 1.849735485838661771e+04 1.100082924969762104e+02
5.742938460823470814e+04 1.846671955783259182e+04 1.099364517647328654e+02
5.742938461010321043e+04 1.825580374177157864e+04 1.093628268399004497e+02
5.742938461197170545e+04 1.832323812204044953e+04 1.095326221856712721e+02
5.742938461384020047e+04 1.814480163635970530e+04 1.090322600325958433e+02
5.742938461570870277e+04 1.803244790384347289e+04 1.087230370768585033e+02
5.742938461757719779e+04 1.839242409237388711e+04 1.097526115290471438e+02
5.742938461944569281e+04 1.825176350003208790e+04 1.093540299190503617e+02
5.742938462131419510e+04 1.703267980296295718e+04 1.058195595704837331e+02
5.742938462318269012e+04 1.575709691582212508e+04 1.019830983799101602e+02
5.742938462505118514e+04 1.539541022661804709e+04 1.008588955813035284e+02
5.742938462691968743e+04 1.622949725101207332e+04 1.033920002167443641e+02
5.742938462878818245e+04 1.683920666476892802e+04 1.052316575587959733e+02
5.742938463065667747e+04 1.728628580185649844e+04 1.065526685306172965e+02
5.742938463252517977e+04 1.774885822578286025e+04 1.078805244101176442e+02
5.742938463439367479e+04 1.735788022597740201e+04 1.067551180049252935e+02
5.742938463626216981e+04 1.738516134359682110e+04 1.068534880375327418e+02
5.742938463813067210e+04 1.796703604491786245e+04 1.085412407059038884e+02
5.742938463999916712e+04 1.835651997511980881e+04 1.096214988815710143e+02
5.742938464186766214e+04 1.851278884352426394e+04 1.100385768613118671e+02
5.742938464373616443e+04 1.780313988300607889e+04 1.080162925616556606e+02
5.742938464560465945e+04 1.680484788716574985e+04 1.051418369464766300e+02
5.742938464747315447e+04 1.683256860668877562e+04 1.052287081562192839e+02
5.742938464934165677e+04 1.683512460618668047e+04 1.052283023784115841e+02
5.742938465121015179e+04 1.655113688593853658e+04 1.043620818643899355e+02
5.742938465307864681e+04 1.640873701177107068e+04 1.039347959265611223e+02
5.742938465494714910e+04 1.669200584752656869e+04 1.048139848700994463e+02
5.742938465681564412e+04 1.671818382639896663e+04 1.048941228357577415e+02
5.742938465868413914e+04 1.649316774457426800e+04 1.042258373144687766e+02
5.742938466055264144e+04 1.665833776390730782e+04 1.047274510549290483e+02
5.742938466242113645e+04 1.687301346721505615e+04 1.053559740561178018e+02
5.742938466428963147e+04 1.734454914408822151e+04 1.067301244186425606e+02
5.742938466615812649e+04 1.789921140042819388e+04 1.083617968269727072e+02
5.742938466802662879e+04 1.895266451569430137e+04 1.113935782023707048e+02
5.742938466989512381e+04 1.912910120883228228e+04 1.118345509143330787e+02
5.742938467176361883e+04 1.891984676253093858e+04 1.112198652612880778e+02
5.742938467363212112e+04 1.800224700685247808e+04 1.085929442806609160e+02
5.742938467550061614e+04 1.741205903548464630e+04 1.068892804135100789e+02
5.742938467736911116e+04 1.755689411367520734e+04 1.073392995172058022e+02
5.742938467923761345e+04 1.746111622031850129e+04 1.070540427005687718e+02
5.742938468110610847e+04 1.724911296782252975e+04 1.064520592010829176e+02
5.742938468297460349e+04 1.730261640197370434e+04 1.066163004721865377e+02
5.742938468484310579e+04 1.707867529001706498e+04 1.059673729611949966e+02
5.742938468671160081e+04 1.710389125667582266e+04 1.060034769453818484e+02
5.742938468858009583e+04 1.708211510623182039e+04 1.059409503431087245e+02
5.742938469044859812e+04 1.834949844686815777e+04 1.096361334472269391e+02
5.742938469231709314e+04 1.948981195871879390e+04 1.128056574777519927e+02
5.742938469418558816e+04 1.933919471871561836e+04 1.123765867874219708e+02
5.742938469605409045e+04 1.867442871528245087e+04 1.105108482301479711e+02
5.742938469792258547e+04 1.700438309641016167e+04 1.056951542937155324e+02
5.742938469979108049e+04 1.667323301648995766e+04 1.047528733117711681e+02
5.742938470165958279e+04 1.717708225420151939e+04 1.062903142889728514e+02
5.742938470352807781e+04 1.713148489219348630e+04 1.061348861379746893e+02
5.742938470539657283e+04 1.685656789839251360e+04 1.052802128484069470e+02
5.742938470726507512e+04 1.703456365017549615e+04 1.058052575036450804e+02
5.742938470913357014e+04 1.708256750797515997e+04 1.059397600864578948e+02
5.742938471100206516e+04 1.698081301327053734e+04 1.056259997764387890e+02
5.742938471287056745e+04 1.651181272046153026e+04 1.042161853551654360e+02
5.742938471473906247e+04 1.600504663198813614e+04 1.027228441528010592e+02
5.742938471660755749e+04 1.665548580960904656e+04 1.047131722713364752e+02
5.742938471847605979e+04 1.752759234860583456e+04 1.072865742022942470e+02
5.742938472034455481e+04 1.783186926751942156e+04 1.081535956925223161e+02
5.742938472221304983e+04 1.782423586841949873e+04 1.081290808253773434e+02
5.742938472408154485e+04 1.745809017968388434e+04 1.070599403933600655e+02
5.742938472595004714e+04 1.761826916639985211e+04 1.075301374587742060e+02
5.742938472781854216e+04 1.847224499889797517e+04 1.099772356262226936e+02
5.742938472968703718e+04 1.851094152595648120e+04 1.101082047371221648e+02
5.742938473155553947e+04 1.810190361487748305e+04 1.089228690374389288e+02
5.742938473342403449e+04 1.743091321624924240e+04 1.069440185946682504e+02
5.742938473529252951e+04 1.699137014515031115e+04 1.056250495348007945e+02
5.742938473716103181e+04 1.749412417165178340e+04 1.070915014510289609e+02
5.742938473902952683e+04 1.764401827579901146e+04 1.075514330091695996e+02
5.742938474089802185e+04 1.736258526470123616e+04 1.067544983011786428e+02
5.742938474276652414e+04 1.764994482945408890e+04 1.076082974550494242e+02
5.742938474463501916e+04 1.873771914215989455e+04 1.107162216073537024e+02
5.742938474650351418e+04 1.961877382803120418e+04 1.131812307193020359e+02
5.742938474837201647e+04 1.832130604199030131e+04 1.095401430556301108e+02
5.742938475024051149e+04 1.768438289980633635e+04 1.077093324951442668e+02
5.742938475210900651e+04 1.790227333882132007e+04 1.083528084903396405e+02
5.742938475397750881e+04 1.775264986189715637e+04 1.079097823591229428e+02
5.742938475584600383e+04 1.844524564354179529e+04 1.098786044789501375e+02
5.742938475771449885e+04 1.981135795210552897e+04 1.137013181507119839e+02
5.742938475958300114e+04 1.900138892212700375e+04 1.114440221331837222e+02
5.742938476145149616e+04 1.665953021905429705e+04 1.046747455417341683e+02
5.742938476331999118e+04 1.521642803123217163e+04 1.002488414661147118e+02
5.742938476518849347e+04 1.548744285992206278e+04 1.011021491813979196e+02
5.742938476705698849e+04 1.626440054243462509e+04 1.034866601997567273e+02
5.742938476892548351e+04 1.761890120406646020e+04 1.074833164194292152e+02
5.742938477079398581e+04 1.848158753440213695e+04 1.099701760316818593e+02
5.742938477266248083e+04 1.874944219722892740e+04 1.107257594183386686e+02
5.742938477453097585e+04 1.827108063993054748e+04 1.093774594642658400e+02
5.742938477639947814e+04 1.779231170336088690e+04 1.080158649896416705e+02
5.742938477826797316e+04 1.707343093048981973e+04 1.059285283691497028e+02
5.742938478013646818e+04 1.644562844883694561e+04 1.040819945033328509e+02
5.742938478200496320e+04 1.640945228700181906e+04 1.039670007332733945e+02
5.742938478387346549e+04 1.735480404968848234e+04 1.067651090768364384e+02
5.742938478574196051e+04 1.901748473085743171e+04 1.114857820854014534e+02
5.742938478761045553e+04 1.965300356334746903e+04 1.132465603011064132e+02
5.742938478947895783e+04 1.942168990511543234e+04 1.126052195694819460e+02
5.742938479134745285e+04 1.844612334915309839e+04 1.098734053036483260e+02
5.742938479321594787e+04 1.715352402419813734e+04 1.061258311072377580e+02
5.742938479508445016e+04 1.600307674638562457e+04 1.026696687706410813e+02
5.742938479695294518e+04 1.534525984857969161e+04 1.006585200428485507e+02
5.742938479882144020e+04 1.625899839122481717e+04 1.034560644529206996e+02
5.742938480068994249e+04 1.792664523001492853e+04 1.083741073804589661e+02
5.742938480255843751e+04 1.874029955934672762e+04 1.107554960058382107e+02
5.742938480442693253e+04 1.854993521044193039e+04 1.102135856326825376e+02
5.742938480629543483e+04 1.785079158409191950e+04 1.082270927398850944e+02
5.742938480816392985e+04 1.750764738021811354e+04 1.072005467831090755e+02
5.742938481003242487e+04 1.780517398366477937e+04 1.080223191669906129e+02
5.742938481190092716e+04 1.876274195999197764e+04 1.107686665168719031e+02
5.742938481376942218e+04 1.880509635702893866e+04 1.108872478096547525e+02
5.742938481563791720e+04 1.749328333356416988e+04 1.071139648927735948e+02
5.742938481750641949e+04 1.727863759558554739e+04 1.064762507743378706e+02
5.742938481937491451e+04 1.779977665565549250e+04 1.080141699959650055e+02
5.742938482124340953e+04 1.749404847217493807e+04 1.071096826874960044e+02
5.742938482311191183e+04 1.667921910960748937e+04 1.047089802183561034e+02
5.742938482498040685e+04 1.662658170387213977e+04 1.045319490301107948e+02
5.742938482684890187e+04 1.738267060869531633e+04 1.067702239099919552e+02
5.742938482871740416e+04 1.767837455896178290e+04 1.076470349786355598e+02
5.742938483058589918e+04 1.732382451639374631e+04 1.066336903613831453e+02
5.742938483245439420e+04 1.704538218519511429e+04 1.058299590085878066e+02
5.742938483432289649e+04 1.717372236091910236e+04 1.061995006905660262e+02
5.742938483619139151e+04 1.716883516061624323e+04 1.061778828970808348e+02
5.742938483805988653e+04 1.685296331321239632e+04 1.052705969553967122e+02
5.742938483992838155e+04 1.630834562258325786e+04 1.036484747737341223e+02
5.742938484179688385e+04 1.633857927939235924e+04 1.037371746898588754e+02
5.742938484366537887e+04 1.731107223912419795e+04 1.066035330071090783e+02
5.742938484553387389e+04 1.839624532475582964e+04 1.097442063958439036e+02
5.742938484740237618e+04 1.859016628741264503e+04 1.103099948390609057e+02
5.742938484927087120e+04 1.838328025638775216e+04 1.097164749334432798e+02
5.742938485113936622e+04 1.777556604923596387e+04 1.079456467381763360e+02
5.742938485300786851e+04 1.730135325492648190e+04 1.065744691332927374e+02
5.742938485487636353e+04 1.736832055198654052e+04 1.068020673517195576e+02
5.742938485674485855e+04 1.766525907397929041e+04 1.077178154487295672e+02
5.742938485861336085e+04 1.773031629673813950e+04 1.078984235614515939e+02
5.742938486048185587e+04 1.739749547320937927e+04 1.068885287303228324e+02
5.742938486235035089e+04 1.827577879120051512e+04 1.094197762694155216e+02
5.742938486421885318e+04 1.846309484253072515e+04 1.099564481551432209e+02
5.742938486608734820e+04 1.765276989356275590e+04 1.076340187902501242e+02
5.742938486795584322e+04 1.689321109378320398e+04 1.054345384325391706e+02
5.742938486982434551e+04 1.650311511060475823e+04 1.042982583949939226e+02
5.742938487169284053e+04 1.637447794034388971e+04 1.038730669671402893e+02
5.742938487356133555e+04 1.666115631415398821e+04 1.046561690543116612e+02
5.742938487542983785e+04 1.765906150609523320e+04 1.075546472720754423e+02
5.742938487729833287e+04 1.820098069649088575e+04 1.091352353308516001e+02
5.742938487916682789e+04 1.799601209146397377e+04 1.085654001758557001e+02
5.742938488103533018e+04 1.857651522363309050e+04 1.102798006636586763e+02
5.742938488290382520e+04 1.917580242717951114e+04 1.119789751990913089e+02
5.742938488477232022e+04 1.910386032789268211e+04 1.117975509956163478e+02
5.742938488664082251e+04 1.935406584390998978e+04 1.124776449769097582e+02
5.742938488850931753e+04 1.931995760386485927e+04 1.123553810081320563e+02
5.742938489037781255e+04 1.916463566934135815e+04 1.118959558301634019e+02
5.742938489224631485e+04 1.877726326846221855e+04 1.107862863866953944e+02
5.742938489411480987e+04 1.792981799605639026e+04 1.083722559502296008e+02
5.742938489598330489e+04 1.762247127022637142e+04 1.075318908583091684e+02
5.742938489785179991e+04 1.706500328856382839e+04 1.059614045082906699e+02
5.742938489972030220e+04 1.655374592398216555e+04 1.044476803582444546e+02
5.742938490158879722e+04 1.626442557301844499e+04 1.035840062683749636e+02
5.742938490345729224e+04 1.703962460077435026e+04 1.058416066701635003e+02
5.742938490532579453e+04 1.740021927304759083e+04 1.068499242381212042e+02
5.742938490719428955e+04 1.805524844325073718e+04 1.087302536570357461e+02
5.742938490906278457e+04 1.892223603020473092e+04 1.111938582685823036e+02
5.742938491093128687e+04 1.840072420175039224e+04 1.097476529750197329e+02
5.742938491279978189e+04 1.871383217735312428e+04 1.106833091322120168e+02
5.742938491466827691e+04 1.843477534926123553e+04 1.098946071236600091e+02
5.742938491653677920e+04 1.727035836236573959e+04 1.065357847824203077e+02
5.742938491840527422e+04 1.754582087115283502e+04 1.073146794932348627e+02
5.742938492027376924e+04 1.730453423289459170e+04 1.065997133070252829e+02
5.742938492214227153e+04 1.782634270010109321e+04 1.081353294310286515e+02
5.742938492401076655e+04 1.764649242980586132e+04 1.076299908373735406e+02
5.742938492587926157e+04 1.781389181628081860e+04 1.081095386749389320e+02
5.742938492774776387e+04 1.834484329583963336e+04 1.096044178912480618e+02
5.742938492961625889e+04 1.845125601966386967e+04 1.099065438936647325e+02
5.742938493148475391e+04 1.807634646157867610e+04 1.088417862589035963e+02
5.742938493335325620e+04 1.784158742601067206e+04 1.081578544429641511e+02
5.742938493522175122e+04 1.751776239866547257e+04 1.071932583854395347e+02
5.742938493709024624e+04 1.764731756847767974e+04 1.075606682153284197e+02
5.742938493895874853e+04 1.765831327578711353e+04 1.076250446247905330e+02
5.742938494082724355e+04 1.633787039846197513e+04 1.037259918352102375e+02
5.742938494269573857e+04 1.619420098610019886e+04 1.032824403748640947e+02
5.742938494456424087e+04 1.744363430518549285e+04 1.070008355093033146e+02
5.742938494643273589e+04 1.823586845857890512e+04 1.092878852184952621e+02
5.742938494830123091e+04 1.816441312344799735e+04 1.090756530445404877e+02
5.742938495016973320e+04 1.754201366407972091e+04 1.072680467763894114e+02
5.742938495203822822e+04 1.716351003952139945e+04 1.061554724413244628e+02
5.742938495390672324e+04 1.642126822760149298e+04 1.039601984186067796e+02
5.742938495577521826e+04 1.603842984008253734e+04 1.028159617469162725e+02
5.742938495764372055e+04 1.678861629781321608e+04 1.050970449954135120e+02
5.742938495951221557e+04 1.663407274890087137e+04 1.046391644343393068e+02
5.742938496138071059e+04 1.705838881737424163e+04 1.058920930044826605e+02
5.742938496324921289e+04 1.785663568648513319e+04 1.082136442646631593e+02
5.742938496511770791e+04 1.801034925631374426e+04 1.086490917748358385e+02
5.742938496698620293e+04 1.777587936979778897e+04 1.079744064666199677e+02
5.742938496885470522e+04 1.819585108510679856e+04 1.091842436419513831e+02
5.742938497072320024e+04 1.922629530245907881e+04 1.121009733327851450e+02
5.742938497259169526e+04 1.876798582691659249e+04 1.108019238676004647e+02
5.742938497446019755e+04 1.811229806564456521e+04 1.089628274569219570e+02
5.742938497632869257e+04 1.664653083052106376e+04 1.046882444171672262e+02
5.742938497819718759e+04 1.643153799002018786e+04 1.040255955068030005e+02
5.742938498006568989e+04 1.752382818902193321e+04 1.072343956126438655e+02
5.742938498193418491e+04 1.821398923185822787e+04 1.091992079343248605e+02
5.742938498380267993e+04 1.808748022328988736e+04 1.088271252150596098e+02
5.742938498567118222e+04 1.808748243833637389e+04 1.088475084148675052e+02
5.742938498753967724e+04 1.889441038497594127e+04 1.111716573373292078e+02
5.742938498940817226e+04 1.887478417446132516e+04 1.111333558418147476e+02
5.742938499127667455e+04 1.826688573049995466e+04 1.094019498115253270e+02
5.742938499314516957e+04 1.764514370697724735e+04 1.076393970331188825e+02
5.742938499501366459e+04 1.807582754168378233e+04 1.088874321885079439e+02
5.742938499688216689e+04 1.851122773377481280e+04 1.101356404340584021e+02
5.742938499875066191e+04 1.842166949707208187e+04 1.098814554167232416e+02
5.742938500061915693e+04 1.731561442664941205e+04 1.066858389889822405e+02
5.742938500248765922e+04 1.710673822355374432e+04 1.060660788715748168e+02
5.742938500435615424e+04 1.729507553858880419e+04 1.066043849973680722e+02
5.742938500622464926e+04 1.690831750630596798e+04 1.054500049392467105e+02
5.742938500809315155e+04 1.660022235160417404e+04 1.045090312986782379e+02
5.742938500996164657e+04 1.633392975866878805e+04 1.036920245647020238e+02
5.742938501183014159e+04 1.662779109266946398e+04 1.045556610867664205e+02
5.742938501369863661e+04 1.714361138536924409e+04 1.061036530763880705e+02
5.742938501556713891e+04 1.774880636183158640e+04 1.078977812387429509e+02
5.742938501743563393e+04 1.784617592115471780e+04 1.081871988407700655e+02
5.742938501930412895e+04 1.826494528979494498e+04 1.094099445358778695e+02
5.742938502117263124e+04 1.845204718719204539e+04 1.099409892731881513e+02
5.742938502304112626e+04 1.903034292098078731e+04 1.115678431680829163e+02
5.742938502490962128e+04 1.937313428534359628e+04 1.125310932950998364e+02
5.742938502677812357e+04 1.886758803706556864e+04 1.110884216207828956e+02
5.742938502864661859e+04 1.769270407459740454e+04 1.077243932406700253e+02
5.742938503051511361e+04 1.659397370460393722e+04 1.044901138557012104e+02
5.742938503238361591e+04 1.614421745513909991e+04 1.031442457196758937e+02
5.742938503425211093e+04 1.602910957832575332e+04 1.028049317772469351e+02
5.742938503612060595e+04 1.596563194870202642e+04 1.025952847960849823e+02
5.742938503798910824e+04 1.649697068417550327e+04 1.042180339435194014e+02
5.742938503985760326e+04 1.696310518213308023e+04 1.056155973026907304e+02
5.742938504172609828e+04 1.741910733411139881e+04 1.069656745228416241e+02
5.742938504359460057e+04 1.757493848186704781e+04 1.074019032423054085e+02
5.742938504546309559e+04 1.876125503981017755e+04 1.107792620028869663e+02
5.742938504733159061e+04 1.970991954585665735e+04 1.134184254372163423e+02
5.742938504920009291e+04 1.872027618563402939e+04 1.106724676037134998e+02
5.742938505106858793e+04 1.747440217585277787e+04 1.070897592190886058e+02
5.742938505293708295e+04 1.690715741542364776e+04 1.053986744842932950e+02
5.742938505480558524e+04 1.641829071343598844e+04 1.039515433491725815e+02
5.742938505667408026e+04 1.641383063073247467e+04 1.039666865407202465e+02
5.742938505854257528e+04 1.694283667684218381e+04 1.055507102536121096e+02
5.742938506041107757e+04 1.760925545432335639e+04 1.074899303496399057e+02
5.742938506227957259e+04 1.762379125258293061e+04 1.075256691593092597e+02
5.742938506414806761e+04 1.644559678312035612e+04 1.040150005046970421e+02
5.742938506601656991e+04 1.417987404888292076e+04 9.692476070067682770e+01
5.742938506788506493e+04 1.179473660779523561e+04 8.893391510053942284e+01
5.742938506975355995e+04 1.041754912076122309e+04 8.396424799023768060e+01
5.742938507162205497e+04 9.869990178872605611e+03 8.189674853587501957e+01
5.742938507349055726e+04 9.676721234913269654e+03 8.118800199135195328e+01
5.742938507535905228e+04 9.395487910446425303e+03 8.013208220388695224e+01
5.742938507722754730e+04 9.313450516112043260e+03 7.980929290861047321e+01
5.742938507909604959e+04 9.329616964979637487e+03 7.986673687798695198e+01
5.742938508096454461e+04 9.332086334058854845e+03 7.990004232284155705e+01
5.742938508283303963e+04 9.255395723037978314e+03 7.963642622587843789e+01
5.742938508470154193e+04 9.170543667385334629e+03 7.928270756187465906e+01
5.742938508657003695e+04 9.178110734277535812e+03 7.924942883797753268e+01
5.742938508843853197e+04 9.307373990519943618e+03 7.971916991189493729e+01
5.742938509030703426e+04 9.235491861567898013e+03 7.945689576095969642e+01
5.742938509217552928e+04 9.099945632672766806e+03 7.897626524949674831e+01
5.742938509404402430e+04 9.053629612665601599e+03 7.878125481797920315e+01
5.742938509591252659e+04 9.174392431286858482e+03 7.923700050212779900e+01
5.742938509778102161e+04 8.971996495733426855e+03 7.843814751943456542e+01
