5.745938921529999789e+04 1.392892625190125545e+04 1.125444016535659131e+02
5.745938922006312350e+04 1.384829231120697659e+04 1.122936478345684463e+02
5.745938922482625640e+04 1.401009938901504938e+04 1.127233823210817434e+02
5.745938922958938201e+04 1.402617426354536110e+04 1.127843351049592826e+02
5.745938923435250763e+04 1.387118672698323644e+04 1.122796454361226495e+02
5.745938923911564052e+04 1.401908190800962620e+04 1.126636766728677230e+02
5.745938924387876614e+04 1.407449136683644247e+04 1.129214932597103740e+02
5.745938924864189175e+04 1.400456664647050275e+04 1.126884396478775301e+02
5.745938925340501737e+04 1.394433234747436290e+04 1.125492845314149690e+02
5.745938925816815026e+04 1.398659536196124463e+04 1.126051351496744104e+02
5.745938926293127588e+04 1.389235930488160375e+04 1.124336661340338139e+02
5.745938926769440150e+04 1.395903478906876444e+04 1.125792536703629452e+02
5.745938927245753439e+04 1.402974924892011404e+04 1.127984653992739510e+02
5.745938927722066001e+04 1.422339694845010490e+04 1.133584175690585738e+02
5.745938928198378562e+04 1.408166150124206797e+04 1.129963502590869950e+02
5.745938928674691851e+04 1.387138956793641046e+04 1.124839424079769117e+02
5.745938929151004413e+04 1.395964349825236059e+04 1.127956785379843154e+02
5.745938929627316975e+04 1.394163311195334973e+04 1.125697621667833062e+02
5.745938930103630264e+04 1.412910675013553555e+04 1.129710477451932746e+02
5.745938930579942826e+04 1.413083946651760925e+04 1.130169153416839691e+02
5.745938931056255387e+04 1.399266835036755947e+04 1.126913357696819986e+02
5.745938931532567949e+04 1.411128926564577523e+04 1.130507972760711795e+02
5.745938932008881238e+04 1.421161845107955742e+04 1.132053387141134806e+02
5.745938932485193800e+04 1.424495238974659878e+04 1.133716820253262654e+02
5.745938932961506362e+04 1.429226101589615791e+04 1.135171944106142519e+02
5.745938933437819651e+04 1.420665045124445533e+04 1.132424016736192556e+02
5.745938933914132213e+04 1.458954522413029190e+04 1.143961572382807361e+02
5.745938934390444774e+04 1.450429862811121893e+04 1.141710762043736480e+02
5.745938934866758063e+04 1.452522763323353138e+04 1.141655137075790520e+02
5.745938935343070625e+04 1.494618186994050120e+04 1.152777360340504060e+02
5.745938935819383187e+04 1.518023351538178758e+04 1.158859702477267888e+02
5.745938936295696476e+04 1.494868593707334730e+04 1.152947157885608505e+02
5.745938936772009038e+04 1.489616630808333866e+04 1.149824194884625257e+02
5.745938937248321599e+04 1.518349475605428415e+04 1.157401914456537071e+02
5.745938937724634161e+04 1.519763085359979414e+04 1.159815916655199430e+02
5.745938938200947450e+04 1.507864964557273197e+04 1.157183081681938575e+02
5.745938938677260012e+04 1.516651946046289231e+04 1.158559618578356520e+02
5.745938939153572574e+04 1.507949447350207629e+04 1.156175240334540888e+02
5.745938939629885863e+04 1.518400443980483215e+04 1.159191675449665553e+02
5.745938940106198424e+04 1.513951209358225242e+04 1.157552349932375080e+02
5.745938940582510986e+04 1.523295723872892631e+04 1.160212673863357082e+02
5.745938941058824275e+04 1.519019707167605884e+04 1.158481001286725416e+02
5.745938941535136837e+04 1.494439507409271391e+04 1.151772095594863572e+02
5.745938942011449399e+04 1.502541916329769447e+04 1.155024736534942065e+02
5.745938942487762688e+04 1.497897066510776494e+04 1.153037649706936492e+02
5.745938942964075250e+04 1.512134394916741076e+04 1.157532678985903800e+02
5.745938943440387811e+04 1.507472022224702232e+04 1.156476665730491362e+02
5.745938943916700373e+04 1.524196653435137705e+04 1.162010110286035172e+02
5.745938944393013662e+04 1.535515904140957718e+04 1.163588134918937271e+02
5.745938944869326224e+04 1.500816293572178256e+04 1.153817240242792082e+02
5.745938945345638786e+04 1.480442150455433512e+04 1.148590150419481546e+02
5.745938945821952075e+04 1.495657192717221733e+04 1.151510963376254324e+02
5.745938946298264636e+04 1.495464779269409337e+04 1.154156617930857891e+02
5.745938946774577198e+04 1.515819126114179380e+04 1.158758082275054022e+02
5.745938947250890487e+04 1.515415672424741388e+04 1.157775746137703834e+02
5.745938947727203049e+04 1.509898176836406492e+04 1.157439640673207322e+02
5.745938948203515611e+04 1.515273462919344820e+04 1.158129321972535166e+02
5.745938948679828900e+04 1.506060048945635754e+04 1.156456825789222194e+02
5.745938949156141462e+04 1.507235072990763729e+04 1.157023372850479035e+02
5.745938949632454023e+04 1.504360970018532680e+04 1.156007238695757025e+02
5.745938950108766585e+04 1.529723469013244176e+04 1.162659809642093904e+02
5.745938950585079874e+04 1.535209783634871201e+04 1.163851547149949823e+02
5.745938951061392436e+04 1.504133446901712523e+04 1.155320569601572203e+02
5.745938951537704997e+04 1.488776050603180920e+04 1.151195799367866783e+02
5.745938952014018287e+04 1.478513701255015258e+04 1.147517987736836034e+02
5.745938952490330848e+04 1.492689147650539235e+04 1.152247015322271153e+02
5.745938952966643410e+04 1.491922328186777850e+04 1.152034142991863490e+02
5.745938953442956699e+04 1.497627794421271938e+04 1.153549252926642765e+02
5.745938953919269261e+04 1.499755171146335670e+04 1.153732252952683268e+02
5.745938954395581823e+04 1.492237772422550552e+04 1.151997596844533831e+02
5.745938954871895112e+04 1.516711988809316790e+04 1.158088958152985271e+02
5.745938955348207674e+04 1.506493817474915340e+04 1.155624026902942632e+02
5.745938955824520235e+04 1.512129038488584956e+04 1.157861646963353763e+02
5.745938956300832797e+04 1.477287109758618317e+04 1.149503334478441587e+02
5.745938956777146086e+04 1.470338285830184759e+04 1.146211495232753919e+02
5.745938957253458648e+04 1.486480740934192363e+04 1.150664967102798499e+02
5.745938957729771209e+04 1.490734681586063743e+04 1.151488559153047930e+02
5.745938958206084499e+04 1.493923451927975839e+04 1.152449242811285472e+02
5.745938958682397060e+04 1.457480550724966815e+04 1.143221057035371615e+02
5.745938959158709622e+04 1.469984610614051235e+04 1.144911612199791335e+02
5.745938959635022911e+04 1.433389000212479732e+04 1.135300476546567268e+02
5.745938960111335473e+04 1.451622486828923866e+04 1.140810901183525061e+02
5.745938960587648035e+04 1.445105566899082805e+04 1.140228883346989761e+02
5.745938961063961324e+04 1.433290447864666203e+04 1.136397591773388456e+02
5.745938961540273885e+04 1.456617683394080814e+04 1.143016310292326381e+02
5.745938962016586447e+04 1.452052338250407774e+04 1.141644210587101753e+02
5.745938962492899736e+04 1.465922466308369258e+04 1.145811365642474158e+02
5.745938962969212298e+04 1.433763340909626277e+04 1.136819767932591105e+02
5.745938963445524860e+04 1.435996084436745878e+04 1.137476811632735263e+02
5.745938963921837421e+04 1.445092580363738671e+04 1.140032524682753490e+02
5.745938964398150711e+04 1.448033431414342340e+04 1.139113993296355858e+02
5.745938964874463272e+04 1.438806643694424565e+04 1.137808189632247604e+02
5.745938965350775834e+04 1.443918410269411834e+04 1.139053493650388305e+02
5.745938965827089123e+04 1.440877954248397873e+04 1.137348397260330728e+02
5.745938966303401685e+04 1.442138593845602372e+04 1.137088304663049030e+02
5.745938966779714247e+04 1.448902046016895838e+04 1.141116720752389995e+02
5.745938967256027536e+04 1.429565584206176936e+04 1.135967508413569362e+02
5.745938967732340097e+04 1.430926545551255731e+04 1.135848040914488308e+02
5.745938968208652659e+04 1.435472269179157229e+04 1.136674559972452272e+02
5.745938968684965948e+04 1.429647670861288134e+04 1.135278369465346344e+02
5.745938969161278510e+04 1.419066035279712742e+04 1.131782486387884745e+02
5.745938969637591072e+04 1.455614427617248293e+04 1.141630870874943611e+02
5.745938970113903633e+04 1.424670039820950842e+04 1.133535603958508489e+02
5.745938970590216923e+04 1.432441825981265174e+04 1.135876574957237750e+02
5.745938971066529484e+04 1.455898695981403762e+04 1.142228153693553026e+02
5.745938971542842046e+04 1.443703939403678123e+04 1.139444167752890422e+02
5.745938972019155335e+04 1.446307995269430648e+04 1.140200416031959350e+02
5.745938972495467897e+04 1.458598460006165624e+04 1.142377027266817038e+02
5.745938972971780458e+04 1.446924755706159340e+04 1.140123575166860661e+02
5.745938973448093748e+04 1.444680922936625757e+04 1.139743290383312484e+02
5.745938973924406309e+04 1.448555875507237579e+04 1.140131341460642744e+02
5.745938974400718871e+04 1.471811287009603257e+04 1.146311167604586672e+02
5.745938974877032160e+04 1.467210037550046763e+04 1.145934792630037578e+02
5.745938975353344722e+04 1.435539528101016913e+04 1.136382723479302967e+02
5.745938975829657284e+04 1.443341080026610143e+04 1.138875942092807350e+02
5.745938976305969845e+04 1.443797874640282680e+04 1.139395174717621160e+02
5.745938976782283135e+04 1.463934310610973625e+04 1.144648026205219935e+02
5.745938977258595696e+04 1.447805939091001164e+04 1.139560871216231988e+02
5.745938977734908258e+04 1.448558573630013780e+04 1.139726429369449647e+02
5.745938978211221547e+04 1.449141954060000535e+04 1.140042317093447508e+02
5.745938978687534109e+04 1.451846635440959290e+04 1.141414210915036591e+02
5.745938979163846670e+04 1.461437231417897056e+04 1.143514515059524399e+02
5.745938979640159960e+04 1.473908612396190438e+04 1.147527766297496896e+02
5.745938980116472521e+04 1.435486293038083750e+04 1.136749706281934920e+02
5.745938980592785083e+04 1.446986612736718598e+04 1.140236212981537705e+02
5.745938981069098372e+04 1.466089391043493379e+04 1.144927051946045822e+02
5.745938981545410934e+04 1.451487858466265607e+04 1.141181110908278242e+02
5.745938982021723496e+04 1.459135968340232830e+04 1.142952667639551265e+02
5.745938982498036057e+04 1.458400558446976720e+04 1.143360097015466295e+02
5.745938982974349346e+04 1.450713723509960619e+04 1.140796298536660061e+02
5.745938983450661908e+04 1.440711438710223229e+04 1.138630372511141928e+02
5.745938983926974470e+04 1.439307009430114704e+04 1.137620345860232618e+02
5.745938984403287759e+04 1.461817570708418862e+04 1.143494979358835621e+02
5.745938984879600321e+04 1.449222942588464502e+04 1.140428099468823859e+02
5.745938985355912882e+04 1.447418923463758620e+04 1.139958799187171650e+02
5.745938985832226172e+04 1.442940785327020058e+04 1.137935344626722269e+02
5.745938986308538733e+04 1.443660461075662170e+04 1.139049501777169553e+02
5.745938986784851295e+04 1.451403586921661554e+04 1.141295251145574809e+02
5.745938987261164584e+04 1.448459426546005125e+04 1.140725591941873063e+02
5.745938987737477146e+04 1.435623721345749982e+04 1.136776308631275896e+02
5.745938988213789708e+04 1.432706249149234282e+04 1.135507868441811610e+02
5.745938988690102269e+04 1.407437557042456319e+04 1.129337261848018841e+02
5.745938989166415558e+04 1.384147367019584999e+04 1.121406540416499240e+02
5.745938989642728120e+04 1.360450393232872739e+04 1.115940506018145868e+02
5.745938990119040682e+04 1.363492974365171176e+04 1.117242217695589233e+02
5.745938990595353971e+04 1.363351137730227128e+04 1.116972705021830308e+02
5.745938991071666533e+04 1.350058403599718076e+04 1.112763305294635359e+02
