2.457429877596400212e+06 1.796380684859664325e+04 1.127429796466702641e+02
2.457429877605086192e+06 1.781666016077112363e+04 1.122944192123584344e+02
2.457429877613771707e+06 1.776772751193576551e+04 1.121172737622273274e+02
2.457429877622457687e+06 1.901232281268084625e+04 1.155752932298701694e+02
2.457429877631143201e+06 1.836854102466724726e+04 1.138157284092981456e+02
2.457429877639829181e+06 1.881551491970485949e+04 1.150103469672121292e+02
2.457429877648514695e+06 1.872349089445891150e+04 1.147513263793998988e+02
2.457429877657200675e+06 1.755024521665219800e+04 1.114522281588622832e+02
2.457429877665886190e+06 1.812268925419560037e+04 1.131214429157169690e+02
2.457429877674572170e+06 1.785709325267650638e+04 1.123845503474037173e+02
2.457429877683257684e+06 1.791222457320601825e+04 1.125408836377277169e+02
2.457429877691943664e+06 1.752379984085648175e+04 1.114308280594411542e+02
2.457429877700629178e+06 1.782071229383680475e+04 1.122593668085938248e+02
2.457429877709315158e+06 1.844531470630787226e+04 1.140391203185147759e+02
2.457429877718001138e+06 1.751816967773437500e+04 1.114009195524373297e+02
2.457429877726686653e+06 1.695920822030526688e+04 1.098475303674247812e+02
2.457429877735372633e+06 1.781185804578992975e+04 1.122325592791469688e+02
2.457429877744058147e+06 1.856034681532117975e+04 1.143045210931953335e+02
2.457429877752744127e+06 1.828205616138599362e+04 1.135116066924772582e+02
2.457429877761429641e+06 1.808655721028645712e+04 1.129885317061176977e+02
2.457429877770115621e+06 1.848806292046441013e+04 1.140302558534052650e+02
2.457429877778801136e+06 1.734087264901620438e+04 1.115871766423871918e+02
2.457429877787487116e+06 1.790730040147569525e+04 1.126500848764934375e+02
2.457429877796172630e+06 1.814006904658564963e+04 1.129792763735956811e+02
2.457429877804858610e+06 1.850037449363425912e+04 1.140060479650621375e+02
2.457429877813544124e+06 1.733005387821903787e+04 1.106931361086385976e+02
2.457429877822230104e+06 1.713532915581597263e+04 1.101375261814075941e+02
2.457429877830916084e+06 1.806450285734953650e+04 1.127740867115134904e+02
2.457429877839601599e+06 1.839111195656105338e+04 1.137203191572356786e+02
2.457429877848287579e+06 1.774888206199363412e+04 1.119050726336967188e+02
2.457429877856973093e+06 1.858645318377459625e+04 1.142349707585097320e+02
2.457429877865659073e+06 1.901193120659722263e+04 1.154374361355413470e+02
2.457429877874344587e+06 1.809341361942997537e+04 1.128321559980873303e+02
2.457429877883030567e+06 1.812738543475115875e+04 1.129638645148760929e+02
2.457429877891716082e+06 1.816563552065248950e+04 1.130837655406364490e+02
2.457429877900402062e+06 1.783739734338831113e+04 1.121505588543159320e+02
2.457429877909087576e+06 1.901172644495081113e+04 1.154308558859433305e+02
2.457429877917773556e+06 1.879309404839409763e+04 1.148219058270469475e+02
2.457429877926459070e+06 1.821046734393084625e+04 1.132041354079604076e+02
2.457429877935145050e+06 1.829833904803240875e+04 1.134447064429907783e+02
2.457429877943830565e+06 1.774805126953125000e+04 1.119402213962025598e+02
2.457429877952516545e+06 1.793129391366464188e+04 1.124540696402196573e+02
2.457429877961202525e+06 1.806403963216145712e+04 1.128578785174387491e+02
2.457429877969888039e+06 1.892919776294849726e+04 1.152250011055029972e+02
2.457429877978574019e+06 1.876249389648437500e+04 1.147386835891801411e+02
2.457429877987259533e+06 1.842207368525752463e+04 1.138664698274574647e+02
2.457429877995945513e+06 1.897036356155960675e+04 1.153562048745036606e+02
2.457429878004631028e+06 1.877874966995804425e+04 1.148395032276081338e+02
2.457429878013317008e+06 1.828717293294270712e+04 1.134592301980875249e+02
2.457429878022002522e+06 1.821389119918258075e+04 1.132665946755383573e+02
2.457429878030688502e+06 1.967071966778790375e+04 1.172918255292603789e+02
2.457429878039374016e+06 2.080137073658130612e+04 1.203150286410672294e+02
2.457429878048059996e+06 2.044952977159288275e+04 1.193839537907387296e+02
2.457429878056745511e+06 2.023684153464988412e+04 1.188079818652682604e+02
2.457429878065431491e+06 2.085838585973668887e+04 1.204779505554638774e+02
2.457429878074117471e+06 2.015010933883101825e+04 1.185880638790546158e+02
2.457429878082802985e+06 2.062316743525752463e+04 1.198475697722387423e+02
2.457429878091488965e+06 2.075979670319733850e+04 1.202291497115129744e+02
2.457429878100174479e+06 2.080162605342158713e+04 1.202901391312186092e+02
2.457429878108860459e+06 2.025076906557436450e+04 1.188587685943618624e+02
2.457429878117545974e+06 2.057139574291087774e+04 1.197275211469771818e+02
2.457429878126231954e+06 2.023665914351851825e+04 1.188190417676712798e+02
2.457429878134917468e+06 2.025709687861689963e+04 1.188611675674530659e+02
2.457429878143603448e+06 2.046484846553096213e+04 1.194072249053380972e+02
2.457429878152288962e+06 1.987368300148292838e+04 1.178678893961297121e+02
2.457429878160974942e+06 1.928738172743055475e+04 1.162238254266022182e+02
2.457429878169660456e+06 1.809466163013599726e+04 1.129736889208674171e+02
2.457429878178346436e+06 1.713475455729166788e+04 1.102125841270750186e+02
2.457429878187032416e+06 1.745836471896701551e+04 1.111276806460517008e+02
2.457429878195717931e+06 1.728714775933159763e+04 1.106739172130099718e+02
2.457429878204403911e+06 1.670680433937355338e+04 1.089672915115677085e+02
2.457429878213089425e+06 1.756872013346354288e+04 1.114771076232812987e+02
2.457429878221775405e+06 1.680507332356770712e+04 1.092746352437115291e+02
2.457429878230460919e+06 1.665975117549189963e+04 1.088637275472845261e+02
2.457429878239146899e+06 1.626852973994502281e+04 1.077076008221413588e+02
2.457429878247832414e+06 1.628509222638165556e+04 1.078172618573508714e+02
2.457429878256518394e+06 1.683542958803530200e+04 1.095206910347590394e+02
2.457429878265203908e+06 1.632430818684895894e+04 1.081858040503459222e+02
2.457429878273889888e+06 1.614081379304108850e+04 1.077331707202102677e+02
2.457429878282575402e+06 1.597356027560763869e+04 1.072734529418026312e+02
2.457429878291261382e+06 1.560550095847800912e+04 1.060868151148606415e+02
