5.746342602159999660e+04 0.000000000000000000e+00 0.000000000000000000e+00
5.746342602345364139e+04 0.000000000000000000e+00 0.000000000000000000e+00
5.746342602530727891e+04 0.000000000000000000e+00 0.000000000000000000e+00
5.746342602716092370e+04 0.000000000000000000e+00 0.000000000000000000e+00
5.746342602901456121e+04 0.000000000000000000e+00 0.000000000000000000e+00
5.746342603086820600e+04 0.000000000000000000e+00 0.000000000000000000e+00
5.746342603272185079e+04 0.000000000000000000e+00 0.000000000000000000e+00
5.746342603457548830e+04 0.000000000000000000e+00 0.000000000000000000e+00
5.746342603642913309e+04 0.000000000000000000e+00 0.000000000000000000e+00
5.746342603828277788e+04 0.000000000000000000e+00 0.000000000000000000e+00
5.746342604013641539e+04 0.000000000000000000e+00 0.000000000000000000e+00
5.746342604199006018e+04 0.000000000000000000e+00 0.000000000000000000e+00
5.746342604384369770e+04 0.000000000000000000e+00 0.000000000000000000e+00
5.746342604569734249e+04 0.000000000000000000e+00 0.000000000000000000e+00
5.746342604755098728e+04 0.000000000000000000e+00 0.000000000000000000e+00
5.746342604940462479e+04 0.000000000000000000e+00 0.000000000000000000e+00
5.746342605125826958e+04 0.000000000000000000e+00 0.000000000000000000e+00
5.746342605311190709e+04 0.000000000000000000e+00 0.000000000000000000e+00
5.746342605496555188e+04 0.000000000000000000e+00 0.000000000000000000e+00
5.746342605681919667e+04 0.000000000000000000e+00 0.000000000000000000e+00
5.746342605867283419e+04 0.000000000000000000e+00 0.000000000000000000e+00
5.746342606052647898e+04 0.000000000000000000e+00 0.000000000000000000e+00
5.746342606238011649e+04 0.000000000000000000e+00 0.000000000000000000e+00
5.746342606423376128e+04 0.000000000000000000e+00 0.000000000000000000e+00
5.746342606608740607e+04 0.000000000000000000e+00 0.000000000000000000e+00
5.746342606794104358e+04 0.000000000000000000e+00 0.000000000000000000e+00
5.746342606979468837e+04 0.000000000000000000e+00 0.000000000000000000e+00
5.746342607164833316e+04 0.000000000000000000e+00 0.000000000000000000e+00
5.746342607350197068e+04 0.000000000000000000e+00 0.000000000000000000e+00
5.746342607535561547e+04 0.000000000000000000e+00 0.000000000000000000e+00
5.746342607720925298e+04 0.000000000000000000e+00 0.000000000000000000e+00
5.746342607906289777e+04 0.000000000000000000e+00 0.000000000000000000e+00
5.746342608091654256e+04 0.000000000000000000e+00 0.000000000000000000e+00
5.746342608277018007e+04 0.000000000000000000e+00 0.000000000000000000e+00
5.746342608462382486e+04 0.000000000000000000e+00 0.000000000000000000e+00
5.746342608647746238e+04 0.000000000000000000e+00 0.000000000000000000e+00
5.746342608833110717e+04 0.000000000000000000e+00 0.000000000000000000e+00
5.746342609018475196e+04 0.000000000000000000e+00 0.000000000000000000e+00
5.746342609203838947e+04 0.000000000000000000e+00 0.000000000000000000e+00
5.746342609389203426e+04 0.000000000000000000e+00 0.000000000000000000e+00
5.746342609574567905e+04 0.000000000000000000e+00 0.000000000000000000e+00
5.746342609759931656e+04 0.000000000000000000e+00 0.000000000000000000e+00
5.746342609945296135e+04 0.000000000000000000e+00 0.000000000000000000e+00
5.746342610130659887e+04 0.000000000000000000e+00 0.000000000000000000e+00
5.746342610316024366e+04 0.000000000000000000e+00 0.000000000000000000e+00
5.746342610501388845e+04 0.000000000000000000e+00 0.000000000000000000e+00
5.746342610686752596e+04 0.000000000000000000e+00 0.000000000000000000e+00
5.746342610872117075e+04 0.000000000000000000e+00 0.000000000000000000e+00
5.746342611057480826e+04 0.000000000000000000e+00 0.000000000000000000e+00
5.746342611242845305e+04 0.000000000000000000e+00 0.000000000000000000e+00
5.746342611428209784e+04 0.000000000000000000e+00 0.000000000000000000e+00
5.746342611613573536e+04 0.000000000000000000e+00 0.000000000000000000e+00
5.746342611798938015e+04 0.000000000000000000e+00 0.000000000000000000e+00
5.746342611984302494e+04 0.000000000000000000e+00 0.000000000000000000e+00
5.746342612169666245e+04 0.000000000000000000e+00 0.000000000000000000e+00
5.746342612355030724e+04 0.000000000000000000e+00 0.000000000000000000e+00
5.746342612540394475e+04 0.000000000000000000e+00 0.000000000000000000e+00
5.746342612725758954e+04 0.000000000000000000e+00 0.000000000000000000e+00
5.746342612911123433e+04 0.000000000000000000e+00 0.000000000000000000e+00
5.746342613096487185e+04 0.000000000000000000e+00 0.000000000000000000e+00
5.746342613281851663e+04 0.000000000000000000e+00 0.000000000000000000e+00
5.746342613467215415e+04 0.000000000000000000e+00 0.000000000000000000e+00
5.746342613652579894e+04 0.000000000000000000e+00 0.000000000000000000e+00
5.746342613837944373e+04 0.000000000000000000e+00 0.000000000000000000e+00
5.746342614023308124e+04 0.000000000000000000e+00 0.000000000000000000e+00
5.746342614208672603e+04 0.000000000000000000e+00 0.000000000000000000e+00
5.746342614394036354e+04 0.000000000000000000e+00 0.000000000000000000e+00
5.746342614579400833e+04 0.000000000000000000e+00 0.000000000000000000e+00
5.746342614764765312e+04 0.000000000000000000e+00 0.000000000000000000e+00
5.746342614950129064e+04 0.000000000000000000e+00 0.000000000000000000e+00
5.746342615135493543e+04 0.000000000000000000e+00 0.000000000000000000e+00
5.746342615320858022e+04 0.000000000000000000e+00 0.000000000000000000e+00
5.746342615506221773e+04 0.000000000000000000e+00 0.000000000000000000e+00
5.746342615691586252e+04 0.000000000000000000e+00 0.000000000000000000e+00
5.746342615876950003e+04 0.000000000000000000e+00 0.000000000000000000e+00
5.746342616062314482e+04 0.000000000000000000e+00 0.000000000000000000e+00
5.746342616247678961e+04 0.000000000000000000e+00 0.000000000000000000e+00
5.746342616433042713e+04 0.000000000000000000e+00 0.000000000000000000e+00
5.746342616618407192e+04 0.000000000000000000e+00 0.000000000000000000e+00
5.746342616803770943e+04 0.000000000000000000e+00 0.000000000000000000e+00
5.746342616989135422e+04 0.000000000000000000e+00 0.000000000000000000e+00
5.746342617174499901e+04 0.000000000000000000e+00 0.000000000000000000e+00
5.746342617359863652e+04 0.000000000000000000e+00 0.000000000000000000e+00
5.746342617545228131e+04 0.000000000000000000e+00 0.000000000000000000e+00
5.746342617730592610e+04 0.000000000000000000e+00 0.000000000000000000e+00
5.746342617915956362e+04 0.000000000000000000e+00 0.000000000000000000e+00
5.746342618101320841e+04 0.000000000000000000e+00 0.000000000000000000e+00
5.746342618286684592e+04 0.000000000000000000e+00 0.000000000000000000e+00
5.746342618472049071e+04 0.000000000000000000e+00 0.000000000000000000e+00
5.746342618657413550e+04 0.000000000000000000e+00 0.000000000000000000e+00
5.746342618842777301e+04 0.000000000000000000e+00 0.000000000000000000e+00
5.746342619028141780e+04 0.000000000000000000e+00 0.000000000000000000e+00
5.746342619213505532e+04 0.000000000000000000e+00 0.000000000000000000e+00
5.746342619398870011e+04 0.000000000000000000e+00 0.000000000000000000e+00
5.746342619584234490e+04 0.000000000000000000e+00 0.000000000000000000e+00
5.746342619769598241e+04 0.000000000000000000e+00 0.000000000000000000e+00
5.746342619954962720e+04 0.000000000000000000e+00 0.000000000000000000e+00
5.746342620140326471e+04 0.000000000000000000e+00 0.000000000000000000e+00
5.746342620325690950e+04 0.000000000000000000e+00 0.000000000000000000e+00
5.746342620511055429e+04 0.000000000000000000e+00 0.000000000000000000e+00
5.746342620696419181e+04 0.000000000000000000e+00 0.000000000000000000e+00
5.746342620881783660e+04 0.000000000000000000e+00 0.000000000000000000e+00
5.746342621067148139e+04 0.000000000000000000e+00 0.000000000000000000e+00
5.746342621252511890e+04 0.000000000000000000e+00 0.000000000000000000e+00
5.746342621437876369e+04 0.000000000000000000e+00 0.000000000000000000e+00
5.746342621623240120e+04 0.000000000000000000e+00 0.000000000000000000e+00
5.746342621808604599e+04 0.000000000000000000e+00 0.000000000000000000e+00
5.746342621993969078e+04 0.000000000000000000e+00 0.000000000000000000e+00
5.746342622179332830e+04 0.000000000000000000e+00 0.000000000000000000e+00
5.746342622364697309e+04 0.000000000000000000e+00 0.000000000000000000e+00
5.746342622550061060e+04 0.000000000000000000e+00 0.000000000000000000e+00
5.746342622735425539e+04 0.000000000000000000e+00 0.000000000000000000e+00
5.746342622920790018e+04 0.000000000000000000e+00 0.000000000000000000e+00
5.746342623106153769e+04 0.000000000000000000e+00 0.000000000000000000e+00
5.746342623291518248e+04 0.000000000000000000e+00 0.000000000000000000e+00
5.746342623476882727e+04 0.000000000000000000e+00 0.000000000000000000e+00
5.746342623662246478e+04 0.000000000000000000e+00 0.000000000000000000e+00
5.746342623847610957e+04 0.000000000000000000e+00 0.000000000000000000e+00
5.746342624032974709e+04 0.000000000000000000e+00 0.000000000000000000e+00
5.746342624218339188e+04 0.000000000000000000e+00 0.000000000000000000e+00
5.746342624403703667e+04 0.000000000000000000e+00 0.000000000000000000e+00
5.746342624589067418e+04 0.000000000000000000e+00 0.000000000000000000e+00
5.746342624774431897e+04 0.000000000000000000e+00 0.000000000000000000e+00
5.746342624959795648e+04 0.000000000000000000e+00 0.000000000000000000e+00
5.746342625145160127e+04 0.000000000000000000e+00 0.000000000000000000e+00
5.746342625330524606e+04 0.000000000000000000e+00 0.000000000000000000e+00
5.746342625515888358e+04 0.000000000000000000e+00 0.000000000000000000e+00
5.746342625701252837e+04 0.000000000000000000e+00 0.000000000000000000e+00
5.746342625886617316e+04 0.000000000000000000e+00 0.000000000000000000e+00
5.746342626071981067e+04 0.000000000000000000e+00 0.000000000000000000e+00
5.746342626257345546e+04 0.000000000000000000e+00 0.000000000000000000e+00
5.746342626442709297e+04 0.000000000000000000e+00 0.000000000000000000e+00
5.746342626628073776e+04 0.000000000000000000e+00 0.000000000000000000e+00
5.746342626813438255e+04 0.000000000000000000e+00 0.000000000000000000e+00
5.746342626998802007e+04 0.000000000000000000e+00 0.000000000000000000e+00
5.746342627184166486e+04 0.000000000000000000e+00 0.000000000000000000e+00
5.746342627369530237e+04 0.000000000000000000e+00 0.000000000000000000e+00
5.746342627554894716e+04 0.000000000000000000e+00 0.000000000000000000e+00
5.746342627740259195e+04 0.000000000000000000e+00 0.000000000000000000e+00
5.746342627925622946e+04 0.000000000000000000e+00 0.000000000000000000e+00
5.746342628110987425e+04 0.000000000000000000e+00 0.000000000000000000e+00
5.746342628296351177e+04 0.000000000000000000e+00 0.000000000000000000e+00
5.746342628481715656e+04 0.000000000000000000e+00 0.000000000000000000e+00
5.746342628667080135e+04 0.000000000000000000e+00 0.000000000000000000e+00
5.746342628852443886e+04 0.000000000000000000e+00 0.000000000000000000e+00
5.746342629037808365e+04 0.000000000000000000e+00 0.000000000000000000e+00
5.746342629223172844e+04 0.000000000000000000e+00 0.000000000000000000e+00
5.746342629408536595e+04 0.000000000000000000e+00 0.000000000000000000e+00
5.746342629593901074e+04 0.000000000000000000e+00 0.000000000000000000e+00
5.746342629779264826e+04 0.000000000000000000e+00 0.000000000000000000e+00
5.746342629964629305e+04 0.000000000000000000e+00 0.000000000000000000e+00
5.746342630149993784e+04 0.000000000000000000e+00 0.000000000000000000e+00
5.746342630335357535e+04 0.000000000000000000e+00 0.000000000000000000e+00
5.746342630520722014e+04 0.000000000000000000e+00 0.000000000000000000e+00
5.746342630706085765e+04 0.000000000000000000e+00 0.000000000000000000e+00
5.746342630891450244e+04 0.000000000000000000e+00 0.000000000000000000e+00
5.746342631076814723e+04 0.000000000000000000e+00 0.000000000000000000e+00
5.746342631262178475e+04 0.000000000000000000e+00 0.000000000000000000e+00
5.746342631447542954e+04 0.000000000000000000e+00 0.000000000000000000e+00
5.746342631632907433e+04 0.000000000000000000e+00 0.000000000000000000e+00
5.746342631818271184e+04 0.000000000000000000e+00 0.000000000000000000e+00
5.746342632003635663e+04 0.000000000000000000e+00 0.000000000000000000e+00
5.746342632188999414e+04 0.000000000000000000e+00 0.000000000000000000e+00
5.746342632374363893e+04 0.000000000000000000e+00 0.000000000000000000e+00
5.746342632559728372e+04 0.000000000000000000e+00 0.000000000000000000e+00
5.746342632745092124e+04 0.000000000000000000e+00 0.000000000000000000e+00
5.746342632930456602e+04 0.000000000000000000e+00 0.000000000000000000e+00
5.746342633115820354e+04 0.000000000000000000e+00 0.000000000000000000e+00
5.746342633301184833e+04 0.000000000000000000e+00 0.000000000000000000e+00
5.746342633486549312e+04 0.000000000000000000e+00 0.000000000000000000e+00
5.746342633671913063e+04 0.000000000000000000e+00 0.000000000000000000e+00
5.746342633857277542e+04 0.000000000000000000e+00 0.000000000000000000e+00
5.746342634042641293e+04 0.000000000000000000e+00 0.000000000000000000e+00
5.746342634228005772e+04 0.000000000000000000e+00 0.000000000000000000e+00
5.746342634413370251e+04 0.000000000000000000e+00 0.000000000000000000e+00
5.746342634598734003e+04 0.000000000000000000e+00 0.000000000000000000e+00
5.746342634784098482e+04 0.000000000000000000e+00 0.000000000000000000e+00
5.746342634969462961e+04 0.000000000000000000e+00 0.000000000000000000e+00
5.746342635154826712e+04 0.000000000000000000e+00 0.000000000000000000e+00
5.746342635340191191e+04 0.000000000000000000e+00 0.000000000000000000e+00
5.746342635525554942e+04 0.000000000000000000e+00 0.000000000000000000e+00
5.746342635710919421e+04 0.000000000000000000e+00 0.000000000000000000e+00
5.746342635896283900e+04 0.000000000000000000e+00 0.000000000000000000e+00
5.746342636081647652e+04 0.000000000000000000e+00 0.000000000000000000e+00
5.746342636267012131e+04 0.000000000000000000e+00 0.000000000000000000e+00
5.746342636452375882e+04 0.000000000000000000e+00 0.000000000000000000e+00
5.746342636637740361e+04 0.000000000000000000e+00 0.000000000000000000e+00
5.746342636823104840e+04 0.000000000000000000e+00 0.000000000000000000e+00
5.746342637008468591e+04 0.000000000000000000e+00 0.000000000000000000e+00
5.746342637193833070e+04 0.000000000000000000e+00 0.000000000000000000e+00
5.746342637379197549e+04 0.000000000000000000e+00 0.000000000000000000e+00
5.746342637564561301e+04 0.000000000000000000e+00 0.000000000000000000e+00
5.746342637749925780e+04 0.000000000000000000e+00 0.000000000000000000e+00
5.746342637935289531e+04 0.000000000000000000e+00 0.000000000000000000e+00
5.746342638120654010e+04 0.000000000000000000e+00 0.000000000000000000e+00
5.746342638306018489e+04 0.000000000000000000e+00 0.000000000000000000e+00
5.746342638491382240e+04 0.000000000000000000e+00 0.000000000000000000e+00
5.746342638676746719e+04 0.000000000000000000e+00 0.000000000000000000e+00
5.746342638862110471e+04 0.000000000000000000e+00 0.000000000000000000e+00
5.746342639047474950e+04 0.000000000000000000e+00 0.000000000000000000e+00
5.746342639232839429e+04 0.000000000000000000e+00 0.000000000000000000e+00
5.746342639418203180e+04 0.000000000000000000e+00 0.000000000000000000e+00
5.746342639603567659e+04 0.000000000000000000e+00 0.000000000000000000e+00
5.746342639788932138e+04 0.000000000000000000e+00 0.000000000000000000e+00
5.746342639974295889e+04 0.000000000000000000e+00 0.000000000000000000e+00
5.746342640159660368e+04 0.000000000000000000e+00 0.000000000000000000e+00
5.746342640345024120e+04 0.000000000000000000e+00 0.000000000000000000e+00
5.746342640530388599e+04 0.000000000000000000e+00 0.000000000000000000e+00
5.746342640715753078e+04 0.000000000000000000e+00 0.000000000000000000e+00
5.746342640901116829e+04 0.000000000000000000e+00 0.000000000000000000e+00
5.746342641086481308e+04 0.000000000000000000e+00 0.000000000000000000e+00
5.746342641271845059e+04 0.000000000000000000e+00 0.000000000000000000e+00
5.746342641457209538e+04 0.000000000000000000e+00 0.000000000000000000e+00
5.746342641642574017e+04 0.000000000000000000e+00 0.000000000000000000e+00
5.746342641827937769e+04 0.000000000000000000e+00 0.000000000000000000e+00
5.746342642013302248e+04 0.000000000000000000e+00 0.000000000000000000e+00
5.746342642198665999e+04 0.000000000000000000e+00 0.000000000000000000e+00
5.746342642384030478e+04 0.000000000000000000e+00 0.000000000000000000e+00
5.746342642569394957e+04 0.000000000000000000e+00 0.000000000000000000e+00
5.746342642754758708e+04 0.000000000000000000e+00 0.000000000000000000e+00
5.746342642940123187e+04 0.000000000000000000e+00 0.000000000000000000e+00
5.746342643125487666e+04 0.000000000000000000e+00 0.000000000000000000e+00
5.746342643310851417e+04 0.000000000000000000e+00 0.000000000000000000e+00
5.746342643496215896e+04 0.000000000000000000e+00 0.000000000000000000e+00
5.746342643681579648e+04 0.000000000000000000e+00 0.000000000000000000e+00
5.746342643866944127e+04 0.000000000000000000e+00 0.000000000000000000e+00
5.746342644052308606e+04 0.000000000000000000e+00 0.000000000000000000e+00
5.746342644237672357e+04 0.000000000000000000e+00 0.000000000000000000e+00
5.746342644423036836e+04 0.000000000000000000e+00 0.000000000000000000e+00
5.746342644608400587e+04 0.000000000000000000e+00 0.000000000000000000e+00
5.746342644793765066e+04 0.000000000000000000e+00 0.000000000000000000e+00
5.746342644979129545e+04 0.000000000000000000e+00 0.000000000000000000e+00
5.746342645164493297e+04 0.000000000000000000e+00 0.000000000000000000e+00
5.746342645349857776e+04 0.000000000000000000e+00 0.000000000000000000e+00
5.746342645535222255e+04 0.000000000000000000e+00 0.000000000000000000e+00
5.746342645720586006e+04 0.000000000000000000e+00 0.000000000000000000e+00
5.746342645905950485e+04 0.000000000000000000e+00 0.000000000000000000e+00
5.746342646091314236e+04 0.000000000000000000e+00 0.000000000000000000e+00
5.746342646276678715e+04 0.000000000000000000e+00 0.000000000000000000e+00
5.746342646462043194e+04 0.000000000000000000e+00 0.000000000000000000e+00
5.746342646647406946e+04 0.000000000000000000e+00 0.000000000000000000e+00
5.746342646832771425e+04 0.000000000000000000e+00 0.000000000000000000e+00
5.746342647018135176e+04 0.000000000000000000e+00 0.000000000000000000e+00
5.746342647203499655e+04 0.000000000000000000e+00 0.000000000000000000e+00
5.746342647388864134e+04 0.000000000000000000e+00 0.000000000000000000e+00
5.746342647574227885e+04 0.000000000000000000e+00 0.000000000000000000e+00
5.746342647759592364e+04 0.000000000000000000e+00 0.000000000000000000e+00
5.746342647944956116e+04 0.000000000000000000e+00 0.000000000000000000e+00
5.746342648130320595e+04 0.000000000000000000e+00 0.000000000000000000e+00
5.746342648315685074e+04 0.000000000000000000e+00 0.000000000000000000e+00
5.746342648501048825e+04 0.000000000000000000e+00 0.000000000000000000e+00
5.746342648686413304e+04 0.000000000000000000e+00 0.000000000000000000e+00
5.746342648871777783e+04 0.000000000000000000e+00 0.000000000000000000e+00
5.746342649057141534e+04 0.000000000000000000e+00 0.000000000000000000e+00
5.746342649242506013e+04 0.000000000000000000e+00 0.000000000000000000e+00
5.746342649427869765e+04 0.000000000000000000e+00 0.000000000000000000e+00
5.746342649613234244e+04 0.000000000000000000e+00 0.000000000000000000e+00
5.746342649798598723e+04 0.000000000000000000e+00 0.000000000000000000e+00
5.746342649983962474e+04 0.000000000000000000e+00 0.000000000000000000e+00
5.746342650169326953e+04 0.000000000000000000e+00 0.000000000000000000e+00
5.746342650354690704e+04 0.000000000000000000e+00 0.000000000000000000e+00
5.746342650540055183e+04 0.000000000000000000e+00 0.000000000000000000e+00
5.746342650725419662e+04 0.000000000000000000e+00 0.000000000000000000e+00
5.746342650910783414e+04 0.000000000000000000e+00 0.000000000000000000e+00
5.746342651096147893e+04 0.000000000000000000e+00 0.000000000000000000e+00
5.746342651281512371e+04 0.000000000000000000e+00 0.000000000000000000e+00
5.746342651466876123e+04 0.000000000000000000e+00 0.000000000000000000e+00
5.746342651652240602e+04 0.000000000000000000e+00 0.000000000000000000e+00
5.746342651837604353e+04 0.000000000000000000e+00 0.000000000000000000e+00
5.746342652022968832e+04 0.000000000000000000e+00 0.000000000000000000e+00
5.746342652208333311e+04 0.000000000000000000e+00 0.000000000000000000e+00
5.746342652393697063e+04 0.000000000000000000e+00 0.000000000000000000e+00
5.746342652579061541e+04 0.000000000000000000e+00 0.000000000000000000e+00
5.746342652764425293e+04 0.000000000000000000e+00 0.000000000000000000e+00
5.746342652949789772e+04 0.000000000000000000e+00 0.000000000000000000e+00
5.746342653135154251e+04 0.000000000000000000e+00 0.000000000000000000e+00
5.746342653320518002e+04 0.000000000000000000e+00 0.000000000000000000e+00
5.746342653505882481e+04 0.000000000000000000e+00 0.000000000000000000e+00
5.746342653691246960e+04 0.000000000000000000e+00 0.000000000000000000e+00
5.746342653876610711e+04 0.000000000000000000e+00 0.000000000000000000e+00
5.746342654061975190e+04 0.000000000000000000e+00 0.000000000000000000e+00
5.746342654247338942e+04 0.000000000000000000e+00 0.000000000000000000e+00
5.746342654432703421e+04 0.000000000000000000e+00 0.000000000000000000e+00
5.746342654618067900e+04 0.000000000000000000e+00 0.000000000000000000e+00
5.746342654803431651e+04 0.000000000000000000e+00 0.000000000000000000e+00
5.746342654988796130e+04 0.000000000000000000e+00 0.000000000000000000e+00
5.746342655174159881e+04 0.000000000000000000e+00 0.000000000000000000e+00
5.746342655359524360e+04 0.000000000000000000e+00 0.000000000000000000e+00
5.746342655544888839e+04 0.000000000000000000e+00 0.000000000000000000e+00
5.746342655730252591e+04 0.000000000000000000e+00 0.000000000000000000e+00
5.746342655915617070e+04 0.000000000000000000e+00 0.000000000000000000e+00
5.746342656100980821e+04 0.000000000000000000e+00 0.000000000000000000e+00
5.746342656286345300e+04 0.000000000000000000e+00 0.000000000000000000e+00
5.746342656471709779e+04 0.000000000000000000e+00 0.000000000000000000e+00
5.746342656657073530e+04 0.000000000000000000e+00 0.000000000000000000e+00
5.746342656842438009e+04 0.000000000000000000e+00 0.000000000000000000e+00
5.746342657027802488e+04 0.000000000000000000e+00 0.000000000000000000e+00
5.746342657213166240e+04 0.000000000000000000e+00 0.000000000000000000e+00
5.746342657398530719e+04 0.000000000000000000e+00 0.000000000000000000e+00
5.746342657583894470e+04 0.000000000000000000e+00 0.000000000000000000e+00
5.746342657769258949e+04 0.000000000000000000e+00 0.000000000000000000e+00
5.746342657954623428e+04 0.000000000000000000e+00 0.000000000000000000e+00
5.746342658139987179e+04 0.000000000000000000e+00 0.000000000000000000e+00
5.746342658325351658e+04 0.000000000000000000e+00 0.000000000000000000e+00
5.746342658510715410e+04 0.000000000000000000e+00 0.000000000000000000e+00
5.746342658696079889e+04 0.000000000000000000e+00 0.000000000000000000e+00
5.746342658881444368e+04 0.000000000000000000e+00 0.000000000000000000e+00
5.746342659066808119e+04 0.000000000000000000e+00 0.000000000000000000e+00
5.746342659252172598e+04 0.000000000000000000e+00 0.000000000000000000e+00
5.746342659437537077e+04 0.000000000000000000e+00 0.000000000000000000e+00
5.746342659622900828e+04 0.000000000000000000e+00 0.000000000000000000e+00
5.746342659808265307e+04 0.000000000000000000e+00 0.000000000000000000e+00
5.746342659993629059e+04 0.000000000000000000e+00 0.000000000000000000e+00
5.746342660178993538e+04 0.000000000000000000e+00 0.000000000000000000e+00
5.746342660364358017e+04 0.000000000000000000e+00 0.000000000000000000e+00
5.746342660549721768e+04 0.000000000000000000e+00 0.000000000000000000e+00
5.746342660735086247e+04 0.000000000000000000e+00 0.000000000000000000e+00
5.746342660920449998e+04 0.000000000000000000e+00 0.000000000000000000e+00
5.746342661105814477e+04 0.000000000000000000e+00 0.000000000000000000e+00
5.746342661291178956e+04 0.000000000000000000e+00 0.000000000000000000e+00
5.746342661476542708e+04 0.000000000000000000e+00 0.000000000000000000e+00
5.746342661661907186e+04 0.000000000000000000e+00 0.000000000000000000e+00
5.746342661847270938e+04 0.000000000000000000e+00 0.000000000000000000e+00
5.746342662032635417e+04 0.000000000000000000e+00 0.000000000000000000e+00
5.746342662217999896e+04 0.000000000000000000e+00 0.000000000000000000e+00
5.746342662403363647e+04 0.000000000000000000e+00 0.000000000000000000e+00
5.746342662588728126e+04 0.000000000000000000e+00 0.000000000000000000e+00
5.746342662774092605e+04 0.000000000000000000e+00 0.000000000000000000e+00
5.746342662959456356e+04 0.000000000000000000e+00 0.000000000000000000e+00
5.746342663144820835e+04 0.000000000000000000e+00 0.000000000000000000e+00
5.746342663330184587e+04 0.000000000000000000e+00 0.000000000000000000e+00
5.746342663515549066e+04 0.000000000000000000e+00 0.000000000000000000e+00
5.746342663700913545e+04 0.000000000000000000e+00 0.000000000000000000e+00
5.746342663886277296e+04 0.000000000000000000e+00 0.000000000000000000e+00
5.746342664071641775e+04 0.000000000000000000e+00 0.000000000000000000e+00
5.746342664257005526e+04 0.000000000000000000e+00 0.000000000000000000e+00
5.746342664442370005e+04 0.000000000000000000e+00 0.000000000000000000e+00
5.746342664627734484e+04 0.000000000000000000e+00 0.000000000000000000e+00
5.746342664813098236e+04 0.000000000000000000e+00 0.000000000000000000e+00
5.746342664998462715e+04 0.000000000000000000e+00 0.000000000000000000e+00
5.746342665183827194e+04 0.000000000000000000e+00 0.000000000000000000e+00
5.746342665369190945e+04 0.000000000000000000e+00 0.000000000000000000e+00
5.746342665554555424e+04 0.000000000000000000e+00 0.000000000000000000e+00
5.746342665739919175e+04 0.000000000000000000e+00 0.000000000000000000e+00
5.746342665925283654e+04 0.000000000000000000e+00 0.000000000000000000e+00
5.746342666110648133e+04 0.000000000000000000e+00 0.000000000000000000e+00
5.746342666296011885e+04 0.000000000000000000e+00 0.000000000000000000e+00
5.746342666481376364e+04 0.000000000000000000e+00 0.000000000000000000e+00
5.746342666666740115e+04 0.000000000000000000e+00 0.000000000000000000e+00
5.746342666852104594e+04 0.000000000000000000e+00 0.000000000000000000e+00
5.746342667037469073e+04 0.000000000000000000e+00 0.000000000000000000e+00
5.746342667222832824e+04 0.000000000000000000e+00 0.000000000000000000e+00
5.746342667408197303e+04 0.000000000000000000e+00 0.000000000000000000e+00
5.746342667593561782e+04 0.000000000000000000e+00 0.000000000000000000e+00
5.746342667778925534e+04 0.000000000000000000e+00 0.000000000000000000e+00
5.746342667964290013e+04 0.000000000000000000e+00 0.000000000000000000e+00
5.746342668149653764e+04 0.000000000000000000e+00 0.000000000000000000e+00
5.746342668335018243e+04 0.000000000000000000e+00 0.000000000000000000e+00
5.746342668520382722e+04 0.000000000000000000e+00 0.000000000000000000e+00
5.746342668705746473e+04 0.000000000000000000e+00 0.000000000000000000e+00
5.746342668891110952e+04 0.000000000000000000e+00 0.000000000000000000e+00
5.746342669076474704e+04 0.000000000000000000e+00 0.000000000000000000e+00
5.746342669261839183e+04 0.000000000000000000e+00 0.000000000000000000e+00
5.746342669447203662e+04 0.000000000000000000e+00 0.000000000000000000e+00
5.746342669632567413e+04 0.000000000000000000e+00 0.000000000000000000e+00
5.746342669817931892e+04 0.000000000000000000e+00 0.000000000000000000e+00
5.746342670003295643e+04 0.000000000000000000e+00 0.000000000000000000e+00
5.746342670188660122e+04 0.000000000000000000e+00 0.000000000000000000e+00
5.746342670374024601e+04 0.000000000000000000e+00 0.000000000000000000e+00
5.746342670559388353e+04 0.000000000000000000e+00 0.000000000000000000e+00
5.746342670744752832e+04 0.000000000000000000e+00 0.000000000000000000e+00
5.746342670930117310e+04 0.000000000000000000e+00 0.000000000000000000e+00
5.746342671115481062e+04 0.000000000000000000e+00 0.000000000000000000e+00
5.746342671300845541e+04 0.000000000000000000e+00 nan
5.746342671486209292e+04 0.000000000000000000e+00 0.000000000000000000e+00
5.746342671671573771e+04 0.000000000000000000e+00 0.000000000000000000e+00
