5.742956739240000024e+04 5.979517526588030705e+03 6.778295412069952874e+01
5.742956739480869146e+04 6.059005918097478570e+03 6.818911281391528689e+01
5.742956739721737540e+04 6.105741001728981246e+03 6.840101791556827493e+01
5.742956739962606662e+04 6.096241094577962031e+03 6.831065436362308674e+01
5.742956740203475783e+04 6.045629071902392752e+03 6.807426932165517997e+01
5.742956740444344177e+04 5.961686150957883910e+03 6.770107630390531028e+01
5.742956740685213299e+04 6.064763016820277699e+03 6.813441826401886203e+01
5.742956740926082421e+04 6.065246304716789382e+03 6.815503287739009863e+01
5.742956741166951542e+04 6.131763346941244890e+03 6.849070583008230528e+01
5.742956741407819936e+04 6.149673205230968051e+03 6.854977392903171562e+01
5.742956741648689058e+04 5.959881519410824694e+03 6.764270014324564784e+01
5.742956741889558180e+04 5.975310476756591015e+03 6.777350337704368144e+01
5.742956742130426574e+04 5.940300241920552253e+03 6.761313212293352137e+01
5.742956742371295695e+04 6.000192721851554779e+03 6.787243545443543269e+01
5.742956742612164817e+04 6.067218556606200764e+03 6.823395276382251495e+01
5.742956742853033211e+04 6.067262332095435340e+03 6.824144257443461470e+01
5.742956743093902332e+04 6.001637019332551063e+03 6.789448359460133986e+01
5.742956743334771454e+04 6.057397894700133293e+03 6.812934126994503004e+01
5.742956743575639848e+04 6.086838744440523442e+03 6.828152176359998293e+01
5.742956743816508970e+04 6.077320012900966503e+03 6.824859580000425296e+01
5.742956744057378091e+04 6.052430465555836236e+03 6.816157318486150984e+01
5.742956744298247213e+04 6.035168089786648125e+03 6.808502687258432218e+01
5.742956744539115607e+04 6.007158881875236148e+03 6.793156177675467688e+01
5.742956744779984729e+04 6.124205831371098611e+03 6.845234840435300327e+01
5.742956745020853850e+04 6.087055741379313076e+03 6.826130167395088222e+01
5.742956745261722244e+04 6.039901773084246088e+03 6.803163802237749280e+01
5.742956745502591366e+04 5.980520713543394777e+03 6.778550182807705937e+01
5.742956745743460488e+04 5.916661296968005445e+03 6.749660288235200767e+01
5.742956745984328882e+04 5.967905024475216123e+03 6.770954211582125026e+01
5.742956746225198003e+04 5.982077082642947971e+03 6.776810087981671415e+01
5.742956746466067125e+04 6.038975585330517788e+03 6.801215631680364027e+01
5.742956746706935519e+04 5.940598687877535667e+03 6.753696414840493389e+01
5.742956746947804641e+04 5.910925650712458264e+03 6.750584227551314598e+01
5.742956747188673762e+04 6.154025509163334391e+03 6.857160908671939126e+01
5.742956747429542884e+04 6.516912757699235954e+03 7.018382043398715098e+01
5.742956747670411278e+04 6.274197339022211963e+03 6.907549630316702860e+01
5.742956747911280399e+04 6.079081770170827440e+03 6.820214854639945656e+01
5.742956748152149521e+04 5.956792377551571008e+03 6.767458261682590148e+01
5.742956748393017915e+04 5.976243727190033496e+03 6.776049818700182925e+01
5.742956748633887037e+04 5.977173242670051877e+03 6.778144934625669293e+01
5.742956748874756158e+04 6.107452863264486950e+03 6.837368444894657671e+01
5.742956749115624552e+04 6.096635362003040427e+03 6.830765124286425305e+01
5.742956749356493674e+04 6.102829919131448150e+03 6.835397217203940556e+01
5.742956749597362796e+04 6.127641694316202120e+03 6.849703717776999667e+01
5.742956749838231190e+04 6.017132050905288452e+03 6.799801260949445236e+01
5.742956750079100311e+04 5.943339963238835480e+03 6.763897687783661183e+01
5.742956750319969433e+04 6.053305377919781677e+03 6.810754549864189755e+01
5.742956750560838555e+04 5.965877681456197934e+03 6.768659704770252006e+01
5.742956750801706949e+04 5.990186606396711795e+03 6.781222372474056215e+01
5.742956751042576070e+04 5.985528514777167402e+03 6.780262638673798392e+01
5.742956751283445192e+04 5.915945085023222418e+03 6.751852143781925975e+01
5.742956751524313586e+04 5.975642750628592694e+03 6.777138619467271496e+01
5.742956751765182707e+04 6.027555710201919283e+03 6.798720282977070895e+01
5.742956752006051829e+04 6.075823505481806933e+03 6.822645316434787333e+01
5.742956752246920223e+04 6.110744447507567202e+03 6.838644536308711963e+01
5.742956752487789345e+04 6.095824289629622399e+03 6.833299215290338680e+01
5.742956752728658466e+04 6.045497826946508212e+03 6.807797862887672125e+01
5.742956752969526860e+04 6.000768877507079196e+03 6.788926298890638122e+01
5.742956753210395982e+04 6.002835609329628824e+03 6.787512073716601435e+01
5.742956753451265104e+04 6.138370833400773336e+03 6.850683159086354124e+01
5.742956753692134225e+04 6.154777336715444108e+03 6.855085848748797162e+01
5.742956753933002619e+04 6.142006995889651989e+03 6.846613445413194654e+01
5.742956754173871741e+04 6.162505459836811497e+03 6.861521231287233036e+01
5.742956754414740863e+04 6.034896138682346646e+03 6.800282925290848368e+01
5.742956754655609257e+04 6.117636506883275615e+03 6.843362820433114280e+01
5.742956754896478378e+04 6.059191596885911167e+03 6.817954424453338902e+01
5.742956755137347500e+04 5.902460754756059941e+03 6.744569139462717544e+01
5.742956755378215894e+04 6.087273876676525106e+03 6.822063557220793939e+01
5.742956755619085015e+04 6.040782340263825063e+03 6.807970438644245803e+01
5.742956755859954137e+04 6.009462685774021338e+03 6.792513706506579751e+01
5.742956756100822531e+04 6.050031540094743832e+03 6.811375976336668714e+01
5.742956756341691653e+04 6.096084053507095632e+03 6.829892773444983334e+01
5.742956756582560774e+04 5.985114670822582411e+03 6.782720788028728975e+01
5.742956756823429896e+04 6.117768683141202018e+03 6.843636613869698238e+01
5.742956757064298290e+04 6.158627414454001155e+03 6.861025108988356180e+01
5.742956757305167412e+04 6.004757445885359630e+03 6.791123276062745617e+01
5.742956757546036533e+04 6.081007604363780047e+03 6.821910907228068766e+01
5.742956757786904927e+04 6.031948377087753215e+03 6.799492550331180496e+01
5.742956758027774049e+04 6.092484503827888147e+03 6.835497158760364300e+01
5.742956758268643171e+04 6.027348464878813502e+03 6.799640874478440367e+01
5.742956758509511565e+04 6.011259235564481969e+03 6.791446329000611115e+01
5.742956758750380686e+04 6.002894825963551739e+03 6.789030485228650491e+01
5.742956758991249808e+04 6.100281840128062868e+03 6.835040828497645293e+01
5.742956759232118202e+04 6.066808013669281536e+03 6.817905845213932992e+01
5.742956759472987324e+04 6.048752606212591672e+03 6.811069115662911599e+01
5.742956759713856445e+04 6.035511634103520009e+03 6.806914438235433806e+01
5.742956759954725567e+04 5.990986669110415278e+03 6.784175925899548076e+01
5.742956760195593961e+04 6.067641752410458139e+03 6.817224706076180496e+01
5.742956760436463082e+04 6.125236445475595247e+03 6.843457622060385859e+01
5.742956760677332204e+04 5.903864309449490065e+03 6.741992468777280578e+01
5.742956760918200598e+04 5.966227477626872314e+03 6.769401756136704762e+01
5.742956761159069720e+04 5.966464337245789466e+03 6.769245916363982474e+01
5.742956761399938841e+04 6.043247222819607487e+03 6.807661876871732431e+01
5.742956761640807235e+04 6.027108369656497416e+03 6.799409745885078848e+01
5.742956761881676357e+04 6.099635988484988957e+03 6.833954104494732462e+01
5.742956762122545479e+04 6.168689082492704983e+03 6.863479528821125086e+01
5.742956762363413873e+04 6.082123715508493660e+03 6.826363165502020536e+01
5.742956762604282994e+04 5.955508751999580454e+03 6.768746381593327044e+01
5.742956762845152116e+04 6.065916621219890658e+03 6.819425654203924125e+01
5.742956763086021238e+04 5.948475410343049589e+03 6.764294759829604686e+01
5.742956763326889632e+04 5.938063041220976629e+03 6.758506602550490072e+01
5.742956763567758753e+04 6.132439786529516823e+03 6.846750763518886629e+01
5.742956763808627875e+04 6.078894125408633045e+03 6.824691978533829229e+01
5.742956764049496269e+04 6.016823245616367785e+03 6.797294044858884376e+01
5.742956764290365390e+04 5.968714551562463384e+03 6.777712680491703168e+01
5.742956764531234512e+04 6.004792123149502004e+03 6.791656714065472045e+01
5.742956764772102906e+04 5.957068982089726887e+03 6.764068063969935451e+01
5.742956765012972028e+04 5.950489706991333151e+03 6.761327126765922912e+01
5.742956765253841149e+04 5.986818402329427045e+03 6.779213579985531624e+01
5.742956765494709543e+04 5.928586598170845718e+03 6.754946608453505519e+01
5.742956765735578665e+04 5.954245134645118014e+03 6.766816578685605066e+01
5.742956765976447787e+04 5.957625295916361210e+03 6.770896476439689593e+01
5.742956766217316908e+04 6.055782962303161185e+03 6.814739190773447319e+01
5.742956766458185302e+04 6.023320122943546266e+03 6.797510598038122964e+01
5.742956766699054424e+04 6.051475355792686059e+03 6.808833663168259420e+01
5.742956766939923546e+04 6.028709267792037281e+03 6.800837363891082532e+01
5.742956767180791940e+04 6.041301203693239586e+03 6.807206927057330859e+01
5.742956767421661061e+04 6.055759999868048908e+03 6.818346045621717622e+01
5.742956767662530183e+04 6.134353252111870461e+03 6.845573537774765782e+01
5.742956767903398577e+04 6.125306596371029627e+03 6.837254084615554461e+01
5.742956768144267699e+04 5.993651501989778808e+03 6.784921246677235729e+01
5.742956768385136820e+04 6.059806175503741542e+03 6.819108777412985489e+01
5.742956768626005214e+04 6.028677295530081210e+03 6.804408312566175709e+01
5.742956768866874336e+04 5.929530048058119064e+03 6.757039320440622987e+01
5.742956769107743457e+04 5.865419120469761765e+03 6.726765565899731314e+01
5.742956769348612579e+04 5.987127486571725967e+03 6.783710629613715071e+01
5.742956769589480973e+04 5.896114066164487667e+03 6.740021897528117734e+01
5.742956769830350095e+04 6.013211411698906886e+03 6.794529735755229183e+01
5.742956770071219216e+04 6.055691820763273427e+03 6.809365455879576245e+01
5.742956770312087610e+04 6.047220421943939982e+03 6.807769243446598750e+01
5.742956770552956732e+04 5.967450259503415509e+03 6.774196704575660988e+01
5.742956770793825854e+04 6.045289560354094647e+03 6.810583004271443031e+01
5.742956771034694248e+04 5.924546703934555808e+03 6.753563186167829713e+01
5.742956771275563369e+04 5.932995059915891034e+03 6.757268479091575841e+01
5.742956771516432491e+04 5.985062588062374743e+03 6.774513603856779298e+01
5.742956771757300885e+04 6.056470269404709143e+03 6.812620916817989780e+01
5.742956771998170007e+04 6.079518243258258735e+03 6.823660615163119303e+01
5.742956772239039128e+04 5.980928107234685740e+03 6.775676957043668835e+01
5.742956772479908250e+04 5.987830603379225067e+03 6.779990325552964237e+01
5.742956772720776644e+04 5.983938456022540777e+03 6.781378352492481554e+01
5.742956772961645765e+04 5.924529785793931296e+03 6.752216547071284936e+01
5.742956773202514887e+04 6.013135899542242441e+03 6.793238284805565286e+01
5.742956773443383281e+04 6.017686547904298095e+03 6.794179421821243636e+01
5.742956773684252403e+04 6.114625445160729214e+03 6.843588223567725493e+01
5.742956773925121524e+04 6.105068618498657088e+03 6.837205962494081746e+01
5.742956774165989918e+04 6.006245992751347330e+03 6.792189852611421941e+01
5.742956774406859040e+04 5.981529062612679809e+03 6.780387694791835429e+01
5.742956774647728162e+04 6.110583985651504918e+03 6.840319189469200012e+01
5.742956774888596556e+04 6.104720188643415895e+03 6.839436921077169984e+01
5.742956775129465677e+04 6.052628574569863304e+03 6.817339072292492119e+01
5.742956775370334799e+04 6.011522482560242679e+03 6.796401639626586189e+01
5.742956775611203193e+04 5.952830428375935298e+03 6.768150563736668346e+01
5.742956775852072315e+04 6.049668886887870030e+03 6.811057413404223837e+01
5.742956776092941436e+04 6.034294757726693206e+03 6.803476256860939486e+01
5.742956776333810558e+04 6.087272184583151102e+03 6.825263596897973173e+01
5.742956776574678952e+04 6.153028902506776831e+03 6.853860433810908148e+01
5.742956776815548074e+04 6.012209318814578182e+03 6.791485540530887022e+01
5.742956777056417195e+04 5.927078684070422241e+03 6.752975036231582351e+01
5.742956777297285589e+04 6.058705294890234654e+03 6.808953012197818566e+01
5.742956777538154711e+04 5.976804069057569905e+03 6.774470190943948467e+01
5.742956777779023832e+04 5.913604718522631629e+03 6.746720416063099890e+01
5.742956778019892226e+04 6.090526270261596437e+03 6.831159789392376069e+01
5.742956778260761348e+04 6.180230685744683797e+03 6.871695642737097387e+01
5.742956778501630470e+04 6.075910053098352364e+03 6.824175693660311026e+01
5.742956778742498864e+04 6.000695474366128110e+03 6.787869174498541724e+01
5.742956778983367985e+04 6.085662392820097921e+03 6.824460805406434361e+01
5.742956779224237107e+04 5.974114729100880140e+03 6.772945491125732076e+01
5.742956779465106229e+04 5.948988709843260040e+03 6.766662375235812021e+01
5.742956779705974623e+04 6.027137657966944971e+03 6.800992505229440610e+01
5.742956779946843744e+04 6.030256386893501258e+03 6.797393082664586927e+01
5.742956780187712866e+04 5.991464290271007485e+03 6.780499445052136309e+01
5.742956780428581260e+04 5.976360330266273195e+03 6.774293042201135506e+01
5.742956780669450382e+04 5.937293431840769699e+03 6.759654644394332479e+01
5.742956780910319503e+04 6.002786566730332197e+03 6.789597595430423382e+01
5.742956781151187897e+04 5.954587680018286846e+03 6.765252522729923612e+01
5.742956781392057019e+04 6.043008280666479550e+03 6.806795370630679543e+01
5.742956781632926140e+04 6.072257778271167808e+03 6.821320163528491776e+01
5.742956781873794534e+04 6.084937429694370621e+03 6.822983741271373503e+01
5.742956782114663656e+04 5.987368349948037576e+03 6.776465017521564960e+01
5.742956782355532778e+04 5.998018414968087200e+03 6.784408504500825643e+01
5.742956782596401899e+04 6.061701881394121301e+03 6.813376872238704607e+01
5.742956782837270293e+04 6.097704157369093082e+03 6.828902960800701294e+01
5.742956783078139415e+04 6.078835098314294555e+03 6.827600941555326131e+01
5.742956783319008537e+04 6.245022598082419790e+03 6.898756669347133652e+01
5.742956783559876931e+04 6.198632047806670926e+03 6.878262773272754771e+01
5.742956783800746052e+04 6.183924556252849470e+03 6.873803493361091910e+01
5.742956784041615174e+04 6.175160785612565633e+03 6.865869149443626895e+01
5.742956784282483568e+04 6.141140524971011473e+03 6.849400242258175808e+01
5.742956784523352690e+04 6.027519885007763150e+03 6.802821056412314249e+01
5.742956784764221811e+04 5.948583172016920798e+03 6.765772888099196791e+01
5.742956785005090205e+04 6.016525236289281565e+03 6.795068514635360657e+01
5.742956785245959327e+04 5.979947402048421282e+03 6.776163030584193336e+01
5.742956785486828448e+04 5.990622204078169489e+03 6.781365432808546245e+01
5.742956785727697570e+04 5.981600322233878614e+03 6.777806923785166759e+01
5.742956785968565964e+04 6.109481903257507838e+03 6.836883624853689412e+01
5.742956786209435086e+04 6.029478337862307853e+03 6.800640287642855242e+01
5.742956786450304207e+04 6.058376917417386721e+03 6.812362069724724734e+01
5.742956786691172601e+04 6.016113321107730371e+03 6.794023788973305500e+01
5.742956786932041723e+04 6.085503076693767980e+03 6.828233708644462752e+01
5.742956787172910845e+04 6.085657425696441351e+03 6.827351628180372245e+01
5.742956787413779239e+04 6.009849727111793072e+03 6.792362917828914703e+01
5.742956787654648360e+04 5.927265602706243953e+03 6.755780985765071023e+01
5.742956787895517482e+04 6.019112333822633445e+03 6.797173878992863649e+01
5.742956788136385876e+04 6.098795151904660997e+03 6.834962738116965397e+01
5.742956788377254998e+04 5.942134334532149296e+03 6.763950189700523197e+01
5.742956788618124119e+04 6.053512176926276879e+03 6.814643859406352533e+01
5.742956788858993241e+04 6.013370145917515401e+03 6.795336269134536167e+01
5.742956789099861635e+04 5.984115030359665980e+03 6.780315577239805691e+01
5.742956789340730757e+04 6.072400364646221533e+03 6.823934552372483608e+01
5.742956789581599878e+04 5.984159270142631613e+03 6.786631231127341835e+01
5.742956789822468272e+04 5.940028825368332036e+03 6.757815949814117573e+01
5.742956790063337394e+04 6.013770727736817207e+03 6.793451460920763907e+01
5.742956790304206515e+04 6.114532239278563793e+03 6.839739658336426942e+01
5.742956790545074909e+04 6.093423068628200781e+03 6.833510402583944199e+01
5.742956790785944031e+04 6.112218330146235530e+03 6.839123905258782088e+01
5.742956791026813153e+04 6.029501904603967887e+03 6.798011973498749683e+01
5.742956791267681547e+04 6.012188321665596959e+03 6.792766038443660648e+01
5.742956791508550668e+04 6.014704420070116612e+03 6.795850590805792990e+01
5.742956791749419790e+04 6.013808810856698983e+03 6.795387828539178088e+01
5.742956791990288912e+04 6.123100857694693332e+03 6.843189986284914994e+01
5.742956792231157306e+04 6.120724352230724435e+03 6.842603651741481485e+01
5.742956792472026427e+04 6.137047100691659580e+03 6.850866725485543896e+01
5.742956792712895549e+04 6.015398706398300419e+03 6.794279399772831596e+01
5.742956792953763943e+04 6.048889756877077161e+03 6.808675553452398788e+01
5.742956793194633065e+04 6.033065725341117286e+03 6.805755733614454073e+01
5.742956793435502186e+04 5.987301789099009511e+03 6.780948968175727032e+01
5.742956793676370580e+04 6.033598017509501005e+03 6.802615974855085312e+01
5.742956793917239702e+04 6.001395918106247336e+03 6.785785570281623791e+01
5.742956794158108823e+04 5.888330837004275054e+03 6.735848048591473969e+01
5.742956794398977217e+04 5.822294245411868360e+03 6.703956267291653148e+01
5.742956794639846339e+04 5.803066617512702578e+03 6.690994896969691297e+01
5.742956794880715461e+04 5.818651643943489944e+03 6.702949536360583238e+01
5.742956795121584582e+04 5.802112919463528669e+03 6.695280266100212430e+01
5.742956795362452976e+04 5.784718203051776072e+03 6.689245600418723825e+01
5.742956795603322098e+04 5.757435143100687128e+03 6.678683916278585286e+01
5.742956795844191220e+04 5.762621773850034515e+03 6.675403427284383895e+01
5.742956796085059614e+04 5.692569940252222295e+03 6.645689590955093706e+01
5.742956796325928735e+04 5.771247606781324066e+03 6.679994125038903974e+01
5.742956796566797857e+04 5.697904045411601146e+03 6.642718985601588599e+01
5.742956796807666251e+04 5.669345540312881894e+03 6.638711206612516946e+01
5.742956797048535373e+04 5.736129402702692460e+03 6.664968514279010492e+01
5.742956797289404494e+04 5.737946827448141448e+03 6.668066762905087330e+01
5.742956797530272888e+04 5.743526136769317418e+03 6.666942344126624675e+01
5.742956797771142010e+04 5.750953739736650277e+03 6.668366659009403463e+01
5.742956798012011132e+04 5.828473103302037998e+03 6.703339949262331743e+01
5.742956798252880253e+04 5.815528779618362023e+03 6.701034761892647396e+01
5.742956798493748647e+04 5.672935332079087857e+03 6.635527780700073208e+01
5.742956798734617769e+04 5.683134784140693228e+03 6.638794022954863294e+01
5.742956798975486890e+04 5.741291698319755596e+03 6.670546000807583198e+01
5.742956799216355284e+04 5.637762765879821018e+03 6.619912573067530559e+01
5.742956799457224406e+04 5.757303112685021915e+03 6.672860608953861572e+01
5.742956799698093528e+04 5.762470755631116845e+03 6.675024148343929653e+01
5.742956799938961922e+04 5.622900152674943456e+03 6.609742162332678106e+01
5.742956800179831043e+04 5.636406493908060838e+03 6.620803099933787905e+01
5.742956800420700165e+04 5.809004920959631818e+03 6.704379856522010073e+01
5.742956800661568559e+04 5.665920312659809497e+03 6.630470146388496744e+01
5.742956800902437681e+04 5.672768484120880203e+03 6.631779073005903058e+01
5.742956801143306802e+04 5.738367379971574337e+03 6.663670777757867825e+01
5.742956801384175924e+04 5.831287466030909854e+03 6.708636345985013349e+01
5.742956801625044318e+04 5.784340326928024297e+03 6.688210462694429737e+01
5.742956801865913440e+04 5.647154088154424244e+03 6.626489249057853215e+01
5.742956802106782561e+04 5.672571532581354404e+03 6.634922067130651158e+01
5.742956802347650955e+04 5.606778983986074309e+03 6.603101011757046024e+01
5.742956802588520077e+04 5.721553641415473976e+03 6.657495104969287070e+01
5.742956802829389198e+04 5.661312632631047563e+03 6.628002970408192596e+01
5.742956803070257592e+04 5.673120435957556765e+03 6.636290111434084338e+01
5.742956803311126714e+04 5.591812580339016677e+03 6.598254225958713448e+01
5.742956803551995836e+04 5.709298395879714917e+03 6.649739289333547276e+01
5.742956803792864230e+04 5.658267298151344221e+03 6.629045960456646469e+01
5.742956804033733351e+04 5.647199065854530090e+03 6.620107876982447692e+01
5.742956804274602473e+04 5.692411140225109193e+03 6.640997312608824643e+01
5.742956804515471595e+04 5.715653516086060336e+03 6.658270231819166440e+01
5.742956804756339989e+04 5.815070745213526607e+03 6.703328080324364180e+01
5.742956804997209110e+04 5.741586068684270685e+03 6.665099762100189196e+01
5.742956805238078232e+04 5.749494905527100855e+03 6.669231995603159646e+01
5.742956805478946626e+04 5.660648280533726393e+03 6.628448498480145190e+01
5.742956805719815748e+04 5.674187759798340267e+03 6.634829410168723030e+01
5.742956805960684869e+04 5.742999407559173051e+03 6.664467834021884585e+01
5.742956806201553263e+04 5.660524926873897130e+03 6.627747932478762038e+01
5.742956806442422385e+04 5.720897946763446271e+03 6.657862645921541400e+01
5.742956806683291506e+04 5.672221691480050140e+03 6.639674052006239435e+01
5.742956806924159901e+04 5.803296644795765133e+03 6.695077331194912063e+01
5.742956807165029022e+04 5.676798245484845211e+03 6.639036740783889456e+01
5.742956807405898144e+04 5.725639932494227651e+03 6.659083117201096513e+01
5.742956807646767265e+04 5.790728636864538203e+03 6.689191393204335156e+01
5.742956807887635659e+04 5.784057456722882307e+03 6.684937528009540131e+01
5.742956808128504781e+04 5.739421124895314279e+03 6.663179505838756711e+01
5.742956808369373903e+04 5.834126614913092453e+03 6.712683272916754618e+01
5.742956808610242297e+04 5.703915410072952909e+03 6.651507726323821146e+01
5.742956808851111418e+04 5.685781759765566676e+03 6.638447632949228705e+01
