5.742956399989999773e+04 1.231497089466289253e+03 3.097655813830141369e+01
5.742956400229205610e+04 1.234787766481193103e+03 3.101552476859485452e+01
5.742956400468410720e+04 1.231018680984248931e+03 3.096836542225048916e+01
5.742956400707616558e+04 1.208280848762708274e+03 3.074935889084941465e+01
5.742956400946821668e+04 1.216413013796814312e+03 3.083470776546275971e+01
5.742956401186027506e+04 1.223081313832823753e+03 3.089456785695233521e+01
5.742956401425232616e+04 1.204312883678793924e+03 3.070635830773630559e+01
5.742956401664438454e+04 1.204259312858593830e+03 3.069664780764035328e+01
5.742956401903643564e+04 1.256747792713149920e+03 3.122921402195089513e+01
5.742956402142849402e+04 1.250663056968769297e+03 3.117839554196189766e+01
5.742956402382054512e+04 1.257922268804368969e+03 3.123129633052629117e+01
5.742956402621260349e+04 1.291046148901313927e+03 3.157465859897477145e+01
5.742956402860465460e+04 1.353609179570541755e+03 3.220216541518583853e+01
5.742956403099671297e+04 1.477630977533047144e+03 3.338077213360362805e+01
5.742956403338876407e+04 1.860687222646087321e+03 3.678129804260213831e+01
5.742956403578082245e+04 2.139224299977756345e+03 3.907681047607833591e+01
5.742956403817287355e+04 2.318582389708797109e+03 4.048275825757505686e+01
5.742956404056493193e+04 2.308103143024477049e+03 4.041764235772247815e+01
5.742956404295698303e+04 2.288093278967739934e+03 4.025343102393975414e+01
5.742956404534904141e+04 2.395265951794295688e+03 4.106488525145306312e+01
5.742956404774109251e+04 2.475267022692560204e+03 4.166699577446458136e+01
5.742956405013315089e+04 2.579214586819198303e+03 4.245541226340480279e+01
5.742956405252520199e+04 2.527799454974844139e+03 4.209220040742305713e+01
5.742956405491726036e+04 2.487347572478888196e+03 4.178432167943087450e+01
5.742956405730931147e+04 2.347404861887990592e+03 4.071686772048284553e+01
5.742956405970136984e+04 2.491358216803133928e+03 4.178856488808896330e+01
5.742956406209342094e+04 2.602828482567244464e+03 4.262138686682799715e+01
5.742956406448547932e+04 2.502514682291715872e+03 4.188547465271044956e+01
5.742956406687753042e+04 2.412617050071758513e+03 4.121337700851140085e+01
5.742956406926958880e+04 2.322757769828179789e+03 4.052498124924013467e+01
5.742956407166163990e+04 2.303193846522294734e+03 4.036308334968669698e+01
5.742956407405369828e+04 2.378886373656223896e+03 4.093572933714479944e+01
5.742956407644574938e+04 2.408886250906431997e+03 4.117782324325773402e+01
5.742956407883780776e+04 2.457658675616533856e+03 4.155446665856035082e+01
5.742956408122986613e+04 2.336326365058665488e+03 4.062135132496034373e+01
5.742956408362191723e+04 2.390548980168239268e+03 4.102597736509527948e+01
5.742956408601397561e+04 2.474494875560878882e+03 4.167147439311023760e+01
5.742956408840602671e+04 2.499592327612674580e+03 4.185611734242645809e+01
5.742956409079808509e+04 2.414183100289425056e+03 4.121457187851867587e+01
5.742956409319013619e+04 2.523412206163907740e+03 4.204088910308221472e+01
5.742956409558219457e+04 2.501445128732918420e+03 4.187623581186735322e+01
5.742956409797424567e+04 2.477815270415284431e+03 4.169169981504249733e+01
5.742956410036630405e+04 2.475535939611233061e+03 4.168089179277250622e+01
5.742956410275835515e+04 2.567359386220182841e+03 4.237585034599877787e+01
5.742956410515041352e+04 2.621872742370145261e+03 4.277242348540669781e+01
5.742956410754246463e+04 2.513878097377606537e+03 4.198434318845802693e+01
5.742956410993452300e+04 2.366500303281785364e+03 4.087462318000537209e+01
5.742956411232657410e+04 2.417450822512743343e+03 4.124674568729280821e+01
5.742956411471863248e+04 2.495071068339010253e+03 4.181542276300026373e+01
5.742956411711068358e+04 2.641679031476705404e+03 4.289494628526100684e+01
5.742956411950274196e+04 2.497120098263325417e+03 4.185296531379282214e+01
5.742956412189479306e+04 2.516223890688891061e+03 4.199690374544078253e+01
5.742956412428685144e+04 2.514332071250635181e+03 4.197742360623733049e+01
5.742956412667890254e+04 2.531605596627141495e+03 4.210727400124785191e+01
5.742956412907096092e+04 2.513510794858493227e+03 4.197938386328008420e+01
5.742956413146301202e+04 2.487729035290441516e+03 4.177515126087879338e+01
5.742956413385507039e+04 2.467175748725905123e+03 4.160629537060375327e+01
5.742956413624712150e+04 2.388336579728543711e+03 4.102514255368419782e+01
5.742956413863917987e+04 2.333523558095167118e+03 4.061108391125709005e+01
5.742956414103123097e+04 2.292152260596795713e+03 4.029083873145471983e+01
5.742956414342328935e+04 2.334273471220572446e+03 4.061652916098057631e+01
5.742956414581534045e+04 2.431466764976806189e+03 4.135369375962913097e+01
5.742956414820739883e+04 2.459686299801469886e+03 4.155434416104515094e+01
5.742956415059944993e+04 2.415058057824998741e+03 4.122424439910290062e+01
5.742956415299150831e+04 2.352478624376930384e+03 4.075119674644737700e+01
5.742956415538356669e+04 2.398160337499155048e+03 4.109461065954680947e+01
5.742956415777561779e+04 2.563473060730585985e+03 4.233290617268521316e+01
5.742956416016767616e+04 2.608554655982894928e+03 4.266811675406135151e+01
5.742956416255972727e+04 2.578788680294380811e+03 4.244235836597426470e+01
5.742956416495178564e+04 2.476448728343405492e+03 4.168743962747098664e+01
5.742956416734383674e+04 2.311457856528660159e+03 4.043759822642954305e+01
5.742956416973589512e+04 2.324536945354512227e+03 4.053579852439555253e+01
5.742956417212794622e+04 2.424489618285670531e+03 4.129151669443660211e+01
5.742956417452000460e+04 2.431051309893512553e+03 4.134049698838691000e+01
5.742956417691205570e+04 2.566666854672755107e+03 4.235752385332803982e+01
5.742956417930411408e+04 2.490192047290097435e+03 4.178153024202497079e+01
5.742956418169616518e+04 2.474056308853489554e+03 4.166859966673413851e+01
5.742956418408822356e+04 2.430196224391998385e+03 4.133956521763013114e+01
5.742956418648027466e+04 2.501682273904767499e+03 4.187244955721325823e+01
5.742956418887233303e+04 2.557412198711123438e+03 4.228811811294477252e+01
5.742956419126438414e+04 2.467476263542263041e+03 4.161839695808200901e+01
5.742956419365644251e+04 2.407197344713591065e+03 4.116346770029788615e+01
5.742956419604849361e+04 2.367074170812313241e+03 4.086087841801032283e+01
5.742956419844055199e+04 2.422434248865845802e+03 4.128224327703797769e+01
5.742956420083260309e+04 2.488071904446932422e+03 4.176103492551860796e+01
5.742956420322466147e+04 2.505796673948504122e+03 4.188960635543065791e+01
5.742956420561671257e+04 2.527871567876072731e+03 4.208431439172095168e+01
5.742956420800877095e+04 2.576624028614817689e+03 4.242717419506317356e+01
5.742956421040082205e+04 2.383010454219763233e+03 4.097897037339688353e+01
5.742956421279288043e+04 2.305672694057089757e+03 4.037343973775209349e+01
5.742956421518493153e+04 2.282432922740857521e+03 4.020696124566820373e+01
5.742956421757698990e+04 2.354800192769703244e+03 4.075832880282186466e+01
5.742956421996904101e+04 2.470075870768127061e+03 4.162305265239285745e+01
5.742956422236109938e+04 2.578778941099627900e+03 4.243123549688343843e+01
5.742956422475315048e+04 2.576471277223550260e+03 4.242495909551305999e+01
5.742956422714520886e+04 2.493240359808933135e+03 4.182018369319338547e+01
5.742956422953725996e+04 2.471898038310452648e+03 4.164524588043432374e+01
5.742956423192931834e+04 2.429413088688179869e+03 4.131270443937117420e+01
5.742956423432137672e+04 2.444240487884846971e+03 4.144616651988432210e+01
5.742956423671342782e+04 2.563120859162523175e+03 4.234671558837521133e+01
5.742956423910548619e+04 2.484023305985124807e+03 4.174653643083244958e+01
5.742956424149753730e+04 2.510570743075266819e+03 4.194963885589567099e+01
5.742956424388959567e+04 2.446161353355540086e+03 4.145764899136974435e+01
5.742956424628164677e+04 2.385622945298062859e+03 4.101084343476096450e+01
5.742956424867370515e+04 2.426668888502223126e+03 4.132264439266384670e+01
5.742956425106575625e+04 2.430366204242971435e+03 4.134132155074428283e+01
5.742956425345781463e+04 2.393982179818812710e+03 4.105897248898316576e+01
5.742956425584986573e+04 2.479186973607633263e+03 4.170179982092579252e+01
5.742956425824192411e+04 2.620187938041656253e+03 4.274958108910721677e+01
5.742956426063397521e+04 2.558920095315067101e+03 4.230453899547541852e+01
5.742956426302603359e+04 2.539543671494472619e+03 4.215904869573956404e+01
5.742956426541808469e+04 2.568440386847469654e+03 4.237565275427375155e+01
5.742956426781014306e+04 2.456280107833851616e+03 4.154483428316061122e+01
5.742956427020219417e+04 2.461167885705305707e+03 4.154734796497356797e+01
5.742956427259425254e+04 2.545752736415974141e+03 4.219526856093056466e+01
5.742956427498630364e+04 2.668430381104341450e+03 4.309242473195209300e+01
5.742956427737836202e+04 2.620716318937559208e+03 4.275649381321230180e+01
5.742956427977041312e+04 2.367259243915436855e+03 4.085699949944611831e+01
5.742956428216247150e+04 2.306386387632891456e+03 4.039203472972757680e+01
5.742956428455452260e+04 2.431822849859201597e+03 4.134915357395352942e+01
5.742956428694658098e+04 2.571869164791273306e+03 4.238919014306701882e+01
5.742956428933863208e+04 2.564553801338005087e+03 4.233787514485034364e+01
5.742956429173069046e+04 2.549052780879289458e+03 4.222459492537442571e+01
5.742956429412274156e+04 2.442989603844685462e+03 4.141808421009720576e+01
5.742956429651479993e+04 2.409716240560332153e+03 4.116369369288523927e+01
5.742956429890685104e+04 2.216257650381509848e+03 3.968598496401394016e+01
5.742956430129890941e+04 2.247149845921623637e+03 3.994522676381693316e+01
5.742956430369096051e+04 2.351106838356300159e+03 4.073242742279262529e+01
5.742956430608301889e+04 2.446199264553834837e+03 4.145895800948549947e+01
5.742956430847506999e+04 2.436504028886506603e+03 4.138460229946615243e+01
5.742956431086712837e+04 2.436632364385099663e+03 4.138033570055743837e+01
5.742956431325918675e+04 2.390799955133499225e+03 4.103043388980492523e+01
5.742956431565123785e+04 2.353254840479196446e+03 4.073958707000789303e+01
5.742956431804329623e+04 2.346540632526424361e+03 4.069462604290472285e+01
5.742956432043534733e+04 2.380829287162401215e+03 4.095067263660984480e+01
5.742956432282740570e+04 2.412376109842979986e+03 4.120908267756238530e+01
5.742956432521945680e+04 2.477811888449500202e+03 4.168869831492669675e+01
5.742956432761151518e+04 2.508937101453350806e+03 4.190827194334163153e+01
5.742956433000356628e+04 2.495222062045401344e+03 4.181249476729816195e+01
5.742956433239562466e+04 2.571917963970653545e+03 4.238333292087740745e+01
5.742956433478767576e+04 2.615241965077756504e+03 4.270528739440224086e+01
5.742956433717973414e+04 2.703287246212875289e+03 4.334969303409005903e+01
5.742956433957178524e+04 2.622517216745241967e+03 4.275947509653624223e+01
5.742956434196384362e+04 2.476877585455243207e+03 4.167714022530287110e+01
5.742956434435589472e+04 2.443388280378882882e+03 4.143842962174202427e+01
5.742956434674795310e+04 2.370042762874053096e+03 4.086994336344572076e+01
5.742956434914000420e+04 2.320733972695448301e+03 4.048285143405967546e+01
5.742956435153206257e+04 2.411201620502037258e+03 4.120101779447942647e+01
5.742956435392411368e+04 2.453969749086160391e+03 4.150962594911777614e+01
5.742956435631617205e+04 2.477348182086872839e+03 4.168650433370478936e+01
5.742956435870822315e+04 2.562953190206861564e+03 4.232983798959552502e+01
5.742956436110028153e+04 2.547981198987544758e+03 4.221485385914397881e+01
5.742956436349233263e+04 2.524663864771628141e+03 4.204342138557105812e+01
5.742956436588439101e+04 2.486993770895756370e+03 4.175477059217047326e+01
5.742956436827644211e+04 2.483061635579259473e+03 4.172974997973357603e+01
5.742956437066850049e+04 2.396214335273361939e+03 4.107028576153565780e+01
5.742956437306055159e+04 2.402144532503232767e+03 4.111612149208927036e+01
5.742956437545260997e+04 2.422063719278144163e+03 4.128566530956643987e+01
5.742956437784466107e+04 2.474728297838445087e+03 4.167647705023782834e+01
5.742956438023671944e+04 2.584746633114093584e+03 4.249736866489607223e+01
5.742956438262877055e+04 2.454980685655817524e+03 4.152478137641806910e+01
5.742956438502082892e+04 2.430905787899720963e+03 4.134531094230298010e+01
5.742956438741288730e+04 2.533931342936545661e+03 4.212379304929685020e+01
5.742956438980493840e+04 2.459930079393513097e+03 4.156560315614390788e+01
5.742956439219699678e+04 2.347199423328032481e+03 4.070998228426935128e+01
5.742956439458904788e+04 2.345553531709991148e+03 4.067591971621861546e+01
5.742956439698110626e+04 2.377398282881681553e+03 4.094768446726036615e+01
5.742956439937315736e+04 2.494002533521376336e+03 4.198469738205276514e+01
5.742956440176521573e+04 2.620559386081112734e+03 4.285441188625214437e+01
5.742956440415726684e+04 2.675102996523597085e+03 4.313998733017039200e+01
5.742956440654932521e+04 2.574763101028413075e+03 4.241542266180591270e+01
5.742956440894137631e+04 2.472292811948238977e+03 4.165910433213999653e+01
5.742956441133343469e+04 2.336851137734787244e+03 4.060812148028133350e+01
5.742956441372548579e+04 2.342032499268429547e+03 4.065906400952762567e+01
5.742956441611754417e+04 2.372036913901606567e+03 4.090221854983963823e+01
5.742956441850959527e+04 2.399002597010430691e+03 4.110302072273830021e+01
5.742956442090165365e+04 2.363875813129563085e+03 4.083675117768802920e+01
5.742956442329370475e+04 2.419453242986960959e+03 4.124046025181604591e+01
5.742956442568576313e+04 2.524819083406765913e+03 4.203519100696116340e+01
5.742956442807781423e+04 2.478492566984364203e+03 4.168800572538996363e+01
5.742956443046987260e+04 2.456325206052681096e+03 4.152222759183587186e+01
5.742956443286192371e+04 2.463916048427496662e+03 4.158033727300968962e+01
5.742956443525398208e+04 2.592473200393055777e+03 4.253133540415031888e+01
5.742956443764603318e+04 2.601821052002104352e+03 4.261898606336254147e+01
5.742956444003809156e+04 2.578919169691059324e+03 4.244181374804780660e+01
5.742956444243014266e+04 2.526252756352657798e+03 4.204431695869131858e+01
5.742956444482220104e+04 2.537569053906354384e+03 4.213632697167838614e+01
5.742956444721425214e+04 2.505439849325849536e+03 4.191091742307826706e+01
5.742956444960631052e+04 2.467531610191099389e+03 4.162829744858974124e+01
5.742956445199836162e+04 2.439755728438346068e+03 4.141628076634461308e+01
5.742956445439042000e+04 2.455751213888574966e+03 4.153876289921153386e+01
5.742956445678247110e+04 2.468407220696145487e+03 4.162864579838849011e+01
5.742956445917452947e+04 2.488813629644022512e+03 4.177395775327778438e+01
5.742956446156658058e+04 2.512066428540844299e+03 4.194052808001303845e+01
5.742956446395863895e+04 2.411635960741162762e+03 4.119285154527031523e+01
5.742956446635069733e+04 2.247348408349699639e+03 3.993916259366124422e+01
5.742956446874274843e+04 2.241445490831205916e+03 3.989878837210572016e+01
5.742956447113480681e+04 2.252025546623441187e+03 3.998443777405444877e+01
5.742956447352685791e+04 2.307668780678919575e+03 4.040838384019673413e+01
5.742956447591891629e+04 2.327950043951390398e+03 4.055037869342879731e+01
5.742956447831096739e+04 2.261759100630446028e+03 4.003997663720713263e+01
5.742956448070302577e+04 2.424650510292431136e+03 4.128492791271973772e+01
5.742956448309507687e+04 2.568860609908140304e+03 4.238103307796716734e+01
5.742956448548713524e+04 2.564086102145225141e+03 4.235018573802958741e+01
5.742956448787918634e+04 2.435120822612992470e+03 4.137701410239341016e+01
5.742956449027124472e+04 2.283455068059935002e+03 4.021095349041081590e+01
5.742956449266329582e+04 2.382695450414913012e+03 4.096890556506544101e+01
5.742956449505535420e+04 2.481510618275045999e+03 4.171492653651448990e+01
5.742956449744740530e+04 2.390133837646987558e+03 4.102982426771121283e+01
5.742956449983946368e+04 2.394219702122977196e+03 4.106056606023290811e+01
5.742956450223151478e+04 2.522948953234108558e+03 4.202303030860355193e+01
5.742956450462357316e+04 2.619657767797722499e+03 4.274119015918302011e+01
5.742956450701562426e+04 2.503251903208013573e+03 4.188461373755311001e+01
5.742956450940768264e+04 2.407184493269365703e+03 4.115689711488131053e+01
5.742956451179973374e+04 2.290905117278749003e+03 4.025630367352125205e+01
5.742956451419179211e+04 2.228682589184482367e+03 3.975828183359913481e+01
5.742956451658384321e+04 2.302110951936377660e+03 4.033288056840178371e+01
5.742956451897590159e+04 2.408918431571266410e+03 4.125901003185832394e+01
5.742956452136795269e+04 2.554408063190406210e+03 4.243845687149924117e+01
5.742956452376001107e+04 2.528318044126378481e+03 4.213422974847358660e+01
5.742956452615206217e+04 2.454691175741490952e+03 4.152367828128602412e+01
5.742956452854412055e+04 2.403214276444651659e+03 4.112791882940361177e+01
5.742956453093617165e+04 2.467452117575615375e+03 4.161795118849500597e+01
5.742956453332823003e+04 2.465094445856516359e+03 4.158829451655917353e+01
5.742956453572028113e+04 2.328397871161932017e+03 4.055861940256423281e+01
5.742956453811233951e+04 2.433050548754362353e+03 4.136274269689982930e+01
5.742956454050439061e+04 2.368634999268132105e+03 4.087627186491673825e+01
5.742956454289644898e+04 2.360893170473440478e+03 4.080916546701028125e+01
5.742956454528850736e+04 2.360845842389647714e+03 4.080687664256783620e+01
5.742956454768055846e+04 2.459150766705210572e+03 4.155473819632596388e+01
5.742956455007261684e+04 2.582884201481541822e+03 4.247043867160365238e+01
5.742956455246466794e+04 2.544583739907678591e+03 4.219216124073813035e+01
5.742956455485672632e+04 2.529134582324446001e+03 4.208189789064263664e+01
5.742956455724877742e+04 2.446356532130300820e+03 4.145135656546395353e+01
5.742956455964083580e+04 2.384642342048023238e+03 4.098300415708953182e+01
5.742956456203288690e+04 2.430784471717897304e+03 4.132841291728585276e+01
5.742956456442494527e+04 2.524841404954654081e+03 4.204366945087444662e+01
5.742956456681699638e+04 2.608895388687656123e+03 4.265003276971235380e+01
5.742956456920905475e+04 2.598417654269147079e+03 4.258045221075888520e+01
5.742956457160110585e+04 2.529604437998315007e+03 4.207923279352735335e+01
5.742956457399316423e+04 2.605246489768554966e+03 4.264147884137451427e+01
5.742956457638521533e+04 2.665321669795119760e+03 4.307695196672561622e+01
5.742956457877727371e+04 2.565732389256093938e+03 4.234024993849929075e+01
5.742956458116932481e+04 2.350567145648490168e+03 4.072353614731808591e+01
5.742956458356138319e+04 2.210134843153397924e+03 3.964335319826906101e+01
5.742956458595343429e+04 2.270653616178781704e+03 4.010834786400420882e+01
5.742956458834549267e+04 2.276171952660236457e+03 4.016595935464616218e+01
5.742956459073754377e+04 2.362291398658011531e+03 4.082151417946934657e+01
5.742956459312960214e+04 2.383807428873969002e+03 4.097618030793694999e+01
5.742956459552165325e+04 2.297704359718570686e+03 4.032163255663946444e+01
5.742956459791371162e+04 2.440098060218801493e+03 4.139064794265711811e+01
5.742956460030576272e+04 2.312563729036852237e+03 4.043694564383790890e+01
5.742956460269782110e+04 2.250172149394751614e+03 3.996826600935739293e+01
5.742956460508987220e+04 2.305010317567714992e+03 4.037505245154642353e+01
5.742956460748193058e+04 2.372904429853234433e+03 4.089204766533460145e+01
5.742956460987398168e+04 2.443301581719147180e+03 4.142348671702623619e+01
5.742956461226604006e+04 2.460772155532624311e+03 4.155814493223927997e+01
5.742956461465809116e+04 2.579959259742315226e+03 4.245232966738399938e+01
5.742956461705014954e+04 2.687686062529914125e+03 4.322579668348654991e+01
5.742956461944220791e+04 2.817162984086678989e+03 4.416805342428774139e+01
5.742956462183425901e+04 2.616788075479978488e+03 4.272334615165804195e+01
5.742956462422631739e+04 2.526444555199119804e+03 4.205064265961898684e+01
5.742956462661836849e+04 2.570471326616623628e+03 4.237441906631104871e+01
5.742956462901042687e+04 2.422594018242420589e+03 4.127074553463901196e+01
5.742956463140247797e+04 2.302364092566057934e+03 4.035133874716840552e+01
5.742956463379453635e+04 2.330837185650132142e+03 4.058699463633774229e+01
5.742956463618658745e+04 2.368134684338167972e+03 4.086098044671400942e+01
5.742956463857864583e+04 2.359560560671149233e+03 4.079151008133865020e+01
5.742956464097069693e+04 2.323574542748230215e+03 4.051958927945998568e+01
5.742956464336275531e+04 2.324716994698809685e+03 4.052825825589263076e+01
5.742956464575480641e+04 2.433211355924880991e+03 4.136004189181640811e+01
5.742956464814686478e+04 2.532480907989438037e+03 4.210210778917609531e+01
5.742956465053891588e+04 2.531064725295029803e+03 4.208739751935924289e+01
5.742956465293097426e+04 2.452012578019435296e+03 4.148868347154054703e+01
5.742956465532302536e+04 2.326921418936381087e+03 4.053548037480270239e+01
5.742956465771508374e+04 2.421629071488607224e+03 4.126073599037010098e+01
5.742956466010713484e+04 2.555921665836240663e+03 4.228473120151534914e+01
5.742956466249919322e+04 2.552487215448693405e+03 4.224390751273586631e+01
5.742956466489124432e+04 2.343257961361063280e+03 4.065877319210275687e+01
5.742956466728330270e+04 2.205268529884746840e+03 3.958456406208811984e+01
5.742956466967535380e+04 2.277442791062636388e+03 4.016260240291297379e+01
5.742956467206741218e+04 2.360983200261734964e+03 4.081204729898721695e+01
5.742956467445946328e+04 2.404305791951399442e+03 4.114930628367562804e+01
5.742956467685152165e+04 2.321321866288105866e+03 4.050465050079766627e+01
5.742956467924357275e+04 2.026719382430575934e+03 3.815290058344383084e+01
5.742956468163563113e+04 1.707315918547235924e+03 3.543659475892771127e+01
5.742956468402768223e+04 1.423242166906992225e+03 3.284281936025260507e+01
5.742956468641974061e+04 1.302170509941165392e+03 3.167584462624698105e+01
5.742956468881179171e+04 1.310119552521502328e+03 3.173564016814157540e+01
5.742956469120385009e+04 1.272416101241910155e+03 3.136757849406775023e+01
5.742956469359590119e+04 1.229431189546874748e+03 3.094485429216610939e+01
5.742956469598795957e+04 1.244770089934542966e+03 3.109990151340230113e+01
