2.457429880960999988e+06 4.790014864270637918e+04 2.016063747680560425e+02
2.457429880970026366e+06 4.779008720904666552e+04 2.023545828092685781e+02
2.457429880979053210e+06 4.826397912025095138e+04 2.030059955794752966e+02
2.457429880988079589e+06 4.503675819054388558e+04 1.978724236076503757e+02
2.457429880997106433e+06 4.147154615677766560e+04 1.970445174585910593e+02
2.457429881006132811e+06 4.201381419417412690e+04 1.950334851292029157e+02
2.457429881015159655e+06 4.192986986434392020e+04 1.945634724300886660e+02
2.457429881024186034e+06 4.119650576165766688e+04 1.916627015335485567e+02
2.457429881033212412e+06 3.946301268126562354e+04 1.897982092682777306e+02
2.457429881042239256e+06 3.994751578256917128e+04 1.875030608054057950e+02
2.457429881051265635e+06 3.871430826822916424e+04 1.848986663146751255e+02
2.457429881060292479e+06 3.988619257458281209e+04 1.844627710845198010e+02
2.457429881069318857e+06 3.981580738877324620e+04 1.814733455950037637e+02
2.457429881078345701e+06 3.691469486666470766e+04 1.795703815296301400e+02
2.457429881087372079e+06 3.928247609712124540e+04 1.792861723438136607e+02
2.457429881096398458e+06 4.183036155959290045e+04 1.838040188858399802e+02
2.457429881105425302e+06 4.188829335656562034e+04 1.841569702576878171e+02
2.457429881114451680e+06 4.134155987812206149e+04 1.854104172737438887e+02
2.457429881123478524e+06 4.087605294691017480e+04 1.875889066626766635e+02
2.457429881132504903e+06 4.022361967196293699e+04 1.839531160717768046e+02
2.457429881141531747e+06 3.879550969050479762e+04 1.861726788502039085e+02
2.457429881150558125e+06 3.923958851479439181e+04 1.831500829161670083e+02
2.457429881159584504e+06 3.942888327787874732e+04 1.833517545800633286e+02
2.457429881168611348e+06 3.856569183376340516e+04 1.810986004668052658e+02
2.457429881177637726e+06 3.775008568404569087e+04 1.799090345750654762e+02
2.457429881186664570e+06 4.005260530690567975e+04 1.813737491331973786e+02
2.457429881195690949e+06 3.991340976721289917e+04 1.821205816290056418e+02
2.457429881204717793e+06 3.800947438096074620e+04 1.815935890576784857e+02
2.457429881213744171e+06 4.097084385932124860e+04 1.843581388486648791e+02
2.457429881222770549e+06 3.897971445898803358e+04 1.827340705427000955e+02
2.457429881231797393e+06 3.844484199353111035e+04 1.817843986868764432e+02
2.457429881240823772e+06 4.107071064068362466e+04 1.840104889296524391e+02
2.457429881249850616e+06 3.833730941030036774e+04 1.820519008736746684e+02
2.457429881258876994e+06 3.876776907075710187e+04 1.818345929337256734e+02
2.457429881267903838e+06 3.934876403098615992e+04 1.802670217678859785e+02
2.457429881276930217e+06 4.137126022428567376e+04 1.820506233928051643e+02
2.457429881285956595e+06 4.342852266736533784e+04 1.846385693006596398e+02
2.457429881294983439e+06 4.277999813848498161e+04 1.867254138483031909e+02
2.457429881304009818e+06 3.998517012585990597e+04 1.819327892859713813e+02
2.457429881313036662e+06 4.015471175466111163e+04 1.818633505781978101e+02
2.457429881322063040e+06 4.092279833648470958e+04 1.842716842819385477e+02
2.457429881331089884e+06 4.044799791556733544e+04 1.804799138214956145e+02
2.457429881340116262e+06 4.236074193160275172e+04 1.874186482199843056e+02
2.457429881349142641e+06 4.352587088243628386e+04 1.869056085545134920e+02
2.457429881358169485e+06 4.493216142962886079e+04 1.886988974114012478e+02
2.457429881367195863e+06 4.254412976433023869e+04 1.874429875280797830e+02
2.457429881376222707e+06 4.093992872864875972e+04 1.837179485450406844e+02
2.457429881385249086e+06 3.870551086677733110e+04 1.817383143047356100e+02
2.457429881394275930e+06 3.821782107713806181e+04 1.795891081146251054e+02
2.457429881403302308e+06 3.759318827379903814e+04 1.761904409607152502e+02
2.457429881412328687e+06 3.618719746594551543e+04 1.754900687775142387e+02
2.457429881421355531e+06 3.730844644785315904e+04 1.744524931527044203e+02
2.457429881430381909e+06 3.813434562617260235e+04 1.762669029659318483e+02
2.457429881439408753e+06 3.854712216070103750e+04 1.765866268085426611e+02
2.457429881448435131e+06 4.036086272670417384e+04 1.780992884070012678e+02
2.457429881457461976e+06 3.867449090557087038e+04 1.759439128185301229e+02
2.457429881466488354e+06 4.197950021681030921e+04 1.773373766874352668e+02
2.457429881475514732e+06 4.162728959231110639e+04 1.727549681921165359e+02
2.457429881484541576e+06 4.072802035329697537e+04 1.699044911328442140e+02
2.457429881493567955e+06 4.278641786736826180e+04 1.716637525765638941e+02
2.457429881502594799e+06 4.169341053612581163e+04 1.689965925333061705e+02
2.457429881511621177e+06 4.077145319523460057e+04 1.671554671551687363e+02
2.457429881520648021e+06 4.092218885460610909e+04 1.673839458890804224e+02
2.457429881529674400e+06 4.250273603130891570e+04 1.702512507955207184e+02
2.457429881538700778e+06 4.313607929119545588e+04 1.713161137121167314e+02
2.457429881547727622e+06 4.022024996335570904e+04 1.661914879661763109e+02
2.457429881556754000e+06 4.199488998678402277e+04 1.693317519566880094e+02
2.457429881565780845e+06 4.138889619549785857e+04 1.683665120040406578e+02
2.457429881574807223e+06 4.119281169932895864e+04 1.678583279658584217e+02
2.457429881583834067e+06 4.212974303061699902e+04 1.695246382292873477e+02
2.457429881592860445e+06 4.194230074338480335e+04 1.693216142831144566e+02
2.457429881601886824e+06 4.145314091815168649e+04 1.684937903386969253e+02
2.457429881610913668e+06 4.226100087334885029e+04 1.698845011175808963e+02
2.457429881619940046e+06 4.250771376885915379e+04 1.701545671008476575e+02
2.457429881628966890e+06 4.252209432164661121e+04 1.701653144422822663e+02
2.457429881637993269e+06 4.162082693284836569e+04 1.685305993822304060e+02
2.457429881647020113e+06 4.172237923299258546e+04 1.684133245247899140e+02
2.457429881656046491e+06 4.321861676487227669e+04 1.708892383226981622e+02
