5.742236954089999927e+04 5.278544274821517320e+03 5.942668086125009808e+01
5.742236954204687936e+04 5.061517561097241014e+03 5.827729479865708839e+01
5.742236954319376673e+04 5.224972739877997810e+03 5.915272518488275466e+01
5.742236954434064683e+04 5.322452439710452381e+03 5.965830196519547002e+01
5.742236954548752692e+04 5.255530265065944150e+03 5.931549829082718617e+01
5.742236954663440702e+04 5.225215819017209469e+03 5.915372426159095198e+01
5.742236954778129439e+04 5.257861076404812593e+03 5.932969586271490670e+01
5.742236954892817448e+04 5.306674278517534731e+03 5.958388119054986021e+01
5.742236955007505458e+04 5.353686960140226802e+03 5.981846630233457063e+01
5.742236955122193467e+04 5.299021244316418233e+03 5.952874401746402100e+01
5.742236955236882204e+04 5.331371171937084000e+03 5.970472094877620606e+01
5.742236955351570214e+04 5.240042996332099392e+03 5.923276088572157505e+01
5.742236955466258223e+04 5.195057742476921703e+03 5.898833995458777224e+01
5.742236955580946960e+04 5.279630149911798071e+03 5.942815090707714631e+01
5.742236955695634970e+04 5.325732070735930392e+03 5.966818945490764037e+01
5.742236955810322979e+04 5.315592926072258706e+03 5.961840093658295103e+01
5.742236955925010989e+04 5.208607023291499900e+03 5.905735028338096271e+01
5.742236956039699726e+04 5.263744434210373583e+03 5.935211958828620737e+01
5.742236956154387735e+04 5.320931811925616785e+03 5.965371684434086319e+01
5.742236956269075745e+04 5.365208711504747953e+03 5.988109256060581487e+01
5.742236956383763754e+04 5.357283214324059372e+03 5.985177525666646403e+01
5.742236956498452491e+04 5.497984371942007783e+03 6.058034393096701820e+01
5.742236956613140501e+04 5.823250922750234167e+03 6.223376418714567393e+01
5.742236956727828510e+04 6.438816339718996460e+03 6.524731032881385318e+01
5.742236956842516520e+04 7.416550216405720676e+03 6.978367693645128611e+01
5.742236956957205257e+04 8.383824683957363959e+03 7.397839675810112681e+01
5.742236957071893266e+04 9.129421460042993203e+03 7.706781423003539544e+01
5.742236957186581276e+04 9.340445820588474817e+03 7.791913446615460259e+01
5.742236957301270013e+04 9.126828550963784437e+03 7.705583834975426782e+01
5.742236957415958022e+04 9.169862116411912211e+03 7.723168122202130803e+01
5.742236957530646032e+04 9.283860610692758200e+03 7.769450298765634955e+01
5.742236957645334041e+04 9.531118449394412892e+03 7.868110911330624901e+01
5.742236957760022779e+04 9.766800446758468752e+03 7.961051345452264627e+01
5.742236957874710788e+04 9.395901127866613024e+03 7.814368398620020173e+01
5.742236957989398798e+04 9.318960757162458322e+03 7.782979634829150939e+01
5.742236958104086807e+04 9.325305951942180400e+03 7.785624581015058254e+01
5.742236958218775544e+04 9.366404688243961573e+03 7.802761827586473942e+01
5.742236958333463554e+04 9.326972580093750366e+03 7.786496187300187444e+01
5.742236958448151563e+04 8.972260006656964833e+03 7.642843337858781183e+01
5.742236958562840300e+04 8.970350451953565425e+03 7.641420124003124670e+01
5.742236958677528310e+04 9.087818263639725046e+03 7.690163444782035640e+01
5.742236958792216319e+04 8.957306870486849220e+03 7.636994798118630001e+01
5.742236958906904329e+04 8.912411262425323002e+03 7.618903529511850081e+01
5.742236959021593066e+04 9.296545217858878459e+03 7.774670282610078687e+01
5.742236959136281075e+04 9.696521962028051348e+03 7.933280577438655712e+01
5.742236959250969085e+04 9.643199040341392902e+03 7.912576028782191884e+01
5.742236959365657094e+04 9.508665434378832288e+03 7.858925781761408302e+01
5.742236959480345831e+04 9.271492197065841538e+03 7.764001061168443130e+01
5.742236959595033841e+04 9.057940918148811761e+03 7.677969061186735189e+01
5.742236959709721850e+04 9.040743408823624122e+03 7.671703022620282297e+01
5.742236959824410587e+04 9.410785346348144230e+03 7.820056833977508859e+01
5.742236959939098597e+04 9.237434987335866026e+03 7.750432102858071914e+01
5.742236960053786606e+04 9.061904654786681931e+03 7.678921373089455926e+01
5.742236960168474616e+04 9.053050841744678110e+03 7.675381855412886978e+01
5.742236960283163353e+04 9.071387260820165466e+03 7.683439537099015126e+01
5.742236960397851362e+04 9.077526033845970233e+03 7.686004051190225539e+01
5.742236960512539372e+04 9.217237977028476962e+03 7.742364829511578250e+01
5.742236960627227381e+04 9.417192323531251532e+03 7.822921442887566457e+01
5.742236960741916118e+04 9.481205670197361542e+03 7.848080959986037897e+01
5.742236960856604128e+04 9.533532464590385644e+03 7.869020965246411947e+01
5.742236960971292137e+04 9.251973453115679149e+03 7.756220636042702665e+01
5.742236961085980147e+04 9.218195723086306316e+03 7.743660701191133455e+01
5.742236961200668884e+04 9.225535222842818257e+03 7.745550030155739307e+01
5.742236961315356893e+04 9.438983966787878671e+03 7.830981647685797498e+01
5.742236961430044903e+04 9.319852235103717248e+03 7.783191474065347393e+01
5.742236961544733640e+04 9.109014876276338327e+03 7.698826535437561347e+01
5.742236961659421650e+04 9.201798624122633555e+03 7.736535722426599193e+01
5.742236961774109659e+04 9.203694189674693916e+03 7.737198235961561466e+01
5.742236961888797669e+04 9.278129410059105794e+03 7.767323420914755161e+01
5.742236962003486406e+04 9.425036670300880360e+03 7.825773828503156437e+01
5.742236962118174415e+04 9.396175518724185167e+03 7.814439347939331526e+01
5.742236962232862425e+04 9.145495511465429445e+03 7.712980179649915158e+01
5.742236962347550434e+04 9.170534528456397311e+03 7.722799254696633398e+01
5.742236962462239171e+04 9.148807503616033500e+03 7.715039483401584164e+01
5.742236962576927181e+04 9.236823044752154601e+03 7.750629422864450646e+01
5.742236962691615190e+04 9.221808341293324702e+03 7.744559323724975286e+01
5.742236962806303927e+04 9.339153040556311680e+03 7.790923831859974769e+01
5.742236962920991937e+04 9.319158140615340017e+03 7.782397539273942755e+01
5.742236963035679946e+04 9.149839140260492059e+03 7.715568590122397552e+01
5.742236963150367956e+04 9.007957493226042061e+03 7.657717280453898923e+01
5.742236963265056693e+04 9.275264850769624900e+03 7.765605413401124224e+01
5.742236963379744702e+04 9.384647484381395770e+03 7.809374690711561584e+01
5.742236963494432712e+04 9.178210030576092322e+03 7.726673878685430452e+01
5.742236963609120721e+04 9.242251473333684771e+03 7.752816943145001005e+01
5.742236963723809458e+04 9.242287390288305687e+03 7.752776961022428281e+01
5.742236963838497468e+04 9.200180983290518270e+03 7.735001253008040578e+01
5.742236963953185477e+04 9.489562957776744952e+03 7.843910163909046673e+01
5.742236964067874214e+04 9.336554419089101430e+03 7.781459326875615545e+01
5.742236964182562224e+04 9.366208652497838557e+03 7.793741985888378565e+01
5.742236964297250233e+04 8.218466142831019170e+03 7.324240461373743472e+01
5.742236964411938243e+04 5.380744438111716590e+03 5.998144680873831192e+01
5.742236964526626980e+04 6.707448820543759211e+03 6.652433453594701973e+01
5.742236964641314989e+04 8.813230894960452133e+03 7.572900071982320469e+01
5.742236964756002999e+04 9.139940152330626006e+03 7.702889266011119673e+01
5.742236964870691008e+04 9.000807484295473841e+03 7.644948923662974494e+01
5.742236964985379745e+04 8.811504161221791946e+03 7.571424672152539870e+01
5.742236965100067755e+04 8.691496742814462777e+03 7.527020838157186233e+01
5.742236965214755764e+04 8.707884077977039851e+03 7.533959372598006610e+01
5.742236965329443774e+04 8.748007855618914618e+03 7.551264445058603769e+01
5.742236965444132511e+04 9.333439273718384356e+03 7.788601948254479623e+01
5.742236965558820521e+04 9.710625916849401619e+03 7.939280488457198715e+01
5.742236965673508530e+04 9.728977302929222787e+03 7.947468556242468196e+01
5.742236965788197267e+04 9.493402057561659603e+03 7.853644369122677915e+01
5.742236965902885277e+04 9.442364348262182830e+03 7.832711124831507732e+01
5.742236966017573286e+04 9.280422400467774423e+03 7.767783992568003271e+01
5.742236966132261296e+04 9.212391451347302791e+03 7.740659677512977055e+01
5.742236966246950033e+04 9.261479646326804868e+03 7.760189211619876914e+01
5.742236966361638042e+04 9.211356537621593816e+03 7.739989513326260351e+01
5.742236966476326052e+04 9.134206527124457352e+03 7.709636554185313173e+01
5.742236966591014061e+04 9.262608788879917483e+03 7.761372537882598976e+01
5.742236966705702798e+04 9.397660896348570532e+03 7.814894067626319440e+01
5.742236966820390808e+04 9.553930398685030013e+03 7.877331810456898609e+01
5.742236966935078817e+04 1.001795217937335110e+04 8.059352139825607253e+01
5.742236967049767554e+04 9.912667979440435374e+03 8.017887188298223577e+01
5.742236967164455564e+04 9.559110569124812173e+03 7.879013491770000144e+01
5.742236967279143573e+04 9.043978008555124688e+03 7.672385847435508310e+01
5.742236967393831583e+04 8.949118352178646091e+03 7.633835316844715635e+01
5.742236967508520320e+04 9.273498102448231293e+03 7.765526498042731873e+01
5.742236967623208329e+04 9.388079541454617356e+03 7.810975381104815085e+01
5.742236967737896339e+04 9.612057060465092945e+03 7.900337083948122086e+01
5.742236967852584348e+04 9.507705713682940768e+03 7.859498885732922702e+01
5.742236967967273085e+04 8.881161506930660835e+03 7.606743768938837036e+01
5.742236968081961095e+04 8.699868281499240766e+03 7.531755715772075632e+01
5.742236968196649104e+04 8.525369744101126344e+03 7.457780386198659528e+01
5.742236968311337841e+04 9.048967547448588448e+03 7.673914034196245382e+01
5.742236968426025851e+04 9.420008164887423845e+03 7.823769158583837680e+01
5.742236968540713860e+04 9.306919533521609992e+03 7.778339118382699269e+01
5.742236968655401870e+04 9.024540919417744590e+03 7.664619512946936197e+01
5.742236968770090607e+04 9.222545754128836052e+03 7.744918649279379963e+01
5.742236968884778616e+04 9.346846020856726682e+03 7.794760768882687785e+01
5.742236968999466626e+04 9.386198538528666177e+03 7.810156510125777629e+01
5.742236969114154635e+04 9.432591192495836367e+03 7.828664845039772047e+01
5.742236969228843373e+04 9.269706713140925785e+03 7.763075877340763498e+01
5.742236969343531382e+04 9.157874403749037810e+03 7.718318115833801585e+01
5.742236969458219392e+04 9.167252325503315660e+03 7.723012629302499477e+01
5.742236969572907401e+04 9.315903702499943392e+03 7.781719535919096131e+01
5.742236969687596138e+04 9.308212237790270592e+03 7.779216810835620777e+01
5.742236969802284148e+04 9.551910587201857197e+03 7.876835391594765667e+01
5.742236969916972157e+04 9.643449563094905898e+03 7.912946283880759779e+01
5.742236970031660894e+04 9.433055041772975528e+03 7.829339896938282095e+01
5.742236970146348904e+04 9.508508484506461173e+03 7.859501348068347681e+01
5.742236970261036913e+04 9.204285457951780700e+03 7.737408189919251811e+01
5.742236970375724923e+04 8.961311867180054833e+03 7.638679078638710962e+01
5.742236970490413660e+04 8.934877482336174580e+03 7.628351754116664551e+01
5.742236970605101669e+04 9.008310929181077881e+03 7.658707661197239247e+01
5.742236970719789679e+04 9.278726026335392817e+03 7.767514226399156030e+01
5.742236970834477688e+04 9.335775012918158609e+03 7.790367060867674809e+01
5.742236970949166425e+04 9.229728189604251384e+03 7.747575913863039432e+01
5.742236971063854435e+04 9.019254941897392200e+03 7.661877789841952335e+01
5.742236971178542444e+04 8.926850073223218715e+03 7.624033207560100323e+01
5.742236971293231181e+04 9.186911759972319487e+03 7.730132005702618869e+01
5.742236971407919191e+04 9.420672227904049578e+03 7.824394244711555757e+01
5.742236971522607200e+04 9.308697838674175728e+03 7.779267472489037516e+01
5.742236971637295210e+04 9.615606197377270291e+03 7.901960500872192483e+01
5.742236971751983947e+04 9.603518344445828916e+03 7.897340624225303429e+01
5.742236971866671956e+04 9.384371494207218348e+03 7.810467930689185323e+01
5.742236971981359966e+04 9.319863508060921959e+03 7.783708562166088996e+01
5.742236972096047975e+04 9.144596992981068979e+03 7.713160942509165352e+01
5.742236972210736712e+04 9.028498461784176470e+03 7.665857292723514149e+01
5.742236972325424722e+04 8.935868848660291405e+03 7.628677296351037285e+01
5.742236972440112731e+04 8.864445604892034680e+03 7.599206745467279234e+01
5.742236972554800741e+04 9.125593550821455210e+03 7.706087295531592929e+01
5.742236972669489478e+04 8.973868724019408546e+03 7.643438644928929193e+01
5.742236972784177487e+04 8.952932007003717445e+03 7.634909533982862229e+01
5.742236972898865497e+04 9.243685305707738735e+03 7.753337070054249125e+01
5.742236973013554234e+04 9.552441069242457161e+03 7.876839169384220440e+01
5.742236973128242244e+04 9.660090881483751218e+03 7.920170046117293339e+01
5.742236973242930253e+04 9.634468801440509196e+03 7.910076832518198842e+01
5.742236973357618263e+04 9.521431711022869422e+03 7.865651718480144439e+01
5.742236973472307000e+04 9.495905799776031927e+03 7.855672325389265609e+01
5.742236973586995009e+04 9.282790766420699583e+03 7.769894805451117747e+01
5.742236973701683019e+04 9.097955181447417999e+03 7.695349337515759203e+01
5.742236973816371028e+04 8.774923581827493763e+03 7.563030359446287321e+01
5.742236973931059765e+04 9.094531061589646924e+03 7.694502645687407494e+01
5.742236974045747775e+04 9.217638234107740573e+03 7.744090084105734206e+01
5.742236974160435784e+04 9.312894311676911457e+03 7.782056684550217085e+01
5.742236974275124521e+04 9.469019920064543840e+03 7.844750315916600414e+01
5.742236974389812531e+04 9.295895417407415152e+03 7.775424021520134943e+01
5.742236974504500540e+04 9.278124128615489099e+03 7.768482167986041986e+01
5.742236974619188550e+04 9.439895474006909353e+03 7.833048397567584686e+01
5.742236974733877287e+04 9.685927487051372736e+03 7.930821799783653603e+01
5.742236974848565296e+04 9.718493469457356696e+03 7.943477620720979360e+01
5.742236974963253306e+04 9.544203136169957361e+03 7.873696294372895466e+01
5.742236975077941315e+04 9.377301647877216965e+03 7.808002758996477155e+01
5.742236975192630052e+04 9.197109506415787109e+03 7.735631379710426359e+01
5.742236975307318062e+04 9.519589459162909407e+03 7.865641636314744289e+01
5.742236975422006071e+04 9.396564671591650040e+03 7.816125819275325171e+01
5.742236975536694808e+04 9.440814837324396649e+03 7.833713084014001993e+01
5.742236975651382818e+04 9.546274339776762645e+03 7.875605483904189441e+01
5.742236975766070827e+04 9.568279110228349964e+03 7.884205432387258838e+01
5.742236975880758837e+04 9.258991827492161974e+03 7.760669088305192531e+01
5.742236975995447574e+04 9.106712881063171153e+03 7.699222721127250679e+01
5.742236976110135583e+04 9.014739741518897063e+03 7.661678775510750938e+01
5.742236976224823593e+04 8.881235346319006567e+03 7.606794745925859047e+01
5.742236976339511602e+04 8.787458642182078620e+03 7.567928460040351979e+01
5.742236976454200340e+04 9.094273425470870279e+03 7.693278474399859590e+01
5.742236976568888349e+04 8.862472000835534345e+03 7.599770783172446897e+01
5.742236976683576358e+04 9.131091134917725867e+03 7.708018746012677980e+01
5.742236976798264368e+04 9.396504282883021006e+03 7.815106852524888836e+01
5.742236976912953105e+04 9.391485745664729620e+03 7.813925607412950569e+01
5.742236977027641115e+04 9.505743086245225641e+03 7.859040814040191947e+01
5.742236977142329124e+04 9.436416647871772511e+03 7.831840704913784634e+01
5.742236977257017861e+04 9.340537158062044909e+03 7.793143740578449297e+01
5.742236977371705871e+04 9.378629249517280186e+03 7.808330587259561639e+01
5.742236977486393880e+04 9.587714402376921498e+03 7.892108891426407524e+01
5.742236977601081890e+04 9.523365647632530454e+03 7.865850589229587797e+01
5.742236977715770627e+04 9.437456972337296975e+03 7.832037226980001776e+01
5.742236977830458636e+04 9.338792501784790147e+03 7.792927060457581945e+01
5.742236977945146646e+04 9.386067957362303787e+03 7.811803084893190885e+01
5.742236978059834655e+04 9.349813279227706516e+03 7.797430801937986189e+01
5.742236978174523392e+04 9.570352949100009937e+03 7.885387141659110455e+01
5.742236978289211402e+04 9.280868829166112846e+03 7.769709672166665371e+01
5.742236978403899411e+04 9.248583193048707471e+03 7.756312620051234319e+01
5.742236978518588148e+04 8.974535033986230701e+03 7.645066126772540827e+01
5.742236978633276158e+04 8.824557511750643243e+03 7.583612648016324442e+01
5.742236978747964167e+04 9.013948494069849403e+03 7.661372582055629721e+01
5.742236978862652177e+04 9.597934159777760215e+03 7.895943449178270157e+01
5.742236978977340914e+04 9.519961027014640422e+03 7.864993374403573512e+01
5.742236979092028923e+04 9.176866771750657790e+03 7.727599954527096315e+01
5.742236979206716933e+04 9.268048260116744132e+03 7.764533386665600290e+01
5.742236979321404942e+04 9.416495462617256635e+03 7.823587248517412718e+01
5.742236979436093679e+04 9.235946550308070073e+03 7.751697167930960575e+01
5.742236979550781689e+04 9.299764433694779655e+03 7.776679583656651573e+01
5.742236979665469698e+04 9.237304414668582467e+03 7.751634692680241301e+01
5.742236979780158435e+04 9.224416697445087266e+03 7.746030805523521678e+01
5.742236979894846445e+04 9.307331132414772583e+03 7.779928951916254221e+01
5.742236980009534454e+04 8.773722058604516860e+03 7.562831723570843678e+01
5.742236980124222464e+04 8.650666066128527746e+03 7.511906155104345828e+01
5.742236980238911201e+04 8.945826587330895563e+03 7.633675406568583810e+01
5.742236980353599211e+04 9.235892582803900950e+03 7.751597590318286279e+01
5.742236980468287220e+04 9.448460241478969692e+03 7.836408923209667421e+01
5.742236980582975229e+04 9.635289301336773860e+03 7.910772402975575801e+01
5.742236980697663967e+04 9.720493301013737437e+03 7.944418074811918018e+01
5.742236980812351976e+04 9.472242130171667668e+03 7.846314643177991854e+01
5.742236980927039986e+04 9.278587217876140130e+03 7.767991899681742041e+01
5.742236981041727995e+04 9.227165730740227445e+03 7.748042141458115850e+01
5.742236981156416732e+04 9.318482133303001319e+03 7.784724833295526025e+01
5.742236981271104742e+04 9.367542563764356601e+03 7.804467755453374878e+01
5.742236981385792751e+04 9.488626600576497367e+03 7.852586645162719492e+01
5.742236981500481488e+04 9.402608977169322316e+03 7.818131524965619406e+01
5.742236981615169498e+04 9.666317562155511041e+03 7.922751730456441521e+01
5.742236981729857507e+04 9.759325211488087007e+03 7.959925490649335700e+01
5.742236981844545517e+04 9.475063971290723202e+03 7.847386271202674379e+01
5.742236981959234254e+04 9.393173872481749640e+03 7.815056951381367867e+01
5.742236982073922263e+04 9.143844295093236724e+03 7.715364661673325486e+01
5.742236982188610273e+04 8.887185913782965144e+03 7.609623431532060067e+01
5.742236982303298282e+04 8.904609717257721059e+03 7.616267595186370443e+01
5.742236982417987019e+04 9.160153040380371749e+03 7.720788496279007518e+01
5.742236982532675029e+04 9.376289204053831781e+03 7.807632542647191087e+01
5.742236982647363038e+04 9.443004501931822233e+03 7.833925313511956290e+01
5.742236982762051775e+04 9.281260430430975248e+03 7.769748913248807298e+01
5.742236982876739785e+04 9.428623847349861535e+03 7.829014262980663830e+01
5.742236982991427794e+04 9.508425298226555242e+03 7.860881845082607811e+01
5.742236983106115804e+04 9.458269403979184062e+03 7.840438384170232666e+01
5.742236983220804541e+04 9.219817916501815489e+03 7.744940319812484120e+01
5.742236983335492550e+04 9.090090034582117369e+03 7.692442648922769877e+01
5.742236983450180560e+04 9.306152620397606370e+03 7.779764327062704865e+01
5.742236983564868569e+04 9.516471095333148696e+03 7.863354297901365442e+01
5.742236983679557306e+04 9.054778245793102542e+03 7.677724758828347262e+01
5.742236983794245316e+04 9.333608862679655431e+03 7.790775283182297528e+01
5.742236983908933325e+04 9.412498109306481638e+03 7.821960448341823735e+01
5.742236984023622063e+04 9.008407445583608933e+03 7.659148415389259412e+01
5.742236984138310072e+04 8.997177719288472872e+03 7.654498654597753671e+01
5.742236984252998082e+04 9.207831430453392386e+03 7.739568201398512315e+01
5.742236984367686091e+04 9.403979494215038358e+03 7.818517031169956510e+01
5.742236984482374828e+04 9.379179602376567345e+03 7.808808974779087464e+01
5.742236984597062838e+04 9.387672684278953966e+03 7.812301957478774739e+01
5.742236984711750847e+04 9.432669131210966952e+03 7.830626350107124267e+01
5.742236984826438857e+04 9.428251063745259671e+03 7.828144041306575218e+01
5.742236984941127594e+04 9.418496808859046723e+03 7.824115608783446874e+01
5.742236985055815603e+04 9.595832694687380354e+03 7.895182793801174626e+01
5.742236985170503613e+04 9.285274676217628439e+03 7.771260991820918207e+01
5.742236985285191622e+04 8.922196409223713999e+03 7.623479300739391817e+01
5.742236985399880359e+04 9.065075514662305068e+03 7.681347585018518487e+01
5.742236985514568369e+04 9.044833186549962193e+03 7.673926260235745644e+01
5.742236985629256378e+04 9.147978562455875363e+03 7.716466521991830518e+01
5.742236985743945115e+04 9.049942108805907992e+03 7.676211650662385466e+01
5.742236985858633125e+04 9.110190654094454658e+03 7.700305561920812636e+01
5.742236985973321134e+04 9.130821651559015663e+03 7.708980018481460661e+01
5.742236986088009144e+04 9.214058589912541720e+03 7.743186579682375736e+01
5.742236986202697881e+04 9.412222980741786159e+03 7.822448802360040077e+01
5.742236986317385890e+04 9.046632290932077012e+03 7.674552824629664372e+01
5.742236986432073900e+04 8.932963477754874475e+03 7.628013391516664399e+01
5.742236986546761909e+04 9.240590989012171121e+03 7.753649244411687391e+01
5.742236986661450646e+04 9.291934928024638793e+03 7.773710396717103777e+01
5.742236986776138656e+04 9.331929769813237726e+03 7.789604472495061316e+01
5.742236986890826665e+04 9.340917846232779993e+03 7.794143419752241186e+01
5.742236987005515402e+04 9.406166173564224664e+03 7.820046645967020993e+01
5.742236987120203412e+04 9.041682741494021684e+03 7.672602766557012899e+01
5.742236987234891421e+04 9.083383844310446875e+03 7.689528368937295966e+01
5.742236987349579431e+04 9.026440908151320400e+03 7.666178965706251347e+01
5.742236987464268168e+04 8.958074043546592293e+03 7.638387704055793392e+01
5.742236987578956177e+04 9.127780246223781432e+03 7.707987719818972039e+01
5.742236987693644187e+04 9.282490545569295136e+03 7.770447762617897070e+01
5.742236987808332196e+04 9.457048102471604579e+03 7.839561144287847583e+01
5.742236987923020934e+04 9.508271909365617830e+03 7.860044160555972326e+01
5.742236988037708943e+04 9.500452932798480106e+03 7.856842069453121269e+01
5.742236988152396953e+04 9.400413314296270983e+03 7.817192669273694605e+01
5.742236988267085690e+04 9.269745228242405574e+03 7.765066825741793366e+01
5.742236988381773699e+04 9.235899692675509868e+03 7.751405277090725576e+01
5.742236988496461709e+04 9.274780109025490674e+03 7.766975071764288430e+01
5.742236988611149718e+04 9.312452505483634013e+03 7.781919845709808214e+01
5.742236988725838455e+04 9.054382949715536597e+03 7.677801542481378760e+01
5.742236988840526465e+04 8.817566662073639236e+03 7.580254507055640545e+01
5.742236988955214474e+04 8.529251324438533629e+03 7.460182115305944706e+01
5.742236989069902484e+04 8.180986249043417956e+03 7.313004510237661293e+01
5.742236989184591221e+04 8.046301259078644762e+03 7.256123980856956734e+01
5.742236989299279230e+04 8.239887060969382219e+03 7.340158472306700332e+01
5.742236989413967240e+04 8.477993040066778121e+03 7.440856931836898980e+01
5.742236989528655249e+04 9.043243645245238440e+03 7.673722259274899216e+01
5.742236989643343986e+04 9.853933909364930514e+03 7.996849058882116879e+01
5.742236989758031996e+04 9.898900374265780556e+03 8.014216854818991465e+01
5.742236989872720005e+04 1.008248068953364054e+04 8.085171421714017015e+01
5.742236989987408742e+04 1.029764501844129700e+04 8.167963629665524650e+01
5.742236990102096752e+04 1.012590169954484736e+04 8.101749316731832096e+01
5.742236990216784761e+04 9.925479674965095910e+03 8.024381237773269504e+01
5.742236990331472771e+04 9.508072554073758511e+03 7.860386099296059115e+01
5.742236990446161508e+04 9.205938345539336296e+03 7.739250897798216045e+01
5.742236990560849517e+04 9.435808421747738976e+03 7.831638937436601111e+01
5.742236990675537527e+04 9.813979239558688278e+03 7.981091021773924865e+01
5.742236990790225536e+04 9.391625882076992639e+03 7.813985246692259068e+01
5.742236990904914273e+04 9.242114219291270274e+03 7.754029358247177584e+01
5.742236991019602283e+04 9.596281370271759442e+03 7.896081899828747908e+01
5.742236991134290292e+04 9.668666628611750639e+03 7.924091074631851939e+01
5.742236991248979029e+04 9.446845967364539320e+03 7.836053191106246629e+01
5.742236991363667039e+04 9.388279234717037980e+03 7.812393991982762032e+01
5.742236991478355048e+04 9.363591700825609223e+03 7.802084661800698484e+01
5.742236991593043058e+04 9.082703101143248205e+03 7.689299178503689802e+01
5.742236991707731795e+04 8.779805709016887704e+03 7.565235190758109241e+01
5.742236991822419805e+04 8.828025076192712731e+03 7.584850615678642782e+01
5.742236991937107814e+04 9.207873885168904962e+03 7.740091068162705312e+01
5.742236992051795823e+04 9.849895892771570288e+03 7.995258407217987440e+01
5.742236992166484561e+04 9.939903142048560767e+03 8.030542436731724365e+01
5.742236992281172570e+04 1.013561971001550410e+04 8.106086508372050048e+01
5.742236992395860580e+04 1.023433306869438820e+04 8.143616037472595792e+01
5.742236992510549317e+04 9.684249791878330143e+03 7.929360947371904444e+01
5.742236992625237326e+04 9.332239716616930309e+03 7.789250137121747741e+01
5.742236992739925336e+04 9.373432594656960646e+03 7.806446080922491149e+01
5.742236992854613345e+04 9.402376880058889583e+03 7.818331083983773055e+01
5.742236992969302082e+04 9.336280837645601423e+03 7.791568578198388195e+01
5.742236993083990092e+04 9.027424048132455937e+03 7.666795575104434590e+01
5.742236993198678101e+04 8.961532745406153481e+03 7.639885572926769441e+01
5.742236993313366111e+04 9.392600540375222408e+03 7.814534038830571205e+01
5.742236993428054848e+04 9.689250443259370513e+03 7.931717452237425903e+01
5.742236993542742857e+04 9.707914860889251941e+03 7.939198080477433450e+01
5.742236993657430867e+04 9.570241366810134423e+03 7.885149204489150065e+01
5.742236993772118876e+04 9.566701296646928313e+03 7.883311767083792176e+01
5.742236993886807613e+04 9.065088532217287138e+03 7.681988881606511654e+01
5.742236994001495623e+04 8.937166749846515813e+03 7.629181749049379846e+01
5.742236994116183632e+04 9.014736912987989854e+03 7.661103264694050097e+01
5.742236994230872369e+04 9.001718143090036392e+03 7.656083383902716832e+01
5.742236994345560379e+04 9.072527417932536991e+03 7.684828671869775008e+01
5.742236994460248388e+04 9.080529134211974451e+03 7.688022327979498982e+01
5.742236994574936398e+04 9.060553799776474989e+03 7.679557534881239178e+01
5.742236994689625135e+04 9.152365949201925105e+03 7.717187956314252517e+01
5.742236994804313144e+04 9.075006928675482413e+03 7.686097361352989310e+01
5.742236994919001154e+04 9.001028101310039347e+03 7.655639128053255149e+01
5.742236995033689163e+04 9.105849236008081789e+03 7.698186853809079366e+01
5.742236995148377900e+04 9.246523116794978705e+03 7.756266500302815814e+01
5.742236995263065910e+04 9.319120695872876240e+03 7.785054803665890688e+01
5.742236995377753919e+04 9.284463341118120297e+03 7.770402746197724753e+01
5.742236995492442657e+04 9.122155845027717078e+03 7.705020626739765532e+01
5.742236995607130666e+04 9.266465231216388929e+03 7.763598146816930523e+01
5.742236995721818676e+04 9.294141403604582592e+03 7.774828984025148770e+01
5.742236995836506685e+04 9.238353572339745369e+03 7.752315741351864631e+01
5.742236995951195422e+04 9.111065361823064450e+03 7.700751829766828394e+01
5.742236996065883432e+04 8.991078812973961249e+03 7.652102918946441434e+01
5.742236996180571441e+04 8.884418140585210494e+03 7.608031279684138326e+01
5.742236996295259451e+04 8.645049421536079535e+03 7.508352419010920187e+01
5.742236996409948188e+04 8.892595159053009411e+03 7.611556588594851291e+01
5.742236996524636197e+04 9.406927935288877052e+03 7.820668537466761450e+01
5.742236996639324207e+04 9.509678102307036170e+03 7.860503389369888794e+01
5.742236996754012944e+04 9.391625487010838697e+03 7.813682649358139543e+01
5.742236996868700953e+04 9.293630455359147163e+03 7.774522953494039257e+01
5.742236996983388963e+04 9.204838307313886617e+03 7.738567463769373944e+01
5.742236997098076972e+04 9.210973532764743140e+03 7.741122652358087919e+01
5.742236997212765709e+04 9.392427301837869891e+03 7.814259423631391144e+01
5.742236997327453719e+04 9.466298606650478177e+03 7.843683929425625934e+01
5.742236997442141728e+04 9.354439787820416313e+03 7.798822349064776915e+01
5.742236997556829738e+04 9.232403549977243529e+03 7.750079745547465393e+01
5.742236997671518475e+04 9.213701100316140582e+03 7.742668375319081520e+01
5.742236997786206484e+04 9.180924224189287997e+03 7.728964490466698578e+01
5.742236997900894494e+04 9.366748455514920352e+03 7.804270242421650039e+01
5.742236998015582503e+04 9.673761521717171490e+03 7.925868179727471841e+01
5.742236998130271240e+04 9.663718343247706798e+03 7.922232276301699017e+01
5.742236998244959250e+04 9.600417079824615939e+03 7.897087361292138041e+01
5.742236998359647259e+04 9.228152869567962625e+03 7.747724334678676428e+01
5.742236998474335996e+04 9.289258773830884820e+03 7.773180465145492235e+01
5.742236998589024006e+04 9.426049816180180642e+03 7.827935822710738023e+01
5.742236998703712015e+04 9.259615807861935536e+03 7.760545352436015776e+01
5.742236998818400025e+04 9.161261879044142916e+03 7.720884764252586763e+01
5.742236998933088762e+04 9.009892372702704961e+03 7.659035092209130369e+01
5.742236999047776771e+04 9.051391079254040960e+03 7.676194339979431902e+01
5.742236999162464781e+04 9.172000815422150481e+03 7.725322566517424150e+01
5.742236999277152790e+04 9.157572958645147082e+03 7.719587543976230393e+01
5.742236999391841528e+04 9.452363440590173923e+03 7.837999409878960932e+01
5.742236999506529537e+04 9.426039861032515546e+03 7.827315236488122707e+01
5.742236999621217547e+04 9.230251127333280238e+03 7.748392537122818169e+01
5.742236999735906284e+04 9.415595778351165791e+03 7.823091906595165312e+01
5.742236999850594293e+04 9.462439892895195953e+03 7.842125208298621430e+01
5.742236999965282303e+04 9.128266279693540127e+03 7.707284832296544153e+01
5.742237000079970312e+04 8.901964040559982095e+03 7.614930110881736880e+01
5.742237000194659049e+04 8.831897378625824786e+03 7.585906414951426768e+01
5.742237000309347059e+04 9.065255560943771343e+03 7.681944771252666726e+01
5.742237000424035068e+04 9.400729486446898591e+03 7.817782328778707779e+01
5.742237000538723078e+04 9.141155474673920253e+03 7.712893139149689148e+01
5.742237000653411815e+04 8.910065301853965138e+03 7.617871328844611867e+01
5.742237000768099824e+04 9.173240273882400288e+03 7.726592873478095669e+01
5.742237000882787834e+04 9.457912567707975541e+03 7.840777165177115648e+01
5.742237000997476571e+04 9.626207067790455767e+03 7.907702303216768769e+01
5.742237001112164580e+04 9.400898885378153864e+03 7.817822202144409971e+01
5.742237001226852590e+04 9.443474991285320357e+03 7.834791216668045877e+01
5.742237001341540599e+04 9.285298226873424937e+03 7.771309125346398616e+01
5.742237001456229336e+04 8.944979299988021012e+03 7.633069409854105913e+01
5.742237001570917346e+04 9.022578026535093159e+03 7.664282444648324599e+01
5.742237001685605355e+04 9.308359881211648826e+03 7.779984646796708603e+01
5.742237001800293365e+04 9.413032564540766543e+03 7.822658528435138692e+01
5.742237001914982102e+04 9.471038274356764305e+03 7.845952884307527597e+01
5.742237002029670111e+04 9.290824974758879762e+03 7.773673997507529521e+01
5.742237002144358121e+04 8.882519105783409032e+03 7.607997349709441437e+01
5.742237002259046130e+04 9.029837591836640058e+03 7.667476536140955545e+01
5.742237002373734867e+04 9.338823099054578051e+03 7.792704526118815522e+01
5.742237002488422877e+04 9.627998186054266625e+03 7.907881590575942710e+01
5.742237002603110886e+04 9.622532975250645904e+03 7.904928208420244573e+01
5.742237002717799623e+04 9.630008089639981335e+03 7.907543343744411857e+01
5.742237002832487633e+04 9.628992222252703868e+03 7.907933500170425134e+01
5.742237002947175642e+04 9.507353090356176835e+03 7.859790274202190119e+01
5.742237003061863652e+04 9.403593829097486378e+03 7.818238417062723045e+01
5.742237003176552389e+04 9.168981435540865277e+03 7.723505575903304532e+01
5.742237003291240399e+04 8.972393332569219638e+03 7.643913604564220066e+01
5.742237003405928408e+04 9.167199345540135255e+03 7.723423547863490057e+01
5.742237003520616418e+04 8.947266820282115077e+03 7.633880837539123831e+01
5.742237003635305155e+04 8.581911307989474153e+03 7.483059212709078167e+01
5.742237003749993164e+04 8.654947628527310371e+03 7.513345852966010341e+01
5.742237003864681174e+04 9.059313538914311721e+03 7.680214859050721543e+01
5.742237003979369911e+04 9.409795614262766321e+03 7.821235978028606439e+01
5.742237004094057920e+04 9.433537702425459429e+03 7.830208576344384142e+01
5.742237004208745930e+04 9.300486659765738295e+03 7.776942987995346357e+01
5.742237004323433939e+04 9.298986880805357941e+03 7.776434901645352227e+01
5.742237004438122676e+04 9.223709400610045122e+03 7.746526048262286679e+01
5.742237004552810686e+04 9.254540077544976157e+03 7.759405680644084669e+01
5.742237004667498695e+04 9.463870277310668826e+03 7.842779332900842348e+01
5.742237004782186705e+04 9.454357509322571786e+03 7.839272209610055597e+01
5.742237004896875442e+04 9.205596516093406535e+03 7.739214335895044883e+01
5.742237005011563451e+04 9.169120659132231594e+03 7.723792537686713899e+01
5.742237005126251461e+04 9.158931774888118525e+03 7.720006481839557466e+01
5.742237005240940198e+04 9.110529762766520435e+03 7.700092954745103668e+01
5.742237005355628207e+04 9.322545334408832787e+03 7.785739641837601255e+01
5.742237005470316217e+04 9.184124285538351614e+03 7.729897546483715587e+01
5.742237005585004226e+04 9.133863432076916069e+03 7.709516588336984455e+01
5.742237005699692963e+04 9.193305779810349122e+03 7.733895799561355489e+01
5.742237005814380973e+04 9.080726578484434867e+03 7.688946683121612580e+01
5.742237005929068982e+04 9.204497610819065812e+03 7.739103711658665929e+01
5.742237006043756992e+04 9.226650735725979757e+03 7.747580110138677867e+01
5.742237006158445729e+04 9.375778189896711410e+03 7.807769078962641629e+01
5.742237006273133738e+04 9.279461434084561915e+03 7.769235907300868860e+01
5.742237006387821748e+04 8.803728650988234222e+03 7.574989936839973836e+01
5.742237006502509757e+04 8.802577534674966955e+03 7.574627133371986076e+01
5.742237006617198494e+04 8.795681893062926974e+03 7.571662084054314334e+01
5.742237006731886504e+04 8.957056574823967821e+03 7.638068261370609946e+01
5.742237006846574513e+04 9.402069105049862628e+03 7.817935424574737624e+01
5.742237006961263251e+04 9.446620134945811515e+03 7.835731891068039090e+01
5.742237007075951260e+04 9.540966818047902052e+03 7.873535934108562628e+01
5.742237007190639270e+04 9.653911806278449149e+03 7.918276547160712653e+01
5.742237007305327279e+04 9.600149558636016081e+03 7.896794000912491640e+01
5.742237007420016016e+04 9.468487590516751879e+03 7.844372092216572412e+01
5.742237007534704026e+04 9.180469032282018816e+03 7.729024898889481676e+01
5.742237007649392035e+04 9.122360926937699332e+03 7.705869158933884933e+01
5.742237007764080045e+04 9.196777280879008686e+03 7.735585140361729373e+01
5.742237007878768782e+04 9.122948336151343028e+03 7.705608904455442598e+01
5.742237007993456791e+04 9.108173933145650153e+03 7.698808723298265022e+01
5.742237008108144801e+04 9.004316010978898703e+03 7.657278230533017904e+01
5.742237008222833538e+04 8.959381312790696029e+03 7.638936872871923356e+01
5.742237008337521547e+04 9.071767934046727532e+03 7.685094427259339511e+01
5.742237008452209557e+04 9.248716837138459596e+03 7.756808647821323177e+01
5.742237008566897566e+04 9.320546893205531887e+03 7.785724341635038570e+01
5.742237008681586303e+04 9.137248013330190588e+03 7.711133544581900878e+01
5.742237008796274313e+04 9.204994255461129796e+03 7.738288953316667573e+01
5.742237008910962322e+04 9.444359774710092097e+03 7.834984877677221959e+01
5.742237009025650332e+04 9.450779472839691152e+03 7.837369655454085660e+01
5.742237009140339069e+04 9.243564059446387546e+03 7.754611236248230455e+01
5.742237009255027078e+04 9.052996662600848140e+03 7.676561078283161521e+01
5.742237009369715088e+04 9.122148826350825402e+03 7.704846628768665084e+01
5.742237009484403097e+04 9.143984954938101509e+03 7.713823823210906028e+01
5.742237009599091834e+04 8.961555211375980434e+03 7.639913901212665337e+01
5.742237009713779844e+04 9.007684184406280110e+03 7.658490893830160928e+01
5.742237009828467853e+04 9.070033319702257359e+03 7.683607038771307884e+01
5.742237009943156590e+04 9.026514708713841173e+03 7.666352553120823643e+01
5.742237010057844600e+04 8.952726603789207729e+03 7.636667088381160795e+01
5.742237010172532609e+04 9.044271007240749896e+03 7.673657722406670700e+01
5.742237010287220619e+04 9.088392725735409840e+03 7.691056430489864226e+01
5.742237010401909356e+04 9.279326862423235070e+03 7.768422860988893319e+01
5.742237010516597365e+04 9.662549099189716799e+03 7.920667177483893795e+01
5.742237010631285375e+04 9.502292283279966796e+03 7.857240297235392745e+01
5.742237010745973384e+04 9.308043828240024595e+03 7.779364330588718701e+01
5.742237010860662122e+04 9.499046942398708779e+03 7.857269172189432993e+01
5.742237010975350131e+04 9.398040434447102598e+03 7.816113734119109324e+01
5.742237011090038141e+04 9.190143588303908473e+03 7.732398152976224992e+01
5.742237011204726878e+04 9.365856835708276776e+03 7.803904724949849481e+01
5.742237011319414887e+04 9.379861170058866264e+03 7.809277412266807517e+01
5.742237011434102897e+04 9.353348802237853306e+03 7.798443534139548206e+01
5.742237011548790906e+04 9.217850249623528725e+03 7.743739638297012107e+01
5.742237011663479643e+04 9.178351961914800995e+03 7.727872948070445602e+01
5.742237011778167653e+04 9.144125385549927159e+03 7.714088744584758217e+01
5.742237011892855662e+04 8.910129478087788812e+03 7.618422977492272707e+01
5.742237012007543672e+04 8.929563131512742984e+03 7.626487596731578833e+01
5.742237012122232409e+04 8.918849765193805069e+03 7.622374885080635920e+01
5.742237012236920418e+04 8.890218343670863760e+03 7.610530326571058879e+01
5.742237012351608428e+04 8.919077768816407115e+03 7.622490930239209206e+01
5.742237012466297165e+04 9.093212416921194745e+03 7.693529096642828335e+01
5.742237012580985174e+04 8.976913791673288870e+03 7.645262419199266901e+01
5.742237012695673184e+04 9.177993333565011199e+03 7.726755746521034496e+01
5.742237012810361193e+04 9.594875880205923750e+03 7.894153430373735603e+01
5.742237012925049930e+04 9.646154746159361821e+03 7.914256515713917395e+01
5.742237013039737940e+04 9.339758747503863560e+03 7.793269178363620142e+01
5.742237013154425949e+04 9.330777253679187197e+03 7.789846505540745625e+01
5.742237013269113959e+04 9.303883392271665798e+03 7.778399948334806879e+01
5.742237013383802696e+04 9.281237126750300376e+03 7.769010830188493344e+01
5.742237013498490705e+04 9.165979072172665838e+03 7.722854244923632905e+01
5.742237013613178715e+04 9.255362022236671692e+03 7.759586196572112726e+01
5.742237013727866724e+04 9.113146383371884440e+03 7.701749981435709458e+01
5.742237013842555461e+04 9.249202509640548669e+03 7.755915996754534092e+01
5.742237013957243471e+04 9.288786948278893760e+03 7.771688539897600378e+01
5.742237014071931480e+04 8.930657242829003735e+03 7.626708011482858751e+01
5.742237014186620218e+04 8.684969207253798231e+03 7.525434167046503831e+01
5.742237014301308227e+04 8.803855539916919952e+03 7.575131121131647660e+01
5.742237014415996236e+04 9.201183084452557523e+03 7.737584022066185696e+01
5.742237014530684246e+04 9.391689591127096719e+03 7.813789736359944982e+01
5.742237014645372983e+04 9.400149236936113084e+03 7.816788940302706123e+01
5.742237014760060993e+04 9.556553347366047092e+03 7.878947999473658115e+01
5.742237014874749002e+04 9.503771354380465709e+03 7.857998654616501710e+01
5.742237014989437012e+04 8.929588110133401642e+03 7.626649920047792364e+01
5.742237015104125749e+04 8.784631229834538317e+03 7.567215090954736922e+01
5.742237015218813758e+04 9.044869300170508723e+03 7.674171843884579403e+01
5.742237015333501768e+04 9.224204678601665364e+03 7.746244321488971707e+01
5.742237015448190505e+04 9.181540070845860100e+03 7.729295174610571451e+01
5.742237015562878514e+04 8.981655389671341254e+03 7.648410710520946054e+01
5.742237015677566524e+04 9.086323353365381990e+03 7.690254191950693041e+01
5.742237015792254533e+04 9.387650101383034780e+03 7.811778616531037756e+01
5.742237015906943270e+04 9.547817220676239231e+03 7.875659033930983810e+01
5.742237016021631280e+04 9.494780162163064233e+03 7.855071274809975534e+01
5.742237016136319289e+04 9.432364742741045120e+03 7.830111544535019164e+01
5.742237016251007299e+04 8.873894806213595075e+03 7.604009359676588531e+01
5.742237016365696036e+04 8.666739010069242795e+03 7.517986451209823429e+01
5.742237016480384045e+04 8.967920278452715138e+03 7.641994038694285507e+01
5.742237016595072055e+04 9.152018127264775103e+03 7.716850560160825978e+01
5.742237016709760792e+04 9.086328493058099411e+03 7.690702620611308760e+01
5.742237016824448801e+04 9.056746716451949396e+03 7.678622865536694064e+01
5.742237016939136811e+04 9.268336028814965175e+03 7.764083065520311777e+01
5.742237017053824820e+04 9.194515211030236969e+03 7.734438480976358221e+01
5.742237017168513557e+04 9.105060422945640312e+03 7.698543692465649713e+01
5.742237017283201567e+04 9.014334382070836000e+03 7.661733449419070041e+01
5.742237017397889576e+04 9.023724031419438688e+03 7.665480850095183030e+01
5.742237017512577586e+04 9.026200611338161252e+03 7.666365643591605306e+01
5.742237017627266323e+04 9.234683149069600404e+03 7.750470694201659683e+01
5.742237017741954332e+04 9.427551469107904268e+03 7.827767533028918479e+01
5.742237017856642342e+04 9.566690592076218309e+03 7.883229300097956127e+01
5.742237017971330351e+04 9.714690708258051018e+03 7.941881834556772901e+01
5.742237018086019089e+04 9.867975345323673537e+03 8.002400628689895257e+01
5.742237018200707098e+04 9.567319541027620289e+03 7.883810227666975834e+01
5.742237018315395107e+04 9.090304542765390579e+03 7.692121802303064726e+01
5.742237018430083845e+04 8.798111031679265579e+03 7.572645100800858131e+01
5.742237018544771854e+04 8.884107156758382189e+03 7.607648445438898932e+01
5.742237018659459864e+04 8.953973886679150382e+03 7.636472503162183045e+01
5.742237018774147873e+04 9.185344423624350384e+03 7.731734250356065274e+01
5.742237018888836610e+04 9.473049659410113236e+03 7.846344353881231370e+01
5.742237019003524620e+04 9.862413012889073798e+03 7.999547303677685761e+01
5.742237019118212629e+04 9.877590692301644594e+03 8.005369882612373544e+01
5.742237019232900639e+04 9.597551652797445058e+03 7.895731503217260183e+01
5.742237019347589376e+04 9.505790252056041936e+03 7.858962164863480382e+01
5.742237019462277385e+04 9.350314044519009258e+03 7.797060437125855969e+01
5.742237019576965395e+04 9.131999465100687303e+03 7.709342529296900182e+01
5.742237019691654132e+04 9.009195866440053578e+03 7.658857741480429127e+01
5.742237019806342141e+04 8.871346569645729687e+03 7.602259162640532963e+01
5.742237019921030151e+04 8.749477260769739587e+03 7.551886844900785434e+01
5.742237020035718160e+04 8.904017244614873562e+03 7.615929567708401748e+01
5.742237020150406897e+04 8.879860322817898123e+03 7.606611376466777585e+01
5.742237020265094907e+04 8.794985031599169815e+03 7.571033183476626505e+01
5.742237020379782916e+04 8.933335064012515431e+03 7.627511925181173069e+01
5.742237020494470926e+04 9.007510192151205047e+03 7.658274621328654064e+01
5.742237020609159663e+04 8.870593085721686293e+03 7.601954548018588298e+01
5.742237020723847672e+04 8.895935101644512542e+03 7.612496085007329327e+01
5.742237020838535682e+04 8.985810992289967544e+03 7.649071651294316609e+01
5.742237020953224419e+04 8.732592314341563906e+03 7.545587186458065787e+01
5.742237021067912428e+04 8.293988019057527708e+03 7.361650779010987833e+01
5.742237021182600438e+04 7.593924200769379240e+03 7.058128487263422812e+01
5.742237021297288447e+04 6.693234565778587239e+03 6.647593837460536292e+01
5.742237021411977184e+04 6.055827678758721959e+03 6.341116598903721524e+01
5.742237021526665194e+04 5.610336466516149812e+03 6.117346297968003199e+01
5.742237021641353203e+04 5.524666241635855840e+03 6.072942065586652660e+01
5.742237021756041213e+04 5.372902045173113947e+03 5.993132005858051059e+01
5.742237021870729950e+04 5.277773332980442319e+03 5.944080251435895690e+01
5.742237021985417960e+04 5.298865825199477513e+03 5.955508510705656278e+01
5.742237022100105969e+04 5.320810842097461318e+03 5.966587253714523342e+01
5.742237022214793978e+04 5.199408165441838719e+03 5.902579377186701493e+01
5.742237022329482716e+04 5.189224856265120252e+03 5.896839583161455778e+01
5.742237022444170725e+04 5.224994097960982799e+03 5.916547664037430110e+01
5.742237022558858735e+04 5.257356324658591802e+03 5.933164090452448391e+01
5.742237022673547472e+04 5.282325800895718203e+03 5.946037982897288998e+01
5.742237022788235481e+04 5.286705975893398318e+03 5.948389071850711929e+01
5.742237022902923491e+04 5.225103588409075201e+03 5.915902442058112598e+01
5.742237023017611500e+04 5.175828309659837032e+03 5.889746519865970242e+01
5.742237023132300237e+04 5.185434508273989195e+03 5.895709947522264116e+01
5.742237023246988247e+04 5.275208685321877965e+03 5.941889252344249428e+01
5.742237023361676256e+04 5.292547703963738059e+03 5.951632676331063010e+01
5.742237023476364266e+04 5.209075985084933563e+03 5.907392187537100625e+01
5.742237023591053003e+04 5.196440807451974251e+03 5.899874651491128219e+01
5.742237023705741012e+04 5.197880930921049185e+03 5.901050045726474735e+01
