2.457418909257099964e+06 2.667809204560042417e+04 1.308995145320159281e+02
2.457418909260379616e+06 2.519818717849086534e+04 1.274915998776681789e+02
2.457418909263658803e+06 2.500803315727699737e+04 1.270406545095560915e+02
2.457418909266938455e+06 2.554893721746166557e+04 1.282902993085287449e+02
2.457418909270218108e+06 2.525968395365683318e+04 1.276043447622112410e+02
2.457418909273497295e+06 2.509926768128302137e+04 1.272335558014224546e+02
2.457418909276776947e+06 2.472062234253500719e+04 1.263612440303086117e+02
2.457418909280056600e+06 2.524931380552194241e+04 1.276045913749644285e+02
2.457418909283335786e+06 2.580348107967467513e+04 1.288993883022118325e+02
2.457418909286615439e+06 2.551625265689185107e+04 1.281952095748446823e+02
2.457418909289895091e+06 2.534755918175067200e+04 1.278364732368238066e+02
2.457418909293174278e+06 2.564419449525932941e+04 1.285087345997605155e+02
2.457418909296453930e+06 2.528498746458239475e+04 1.276829457164497654e+02
2.457418909299733583e+06 2.607527207237563562e+04 1.295068341225119184e+02
2.457418909303013235e+06 2.621111918532685377e+04 1.298317151007338737e+02
2.457418909306292422e+06 2.504271572288546668e+04 1.271188204286337111e+02
2.457418909309572075e+06 2.446463804433041514e+04 1.257661258044221313e+02
2.457418909312851727e+06 2.440042827194289566e+04 1.256163219822615815e+02
2.457418909316130914e+06 2.582638574447987412e+04 1.289378410669230277e+02
2.457418909319410566e+06 2.652245860784823890e+04 1.305028547403413768e+02
2.457418909322690219e+06 2.594729112336785693e+04 1.291888227223302010e+02
2.457418909325969405e+06 2.606565375701471930e+04 1.294889003852219389e+02
2.457418909329249058e+06 2.557078990896876348e+04 1.283366413346040531e+02
2.457418909332528710e+06 2.579999964697040923e+04 1.288591532330587199e+02
2.457418909335807897e+06 2.639995685015029085e+04 1.302351056444740891e+02
2.457418909339087550e+06 2.594877388107949446e+04 1.292191067984384176e+02
2.457418909342367202e+06 2.481844334791304209e+04 1.265989770547018338e+02
2.457418909345646389e+06 2.492691098896429321e+04 1.268202951034171093e+02
2.457418909348926041e+06 2.583431485200268435e+04 1.289307349177782953e+02
2.457418909352205694e+06 2.576723677285069061e+04 1.287396603291232680e+02
2.457418909355484881e+06 2.552988099863822572e+04 1.282235759334173792e+02
2.457418909358764533e+06 2.561654549268270421e+04 1.284144864705014868e+02
2.457418909362044185e+06 2.579149545417038098e+04 1.288024686287440375e+02
2.457418909365323372e+06 2.489991286013598801e+04 1.267544041858955097e+02
2.457418909368603025e+06 2.495296107217855752e+04 1.268826087019165243e+02
2.457418909371882677e+06 2.507812606940475234e+04 1.271777341559565286e+02
2.457418909375161864e+06 2.527129647325676706e+04 1.276316994057168586e+02
2.457418909378441516e+06 2.605325452405190663e+04 1.294227382567158600e+02
2.457418909381721169e+06 2.639634323306379520e+04 1.301981368205999274e+02
2.457418909385000356e+06 2.619138643219988080e+04 1.297498109329825979e+02
2.457418909388280008e+06 2.568473473490688048e+04 1.285664791529195554e+02
2.457418909391559660e+06 2.604437266404420734e+04 1.293789859003386198e+02
2.457418909394839313e+06 2.536672036499587921e+04 1.278573868212454556e+02
2.457418909398118500e+06 2.450400236804948509e+04 1.258200728677717137e+02
2.457418909401398152e+06 2.537349275716150078e+04 1.278901322287665323e+02
2.457418909404677805e+06 2.548244622143660672e+04 1.281283056297768610e+02
2.457418909407956991e+06 2.496584469733444348e+04 1.269137520521845488e+02
2.457418909411236644e+06 2.561604426739477640e+04 1.284231931772912105e+02
2.457418909414516296e+06 2.448475762796169511e+04 1.257810718880002696e+02
2.457418909417795483e+06 2.463506382386104087e+04 1.261558035606121422e+02
2.457418909421075135e+06 2.507111751989821278e+04 1.271594844092874581e+02
2.457418909424354788e+06 2.622144885712377072e+04 1.298091805161835737e+02
2.457418909427633975e+06 2.590138415985814572e+04 1.290338697444492482e+02
2.457418909430913627e+06 2.592685411508784819e+04 1.291293477850201441e+02
2.457418909434193280e+06 2.625583511338202516e+04 1.298838625706810319e+02
2.457418909437472466e+06 2.538257376428156931e+04 1.278861561501542639e+02
2.457418909440752119e+06 2.470374650752842354e+04 1.263103431586533389e+02
2.457418909444031771e+06 2.511310896236786721e+04 1.272528390455228191e+02
2.457418909447310958e+06 2.630559751927898833e+04 1.299939352541705091e+02
2.457418909450590611e+06 2.566375621469722319e+04 1.285343236555223427e+02
2.457418909453870263e+06 2.545041114312821082e+04 1.280591239241416304e+02
2.457418909457149450e+06 2.535469226704620087e+04 1.278165996859525535e+02
2.457418909460429102e+06 2.503344072769971172e+04 1.270682494151241286e+02
2.457418909463708755e+06 2.486925277781589466e+04 1.266914257496639920e+02
2.457418909466987941e+06 2.531684751584038895e+04 1.277145737418567109e+02
2.457418909470267594e+06 2.645814084163200823e+04 1.303531650773789465e+02
2.457418909473547246e+06 2.554280427945266638e+04 1.282364101348126439e+02
2.457418909476826899e+06 2.547050667661559419e+04 1.280781119558893977e+02
2.457418909480106086e+06 2.549556792955013589e+04 1.281228315566603158e+02
2.457418909483385738e+06 2.520920513085011407e+04 1.274478065585119566e+02
2.457418909486665390e+06 2.544600583415850269e+04 1.280498534595680269e+02
2.457418909489944577e+06 2.620409527673874254e+04 1.297343290757486614e+02
2.457418909493224230e+06 2.519881388804825110e+04 1.274610080167375088e+02
2.457418909496503882e+06 2.543991619557832746e+04 1.279988577087367077e+02
2.457418909499783069e+06 2.521391987373477605e+04 1.275200086613894541e+02
2.457418909503062721e+06 2.598693046175808922e+04 1.292798017500960839e+02
2.457418909506342374e+06 2.575249053124073907e+04 1.287490139014921624e+02
2.457418909509621561e+06 2.606151491320991408e+04 1.294460130773865103e+02
2.457418909512901213e+06 2.589000059029296972e+04 1.290501028871492792e+02
2.457418909516180865e+06 2.595130561936060258e+04 1.292124897628951317e+02
2.457418909519460052e+06 2.558487039342191201e+04 1.283412846740269799e+02
2.457418909522739705e+06 2.464140013043748695e+04 1.261599254828825991e+02
2.457418909526019357e+06 2.535433651117305999e+04 1.278241846104774311e+02
2.457418909529298544e+06 2.630685025353965466e+04 1.299737723437796717e+02
2.457418909532578196e+06 2.576089808447027099e+04 1.287435842590582524e+02
2.457418909535857849e+06 2.536449191699668881e+04 1.278422237888711805e+02
2.457418909539137036e+06 2.513697066300817460e+04 1.273078269091318191e+02
2.457418909542416688e+06 2.530626889969364856e+04 1.276951026449465019e+02
2.457418909545696341e+06 2.444501905786926363e+04 1.257136398883272079e+02
2.457418909548975527e+06 2.515580089930878967e+04 1.273466358089387285e+02
2.457418909552255180e+06 2.613185162668711200e+04 1.296169146649211541e+02
2.457418909555534832e+06 2.613753121676011142e+04 1.296293288933114241e+02
2.457418909558814019e+06 2.569801552528077082e+04 1.285946775151863903e+02
2.457418909562093671e+06 2.615630381065681649e+04 1.297393902898699594e+02
2.457418909565373324e+06 2.527427310280947859e+04 1.276295678955022908e+02
2.457418909568652976e+06 2.512317691369589375e+04 1.272851423865531331e+02
2.457418909571932163e+06 2.509237549802360445e+04 1.272232506683486264e+02
2.457418909575211816e+06 2.538413418507481038e+04 1.278754258259689180e+02
2.457418909578491468e+06 2.492662398905167356e+04 1.268037333350525699e+02
2.457418909581770655e+06 2.540755915309528791e+04 1.279566393654888969e+02
2.457418909585050307e+06 2.561311594387306104e+04 1.283995820744547700e+02
2.457418909588329960e+06 2.535058418381399679e+04 1.278091780057335853e+02
2.457418909591609146e+06 2.569587917560666028e+04 1.286515176223903723e+02
2.457418909594888799e+06 2.525390560755502156e+04 1.275977316877943366e+02
2.457418909598168451e+06 2.587094115179375513e+04 1.290041697191210233e+02
2.457418909601447638e+06 2.580455832038090739e+04 1.288713963227369277e+02
2.457418909604727291e+06 2.533997280239069369e+04 1.277947286684493520e+02
2.457418909608006943e+06 2.563216265955123890e+04 1.284732966428740326e+02
2.457418909611286130e+06 2.597392997978065978e+04 1.292292165875954311e+02
2.457418909614565782e+06 2.592529828253393862e+04 1.291138352508304195e+02
2.457418909617845435e+06 2.548178593566625568e+04 1.281187186371946041e+02
2.457418909621124621e+06 2.554672670233605459e+04 1.282800433110391225e+02
2.457418909624404274e+06 2.539672744736667300e+04 1.279308545919668489e+02
2.457418909627683926e+06 2.526794442877989059e+04 1.276147199807060417e+02
2.457418909630963113e+06 2.413031767566628696e+04 1.249234769731636447e+02
2.457418909634242766e+06 2.502291901809637420e+04 1.270558988759469230e+02
2.457418909637522418e+06 2.533462067653333361e+04 1.277556201462082868e+02
2.457418909640801605e+06 2.542851279675084879e+04 1.279698035086347261e+02
2.457418909644081257e+06 2.527678985910926713e+04 1.276350956948505200e+02
2.457418909647360910e+06 2.535334887466090004e+04 1.278314210280145460e+02
2.457418909650640562e+06 2.532472479047426532e+04 1.277643007292236490e+02
2.457418909653919749e+06 2.510823210667013700e+04 1.272577124753799040e+02
2.457418909657199401e+06 2.575483516381510344e+04 1.287134112733540974e+02
2.457418909660479054e+06 2.586813671129933209e+04 1.289807051247172183e+02
2.457418909663758241e+06 2.571537059286073054e+04 1.286417924352630564e+02
2.457418909667037893e+06 2.558949552065012176e+04 1.283685272336304592e+02
2.457418909670317546e+06 2.547335146908432580e+04 1.281138938775558245e+02
2.457418909673596732e+06 2.592353041155479514e+04 1.292227164619128530e+02
2.457418909676876385e+06 2.610276097257390938e+04 1.295349549922252095e+02
2.457418909680156037e+06 2.599892569757701858e+04 1.293040219912027737e+02
2.457418909683435224e+06 2.655578394528976060e+04 1.305611949895793771e+02
2.457418909686714876e+06 2.598861909936198208e+04 1.292925633470706259e+02
2.457418909689994529e+06 2.495922751613814034e+04 1.269034994135304544e+02
2.457418909693273716e+06 2.484809525610713172e+04 1.266418837040040870e+02
2.457418909696553368e+06 2.513452266266889637e+04 1.273046202490381802e+02
2.457418909699833021e+06 2.565914506939058629e+04 1.285099360009672580e+02
2.457418909703112207e+06 2.535953914961139890e+04 1.278069020731318943e+02
2.457418909706391860e+06 2.482422791272391260e+04 1.265658655503175254e+02
2.457418909709671512e+06 2.589358186046581977e+04 1.290671508007148702e+02
2.457418909712950699e+06 2.567861428933318530e+04 1.285729315688658687e+02
2.457418909716230351e+06 2.560059393568459927e+04 1.284233010406375115e+02
2.457418909719510004e+06 2.543502410802670784e+04 1.280073203455245618e+02
2.457418909722789191e+06 2.536138621671452711e+04 1.278220564104271944e+02
2.457418909726068843e+06 2.540944912934657259e+04 1.279328993571500064e+02
2.457418909729348496e+06 2.578162825520796105e+04 1.288058969353982661e+02
2.457418909732627682e+06 2.604630988437151973e+04 1.293924297119784228e+02
2.457418909735907335e+06 2.606484364340357570e+04 1.294254366694734131e+02
2.457418909739186987e+06 2.640153546515055859e+04 1.302069885889792999e+02
2.457418909742466640e+06 2.526008243184713501e+04 1.275816816182543647e+02
2.457418909745745827e+06 2.538154610360750303e+04 1.278692561712157811e+02
2.457418909749025479e+06 2.537583022483825334e+04 1.278897583555854425e+02
2.457418909752305131e+06 2.504664600067873107e+04 1.271082908441825339e+02
2.457418909755584318e+06 2.558144481734172587e+04 1.283409058947946448e+02
2.457418909758863971e+06 2.538358358778940237e+04 1.278817680546074342e+02
2.457418909762143623e+06 2.496462651183813068e+04 1.269202379577137805e+02
2.457418909765422810e+06 2.523513035275472794e+04 1.275582235667085769e+02
2.457418909768702462e+06 2.509430069643083698e+04 1.272159833661671939e+02
2.457418909771982115e+06 2.515725170382665237e+04 1.273720824303863424e+02
2.457418909775261302e+06 2.528107785908174992e+04 1.276428268945444700e+02
2.457418909778540954e+06 2.496589397820809609e+04 1.269098298326322549e+02
2.457418909781820606e+06 2.485779838511882190e+04 1.266685915427687661e+02
2.457418909785099793e+06 2.559880535344244709e+04 1.283804876447938454e+02
2.457418909788379446e+06 2.506748133642313769e+04 1.271681655126136121e+02
2.457418909791659098e+06 2.568187169665142937e+04 1.285810513655525256e+02
2.457418909794938285e+06 2.625915261654581263e+04 1.298947930444721237e+02
2.457418909798217937e+06 2.578291090815691859e+04 1.288454095015582652e+02
2.457418909801497590e+06 2.460479780227608353e+04 1.260946771667271378e+02
2.457418909804776777e+06 2.458098851049019140e+04 1.260251324300226514e+02
2.457418909808056429e+06 2.525433092573962494e+04 1.276033248995175455e+02
2.457418909811336081e+06 2.586981201573062572e+04 1.290097906571123190e+02
2.457418909814615268e+06 2.548525775519017770e+04 1.281209090707059488e+02
2.457418909817894921e+06 2.563141077405149554e+04 1.284694178515747751e+02
2.457418909821174573e+06 2.614602848823100794e+04 1.296440409475781053e+02
2.457418909824454226e+06 2.530101859938948473e+04 1.277634389745235097e+02
2.457418909827733412e+06 2.657793550847691586e+04 1.306361233985077206e+02
2.457418909831013065e+06 2.590108574493858032e+04 1.291055412584061628e+02
2.457418909834292717e+06 2.594145065837753282e+04 1.292145727475163710e+02
2.457418909837571904e+06 2.596793290373715354e+04 1.292754623011369119e+02
2.457418909840851557e+06 2.599422526156306049e+04 1.293273154924497703e+02
2.457418909844131209e+06 2.525912591466787853e+04 1.276179360861048622e+02
2.457418909847410396e+06 2.500367301031086026e+04 1.270616198034884405e+02
2.457418909850690048e+06 2.449723900851415601e+04 1.258514527982296869e+02
2.457418909853969701e+06 2.534734116875750988e+04 1.278251962719051420e+02
2.457418909857248887e+06 2.576695158679907399e+04 1.287891755953793336e+02
2.457418909860528540e+06 2.539225667890826662e+04 1.279049196519419240e+02
2.457418909863808192e+06 2.538766660706444600e+04 1.279167644470831249e+02
2.457418909867087379e+06 2.526280339286660819e+04 1.276509506442154418e+02
2.457418909870367032e+06 2.572418134719794398e+04 1.286973565345501527e+02
2.457418909873646684e+06 2.624160660807310342e+04 1.298628646983490285e+02
2.457418909876925871e+06 2.543790718529893275e+04 1.280513238588965805e+02
2.457418909880205523e+06 2.581773149230688796e+04 1.288933080053481603e+02
2.457418909883485176e+06 2.521360967530461494e+04 1.275005654917292617e+02
2.457418909886764362e+06 2.542952770709506876e+04 1.279808926636860775e+02
2.457418909890044015e+06 2.578855782980727236e+04 1.288372335175907892e+02
2.457418909893323667e+06 2.506896492627712360e+04 1.271986626875536928e+02
2.457418909896602854e+06 2.558685434031561817e+04 1.283874621716551871e+02
2.457418909899882507e+06 2.547320313875405918e+04 1.281116374746066242e+02
2.457418909903162159e+06 2.564359968044011475e+04 1.285195319037710817e+02
2.457418909906441346e+06 2.600430153029141366e+04 1.293382533718560694e+02
2.457418909909720998e+06 2.562486186110770359e+04 1.284553725828787947e+02
2.457418909913000651e+06 2.446506375394363931e+04 1.257582266578783958e+02
2.457418909916280303e+06 2.477828688471941859e+04 1.264893964502783348e+02
2.457418909919559490e+06 2.555385200435977458e+04 1.283068086733586881e+02
2.457418909922839142e+06 2.576937782079921817e+04 1.287720000097566242e+02
2.457418909926118795e+06 2.578287411914483528e+04 1.288279229165119943e+02
2.457418909929397982e+06 2.564222829326181090e+04 1.285008695911215000e+02
2.457418909932677634e+06 2.604090394040750471e+04 1.294181514772710386e+02
2.457418909935957287e+06 2.551426802399648295e+04 1.282195674323124024e+02
2.457418909939236473e+06 2.593948256973443858e+04 1.291967266206333989e+02
2.457418909942516126e+06 2.588406476718457634e+04 1.290835294030422631e+02
2.457418909945795778e+06 2.539153773863850802e+04 1.279268279997573359e+02
2.457418909949074965e+06 2.525586496501761212e+04 1.276127133917445207e+02
2.457418909952354617e+06 2.543928868196227995e+04 1.280501839310171022e+02
