5.736833421559999988e+04 1.733411324682848062e+05 4.040536747976635183e+02
5.736833421711406118e+04 1.734564928129589534e+05 4.040835384009650966e+02
5.736833421862812247e+04 1.738505394107589964e+05 4.044452195636359306e+02
5.736833422014218377e+04 1.739276979770243634e+05 4.043425127573801774e+02
5.736833422165623779e+04 1.725351480420284788e+05 4.033404764833080094e+02
5.736833422317029908e+04 1.730901341362506791e+05 4.037002792403073386e+02
5.736833422468436038e+04 1.743371654719813960e+05 4.046040347754801587e+02
5.736833422619842167e+04 1.726646323168232921e+05 4.033901342537373012e+02
5.736833422771248297e+04 1.727523784562613582e+05 4.035974029837505554e+02
5.736833422922654427e+04 1.727496597121597151e+05 4.035037693517205071e+02
5.736833423074060556e+04 1.727380984549261630e+05 4.034725573621070112e+02
5.736833423225466686e+04 1.734184103256351082e+05 4.039715632182117702e+02
5.736833423376872088e+04 1.737488685364141129e+05 4.042885291521583326e+02
5.736833423528278217e+04 1.731629976447079098e+05 4.039359724342289724e+02
5.736833423679684347e+04 1.736311756643187255e+05 4.042800903415361518e+02
5.736833423831090477e+04 1.732546431633401080e+05 4.038765229314985277e+02
5.736833423982496606e+04 1.731525145708450873e+05 4.037620580860189534e+02
5.736833424133902736e+04 1.724960624845600687e+05 4.033481872940209314e+02
5.736833424285308865e+04 1.729113914089283790e+05 4.037276795442701882e+02
5.736833424436714995e+04 1.725173341739066527e+05 4.035928992555546984e+02
5.736833424588120397e+04 1.729601256619540800e+05 4.038746963082438128e+02
5.736833424739526527e+04 1.730561128634589841e+05 4.037569670657105689e+02
5.736833424890932656e+04 1.736061882145685959e+05 4.044576160116086498e+02
5.736833425042338786e+04 1.731498041241928586e+05 4.043546789053820021e+02
5.736833425193744915e+04 1.728458467495514487e+05 4.040214066098280341e+02
5.736833425345151045e+04 1.728419269789705286e+05 4.040103510687500261e+02
5.736833425496557174e+04 1.727410705177658820e+05 4.038696459542461525e+02
5.736833425647963304e+04 1.729937045054507907e+05 4.041871877603924759e+02
5.736833425799368706e+04 1.725971992586136330e+05 4.040056960810871942e+02
5.736833425950774836e+04 1.730508888140159543e+05 4.041848289506166338e+02
5.736833426102180965e+04 1.724731333682204131e+05 4.038041622814872653e+02
5.736833426253587095e+04 1.722792608294843230e+05 4.042208762775271111e+02
5.736833426404993224e+04 1.731171475398366165e+05 4.043422158121509824e+02
5.736833426556399354e+04 1.721060128376051143e+05 4.035737167571904251e+02
5.736833426707805484e+04 1.726021140828676871e+05 4.038490293053834534e+02
5.736833426859211613e+04 1.732455173163731233e+05 4.044614646378239513e+02
5.736833427010617015e+04 1.730355733184244018e+05 4.041979792172675161e+02
5.736833427162023145e+04 1.734289879342799541e+05 4.045856969686612956e+02
5.736833427313429274e+04 1.723618522913742054e+05 4.038520603357459891e+02
5.736833427464835404e+04 1.734606758370232710e+05 4.047757301857647576e+02
5.736833427616241534e+04 1.727197257560921717e+05 4.041831996200538129e+02
5.736833427767647663e+04 1.721428270167729061e+05 4.037410246446652309e+02
5.736833427919053793e+04 1.731895161723681958e+05 4.044668754025150861e+02
5.736833428070459195e+04 1.727601422524768277e+05 4.041971631504808329e+02
5.736833428221865324e+04 1.724641703526073252e+05 4.039337380088742293e+02
5.736833428373271454e+04 1.727362357437032333e+05 4.040974164377713009e+02
5.736833428524677583e+04 1.721419311438253499e+05 4.037346827688692201e+02
5.736833428676083713e+04 1.725264151649685227e+05 4.043049040184122873e+02
5.736833428827489843e+04 1.727438173009564634e+05 4.043557483113487478e+02
5.736833428978895972e+04 1.724915943164321943e+05 4.043662648733428000e+02
5.736833429130302102e+04 1.720506804997599102e+05 4.043121782599041012e+02
5.736833429281707504e+04 1.718115786955211661e+05 4.043912205311629009e+02
5.736833429433113633e+04 1.723008830486388179e+05 4.048189357593093973e+02
5.736833429584519763e+04 1.721013765462332522e+05 4.045221281316816544e+02
5.736833429735925893e+04 1.717959148765252030e+05 4.043164111591194683e+02
5.736833429887332022e+04 1.716291471154963947e+05 4.043478808647290066e+02
5.736833430038738152e+04 1.720431910272930982e+05 4.046739053761476725e+02
5.736833430190144281e+04 1.721180253341586795e+05 4.045981580055617428e+02
5.736833430341550411e+04 1.720442369255154626e+05 4.045605898463043673e+02
5.736833430492955813e+04 1.711829319061581627e+05 4.042356084388530348e+02
5.736833430644361943e+04 1.723942961828697007e+05 4.053940536736096760e+02
5.736833430795768072e+04 1.729078626819759666e+05 4.057324405018341622e+02
5.736833430947174202e+04 1.719751778163475101e+05 4.052106972166972696e+02
5.736833431098580331e+04 1.715492857593441149e+05 4.050827387502821466e+02
5.736833431249986461e+04 1.708851633640327200e+05 4.049970563992452526e+02
5.736833431401392590e+04 1.700775770854924922e+05 4.053961868057833726e+02
5.736833431552798720e+04 1.663732422815661412e+05 4.048366158035659055e+02
5.736833431704204122e+04 1.597243016000274802e+05 4.071635287248100781e+02
5.736833431855610252e+04 1.419192022382809955e+05 4.099362945926249040e+02
5.736833432007016381e+04 1.179923894356912642e+05 4.151241894163465531e+02
5.736833432158422511e+04 8.833183784851280507e+04 4.192813361043488953e+02
5.736833432309828640e+04 6.653991062662817421e+04 4.230003803000772677e+02
5.736833432461234770e+04 7.464365340492315590e+04 4.204189825137605112e+02
5.736833432612640900e+04 9.303081125247370801e+04 4.188619441058339703e+02
5.736833432764046302e+04 8.845221930230053840e+04 4.190998852769315022e+02
5.736833432915452431e+04 7.193641044335739571e+04 4.217660421002939870e+02
5.736833433066858561e+04 6.980054578205593862e+04 4.218146892417116760e+02
5.736833433218264690e+04 9.197494783178647049e+04 4.187278069725895762e+02
5.736833433369670820e+04 9.245427696231342270e+04 4.182593541597948956e+02
5.736833433521076950e+04 7.259834571372717619e+04 4.218596528069557507e+02
5.736833433672483079e+04 4.032241554539327626e+04 4.270411542469026926e+02
5.736833433823889209e+04 1.189372809619456530e+04 4.317550747160585729e+02
5.736833433975294611e+04 -5.308619842335727299e+04 4.423992762742162768e+02
5.736833434126700740e+04 -1.235100559453081805e+05 4.530801507772994228e+02
5.736833434278106870e+04 -1.985248223935058340e+05 4.641914179017298352e+02
5.736833434429512999e+04 -2.321538740922249563e+05 4.697294049764234956e+02
5.736833434580919129e+04 -1.987614151329146989e+05 4.646951840408223688e+02
5.736833434732325259e+04 -1.679165618543649907e+05 4.602466465231722736e+02
5.736833434883731388e+04 -1.832738301313925767e+05 4.621182137192026289e+02
5.736833435035137518e+04 -1.981386018588618317e+05 4.652009066694845387e+02
5.736833435186542920e+04 -1.892908499238174991e+05 4.639160442247791138e+02
5.736833435337949049e+04 -1.640087812723183306e+05 4.594079978756841456e+02
5.736833435489355179e+04 -1.738108484798040881e+05 4.606379993472436354e+02
5.736833435640761309e+04 -1.981383723402473843e+05 4.655773749911974733e+02
5.736833435792167438e+04 -2.177621436230842082e+05 4.676243753277828432e+02
5.736833435943573568e+04 -2.328292690457152203e+05 4.700852255867064287e+02
5.736833436094979697e+04 -2.014709464536592131e+05 4.653876366653519767e+02
5.736833436246385827e+04 -1.463057933299006545e+05 4.569533158857513513e+02
5.736833436397791229e+04 -1.759854706767887110e+05 4.615950211395614815e+02
5.736833436549197359e+04 -1.837033174693871406e+05 4.629746001825799340e+02
5.736833436700603488e+04 -2.008710977930499939e+05 4.651253245287688287e+02
5.736833436852009618e+04 -2.018880717242846149e+05 4.654708346793271403e+02
5.736833437003415747e+04 -1.758209006793305743e+05 4.620684424729992656e+02
5.736833437154821877e+04 -1.790022086909203790e+05 4.627722662185425406e+02
5.736833437306228006e+04 -1.940142959515138064e+05 4.643282037907676454e+02
5.736833437457634136e+04 -1.992011479539151187e+05 4.650107600718392291e+02
5.736833437609039538e+04 -1.989890357343285286e+05 4.653686982118769038e+02
5.736833437760445668e+04 -1.856848338567388710e+05 4.628285185565894722e+02
5.736833437911851797e+04 -1.718871360525432683e+05 4.608928006802611890e+02
5.736833438063257927e+04 -1.613685792991413036e+05 4.593526523722924821e+02
5.736833438214664056e+04 -1.613362773119253106e+05 4.597793309239299901e+02
5.736833438366070186e+04 -1.808160964882022818e+05 4.626179261303908561e+02
5.736833438517476316e+04 -1.872340345237761212e+05 4.637486944228228367e+02
5.736833438668881718e+04 -1.732837136742056173e+05 4.626816524326627018e+02
5.736833438820287847e+04 -1.635671269627033034e+05 4.603261596580109085e+02
5.736833438971693977e+04 -1.654648426714514499e+05 4.618551820024109702e+02
5.736833439123100106e+04 -1.799143654144783504e+05 4.667601802884449285e+02
5.736833439274506236e+04 -1.706294549496194522e+05 4.718542041605095392e+02
5.736833439425912366e+04 -1.740216224800822674e+05 4.822327446655922927e+02
5.736833439577318495e+04 -1.778982050853749970e+05 4.957153599234814578e+02
5.736833439728724625e+04 -1.644813942465271684e+05 5.053422238952881571e+02
5.736833439880130027e+04 -1.321970558779032435e+05 5.035306970941125542e+02
5.736833440031536156e+04 -1.106962121493020095e+05 4.918978111245885998e+02
5.736833440182942286e+04 -1.197062823191658244e+05 4.910171154482983980e+02
5.736833440334348415e+04 -1.254525886456215521e+05 4.983605605287190201e+02
5.736833440485754545e+04 -1.232284561564439791e+05 5.022500643096416297e+02
5.736833440637160675e+04 -1.236074857924084063e+05 4.944323957315301641e+02
5.736833440788566804e+04 -1.309509377190905507e+05 4.888884697835233055e+02
5.736833440939972934e+04 -1.370386359228359070e+05 4.929715524561998450e+02
5.736833441091378336e+04 -1.442195469963718788e+05 5.054047785722231083e+02
5.736833441242784465e+04 -1.488411933802523417e+05 5.057127721457250686e+02
5.736833441394190595e+04 -1.504038030180218630e+05 5.030124550499145926e+02
5.736833441545596725e+04 -1.702891656856433838e+05 5.036741207837681600e+02
5.736833441697002854e+04 -1.920404688313323422e+05 4.997527414554116945e+02
5.736833441848408984e+04 -1.800369756049175630e+05 5.022122878108201576e+02
5.736833441999815113e+04 -1.652368830810968066e+05 5.012605276711273632e+02
5.736833442151221243e+04 -1.524088485397442128e+05 5.012725882150888879e+02
5.736833442302626645e+04 -1.194656272904193029e+05 4.980324296646612083e+02
5.736833442454032775e+04 -9.154784717319515767e+04 4.889514944990686445e+02
5.736833442605438904e+04 -9.096493576131138252e+04 4.891890563178268962e+02
5.736833442756845034e+04 -1.232959328669100069e+05 4.966265483094254591e+02
5.736833442908251163e+04 -1.466079663606039248e+05 5.006384482993432243e+02
5.736833443059657293e+04 -1.306009397656885558e+05 4.971077005480524349e+02
5.736833443211063422e+04 -1.178280465402724221e+05 4.943565706051243751e+02
5.736833443362468824e+04 -1.281233864226097357e+05 4.954683138364401316e+02
5.736833443513874954e+04 -1.397749883885130985e+05 4.952780558881887600e+02
5.736833443665281084e+04 -1.332835815937368316e+05 4.925537428030940532e+02
5.736833443816687213e+04 -1.335365108141106903e+05 4.960947514144372121e+02
5.736833443968093343e+04 -1.313776603235592484e+05 5.008527059743371410e+02
5.736833444119499472e+04 -1.401754645742526627e+05 4.969467492235025929e+02
5.736833444270905602e+04 -1.439759727807100280e+05 4.961935945990389882e+02
5.736833444422311732e+04 -1.418966988786110305e+05 4.971871845267024241e+02
5.736833444573717134e+04 -1.264099259295212687e+05 4.964838539948071912e+02
5.736833444725123263e+04 -1.360789330301289447e+05 4.953201693378506434e+02
5.736833444876529393e+04 -1.542227619902024744e+05 4.988098145360511921e+02
5.736833445027935522e+04 -1.397877141769068548e+05 5.002806798265415864e+02
5.736833445179341652e+04 -9.703386385310592595e+04 4.951234354890091254e+02
5.736833445330747782e+04 -1.085979046618578141e+05 4.901981300891234241e+02
5.736833445482153911e+04 -1.330742129804393626e+05 4.889437375848985425e+02
5.736833445633560041e+04 -1.042987786290268414e+05 4.879367963291327897e+02
5.736833445784965443e+04 -6.172580397354625165e+04 4.911630607158942894e+02
5.736833445936371572e+04 -4.112919269820494810e+04 4.916783459306452073e+02
5.736833446087777702e+04 -3.117728635091625620e+04 4.838640431924914083e+02
5.736833446239183831e+04 -2.554379518109903438e+04 4.775940899053084649e+02
5.736833446390589961e+04 -2.402011287022643955e+04 4.754516927806610056e+02
5.736833446541996091e+04 -8.536472336726495996e+03 4.800300777763656583e+02
5.736833446693402220e+04 5.642256769338797312e+03 4.795638889298469394e+02
5.736833446844808350e+04 -1.687258599028136814e+04 4.850060642171139875e+02
5.736833446996213752e+04 -3.580118772792461095e+04 4.906276156220861822e+02
5.736833447147619881e+04 -3.843432400053477613e+04 4.879631446805994415e+02
5.736833447299026011e+04 -3.405674968694493873e+04 4.840866582317949565e+02
5.736833447450432141e+04 -2.193063923091901233e+04 4.798380457067992779e+02
5.736833447601838270e+04 4.823009278461299255e+04 4.698537538347824807e+02
5.736833447753244400e+04 1.557037969477003207e+05 4.488134684013840001e+02
5.736833447904650529e+04 1.958199827661676100e+05 4.396077984531088987e+02
5.736833448056056659e+04 2.057724301652739814e+05 4.375663628695063494e+02
5.736833448207462061e+04 2.160005440191575908e+05 4.409243319979051989e+02
5.736833448358868191e+04 2.261591835430624196e+05 4.464555888558821835e+02
5.736833448510274320e+04 2.274102215646413970e+05 4.463542091140911907e+02
5.736833448661680450e+04 2.220512932483091136e+05 4.421195456948103697e+02
5.736833448813086579e+04 2.224790239713435876e+05 4.420627779251599350e+02
5.736833448964492709e+04 2.213388123762319447e+05 4.411486620330994697e+02
5.736833449115898838e+04 2.193563240510573960e+05 4.395521463231869461e+02
5.736833449267304240e+04 2.229235427642820287e+05 4.419045512058115719e+02
5.736833449418710370e+04 2.285376181315451977e+05 4.456034385018868988e+02
5.736833449570116500e+04 2.322083685289572750e+05 4.482742538625629436e+02
5.736833449721522629e+04 2.331312670993811917e+05 4.489095591732186108e+02
5.736833449872928759e+04 2.285539072464648634e+05 4.455147135065203656e+02
5.736833450024334888e+04 2.249631645091414684e+05 4.430924131156195358e+02
5.736833450175741018e+04 2.258836169417599449e+05 4.436782289162053985e+02
5.736833450327147148e+04 2.269740593702514889e+05 4.443233042261846322e+02
5.736833450478552550e+04 2.221760292695382377e+05 4.409535515694094556e+02
5.736833450629958679e+04 2.175162273103123880e+05 4.374758409058835014e+02
5.736833450781364809e+04 2.193861598091594642e+05 4.387695337771304480e+02
5.736833450932770938e+04 2.385737925157507998e+05 4.521901401726378822e+02
5.736833451084177068e+04 2.380494042891351273e+05 4.518974593130972721e+02
5.736833451235583198e+04 2.292744995093718753e+05 4.457688529770242667e+02
5.736833451386989327e+04 2.256340971163465292e+05 4.432265808119125268e+02
5.736833451538395457e+04 2.235710791234694771e+05 4.417954602931804970e+02
5.736833451689800859e+04 2.215464318676283583e+05 4.402924953635439920e+02
5.736833451841206988e+04 2.229977005859814817e+05 4.413004486148075785e+02
5.736833451992613118e+04 2.203390250722825876e+05 4.393497127742109569e+02
5.736833452144019247e+04 2.190365749379470362e+05 4.384830432369872142e+02
5.736833452295425377e+04 2.219524981665841769e+05 4.405879358435888093e+02
5.736833452446831507e+04 2.269038434512196691e+05 4.440912397226505846e+02
5.736833452598237636e+04 2.314563823787260335e+05 4.470916111654737506e+02
5.736833452749643766e+04 2.319083991474413779e+05 4.475224629977566337e+02
5.736833452901049168e+04 2.265260841673719697e+05 4.437503300727713622e+02
5.736833453052455297e+04 2.040794829330755747e+05 4.274934701015607175e+02
5.736833453203861427e+04 1.847228271945584565e+05 4.131686792748564017e+02
5.736833453355267557e+04 1.801694183819516620e+05 4.096811900895963277e+02
5.736833453506673686e+04 1.791498675130837655e+05 4.089804493438158488e+02
5.736833453658079816e+04 1.782882327526097652e+05 4.083120918230690677e+02
5.736833453809485945e+04 1.781550200880802004e+05 4.083361581007127938e+02
5.736833453960891347e+04 1.767531352187364246e+05 4.070661342870135400e+02
5.736833454112297477e+04 1.770941302772871568e+05 4.074856353838512177e+02
5.736833454263703607e+04 1.793087808000456425e+05 4.090587647796131705e+02
5.736833454415109736e+04 1.772979985458557494e+05 4.075315271109022319e+02
5.736833454566515866e+04 1.770902569921696559e+05 4.075173148790787536e+02
5.736833454717921995e+04 1.766868641945800046e+05 4.072034552402540157e+02
5.736833454869328125e+04 1.765575543339789147e+05 4.074111396215670879e+02
5.736833455020734255e+04 1.769554316812045290e+05 4.076123992837357832e+02
5.736833455172139656e+04 1.766635518216680211e+05 4.073128442855532398e+02
5.736833455323545786e+04 1.764346670966717065e+05 4.070544878866512590e+02
5.736833455474951916e+04 1.767499857033787703e+05 4.073610846657480806e+02
5.736833455626358045e+04 1.766613866563708289e+05 4.072582581204644612e+02
5.736833455777764175e+04 1.763421285810555273e+05 4.070585101449204899e+02
5.736833455929170304e+04 1.767839203461693833e+05 4.072495334050627775e+02
5.736833456080576434e+04 1.769597098490934004e+05 4.073903461037833722e+02
5.736833456231982564e+04 1.759103125088739325e+05 4.066812967510429644e+02
5.736833456383387966e+04 1.767262303448827297e+05 4.073811372203244900e+02
5.736833456534794095e+04 1.767412102109187108e+05 4.072817854390474963e+02
5.736833456686200225e+04 1.768808488932509208e+05 4.075075572685415182e+02
5.736833456837606354e+04 1.764590631734373164e+05 4.069516712774147322e+02
5.736833456989012484e+04 1.761994299705851008e+05 4.067633125661625968e+02
5.736833457140418614e+04 1.771654735153704241e+05 4.074714905073856812e+02
5.736833457291824743e+04 1.766186225899416313e+05 4.072096025731986515e+02
5.736833457443230873e+04 1.767510259885246633e+05 4.073155593405651302e+02
5.736833457594636275e+04 1.759833789009307802e+05 4.068570069796093094e+02
5.736833457746042404e+04 1.759148637717728852e+05 4.065599129363928341e+02
5.736833457897448534e+04 1.758164823320476571e+05 4.064753952706653877e+02
5.736833458048854664e+04 1.767097747449523013e+05 4.069963113186366854e+02
5.736833458200260793e+04 1.769624467022329336e+05 4.074583204671216663e+02
5.736833458351666923e+04 1.763235846154243336e+05 4.070417715736888340e+02
5.736833458503073052e+04 1.761317362130485126e+05 4.066836742698731655e+02
5.736833458654479182e+04 1.760255835496468062e+05 4.066335923614731769e+02
5.736833458805884584e+04 1.762342982208629837e+05 4.068391598465804577e+02
5.736833458957290713e+04 1.769375841571579222e+05 4.072488931959112506e+02
5.736833459108696843e+04 1.767521136154092383e+05 4.071727598353202779e+02
5.736833459260102973e+04 1.778035470061839442e+05 4.078802312056885739e+02
5.736833459411509102e+04 1.780681082584590185e+05 4.081517606763785579e+02
5.736833459562915232e+04 1.787819645573867019e+05 4.087343646252537610e+02
5.736833459714321361e+04 1.798162675550460117e+05 4.094814243267749703e+02
5.736833459865726763e+04 1.818985407581845357e+05 4.110702604440847949e+02
5.736833460017132893e+04 1.847122687773398357e+05 4.131281081396738841e+02
5.736833460168539023e+04 1.879037308551369933e+05 4.155667154764105362e+02
5.736833460319945152e+04 1.861119795037707372e+05 4.144125985684480611e+02
5.736833460471351282e+04 1.844060853841248318e+05 4.129043330948266544e+02
5.736833460622757411e+04 1.855098319090362638e+05 4.136970380488959904e+02
5.736833460774163541e+04 1.863780541786686226e+05 4.144717735768223292e+02
5.736833460925569671e+04 1.855284403844251647e+05 4.138756902918839273e+02
5.736833461076975073e+04 1.843629460703469813e+05 4.128612458108420924e+02
5.736833461228381202e+04 1.841856559374113858e+05 4.127277918300201236e+02
5.736833461379787332e+04 1.856355335470076534e+05 4.139316748254101981e+02
5.736833461531193461e+04 1.874438100947123021e+05 4.151319234107160128e+02
5.736833461682599591e+04 1.869720580361656612e+05 4.148518356544747121e+02
5.736833461834005720e+04 1.869746368985380395e+05 4.148393414877057239e+02
5.736833461985411850e+04 1.842376024911575369e+05 4.128882303980860797e+02
5.736833462136817980e+04 1.842126348490311357e+05 4.128301430362695328e+02
5.736833462288223382e+04 1.858841091958807374e+05 4.140006485684404538e+02
5.736833462439629511e+04 1.855542529785927036e+05 4.137925339833097951e+02
5.736833462591035641e+04 1.863644284924750100e+05 4.143368899098268230e+02
5.736833462742441770e+04 1.859072942765925545e+05 4.139642759262161462e+02
5.736833462893847900e+04 1.847610145484096720e+05 4.130480932841597905e+02
5.736833463045254030e+04 1.854832767680920660e+05 4.136656599938793306e+02
5.736833463196660159e+04 1.868184746020801249e+05 4.147279531938508512e+02
5.736833463348066289e+04 1.873546199729220825e+05 4.151265953867570602e+02
5.736833463499471691e+04 1.849943919562824303e+05 4.133651647510667431e+02
5.736833463650877820e+04 1.851116637863961514e+05 4.133787935733723202e+02
5.736833463802283950e+04 1.849373906748867012e+05 4.131509063582502677e+02
5.736833463953690080e+04 1.846393644691801746e+05 4.130767969125787431e+02
5.736833464105096209e+04 1.855040978291944193e+05 4.136148083226908625e+02
5.736833464256502339e+04 1.851465794948591501e+05 4.133715320999592109e+02
5.736833464407908468e+04 1.845845849568218982e+05 4.130243144216228757e+02
5.736833464559313870e+04 1.841001501851906942e+05 4.127167241286888952e+02
5.736833464710720000e+04 1.857590564625976840e+05 4.139427166699123291e+02
5.736833464862126129e+04 1.861309338527954824e+05 4.141471437441898047e+02
5.736833465013532259e+04 1.866626091186733101e+05 4.144685840760605515e+02
5.736833465164938389e+04 1.848965513682153833e+05 4.131916981606776744e+02
5.736833465316344518e+04 1.846073317877204972e+05 4.130144533921801440e+02
5.736833465467750648e+04 1.843471962511310703e+05 4.129513586398819598e+02
5.736833465619156777e+04 1.822479524664033670e+05 4.112043777325452538e+02
5.736833465770562179e+04 1.810707123264782713e+05 4.102529231459731704e+02
5.736833465921968309e+04 1.804415577920207870e+05 4.097764875583059165e+02
5.736833466073374439e+04 1.827234051386836800e+05 4.117118831782418624e+02
5.736833466224780568e+04 1.842076577277581673e+05 4.126276802094050140e+02
5.736833466376186698e+04 1.834651179373581544e+05 4.122512891565763198e+02
5.736833466527592827e+04 1.824837157461725292e+05 4.114426629550039252e+02
5.736833466678998957e+04 1.805816009432722349e+05 4.100746644591518475e+02
5.736833466830405087e+04 1.815609524869956658e+05 4.111082034958605504e+02
5.736833466981810489e+04 1.815624008401089231e+05 4.120068781790722596e+02
5.736833467133216618e+04 1.788999017359668505e+05 4.123197753768111511e+02
5.736833467284622748e+04 1.765995836015837849e+05 4.135309523397260136e+02
5.736833467436028877e+04 1.725582375192628242e+05 4.143040895738569134e+02
5.736833467587435007e+04 1.683108207553209504e+05 4.145785646136169476e+02
5.736833467738841136e+04 1.666069430340171093e+05 4.143171899149450041e+02
5.736833467890247266e+04 1.701344151745286654e+05 4.132286021520439476e+02
5.736833468041653396e+04 1.710218599901968555e+05 4.121906194842185300e+02
5.736833468193058798e+04 1.673379388435565634e+05 4.122751686369533672e+02
5.736833468344464927e+04 1.649431904275579145e+05 4.118437625394018369e+02
5.736833468495871057e+04 1.678083090798709309e+05 4.122402172908044804e+02
5.736833468647277186e+04 1.724156614656473394e+05 4.134620445710667127e+02
5.736833468798683316e+04 1.717589115962993819e+05 4.135414349359475068e+02
5.736833468950089446e+04 1.663467013412241358e+05 4.136101165142285367e+02
5.736833469101495575e+04 1.664437609458282532e+05 4.136173316973944907e+02
5.736833469252901705e+04 1.653090626346290810e+05 4.129867706670230518e+02
5.736833469404307107e+04 1.681034270809983718e+05 4.129842390536717858e+02
5.736833469555713236e+04 1.709248610844875220e+05 4.123407743885956052e+02
5.736833469707119366e+04 1.703141009740279987e+05 4.136679709752909275e+02
5.736833469858525496e+04 1.700179599704424618e+05 4.142122037091563129e+02
5.736833470009931625e+04 1.694777891497507517e+05 4.150082405401366827e+02
5.736833470161337755e+04 1.698762787311979337e+05 4.144020241550103947e+02
5.736833470312743884e+04 1.706229392386532272e+05 4.136995946912255704e+02
5.736833470464149286e+04 1.709188794653927907e+05 4.144123372198363882e+02
5.736833470615555416e+04 1.705861682168370462e+05 4.139937893162197042e+02
5.736833470766961545e+04 1.699380967326711980e+05 4.136545505762802009e+02
5.736833470918367675e+04 1.689373207883012074e+05 4.121400859571789397e+02
5.736833471069773805e+04 1.685781959410067066e+05 4.122294894933465912e+02
5.736833471221179934e+04 1.706388825840552454e+05 4.141317674920712761e+02
5.736833471372586064e+04 1.730304148333593039e+05 4.156575822749711051e+02
5.736833471523992193e+04 1.714956796049140976e+05 4.143829865409174431e+02
5.736833471675397595e+04 1.687915108582355315e+05 4.136383925002069191e+02
5.736833471826803725e+04 1.657223155984095356e+05 4.128519117580768238e+02
5.736833471978209855e+04 1.683892275696728902e+05 4.125737721111882479e+02
5.736833472129615984e+04 1.684560673564728932e+05 4.129676503025677903e+02
5.736833472281022114e+04 1.692249120307175908e+05 4.126529115358722493e+02
5.736833472432428243e+04 1.670213617653126130e+05 4.118048152713865875e+02
5.736833472583834373e+04 1.691186133821898547e+05 4.128493581715562186e+02
5.736833472735240503e+04 1.693485865570829483e+05 4.127734806948125197e+02
5.736833472886645905e+04 1.680630654300081660e+05 4.133778055344425866e+02
5.736833473038052034e+04 1.691676869905294152e+05 4.140862712232390663e+02
5.736833473189458164e+04 1.721312441372153698e+05 4.137388161693643838e+02
5.736833473340864293e+04 1.716922664675385167e+05 4.121399889098607332e+02
5.736833473492270423e+04 1.652567463343802665e+05 4.088952985802304738e+02
5.736833473643676552e+04 1.604525104615779419e+05 4.085592809507882066e+02
5.736833473795082682e+04 1.581161275307775068e+05 4.076035634146356301e+02
5.736833473946488812e+04 1.610209457167562214e+05 4.073220581427609090e+02
5.736833474097894214e+04 1.631816059530084895e+05 4.070868857285584568e+02
5.736833474249300343e+04 1.627950344097854977e+05 4.067777819833713124e+02
5.736833474400706473e+04 1.601856241615029285e+05 4.070926654561222335e+02
5.736833474552112602e+04 1.597282976417292375e+05 4.070096287833471820e+02
5.736833474703518732e+04 1.588224978805652063e+05 4.076127332474571290e+02
5.736833474854924862e+04 1.582673945988904452e+05 4.078165988711445493e+02
5.736833475006330991e+04 1.604838589772169362e+05 4.071389733609866539e+02
5.736833475157736393e+04 1.622027603156421683e+05 4.065434720999576825e+02
5.736833475309142523e+04 1.627848529846924066e+05 4.064167753663223266e+02
5.736833475460548652e+04 1.629427722532643820e+05 4.066480017559655948e+02
5.736833475611954782e+04 1.639303173824464320e+05 4.064377100317818758e+02
5.736833475763360912e+04 1.639885498717031442e+05 4.060582052920275373e+02
5.736833475914767041e+04 1.630076463395715109e+05 4.058783513013466404e+02
5.736833476066173171e+04 1.605194237621969951e+05 4.065990785333916051e+02
5.736833476217579300e+04 1.587551096107860503e+05 4.073377136824597642e+02
5.736833476368984702e+04 1.599936149199263891e+05 4.070355548607503238e+02
5.736833476520390832e+04 1.612136028263993212e+05 4.066014108204295212e+02
5.736833476671796961e+04 1.610342543053935515e+05 4.071323362816352756e+02
5.736833476823203091e+04 1.616182462105908489e+05 4.072110692358755841e+02
5.736833476974609221e+04 1.628258939267074456e+05 4.068264774230079865e+02
5.736833477126015350e+04 1.610092728612128703e+05 4.067150168118476472e+02
5.736833477277421480e+04 1.587727801285332534e+05 4.070707666301493077e+02
5.736833477428827609e+04 1.580920784593672142e+05 4.075003329834450483e+02
5.736833477580233011e+04 1.581997255080983159e+05 4.073044622463593782e+02
5.736833477731639141e+04 1.602624183522066451e+05 4.071978597934694335e+02
5.736833477883045271e+04 1.604900373692918802e+05 4.071778882690961154e+02
5.736833478034451400e+04 1.601267505483504792e+05 4.070755871567045574e+02
5.736833478185857530e+04 1.606291121635658201e+05 4.071758469606519952e+02
5.736833478337263659e+04 1.617661385526006634e+05 4.062408535783467869e+02
5.736833478488669789e+04 1.629849738282303442e+05 4.062892973062380975e+02
5.736833478640075919e+04 1.606321494694225257e+05 4.067839889937517910e+02
5.736833478791481321e+04 1.566642922695772140e+05 4.080472919144997945e+02
5.736833478942887450e+04 1.574295362295117229e+05 4.078518666613354071e+02
5.736833479094293580e+04 1.590917796138206322e+05 4.066748997734366071e+02
5.736833479245699709e+04 1.606080287435136852e+05 4.064580829419343786e+02
5.736833479397105839e+04 1.607444189030049019e+05 4.062659173562734054e+02
5.736833479548511968e+04 1.613224004934351251e+05 4.066976574812250078e+02
5.736833479699918098e+04 1.623896219805737201e+05 4.072586556349998546e+02
5.736833479851324228e+04 1.624523966511551989e+05 4.061510153740518945e+02
5.736833480002729630e+04 1.624217878716662526e+05 4.059618083338028782e+02
5.736833480154135759e+04 1.614947129374003271e+05 4.070583295814695930e+02
5.736833480305541889e+04 1.596668973076953262e+05 4.066047561974934297e+02
5.736833480456948018e+04 1.583507938377623796e+05 4.060822719945519452e+02
5.736833480608354148e+04 1.592028566796438536e+05 4.071894264603180318e+02
5.736833480759760278e+04 1.622393328358827857e+05 4.068105891472712869e+02
5.736833480911166407e+04 1.687863287641764618e+05 4.057034490821831696e+02
5.736833481062571809e+04 1.726980207738294266e+05 4.046511952240921346e+02
5.736833481213977939e+04 1.733508203500781092e+05 4.043133433819597826e+02
5.736833481365384068e+04 1.742581959395740414e+05 4.046911894082186905e+02
5.736833481516790198e+04 1.746227401099294657e+05 4.048530014633322480e+02
5.736833481668196328e+04 1.743051376656761277e+05 4.045680245279798442e+02
5.736833481819602457e+04 1.742001698165451526e+05 4.044356377615429210e+02
5.736833481971008587e+04 1.737691481486168923e+05 4.040790029917662878e+02
5.736833482122414716e+04 1.739134559673501644e+05 4.041588709803546635e+02
5.736833482273820118e+04 1.744838354096234252e+05 4.045973794252991524e+02
5.736833482425226248e+04 1.745193564026331296e+05 4.045772988368855749e+02
5.736833482576632377e+04 1.741964055785578093e+05 4.044259532635655319e+02
5.736833482728038507e+04 1.738034823877652525e+05 4.039484944564654256e+02
5.736833482879444637e+04 1.741690145495861652e+05 4.043069373659935763e+02
5.736833483030850766e+04 1.746624148789669853e+05 4.048965834079628507e+02
5.736833483182256896e+04 1.748519497853758512e+05 4.049336049418695325e+02
5.736833483333663025e+04 1.754276872972079145e+05 4.053502589538762209e+02
5.736833483485068427e+04 1.738824984111149970e+05 4.040455650353226247e+02
5.736833483636474557e+04 1.735420859690684592e+05 4.037457468548210500e+02
5.736833483787880687e+04 1.733777211027455050e+05 4.036875559194554626e+02
5.736833483939286816e+04 1.744448098040908226e+05 4.045774474337516722e+02
5.736833484090692946e+04 1.743367596541553212e+05 4.044068745404528045e+02
5.736833484242099075e+04 1.745662519705840386e+05 4.046902982032549971e+02
5.736833484393505205e+04 1.739138419509722735e+05 4.041820527395249769e+02
5.736833484544911335e+04 1.747357715673935309e+05 4.047709972397379374e+02
5.736833484696316737e+04 1.740653792109896312e+05 4.041312596160209409e+02
5.736833484847722866e+04 1.748612143768054957e+05 4.047277782800168779e+02
5.736833484999128996e+04 1.746041512872502790e+05 4.045840224093252573e+02
5.736833485150535125e+04 1.734355764476981130e+05 4.037548114617653141e+02
5.736833485301941255e+04 1.729322631091258372e+05 4.033179858574378045e+02
5.736833485453347384e+04 1.739900417397125275e+05 4.041987667737637366e+02
5.736833485604753514e+04 1.742396286984315666e+05 4.043266444507972892e+02
5.736833485756158916e+04 1.741027030047344160e+05 4.042774930346491260e+02
5.736833485907565046e+04 1.748141803355556331e+05 4.049004663578993473e+02
5.736833486058971175e+04 1.738174696909105114e+05 4.042211496111859219e+02
5.736833486210377305e+04 1.735412798584321572e+05 4.041102687428426066e+02
5.736833486361783434e+04 1.729759812202721369e+05 4.041463957599036689e+02
5.736833486513189564e+04 1.727181337781944894e+05 4.043892923098809433e+02
5.736833486664595694e+04 1.716514696522490412e+05 4.038414228848018297e+02
5.736833486816001823e+04 1.715968589199168491e+05 4.038948108255007696e+02
5.736833486967407225e+04 1.728901817148447153e+05 4.046364521315579736e+02
5.736833487118813355e+04 1.724282885007952573e+05 4.040352100794306125e+02
5.736833487270219484e+04 1.714990869447081350e+05 4.036486004614562262e+02
5.736833487421625614e+04 1.720097693607006804e+05 4.040563442723747585e+02
5.736833487573031744e+04 1.713798996526193805e+05 4.034878975412254931e+02
5.736833487724437873e+04 1.721761320032242802e+05 4.037423548824729664e+02
5.736833487875844003e+04 1.720693522339934134e+05 4.038388357213362951e+02
5.736833488027250132e+04 1.717286772102949035e+05 4.039753279411028757e+02
5.736833488178655534e+04 1.721498818633803457e+05 4.041575332927847057e+02
5.736833488330061664e+04 1.720047232642624294e+05 4.040746997212343103e+02
5.736833488481467793e+04 1.722340943976509734e+05 4.040174597228663060e+02
5.736833488632873923e+04 1.725946874550162465e+05 4.041522087872605198e+02
5.736833488784280053e+04 1.727264045409993851e+05 4.042365351585800681e+02
5.736833488935686182e+04 1.725265143227480585e+05 4.041219866183395197e+02
5.736833489087092312e+04 1.712521222466966719e+05 4.033292964481477156e+02
5.736833489238498441e+04 1.719128058058637835e+05 4.037083358245108684e+02
5.736833489389903843e+04 1.727428821704905131e+05 4.042210745888094152e+02
5.736833489541309973e+04 1.724477773621372762e+05 4.041322619777026830e+02
5.736833489692716103e+04 1.723364655015773023e+05 4.040132424336575241e+02
5.736833489844122232e+04 1.719206582347700896e+05 4.038343831242100350e+02
5.736833489995528362e+04 1.723263834044877149e+05 4.040939691121452597e+02
5.736833490146934491e+04 1.721047793785312097e+05 4.038504998921360425e+02
5.736833490298340621e+04 1.724941120018283546e+05 4.040955925137725444e+02
5.736833490449746751e+04 1.725019552566269995e+05 4.040775974395066896e+02
5.736833490601152153e+04 1.717099927691019257e+05 4.035041833001039890e+02
5.736833490752558282e+04 1.727019440515105089e+05 4.043321651840823847e+02
5.736833490903964412e+04 1.721151303252538783e+05 4.039544577238888792e+02
5.736833491055370541e+04 1.724567953298483626e+05 4.039919981180019022e+02
