5.733953179950000049e+04 6.886508241077852290e+03 7.207132119087395949e+01
5.733953616508638515e+04 6.847574889363811053e+03 7.187625728461969743e+01
5.733954053067277709e+04 6.788303401022469188e+03 7.157601730012999042e+01
5.733954489625916176e+04 6.835632894406471678e+03 7.174300428272738372e+01
5.733954926184554643e+04 6.773663389196475691e+03 7.147354912842992292e+01
5.733955362743193837e+04 6.763597908462955274e+03 7.145930778866168964e+01
5.733955799301832303e+04 6.835740512944850707e+03 7.176440853796979980e+01
5.733956235860471497e+04 6.763026134282212297e+03 7.145289755459954506e+01
5.733956672419109964e+04 6.867776822825719137e+03 7.193525501676039369e+01
5.733957108977748430e+04 6.809612028230826581e+03 7.168452254793641032e+01
5.733957545536387624e+04 6.802566337135383947e+03 7.170321348557519059e+01
5.733957982095026091e+04 6.741825260573094965e+03 7.144410442673421358e+01
5.733958418653664557e+04 6.792743232657820045e+03 7.167747776363131607e+01
5.733958855212303752e+04 6.831425877116586889e+03 7.186121442525727332e+01
5.733959291770942218e+04 6.794820423619067697e+03 7.169045330122219184e+01
5.733959728329581412e+04 6.837539501874714915e+03 7.186588044768538452e+01
5.733960164888219879e+04 6.883012197610158182e+03 7.204824373484879629e+01
5.733960601446858345e+04 6.806193119072342597e+03 7.173470180046042799e+01
5.733961038005497539e+04 6.938016160535472409e+03 7.230631319986653693e+01
5.733961474564136006e+04 6.999498431110669117e+03 7.256851244383183541e+01
5.733961911122774472e+04 6.994462390740602132e+03 7.255117690135938346e+01
5.733962347681413667e+04 7.138300769301596119e+03 7.318841350143841851e+01
5.733962784240052133e+04 7.510491686883371585e+03 7.479516940822935567e+01
5.733963220798690600e+04 7.673684791923993544e+03 7.550668671812005073e+01
5.733963657357329794e+04 8.060031831006560424e+03 7.715036554484466080e+01
5.733964093915968260e+04 8.593221202588658343e+03 7.926026418091944947e+01
5.733964530474607454e+04 9.121611093273568258e+03 8.134116977837913964e+01
5.733964967033245921e+04 9.969208573307629194e+03 8.452548563159409412e+01
5.733965403591884387e+04 1.050327706102038428e+04 8.643360118308032725e+01
5.733965840150523582e+04 1.119693527712362265e+04 8.888772756943900788e+01
5.733966276709162048e+04 1.184183792401690152e+04 9.112923763711587810e+01
5.733966713267800515e+04 1.232532638460473208e+04 9.277923655458702967e+01
5.733967149826439709e+04 1.273214097385337845e+04 9.415113867905735390e+01
5.733967586385078175e+04 1.293245784772462503e+04 9.478182469157421508e+01
5.733968022943716642e+04 1.294302799280156978e+04 9.481644356476451208e+01
5.733968459502355836e+04 1.313242232584529665e+04 9.543533745672836233e+01
5.733968896060994302e+04 1.332500362075486555e+04 9.606552524369725177e+01
5.733969332619633497e+04 1.311618847442655351e+04 9.536459256400895868e+01
5.733969769178271963e+04 1.301543148417824341e+04 9.501609691283771042e+01
5.733970205736910430e+04 1.286781555607150403e+04 9.453732371699622661e+01
5.733970642295549624e+04 1.264678205317247739e+04 9.381548955173909121e+01
5.733971078854188090e+04 1.239772580941281558e+04 9.301425933809750290e+01
5.733971515412826557e+04 1.256119152325961477e+04 9.358868597185458782e+01
5.733971951971465751e+04 1.259993883347695009e+04 9.373578365058432382e+01
5.733972388530104217e+04 1.278643554276673603e+04 9.431169880777640913e+01
5.733972825088743411e+04 1.286354489444487626e+04 9.457817823284510439e+01
5.733973261647381878e+04 1.317766074123837825e+04 9.559925807178150592e+01
5.733973698206020345e+04 1.320168867068669351e+04 9.565192474947141932e+01
5.733974134764659539e+04 1.334594219926418009e+04 9.609558280691280174e+01
5.733974571323298005e+04 1.337182396984502157e+04 9.613686897400236830e+01
5.733975007881936472e+04 1.363419798270562751e+04 9.697819596400870523e+01
5.733975444440575666e+04 1.362828880940029740e+04 9.697899554966458879e+01
5.733975880999214132e+04 1.383789185476460807e+04 9.763056958136442631e+01
5.733976317557852599e+04 1.404516532553270190e+04 9.836530496460046891e+01
5.733976754116491793e+04 1.419323105517723525e+04 9.881394433911658837e+01
5.733977190675130259e+04 1.444976258933320423e+04 9.964925540314277441e+01
5.733977627233769454e+04 1.452778617930416112e+04 9.991369382794557907e+01
5.733978063792407920e+04 1.417560288486902391e+04 9.879928602728405451e+01
5.733978500351046387e+04 1.368512180949639696e+04 9.721417606172305170e+01
5.733978936909685581e+04 1.336262420611834386e+04 9.617890425640867136e+01
5.733979373468324047e+04 1.275371560029886496e+04 9.416444731347239383e+01
5.733979810026962514e+04 1.278472475887546170e+04 9.425021919403799586e+01
5.733980246585601708e+04 1.303257606950802256e+04 9.505020419128747733e+01
5.733980683144240174e+04 1.348675381647090944e+04 9.649083762576232459e+01
5.733981119702878641e+04 1.388965504925387177e+04 9.778478459047187243e+01
5.733981556261517835e+04 1.437837797146404955e+04 9.934321931914659842e+01
5.733981992820156302e+04 1.439476045470721510e+04 9.943689059646476380e+01
5.733982429378795496e+04 1.431118469827497574e+04 9.921635331174064731e+01
5.733982865937433962e+04 1.402742583797304542e+04 9.832085621836401401e+01
5.733983302496072429e+04 1.366180761585056280e+04 9.712154279091730302e+01
5.733983739054711623e+04 1.327281366461716971e+04 9.582185160351700404e+01
5.733984175613350089e+04 1.301057488744907823e+04 9.494532477528400705e+01
5.733984612171988556e+04 1.292505183053362089e+04 9.457879499845483906e+01
5.733985048730627750e+04 1.307741931398933957e+04 9.504153896899738641e+01
5.733985485289266217e+04 1.331824662005400023e+04 9.576494642939783830e+01
5.733985921847905411e+04 1.346643703690577968e+04 9.619009795055615086e+01
5.733986358406543877e+04 1.362737262143885528e+04 9.665016972257708971e+01
5.733986794965182344e+04 1.364900969350250307e+04 9.665642361558042239e+01
5.733987231523821538e+04 1.376478437288217901e+04 9.699694465423966960e+01
5.733987668082460004e+04 1.357771114993466108e+04 9.638792772605557957e+01
5.733988104641098471e+04 1.346634453844136442e+04 9.601935745014466761e+01
5.733988541199737665e+04 1.295949971554792137e+04 9.433187806160283628e+01
5.733988977758376132e+04 1.258561569976203100e+04 9.307415138577769653e+01
5.733989414317014598e+04 1.248613049199735178e+04 9.273138153734298328e+01
5.733989850875653792e+04 1.238165428460310068e+04 9.239165872419516745e+01
5.733990287434292259e+04 1.248143694807686734e+04 9.273392982086876657e+01
5.733990723992931453e+04 1.274215493696826343e+04 9.362271376141988810e+01
5.733991160551569919e+04 1.328701267281466062e+04 9.541671082724582220e+01
5.733991597110208386e+04 1.403301393754666424e+04 9.781738147045577136e+01
5.733992033668847580e+04 1.477111085506152813e+04 1.001741629843197643e+02
5.733992470227486046e+04 1.547865602140877672e+04 1.023516040534732383e+02
5.733992906786124513e+04 1.580026292333399033e+04 1.033048244074296775e+02
5.733993343344763707e+04 1.699096264168418202e+04 1.068793407215880933e+02
5.733993779903402174e+04 1.619283349140525206e+04 1.045240990064984317e+02
5.733994216462040640e+04 1.564783526925451042e+04 1.028622259070402833e+02
5.733994653020679834e+04 1.560919546917935804e+04 1.027620966341361424e+02
5.733995089579318301e+04 1.547782273555812390e+04 1.023763277596164727e+02
5.733995526137957495e+04 1.526214044509346968e+04 1.017156768277405803e+02
5.733995962696595961e+04 1.510138807122836988e+04 1.011910323497708930e+02
5.733996399255234428e+04 1.495364650107505804e+04 1.007388044275986800e+02
5.733996835813873622e+04 1.479732503146025374e+04 1.002373051410023521e+02
5.733997272372512089e+04 1.496996021636656224e+04 1.008118302048004580e+02
5.733997708931150555e+04 1.501955441109659296e+04 1.009745622062850572e+02
5.733998145489789749e+04 1.517051001624893979e+04 1.014200985165404063e+02
5.733998582048428216e+04 1.516627718084160369e+04 1.013893235272459208e+02
5.733999018607067410e+04 1.539609724849610211e+04 1.020830386147185038e+02
5.733999455165705876e+04 1.562825475840912077e+04 1.028180028052745740e+02
5.733999891724344343e+04 1.581982399569550944e+04 1.033888042991434020e+02
5.734000328282983537e+04 1.590915460437756155e+04 1.036523745956273217e+02
5.734000764841622004e+04 1.586341616228034582e+04 1.035324431021744829e+02
5.734001201400260470e+04 1.567825496477140769e+04 1.029854732841631773e+02
5.734001637958899664e+04 1.551240819486580767e+04 1.024526406196598600e+02
5.734002074517538131e+04 1.532343751070281360e+04 1.018878066613388285e+02
5.734002511076176597e+04 1.504518257471916695e+04 1.010254631431862862e+02
5.734002947634815791e+04 1.499606163639134502e+04 1.008688370169808479e+02
5.734003384193454258e+04 1.528660718417548560e+04 1.017691073077618995e+02
5.734003820752093452e+04 1.576680675847539533e+04 1.032335461331733910e+02
5.734004257310731919e+04 1.582769004072389362e+04 1.034075548240779767e+02
5.734004693869370385e+04 1.576616900962303225e+04 1.032377078456729294e+02
5.734005130428009579e+04 1.583848184524811222e+04 1.034434202709573611e+02
5.734005566986648046e+04 1.590699849837410511e+04 1.036579704451225865e+02
5.734006003545286512e+04 1.577764036022714208e+04 1.032226414965439574e+02
5.734006440103925706e+04 1.571679770908543833e+04 1.030630737817566711e+02
5.734006876662564173e+04 1.555695967006210230e+04 1.025866761292855500e+02
5.734007313221203367e+04 1.534442859764984678e+04 1.019312613581824678e+02
5.734007749779841834e+04 1.542912868032120241e+04 1.021741720391660664e+02
5.734008186338480300e+04 1.524035838424389840e+04 1.016189223306812011e+02
5.734008622897119494e+04 1.520904000701344739e+04 1.015330572700547549e+02
5.734009059455757961e+04 1.499968940043429757e+04 1.008893817154809085e+02
5.734009496014396427e+04 1.498814078995122509e+04 1.008413369591370383e+02
5.734009932573035621e+04 1.515930450512613243e+04 1.013622234110263776e+02
5.734010369131674088e+04 1.549874890097438583e+04 1.024282422972465127e+02
5.734010805690312554e+04 1.594787636716611087e+04 1.037969642764982297e+02
5.734011242248951748e+04 1.587986528576238743e+04 1.035661175613570180e+02
5.734011678807590215e+04 1.598035636215617706e+04 1.038525745458651812e+02
5.734012115366229409e+04 1.570455039906115962e+04 1.030340721900266914e+02
5.734012551924867876e+04 1.571871078510051848e+04 1.030819041925866344e+02
5.734012988483506342e+04 1.583491969578159114e+04 1.034287933182083492e+02
5.734013425042145536e+04 1.575521280261599168e+04 1.031674144231058960e+02
5.734013861600784003e+04 1.607345245677362436e+04 1.041472251022004087e+02
5.734014298159422469e+04 1.598384415029825323e+04 1.038875889472610936e+02
5.734014734718061663e+04 1.580680810526351161e+04 1.033561784753470931e+02
5.734015171276700130e+04 1.562734409963365761e+04 1.028003045955127561e+02
5.734015607835338596e+04 1.536888541851403170e+04 1.020321219242554207e+02
5.734016044393977791e+04 1.519777291655863155e+04 1.014835307402054241e+02
5.734016480952616257e+04 1.523519901364834914e+04 1.015918383324996483e+02
5.734016917511255451e+04 1.520326997729631148e+04 1.014959735996537376e+02
5.734017354069893918e+04 1.532907964581416127e+04 1.019114450929524054e+02
5.734017790628532384e+04 1.541258183110964455e+04 1.021551036830787353e+02
5.734018227187171578e+04 1.543748473405884579e+04 1.022139359495012201e+02
5.734018663745810045e+04 1.578013092095947650e+04 1.032581346836823144e+02
5.734019100304448511e+04 1.621365615360866650e+04 1.045706347443059911e+02
5.734019536863087706e+04 1.666404437310274807e+04 1.059114760797894235e+02
5.734019973421726172e+04 1.685330962428354906e+04 1.064832999647978085e+02
5.734020409980365366e+04 1.697783366900474721e+04 1.068583441040537991e+02
5.734020846539003833e+04 1.684054977531165059e+04 1.064466585584183633e+02
5.734021283097642299e+04 1.637479846706169519e+04 1.050667967092756925e+02
5.734021719656281493e+04 1.580666760793678986e+04 1.033523108491833256e+02
5.734022156214919960e+04 1.555906565924836832e+04 1.025937166965796905e+02
5.734022592773558426e+04 1.525815007515919206e+04 1.016577580314527012e+02
5.734023029332197621e+04 1.505044942482033184e+04 1.010664018343298665e+02
5.734023465890836087e+04 1.517230362150665860e+04 1.014166335296483084e+02
5.734023902449474554e+04 1.529435947936294542e+04 1.018059547302085122e+02
5.734024339008113748e+04 1.555544129302030706e+04 1.025926400128152949e+02
5.734024775566752214e+04 1.591614668055839866e+04 1.036773539922399721e+02
5.734025212125391408e+04 1.599385448888729297e+04 1.039176085454760994e+02
5.734025648684029875e+04 1.592905931884852362e+04 1.037054102136418834e+02
5.734026085242668341e+04 1.573437813249720239e+04 1.031111760571191525e+02
5.734026521801307535e+04 1.542917306700100744e+04 1.021940950514114519e+02
5.734026958359946002e+04 1.509112518686018120e+04 1.011818024788448867e+02
5.734027394918584469e+04 1.466496352219933033e+04 9.985921896406225073e+01
5.734027831477223663e+04 1.472929773004682829e+04 1.000244453153484869e+02
5.734028268035862129e+04 1.462748027031281708e+04 9.971265573116389191e+01
5.734028704594500596e+04 1.486376139920081914e+04 1.004716223084704723e+02
5.734029141153139790e+04 1.518781043591389061e+04 1.014973709937516730e+02
5.734029577711778256e+04 1.546074287747896415e+04 1.023204006930711927e+02
5.734030014270417450e+04 1.605473702131010214e+04 1.040991077822285860e+02
5.734030450829055917e+04 1.636941162142274152e+04 1.050481344270984465e+02
5.734030887387694384e+04 1.655738240008781577e+04 1.056314284126616627e+02
5.734031323946333578e+04 1.663612289048160528e+04 1.058491593632424213e+02
5.734031760504972044e+04 1.653804771763728422e+04 1.055390227933584129e+02
5.734032197063610511e+04 1.636462836125743706e+04 1.050459850001992521e+02
5.734032633622249705e+04 1.618256312398899354e+04 1.045006614726568586e+02
5.734033070180888171e+04 1.562661472764894279e+04 1.028316061047606382e+02
5.734033506739527365e+04 1.532287792172114678e+04 1.019015531403928350e+02
5.734033943298165832e+04 1.495710926707416729e+04 1.007475199504866907e+02
5.734034379856804298e+04 1.480683689054881143e+04 1.002995438845863703e+02
5.734034816415443493e+04 1.460160494211006517e+04 9.967121873134168197e+01
5.734035252974081959e+04 1.456586199177661911e+04 9.954780167758937637e+01
5.734035689532720426e+04 1.457850867780497538e+04 9.957314109134742353e+01
5.734036126091359620e+04 1.487414470413917479e+04 1.005018975645932926e+02
5.734036562649998086e+04 1.542997108207852580e+04 1.022410900996430030e+02
5.734036999208636553e+04 1.586043346912320703e+04 1.035549623491097861e+02
5.734037435767275747e+04 1.618331730807522399e+04 1.045172816253725188e+02
5.734037872325914213e+04 1.656937540685274871e+04 1.056549749495268316e+02
5.734038308884553408e+04 1.634946738339270087e+04 1.049962076184415736e+02
5.734038745443191874e+04 1.637548099625127725e+04 1.050698064475218700e+02
5.734039182001830341e+04 1.612846353731172530e+04 1.043413891074232396e+02
5.734039618560469535e+04 1.595832205111327312e+04 1.038136020446250001e+02
5.734040055119108001e+04 1.594475266009462030e+04 1.037434234934798098e+02
5.734040491677746468e+04 1.582333868884899312e+04 1.034097909576281893e+02
5.734040928236385662e+04 1.582235544445129381e+04 1.034319605555667465e+02
5.734041364795024128e+04 1.588423758344775524e+04 1.036544860580765288e+02
5.734041801353662595e+04 1.605330193399019845e+04 1.041327226050028258e+02
5.734042237912301789e+04 1.627980657962119039e+04 1.047763846165422024e+02
5.734042674470940256e+04 1.643387962565910857e+04 1.052240647293499194e+02
5.734043111029579450e+04 1.638290126649615740e+04 1.050925238151547632e+02
5.734043547588217916e+04 1.634643313188257343e+04 1.049701301984403159e+02
5.734043984146856383e+04 1.623951438946878261e+04 1.046627006179601835e+02
5.734044420705495577e+04 1.619600383678303660e+04 1.045048589293389654e+02
5.734044857264134043e+04 1.630778168802456821e+04 1.048486122736457702e+02
5.734045293822772510e+04 1.671068345931021031e+04 1.060272686615566329e+02
5.734045730381411704e+04 1.705931356694027636e+04 1.070629844249889118e+02
5.734046166940050171e+04 1.752645610558916815e+04 1.084344081155703208e+02
5.734046603498689365e+04 1.762201836504981839e+04 1.086837685679937096e+02
5.734047040057327831e+04 1.728469576723467981e+04 1.077220542080627439e+02
5.734047476615966298e+04 1.679041460769428522e+04 1.062655764903121138e+02
5.734047913174605492e+04 1.649040040172722001e+04 1.053648906159930903e+02
5.734048349733243958e+04 1.605738883631529279e+04 1.040986063122561092e+02
5.734048786291882425e+04 1.562012882250298208e+04 1.027776663342259411e+02
5.734049222850521619e+04 1.533909521580310502e+04 1.019218875520068224e+02
5.734049659409160085e+04 1.536065979998414696e+04 1.019784505123156748e+02
5.734050095967798552e+04 1.543173116472111724e+04 1.022058985394980226e+02
5.734050532526437746e+04 1.583360256973428841e+04 1.034352426131605824e+02
5.734050969085076213e+04 1.627808221263914675e+04 1.047698725189607387e+02
5.734051405643715407e+04 1.650987369703537479e+04 1.054540960686779130e+02
5.734051842202353873e+04 1.682071391284410493e+04 1.063627712579031623e+02
5.734052278760992340e+04 1.663676674881167128e+04 1.058171146845166959e+02
5.734052715319631534e+04 1.580867039038568510e+04 1.033664374748931465e+02
5.734053151878270000e+04 1.541312156692397366e+04 1.021513234943076185e+02
5.734053588436908467e+04 1.511914044685287990e+04 1.012374014892356513e+02
5.734054024995547661e+04 1.499820360579342741e+04 1.008728069580960920e+02
5.734054461554186128e+04 1.475520492390764957e+04 1.001279318328410994e+02
5.734054898112824594e+04 1.498652003296517978e+04 1.008509832914755862e+02
5.734055334671463788e+04 1.503866265370351903e+04 1.010273834053722908e+02
5.734055771230102255e+04 1.508547266183653483e+04 1.011721208500425035e+02
5.734056207788741449e+04 1.524220902818239483e+04 1.016561469972368315e+02
5.734056644347379915e+04 1.549163650784606216e+04 1.024275483729319376e+02
5.734057080906018382e+04 1.570358757655060253e+04 1.030557879684586737e+02
5.734057517464657576e+04 1.559091809562811795e+04 1.026877595795703968e+02
5.734057954023296043e+04 1.559179550107941031e+04 1.026971022968406686e+02
5.734058390581934509e+04 1.553873587353475887e+04 1.025516522893025382e+02
5.734058827140573703e+04 1.532084119398631265e+04 1.018801547090843655e+02
5.734059263699212170e+04 1.540189866753962451e+04 1.021046809040337990e+02
5.734059700257851364e+04 1.539365925701432025e+04 1.020861669321259910e+02
5.734060136816489830e+04 1.522452784289483316e+04 1.015640713821133971e+02
5.734060573375128297e+04 1.511944652428145127e+04 1.012574596033109344e+02
5.734061009933767491e+04 1.513196257290728681e+04 1.012722858765789056e+02
5.734061446492405958e+04 1.518433135311710066e+04 1.014402169106553089e+02
5.734061883051044424e+04 1.535526672962885459e+04 1.019502124735826243e+02
5.734062319609683618e+04 1.561733299077568518e+04 1.027594654435625614e+02
5.734062756168322085e+04 1.588551384916312418e+04 1.035780127793566834e+02
5.734063192726960551e+04 1.598496844435498679e+04 1.038932034099666879e+02
5.734063629285599745e+04 1.623806513317247482e+04 1.046473557972274619e+02
5.734064065844238212e+04 1.633850395507776557e+04 1.049508286557223613e+02
5.734064502402877406e+04 1.626747200232291107e+04 1.047524566613628281e+02
5.734064938961515873e+04 1.594297688035324245e+04 1.037755418635938724e+02
5.734065375520154339e+04 1.559048292960046092e+04 1.027173044141681828e+02
5.734065812078793533e+04 1.525356235503534299e+04 1.016999937081908598e+02
5.734066248637432000e+04 1.509122484065297431e+04 1.011844699349506129e+02
5.734066685196070466e+04 1.479041489169195665e+04 1.002425432738605906e+02
5.734067121754709660e+04 1.487912865169053657e+04 1.005487821840092693e+02
5.734067558313348127e+04 1.497732212560048902e+04 1.008452966069390442e+02
5.734067994871987321e+04 1.492755084902597082e+04 1.006779961928705660e+02
5.734068431430625787e+04 1.495319748715495189e+04 1.007611685489785174e+02
5.734068867989264254e+04 1.508197522854821000e+04 1.011458221966896360e+02
5.734069304547903448e+04 1.521205742588809881e+04 1.016214560459107901e+02
5.734069741106541915e+04 1.510946459886051343e+04 1.013682842554406136e+02
5.734070177665180381e+04 1.500327640868441631e+04 1.009842894316243900e+02
5.734070614223819575e+04 1.509875997596932575e+04 1.012278403391128450e+02
5.734071050782458042e+04 1.508710016729519339e+04 1.011575972863370936e+02
5.734071487341096508e+04 1.522441147395247208e+04 1.016109126394210449e+02
5.734071923899735702e+04 1.516512216098603312e+04 1.014200937206890814e+02
5.734072360458374169e+04 1.527703119219805012e+04 1.017527886323871371e+02
5.734072797017013363e+04 1.534720253502083324e+04 1.019658205798113357e+02
5.734073233575651830e+04 1.540908257668998885e+04 1.021333671201341815e+02
5.734073670134290296e+04 1.555271835368999564e+04 1.025961700068711764e+02
5.734074106692929490e+04 1.558680441363440514e+04 1.026974027526795652e+02
5.734074543251567957e+04 1.578025963169237548e+04 1.032736376808604888e+02
5.734074979810206423e+04 1.620965230245688872e+04 1.045678379070449466e+02
5.734075416368845617e+04 1.649351326213420180e+04 1.054180029199949900e+02
5.734075852927484084e+04 1.664029291663252661e+04 1.058412951970584857e+02
5.734076289486122550e+04 1.658462548445148786e+04 1.056653712594567196e+02
5.734076726044761745e+04 1.657377510179040110e+04 1.056437965588956160e+02
5.734077162603400211e+04 1.651502936774504269e+04 1.054579367108627395e+02
5.734077599162039405e+04 1.628997567436027566e+04 1.047709982747096262e+02
5.734078035720677872e+04 1.625820088374571242e+04 1.046766585639663276e+02
5.734078472279316338e+04 1.619671547627026666e+04 1.044887236261587020e+02
5.734078908837955532e+04 1.579444140703117046e+04 1.032757643908624914e+02
5.734079345396593999e+04 1.567507197950891350e+04 1.029324985703444497e+02
5.734079781955232465e+04 1.568717793360639007e+04 1.029565841400393964e+02
5.734080218513871660e+04 1.558343640781772956e+04 1.026585203033213389e+02
5.734080655072510126e+04 1.551779380223225053e+04 1.024594303489340206e+02
5.734081091631149320e+04 1.566965368618571847e+04 1.029274546282642859e+02
5.734081528189787787e+04 1.608499656687888455e+04 1.041851539099282462e+02
5.734081964748426253e+04 1.626343686186937157e+04 1.047108986555519010e+02
5.734082401307065447e+04 1.622314301412878376e+04 1.046055299484081331e+02
5.734082837865703914e+04 1.640342241312566330e+04 1.051270321955843059e+02
5.734083274424342380e+04 1.625578353503049402e+04 1.046948401657659247e+02
5.734083710982981574e+04 1.592586387155170632e+04 1.036890221600664148e+02
5.734084147541620041e+04 1.560712092774255143e+04 1.027155565089991853e+02
5.734084584100258508e+04 1.561874192254533773e+04 1.027768277996035096e+02
5.734085020658897702e+04 1.535930357626642945e+04 1.019638061134379967e+02
5.734085457217536168e+04 1.506973370849114144e+04 1.010741516445481665e+02
5.734085893776175362e+04 1.475402208228924792e+04 1.001084181637761645e+02
5.734086330334813829e+04 1.455363451585397888e+04 9.949748873548081463e+01
5.734086766893452295e+04 1.433563508179537712e+04 9.880974807504954072e+01
5.734087203452091489e+04 1.409510737205912847e+04 9.804386063328462342e+01
5.734087640010729956e+04 1.440580495012786378e+04 9.900118129180691540e+01
5.734088076569368422e+04 1.462428691105537837e+04 9.969019701321498417e+01
5.734088513128007617e+04 1.485121885654637845e+04 1.003886362442159168e+02
5.734088949686646083e+04 1.511274629593596364e+04 1.011923133106473358e+02
5.734089386245284550e+04 1.557764334624450748e+04 1.026106821320967128e+02
5.734089822803923744e+04 1.571477371781367219e+04 1.030337925199445408e+02
5.734090259362562210e+04 1.581889386745911543e+04 1.033408783324613296e+02
5.734090695921201404e+04 1.558678149413285428e+04 1.026205609567577142e+02
5.734091132479839871e+04 1.534052611729846103e+04 1.018517997285354966e+02
5.734091569038478337e+04 1.518873874776032608e+04 1.013778348426028941e+02
5.734092005597117532e+04 1.488455235402378821e+04 1.004306024169750629e+02
5.734092442155755998e+04 1.439164809260895163e+04 9.888087775201495333e+01
5.734092878714394465e+04 1.449701446077334003e+04 9.921755627363900487e+01
5.734093315273033659e+04 1.469181766816596974e+04 9.985024503901635740e+01
5.734093751831672125e+04 1.502203611876129435e+04 1.008749154586686956e+02
5.734094188390311319e+04 1.511236149383016891e+04 1.011467156862693457e+02
5.734094624948949786e+04 1.517603100247067596e+04 1.013282448075099467e+02
5.734095061507588252e+04 1.531574246155537003e+04 1.017678960743418202e+02
5.734095498066227447e+04 1.494963747815745410e+04 1.006549182343772486e+02
5.734095934624865913e+04 1.449299039342140713e+04 9.922792560575931020e+01
5.734096371183504380e+04 1.389757933270083231e+04 9.731968563277646922e+01
5.734096807742143574e+04 1.312741312541879779e+04 9.481807279408022282e+01
5.734097244300782040e+04 1.230309427963640155e+04 9.208441322063336543e+01
5.734097680859420507e+04 1.154107056499311329e+04 8.942805312606414248e+01
5.734098117418059701e+04 1.083308551875607918e+04 8.691024298955301219e+01
5.734098553976698167e+04 1.012106112954349737e+04 8.436742161446079535e+01
5.734098990535337362e+04 9.896470386607326873e+03 8.350909270734504730e+01
5.734099427093975828e+04 9.411327939873768628e+03 8.170409217804302671e+01
5.734099863652614295e+04 9.073310234854327064e+03 8.037829364387732767e+01
5.734100300211253489e+04 8.998704864591047226e+03 8.008543851793892543e+01
5.734100736769891955e+04 9.014448786399194432e+03 8.017592060134809628e+01
5.734101173328530422e+04 9.028142306208077571e+03 8.020977683106241329e+01
5.734101609887169616e+04 9.002094709144384979e+03 8.011962985554347938e+01
5.734102046445808082e+04 9.122858550445187575e+03 8.056536794440631866e+01
5.734102483004446549e+04 8.986764468371500698e+03 8.007752797716840121e+01
5.734102919563085743e+04 8.878350556871373556e+03 7.962317246793944037e+01
5.734103356121724210e+04 8.840006665421489743e+03 7.946406723659438853e+01
5.734103792680363404e+04 8.734632989088073373e+03 7.905614888919248529e+01
5.734104229239001870e+04 8.621752270500372106e+03 7.861126465627395987e+01
5.734104665797640337e+04 8.715694059635627127e+03 7.898313675121526956e+01
5.734105102356279531e+04 8.575970866862333423e+03 7.845125019434530600e+01
5.734105538914917997e+04 8.698315613443406619e+03 7.893386631499809880e+01
5.734105975473556464e+04 8.582953961080058434e+03 7.847341952540600118e+01
5.734106412032195658e+04 8.607360008977655525e+03 7.859401716256833481e+01
5.734106848590834124e+04 8.750045024138913504e+03 7.915003378426409597e+01
5.734107285149473319e+04 8.726999049179510621e+03 7.904560993614884978e+01
5.734107721708111785e+04 8.640604673966847258e+03 7.873209252168875594e+01
5.734108158266750252e+04 8.871094403800861983e+03 7.960617247188783097e+01
5.734108594825389446e+04 8.944384610923469154e+03 7.989105802757197239e+01
5.734109031384027912e+04 8.806324235422882339e+03 7.934431967944105679e+01
