2.457369924110599793e+06 1.720124625822368398e+04 1.279426329392666162e+02
2.457369924117999151e+06 1.745047074096586948e+04 1.284534591987828662e+02
2.457369924125398509e+06 1.693894323304014324e+04 1.273784111152391034e+02
2.457369924132797867e+06 1.730872090961098365e+04 1.281786358341503558e+02
2.457369924140197225e+06 1.756671758557398789e+04 1.286650346323200154e+02
2.457369924147596583e+06 1.706505764921815717e+04 1.276019872077335009e+02
2.457369924154996406e+06 1.725647254362128297e+04 1.279933739864223980e+02
2.457369924162395764e+06 1.727102608367896755e+04 1.280488371494112982e+02
2.457369924169795122e+06 1.719518931278604214e+04 1.276972084072654070e+02
2.457369924177194480e+06 1.720859324287280833e+04 1.280210277731085000e+02
2.457369924184593838e+06 1.727394880041476063e+04 1.280388051678260126e+02
2.457369924191993196e+06 1.732798772197988001e+04 1.281313753607915089e+02
2.457369924199392553e+06 1.704636092319794261e+04 1.275756607870644785e+02
2.457369924206791911e+06 1.743229451098875143e+04 1.284086260569548870e+02
2.457369924214191269e+06 1.727682367616561896e+04 1.280096636870387954e+02
2.457369924221590627e+06 1.705481337719298244e+04 1.275344477455609109e+02
2.457369924228990451e+06 1.707582961598969996e+04 1.275832830106425888e+02
2.457369924236389808e+06 1.723404734398837172e+04 1.279407480914998700e+02
2.457369924243789166e+06 1.729596172411327279e+04 1.281342025618941136e+02
2.457369924251188524e+06 1.710066763741895920e+04 1.275514287905315598e+02
2.457369924258587882e+06 1.710984621352974864e+04 1.277709774367378515e+02
2.457369924265987240e+06 1.736301505589721273e+04 1.282822421870436926e+02
2.457369924273386598e+06 1.729487142567696355e+04 1.281314369580621246e+02
2.457369924280785955e+06 1.718230468988367647e+04 1.278154764284515750e+02
2.457369924288185313e+06 1.741977207135535718e+04 1.283799474498251527e+02
2.457369924295584671e+06 1.727404126263348371e+04 1.279963491693977744e+02
2.457369924302984029e+06 1.742935276715055079e+04 1.284342859009486801e+02
2.457369924310383853e+06 1.730571610173531371e+04 1.281468334216168330e+02
2.457369924317783210e+06 1.713158367926440042e+04 1.276631937478734784e+02
2.457369924325182568e+06 1.731756982682589660e+04 1.282445610870362316e+02
2.457369924332581926e+06 1.728568137454710086e+04 1.282192790181934754e+02
2.457369924339981284e+06 1.700617687774122533e+04 1.274241568394290880e+02
2.457369924347380642e+06 1.712247277632771147e+04 1.276842697391904267e+02
2.457369924354780000e+06 1.713908945789235440e+04 1.278756137674455005e+02
2.457369924362179358e+06 1.725949524754481172e+04 1.280854046449705379e+02
2.457369924369578715e+06 1.746346598463720875e+04 1.285354034630837816e+02
2.457369924376978073e+06 1.717490348374332825e+04 1.279496457119561938e+02
2.457369924384377897e+06 1.713402762710955358e+04 1.278707493247125768e+02
2.457369924391777255e+06 1.729641052333619518e+04 1.282501600244724784e+02
2.457369924399176612e+06 1.732647361180635198e+04 1.283314182064529803e+02
2.457369924406575970e+06 1.685650256394212192e+04 1.272400400561295726e+02
2.457369924413975328e+06 1.719470842272120717e+04 1.279155024409628822e+02
2.457369924421374686e+06 1.728289489654843783e+04 1.281331829060736709e+02
2.457369924428774044e+06 1.719358883098541264e+04 1.279638560086359149e+02
2.457369924436173402e+06 1.743565250107274187e+04 1.283703870915845471e+02
2.457369924443572760e+06 1.741140323941639508e+04 1.284273110327541758e+02
2.457369924450972117e+06 1.737838584632428683e+04 1.281860078824103368e+02
2.457369924458371475e+06 1.722307697368429217e+04 1.279436275635312796e+02
2.457369924465771299e+06 1.719271462653755589e+04 1.279877506092969384e+02
2.457369924473170657e+06 1.710296256435918258e+04 1.278111090194698534e+02
2.457369924480570015e+06 1.709152241937205690e+04 1.276325388375246064e+02
2.457369924487969372e+06 1.691966509671776294e+04 1.272952656313039768e+02
2.457369924495368730e+06 1.724871967367476100e+04 1.280645957366198502e+02
2.457369924502768088e+06 1.734153417804863420e+04 1.283762747303048855e+02
2.457369924510167446e+06 1.751815243879901755e+04 1.288089495553826964e+02
2.457369924517566804e+06 1.733303264415292870e+04 1.283874113121061669e+02
2.457369924524966162e+06 1.714469290796632777e+04 1.280320887648722987e+02
2.457369924532365520e+06 1.681363868260146410e+04 1.270984352849630454e+02
2.457369924539765343e+06 1.712610652918803680e+04 1.278462478328025185e+02
2.457369924547164701e+06 1.713701793150513549e+04 1.277893784092517819e+02
2.457369924554564059e+06 1.685168843857273896e+04 1.270821422056575898e+02
2.457369924561963417e+06 1.707843289086329241e+04 1.277004387307598705e+02
2.457369924569362774e+06 1.744714661309344956e+04 1.285077628013592062e+02
2.457369924576762132e+06 1.737741399396938141e+04 1.283007651889847125e+02
2.457369924584161490e+06 1.741412153383637269e+04 1.284070461212604926e+02
2.457369924591560848e+06 1.732132328315685663e+04 1.283188849919494885e+02
2.457369924598960206e+06 1.740449067505712446e+04 1.285724309747422183e+02
2.457369924606359564e+06 1.716951126763929278e+04 1.280199677991808187e+02
2.457369924613759387e+06 1.722105006435935502e+04 1.279857095879429778e+02
2.457369924621158745e+06 1.720891437118603790e+04 1.279898750784103925e+02
2.457369924628558103e+06 1.704362423215809758e+04 1.276526542319460589e+02
2.457369924635957461e+06 1.757045355942514288e+04 1.287727145046567614e+02
2.457369924643356819e+06 1.749338971979889902e+04 1.286101321513122002e+02
2.457369924650756177e+06 1.707149838744270892e+04 1.277541591621408514e+02
2.457369924658155534e+06 1.700879259153309977e+04 1.275623145367939628e+02
2.457369924665554892e+06 1.688268605549207496e+04 1.272838650133530933e+02
2.457369924672954250e+06 1.708199977831816432e+04 1.277390031481114931e+02
2.457369924680353608e+06 1.737987438948075578e+04 1.283981310942881464e+02
2.457369924687752966e+06 1.719561199048904746e+04 1.281048268963994872e+02
2.457369924695152789e+06 1.729050459394077916e+04 1.283162394479984414e+02
2.457369924702552147e+06 1.706466871960820936e+04 1.277946581214542761e+02
2.457369924709951505e+06 1.715284174413607252e+04 1.280110371644502436e+02
2.457369924717350863e+06 1.704368319329225051e+04 1.276112807203069508e+02
2.457369924724750221e+06 1.708202022817752004e+04 1.277545588399725887e+02
2.457369924732149579e+06 1.702929998927353881e+04 1.275807010806139772e+02
2.457369924739548936e+06 1.714257671684297748e+04 1.279879397443536249e+02
2.457369924746948294e+06 1.711770549616219796e+04 1.278581646755542067e+02
2.457369924754347652e+06 1.708128383867285447e+04 1.276190404016268189e+02
2.457369924761747010e+06 1.706022550414768193e+04 1.276389364027451023e+02
2.457369924769146834e+06 1.722230092784620138e+04 1.281024899661774157e+02
2.457369924776546191e+06 1.713642705145140644e+04 1.278702648727714575e+02
2.457369924783945549e+06 1.731505448041818090e+04 1.281861232160799489e+02
2.457369924791344907e+06 1.720749682792247040e+04 1.279037704840688860e+02
2.457369924798744265e+06 1.727522542250642073e+04 1.281935107745914877e+02
2.457369924806143623e+06 1.718049106836393184e+04 1.279094328388559063e+02
