5.737344129779999639e+04 4.049813768136858926e+03 6.481163688608589268e+01
5.737344130883027537e+04 4.206580002889526440e+03 6.564035206523159616e+01
5.737344131986054708e+04 4.229533559701496415e+03 6.597865472309567281e+01
5.737344133089082607e+04 4.383186212716153932e+03 6.663497746986908510e+01
5.737344134192110505e+04 4.524376251505849723e+03 6.724886520710145987e+01
5.737344135295137676e+04 4.614591595227013386e+03 6.770847192737113573e+01
5.737344136398165574e+04 4.823157201909175456e+03 6.859549275245299782e+01
5.737344137501192745e+04 4.935146263296312100e+03 6.915762836940650971e+01
5.737344138604220643e+04 4.909605457095083693e+03 6.905633436676961878e+01
5.737344139707248542e+04 5.042016891839901291e+03 6.956618062412471204e+01
5.737344140810275712e+04 5.206324157511502563e+03 7.027347814710751095e+01
5.737344141913303611e+04 5.213974999187093090e+03 7.042627556669422972e+01
5.737344143016331509e+04 5.107783091782293923e+03 7.000229539879410368e+01
5.737344144119358680e+04 5.115243156244962847e+03 7.004845611056562404e+01
5.737344145222386578e+04 5.168315483085535561e+03 7.022737335659195423e+01
5.737344146325414476e+04 5.271472700225335757e+03 7.072689062602213994e+01
5.737344147428441647e+04 5.276014089848754338e+03 7.076777585817842464e+01
5.737344148531469546e+04 5.232987909150500855e+03 7.050686850293513430e+01
5.737344149634496716e+04 5.194674644893513687e+03 7.029601782477405436e+01
5.737344150737524615e+04 5.240206251768556285e+03 7.048568688551380035e+01
5.737344151840552513e+04 5.095074001447965202e+03 6.992553871888057415e+01
5.737344152943579684e+04 5.108461971696598994e+03 7.007005726244869948e+01
5.737344154046607582e+04 5.226581377627941038e+03 7.054376451163479089e+01
5.737344155149635480e+04 5.175991084882782161e+03 7.024179130243166469e+01
5.737344156252662651e+04 5.235366571266292340e+03 7.056784690794484050e+01
5.737344157355690550e+04 5.204603277878320114e+03 7.031437104235649826e+01
5.737344158458718448e+04 5.170693444781878497e+03 7.021934515646884734e+01
5.737344159561745619e+04 5.046753618011408435e+03 6.967942400642985490e+01
5.737344160664773517e+04 4.927557573430131924e+03 6.917844909394111141e+01
5.737344161767800688e+04 4.965666417161643039e+03 6.925610327681638978e+01
5.737344162870828586e+04 5.025649528557026315e+03 6.946630250328288980e+01
5.737344163973856485e+04 5.071077150474317023e+03 6.968412532598235032e+01
5.737344165076883655e+04 5.059009990968816055e+03 6.968219147330489704e+01
5.737344166179911554e+04 5.150500113548880108e+03 7.010331316710355054e+01
5.737344167282939452e+04 5.165114735294586353e+03 7.020613978759415374e+01
5.737344168385966623e+04 5.167579550145509529e+03 7.016596499036946000e+01
5.737344169488994521e+04 5.155013052031184998e+03 7.009672129616254210e+01
5.737344170592021692e+04 5.126434790526122924e+03 7.011382116039692391e+01
5.737344171695049590e+04 5.078369922410622166e+03 6.983553407606954977e+01
5.737344172798077489e+04 5.145446150467590996e+03 7.010370744180661973e+01
5.737344173901104659e+04 5.174213382404517688e+03 7.026685532875002593e+01
5.737344175004132558e+04 5.106494516256765564e+03 6.988764340022366639e+01
5.737344176107160456e+04 5.123587031133423807e+03 7.004693765718008081e+01
5.737344177210187627e+04 5.117498093627162234e+03 7.004679636335616522e+01
5.737344178313215525e+04 5.074515770245242493e+03 6.978102059667129708e+01
5.737344179416243423e+04 5.055211897554412644e+03 6.981416582966247120e+01
5.737344180519270594e+04 5.018935619032723480e+03 6.962577276056100573e+01
5.737344181622298493e+04 5.094192228261814307e+03 6.981291112925661935e+01
5.737344182725325663e+04 5.164256458854953053e+03 7.016130367519748745e+01
5.737344183828353562e+04 5.169057392545450057e+03 7.025891890857103306e+01
5.737344184931381460e+04 5.130701248451707215e+03 7.003325643404578216e+01
5.737344186034408631e+04 5.159049440514996604e+03 7.019762661760586298e+01
5.737344187137436529e+04 5.196690653175385705e+03 7.034119889893739241e+01
5.737344188240464428e+04 5.184620458009285358e+03 7.021029708627818877e+01
5.737344189343491598e+04 5.127233901957280068e+03 6.997952002369899560e+01
5.737344190446519497e+04 5.223828738094229266e+03 7.037887924797294659e+01
5.737344191549547395e+04 5.316017090841754907e+03 7.083517854096902511e+01
5.737344192652574566e+04 5.292358067114662845e+03 7.073583238040050958e+01
5.737344193755602464e+04 5.169508768791192779e+03 7.019116116610969414e+01
5.737344194858629635e+04 5.064074368501625031e+03 6.975674449861250537e+01
5.737344195961657533e+04 4.999991253203421365e+03 6.948544059747307244e+01
5.737344197064685432e+04 4.875190293445575662e+03 6.890331042046621235e+01
5.737344198167712602e+04 4.815562374652071412e+03 6.858094410063401369e+01
5.737344199270740501e+04 4.815794825921690062e+03 6.858875983211146377e+01
