5.737344129779999639e+04 4.513833720705915766e+03 7.482613902058245969e+01
5.737344130900817981e+04 4.698245693008273520e+03 7.552201513118357923e+01
5.737344132021636324e+04 4.661975312755135747e+03 7.525037493204270334e+01
5.737344133142454666e+04 4.732051954795351776e+03 7.537076890381824512e+01
5.737344134263273008e+04 4.788493637882701478e+03 7.558415310969805034e+01
5.737344135384091351e+04 4.860486420295617791e+03 7.582967148023209347e+01
5.737344136504909693e+04 4.843068518735449288e+03 7.563833667086922219e+01
5.737344137625728763e+04 5.071871339654543590e+03 7.670946362186762713e+01
5.737344138746547105e+04 5.153702113732015277e+03 7.706806678077671791e+01
5.737344139867365448e+04 5.165244799177584355e+03 7.714996557320279180e+01
5.737344140988183790e+04 5.430128153732865030e+03 7.808413716512453107e+01
5.737344142109002132e+04 5.391806316421366319e+03 7.792243969283134675e+01
5.737344143229820475e+04 5.458081142663689207e+03 7.825974571979901384e+01
5.737344144350638817e+04 5.506100847563266143e+03 7.839445521856656285e+01
5.737344145471457159e+04 5.490492826494080873e+03 7.832803146310745035e+01
5.737344146592275501e+04 5.514899356571926546e+03 7.852506576958091955e+01
5.737344147713093844e+04 5.480612238898807846e+03 7.847939344783682714e+01
5.737344148833912186e+04 5.468204747153738026e+03 7.834420163213366095e+01
5.737344149954730528e+04 5.486667582953587043e+03 7.842613244256138216e+01
5.737344151075549598e+04 5.511180823889068051e+03 7.858309338293567237e+01
5.737344152196367941e+04 5.558837957735766395e+03 7.869595294104989591e+01
5.737344153317186283e+04 5.510542683112877057e+03 7.864344823269034634e+01
5.737344154438004625e+04 5.589386420674561123e+03 7.899584718737033029e+01
5.737344155558822968e+04 5.579637092128637960e+03 7.877199873895617088e+01
5.737344156679641310e+04 5.563264158917525492e+03 7.873696092586534689e+01
5.737344157800459652e+04 5.489065122375010105e+03 7.853142888543558797e+01
5.737344158921277995e+04 5.511446089504063821e+03 7.852142623455743831e+01
5.737344160042096337e+04 5.552341405793499689e+03 7.861663252546887293e+01
5.737344161162914679e+04 5.578067357589865424e+03 7.885570303326193198e+01
5.737344162283733021e+04 5.639919936615889128e+03 7.899480511618665446e+01
5.737344163404551364e+04 5.596968411866702809e+03 7.877915439760406002e+01
5.737344164525369706e+04 5.531127429197878882e+03 7.865535260536091755e+01
5.737344165646188776e+04 5.576967899228333408e+03 7.889455345974873524e+01
5.737344166767007118e+04 5.568659746695766444e+03 7.879761811745856903e+01
5.737344167887825461e+04 5.440904348618472795e+03 7.833400665467686963e+01
5.737344169008643803e+04 5.547071246937076467e+03 7.875533013356746892e+01
5.737344170129462145e+04 5.484533159117822834e+03 7.847486258448869023e+01
5.737344171250280488e+04 5.512960678915073913e+03 7.850632305315428994e+01
5.737344172371098830e+04 5.526821968583955822e+03 7.863579465083472542e+01
5.737344173491917172e+04 5.473246887364388385e+03 7.838641811355246602e+01
5.737344174612735515e+04 5.518400401060236618e+03 7.849131859455714277e+01
5.737344175733553857e+04 5.612502535146868468e+03 7.903963787143015907e+01
5.737344176854372199e+04 5.565873878371961837e+03 7.879639768980182168e+01
5.737344177975190541e+04 5.587266187915122828e+03 7.868794829010761305e+01
5.737344179096009611e+04 5.591470133926848575e+03 7.876576613325202914e+01
5.737344180216827954e+04 5.543326382343459954e+03 7.857803289664055058e+01
5.737344181337646296e+04 5.469038549920720470e+03 7.828108588502058751e+01
5.737344182458464638e+04 5.583944956306942004e+03 7.876489510757410528e+01
5.737344183579282981e+04 5.621238020331566076e+03 7.936700351213157489e+01
5.737344184700101323e+04 5.565696408863189390e+03 7.881366566537339224e+01
5.737344185820919665e+04 5.539837094211732619e+03 7.868568733260326553e+01
5.737344186941738008e+04 5.841773056613948938e+03 7.869675252266424081e+01
5.737344188062556350e+04 1.363638701910297641e+03 4.445851256859816658e+01
5.737344189183374692e+04 -6.280954957845888487e+01 nan
5.737344190304193035e+04 5.783933129887179803e+01 nan
5.737344191425011377e+04 8.363201988793157398e+02 3.808408084140272365e+01
5.737344192545830447e+04 5.705668339289902178e+03 7.733405995572584857e+01
5.737344193666648789e+04 5.635522156385706694e+03 7.907109710612884612e+01
5.737344194787467131e+04 5.663149617546399895e+03 7.890143737187018758e+01
5.737344195908285474e+04 5.614605897368412116e+03 7.882883747209898218e+01
5.737344197029103816e+04 5.539590421822892495e+03 7.864226928280517370e+01
5.737344198149922158e+04 5.749218356469219543e+03 7.939912999258729087e+01
5.737344199270740501e+04 5.454324259208119656e+03 7.829971504229213508e+01
