2.457463935327399988e+06 2.188187040441152931e+02 1.653511191138269680e+02
2.457463935335673392e+06 2.679782628676439344e+02 1.656062524102165980e+02
2.457463935343946796e+06 4.102102251838259690e+02 1.658233494021256149e+02
2.457463935352220200e+06 3.950295036764691758e+02 1.660117687388259924e+02
2.457463935360493604e+06 8.929553768382320413e+02 1.669733947842478869e+02
2.457463935368767008e+06 1.042858846507355338e+03 1.671873192371041341e+02
2.457463935377040412e+06 1.152357812499998545e+03 1.673711706304418101e+02
2.457463935385313816e+06 1.570451493566179124e+03 1.676177297898702818e+02
2.457463935393587220e+06 1.458293451286765048e+03 1.675203571467591530e+02
2.457463935401860625e+06 1.464319301470590290e+03 1.682042369960324493e+02
2.457463935410134029e+06 1.889766727941179852e+03 1.684324255620809936e+02
2.457463935418407433e+06 1.972328998161763593e+03 1.685673841673180391e+02
2.457463935426680837e+06 1.916261948529412621e+03 1.682603674500385011e+02
2.457463935434954241e+06 1.819408478860295872e+03 1.682028785711113699e+02
2.457463935443227645e+06 1.641301171874998545e+03 1.680450178934837595e+02
2.457463935451501049e+06 1.870455882352940534e+03 1.682227532199855489e+02
2.457463935459774453e+06 1.870890923713232041e+03 1.685893040643051108e+02
2.457463935468047857e+06 2.145801976102939079e+03 1.687501946721319541e+02
2.457463935476321261e+06 1.848406939338237862e+03 1.683761186217460306e+02
2.457463935484594665e+06 1.937905101102940534e+03 1.689251254908974431e+02
2.457463935492868070e+06 2.052624862132353883e+03 1.688845714009429742e+02
2.457463935501141474e+06 2.209849494485297328e+03 1.686922789796986137e+02
2.457463935509414878e+06 1.929878515625001455e+03 1.688975060661128111e+02
2.457463935517688282e+06 1.883464935661759228e+03 1.685076481171960552e+02
2.457463935525961686e+06 2.009821208639707038e+03 1.687440054399728808e+02
2.457463935534235090e+06 1.640569715073528641e+03 1.684924030960465302e+02
2.457463935542508494e+06 2.026302297794121841e+03 1.688106800611676874e+02
2.457463935550781898e+06 2.019308892463239317e+03 1.686900327449083079e+02
2.457463935559055302e+06 2.088770128676464083e+03 1.689701349877740029e+02
2.457463935567328706e+06 2.325547127757356066e+03 1.692859665039706556e+02
2.457463935575602110e+06 2.184940464154406072e+03 1.691462407023056187e+02
2.457463935583875515e+06 2.291614889705888345e+03 1.690935491512179851e+02
2.457463935592148919e+06 1.899736810661768686e+03 1.685760872747029850e+02
2.457463935600422323e+06 1.833694140624993452e+03 1.688101108483939470e+02
2.457463935608695727e+06 1.611584466911772324e+03 1.678691712388116741e+02
2.457463935616969131e+06 1.854268221507343696e+03 1.683065119171122888e+02
2.457463935625242535e+06 2.294962959558826697e+03 1.693652111544450349e+02
2.457463935633515939e+06 1.782300000000002910e+03 1.687619483809048688e+02
2.457463935641789343e+06 1.624328676470577193e+03 1.684899432663641505e+02
2.457463935650062747e+06 1.739129917279413348e+03 1.684995248266871783e+02
2.457463935658336151e+06 1.932831433823535917e+03 1.684168328596400386e+02
2.457463935666609555e+06 1.917815280330876703e+03 1.686710857130919408e+02
2.457463935674882494e+06 1.850367325367649755e+03 1.687228155034859469e+02
2.457463935683155898e+06 1.868171392463242228e+03 1.687752975675720677e+02
2.457463935691429302e+06 1.940335477941171121e+03 1.686838747848637183e+02
2.457463935699702706e+06 1.673484834558828879e+03 1.682207128109115786e+02
2.457463935707976110e+06 1.725411075367639569e+03 1.683441999465423180e+02
2.457463935716249514e+06 1.785511488970594655e+03 1.688886939229405471e+02
2.457463935724522918e+06 1.832234696691179124e+03 1.686776256382175347e+02
2.457463935732796323e+06 1.810919944852936169e+03 1.685405941073086069e+02
2.457463935741069727e+06 1.890268198529414803e+03 1.684529561109463884e+02
2.457463935749343131e+06 1.714344692095583014e+03 1.682955907978881953e+02
2.457463935757616535e+06 1.649294990808833973e+03 1.685933861007760868e+02
2.457463935765889939e+06 1.657976562499996362e+03 1.684766198828319546e+02
2.457463935774163343e+06 1.656629227941171848e+03 1.684591101246880385e+02
2.457463935782436747e+06 1.947544071691190766e+03 1.686056002065444090e+02
2.457463935790710151e+06 2.024099999999991269e+03 1.688984538601489760e+02
2.457463935798983555e+06 2.107500965073522821e+03 1.688315645792869475e+02
2.457463935807256959e+06 2.150081663602933986e+03 1.689976373721759160e+02
2.457463935815530363e+06 1.461891750919137849e+03 1.697371108363213921e+02
2.457463935823803768e+06 1.740031594669115293e+03 1.693739760374892001e+02
2.457463935832077172e+06 1.848255055147048552e+03 1.684433215774259338e+02
2.457463935840350576e+06 1.890407536764720135e+03 1.683839171702823592e+02
2.457463935848623980e+06 2.142803010110284959e+03 1.684469121818569306e+02
2.457463935856897384e+06 2.075790487132348062e+03 1.688837100405949627e+02
2.457463935865170788e+06 2.048890142463249504e+03 1.688234038622821060e+02
2.457463935873444192e+06 2.055026654411754862e+03 1.687027266964302896e+02
2.457463935881717596e+06 2.016111672794108017e+03 1.691507363316775354e+02
2.457463935889991000e+06 2.007656732536779600e+03 1.694964913253719772e+02
2.457463935898264404e+06 2.036608915441167483e+03 1.693457579414202883e+02
2.457463935906537808e+06 2.334998391544108017e+03 1.690634839443555961e+02
2.457463935914811213e+06 2.170610363051458990e+03 1.688225524755358435e+02
2.457463935923084617e+06 2.107852297794135666e+03 1.691853489034923257e+02
2.457463935931358021e+06 1.947565464154402434e+03 1.686393800788429473e+02
2.457463935939631425e+06 2.239205215992635203e+03 1.691491582149400870e+02
2.457463935947904829e+06 1.989363419117660669e+03 1.686987273472782078e+02
2.457463935956178233e+06 1.584846231617644662e+03 1.683342426708415474e+02
2.457463935964451637e+06 1.822249701286757045e+03 1.682275084127923606e+02
2.457463935972725041e+06 1.551549356617659214e+03 1.676413484264299143e+02
2.457463935980998445e+06 1.530444186580876703e+03 1.677179200931698801e+02
2.457463935989271849e+06 1.148746875000000728e+03 1.673401749378656689e+02
2.457463935997545253e+06 1.052001953125007276e+03 1.669909203688704338e+02
2.457463936005818658e+06 7.423807444852936896e+02 1.662726234484076144e+02
2.457463936014092062e+06 5.857883272058788862e+02 1.659355249111571879e+02
2.457463936022365466e+06 3.273966681985366449e+02 1.657720098536107400e+02
