5.736257847919999767e+04 3.391387624282964505e+06 1.465514675865394565e+03
5.736257848073950299e+04 3.419985290462953970e+06 1.471600083765744330e+03
5.736257848227900831e+04 3.398499095909772441e+06 1.467030311528568063e+03
5.736257848381851363e+04 3.421229012305839919e+06 1.471864169239522425e+03
5.736257848535801895e+04 3.409802920947605744e+06 1.469436227126666836e+03
5.736257848689752427e+04 3.413936918497339822e+06 1.470315127467862567e+03
5.736257848843702959e+04 3.395283317356374580e+06 1.466345141277364519e+03
5.736257848997653491e+04 3.406418858655156102e+06 1.468716373797021561e+03
5.736257849151604023e+04 3.390220445607731119e+06 1.465265770604374666e+03
5.736257849305554555e+04 3.415041408678776585e+06 1.470549856490501725e+03
5.736257849459505087e+04 3.440573695290772244e+06 1.475965636306188571e+03
5.736257849613455619e+04 3.398451863269711845e+06 1.467020250215916349e+03
5.736257849767406151e+04 3.393093418197035789e+06 1.465878366841242268e+03
5.736257849921356683e+04 3.317245705608094577e+06 1.449618765746725330e+03
5.736257850075307215e+04 3.185360141503226943e+06 1.420903264983058762e+03
5.736257850229257747e+04 3.173860370159708895e+06 1.418371859333728480e+03
5.736257850383208279e+04 3.168699214529886376e+06 1.417234281649007698e+03
5.736257850537158811e+04 3.161313501664853655e+06 1.415604796029080035e+03
5.736257850691109343e+04 3.157965491514107678e+06 1.414865517353616724e+03
5.736257850845059875e+04 3.160207366374920122e+06 1.415360591504625972e+03
5.736257850999010407e+04 3.161599465477758553e+06 1.415667922192065134e+03
5.736257851152961666e+04 3.162615448377175722e+06 1.415892176415893118e+03
5.736257851306912198e+04 3.161921986025637481e+06 1.415739114832257201e+03
5.736257851460862730e+04 3.160427802452293225e+06 1.415409261144169250e+03
5.736257851614813262e+04 3.158288445380429737e+06 1.414936846068674640e+03
5.736257851768763794e+04 3.158326753432863858e+06 1.414945306679922396e+03
5.736257851922714326e+04 3.160090572134101763e+06 1.415334804060090164e+03
5.736257852076664858e+04 3.159286565955947153e+06 1.415157271727233365e+03
5.736257852230615390e+04 3.163345834646590985e+06 1.416053369987910855e+03
5.736257852384565922e+04 3.152667311969419010e+06 1.413694829155460639e+03
5.736257852538516454e+04 3.152598560565689579e+06 1.413679631441846823e+03
5.736257852692466986e+04 3.161197879086436238e+06 1.415579271686691072e+03
5.736257852846417518e+04 3.172968489300301298e+06 1.418175343817783414e+03
5.736257853000368050e+04 3.159872678602556232e+06 1.415286693262745757e+03
5.736257853154318582e+04 3.156206591092151590e+06 1.414476977342719010e+03
5.736257853308269114e+04 3.153188840517672244e+06 1.413810109358235195e+03
5.736257853462219646e+04 3.158694837656759657e+06 1.415026598172442391e+03
5.736257853616170178e+04 3.152720395273028873e+06 1.413706563274586642e+03
5.736257853770120710e+04 3.150005826313126367e+06 1.413106380088103606e+03
5.736257853924071242e+04 3.138906637174026109e+06 1.410649725563991979e+03
5.736257854078021774e+04 3.143448253530803137e+06 1.411655467334983996e+03
5.736257854231972306e+04 3.135157409668460954e+06 1.409818917819869512e+03
5.736257854385922838e+04 3.117055750405434519e+06 1.405800783896280336e+03
5.736257854539873370e+04 3.110529830953886267e+06 1.404349366912015512e+03
5.736257854693823901e+04 3.107294696672345046e+06 1.403629290596422152e+03
5.736257854847774433e+04 3.105641207148573361e+06 1.403261114143714167e+03
5.736257855001724965e+04 3.091845746821898967e+06 1.400185556190209581e+03
5.736257855155675497e+04 3.089411385312748142e+06 1.399642138484143970e+03
5.736257855309626029e+04 3.085392367892988026e+06 1.398744519178937708e+03
5.736257855463576561e+04 3.083007154901115689e+06 1.398211526133723964e+03
5.736257855617527093e+04 3.091586994614853524e+06 1.400127805464302355e+03
5.736257855771477625e+04 3.097136426517861430e+06 1.401365857502480821e+03
5.736257855925428157e+04 3.093956242191656493e+06 1.400656507274280102e+03
5.736257856079378689e+04 3.088281270779795945e+06 1.399389793530513316e+03
5.736257856233329221e+04 3.086968595697711222e+06 1.399096627224535041e+03
5.736257856387279753e+04 3.084049214132962283e+06 1.398444406772432785e+03
5.736257856541230285e+04 3.082668483420870733e+06 1.398135831075809392e+03
5.736257856695180817e+04 3.074049186559673864e+06 1.396207986511965146e+03
5.736257856849131349e+04 3.075771510202089325e+06 1.396593424686048593e+03
5.736257857003081881e+04 3.071475126670186874e+06 1.395631740169614659e+03
5.736257857157032413e+04 3.066619249865274876e+06 1.394544022670419963e+03
5.736257857310982945e+04 3.066156734997702762e+06 1.394440374979713624e+03
5.736257857464934204e+04 3.054066815962655470e+06 1.391728335551396185e+03
5.736257857618884736e+04 3.053185063532560132e+06 1.391530331939570033e+03
5.736257857772835268e+04 3.040548862671785988e+06 1.388689684259901924e+03
5.736257857926785800e+04 3.018219445873904973e+06 1.383655720788661483e+03
5.736257858080736332e+04 3.014470514678583480e+06 1.382808761786717469e+03
5.736257858234686864e+04 3.013527083761884831e+06 1.382595540044585050e+03
5.736257858388637396e+04 3.012173287488348782e+06 1.382289515506870202e+03
5.736257858542587928e+04 3.007109280062498059e+06 1.381144199582020974e+03
5.736257858696538460e+04 3.001378442941091489e+06 1.379846921523609353e+03
5.736257858850488992e+04 2.990817465352025814e+06 1.377453053953206791e+03
5.736257859004439524e+04 2.988291938799245283e+06 1.376879973617718179e+03
5.736257859158390056e+04 3.002637929345674813e+06 1.380132133471664019e+03
5.736257859312340588e+04 3.013955813505709171e+06 1.382692439930539422e+03
5.736257859466291120e+04 3.015698629221828189e+06 1.383086274700042850e+03
5.736257859620241652e+04 3.012982832279640716e+06 1.382472520585771008e+03
5.736257859774192184e+04 3.017581304237185046e+06 1.383511588367889544e+03
5.736257859928142716e+04 3.050732626325558871e+06 1.390979471974146009e+03
5.736257860082093248e+04 3.087863090004667640e+06 1.399296405788608126e+03
5.736257860236043780e+04 3.087348114955230616e+06 1.399181393475134428e+03
5.736257860389994312e+04 3.091531138440741692e+06 1.400115338650878357e+03
5.736257860543944844e+04 3.069967042809057049e+06 1.395294019823657209e+03
5.736257860697895376e+04 3.081370423151038587e+06 1.397845669045549130e+03
5.736257860851845908e+04 3.077369261325933039e+06 1.396950889734033581e+03
5.736257861005796440e+04 3.077251217491996475e+06 1.396924482902528780e+03
5.736257861159746972e+04 3.065129209688091651e+06 1.394210083185119402e+03
5.736257861313697504e+04 3.068821743997244164e+06 1.395037486950898256e+03
5.736257861467648036e+04 3.068089139304961544e+06 1.394873367752643162e+03
5.736257861621598568e+04 3.089523936440813355e+06 1.399667267701687706e+03
5.736257861775549100e+04 3.088053171342417598e+06 1.399338855348843254e+03
5.736257861929499632e+04 3.084639916679170448e+06 1.398576400460297236e+03
5.736257862083450163e+04 3.116703447157963179e+06 1.405722467087201039e+03
5.736257862237400695e+04 3.068264783931858372e+06 1.394912717684304198e+03
5.736257862391351227e+04 3.032768078995010816e+06 1.386937651580589772e+03
5.736257862545301759e+04 3.010268015273600817e+06 1.381858715479263537e+03
5.736257862699252291e+04 3.021512981323509477e+06 1.384399369158767513e+03
5.736257862853202823e+04 3.017038788282407448e+06 1.383389042415944687e+03
5.736257863007153355e+04 3.019091810464624781e+06 1.383852731160505527e+03
5.736257863161103887e+04 3.004077568948923610e+06 1.380458069118029016e+03
5.736257863315054419e+04 2.998658584089392330e+06 1.379230805578192530e+03
5.736257863469004951e+04 2.994756793698374648e+06 1.378346471704949863e+03
5.736257863622955483e+04 2.992068283278827090e+06 1.377736795273054668e+03
5.736257863776906743e+04 2.974506387179906014e+06 1.373747608546577567e+03
5.736257863930857275e+04 2.954653158021956217e+06 1.369223949455939874e+03
5.736257864084807807e+04 2.946411760373759083e+06 1.367341709388549134e+03
5.736257864238758339e+04 2.919476127147343475e+06 1.361171767069494308e+03
5.736257864392708871e+04 2.851801197911167052e+06 1.345545149259020263e+03
5.736257864546659403e+04 2.851279069528942928e+06 1.345423880587671647e+03
5.736257864700609935e+04 2.840326119525924325e+06 1.342877442175458782e+03
5.736257864854560466e+04 2.831842481719395146e+06 1.340901767869153673e+03
5.736257865008510998e+04 2.827405354809811339e+06 1.339867286993802281e+03
5.736257865162461530e+04 2.817132063202164602e+06 1.337469079830017108e+03
5.736257865316412062e+04 2.816342809123273939e+06 1.337284657693359804e+03
5.736257865470362594e+04 2.815482341103542130e+06 1.337083566270154051e+03
5.736257865624313126e+04 2.808457543489611242e+06 1.335440737989150421e+03
5.736257865778263658e+04 2.806424107377562672e+06 1.334964818679120299e+03
5.736257865932214190e+04 2.809126930841930676e+06 1.335597368886374625e+03
5.736257866086164722e+04 2.810575758308059070e+06 1.335936319194345742e+03
5.736257866240115254e+04 2.814191496282656677e+06 1.336781839036071005e+03
5.736257866394065786e+04 2.809025164761521854e+06 1.335573557680725798e+03
5.736257866548016318e+04 2.795899879514632281e+06 1.332498939848225518e+03
5.736257866701966850e+04 2.791320597614561208e+06 1.331424565459530868e+03
5.736257866855917382e+04 2.784088356192257255e+06 1.329725995316388889e+03
5.736257867009867914e+04 2.782797855852405541e+06 1.329422679176097517e+03
5.736257867163818446e+04 2.777826893347669393e+06 1.328253668672627327e+03
5.736257867317768978e+04 2.769804745008347556e+06 1.326364944361172775e+03
5.736257867471719510e+04 2.768326039729960263e+06 1.326016506243879803e+03
5.736257867625670042e+04 2.763108094868959859e+06 1.324786231545716191e+03
5.736257867779620574e+04 2.742819812468875200e+06 1.319991811638635454e+03
5.736257867933571106e+04 2.732603830858963542e+06 1.317571020585551651e+03
5.736257868087521638e+04 2.735880387158442754e+06 1.318347921443359610e+03
5.736257868241472170e+04 2.743042964347340632e+06 1.320044640425878924e+03
5.736257868395422702e+04 2.809560848944673315e+06 1.335698892187315096e+03
5.736257868549373234e+04 2.978670127476830967e+06 1.374694449567982701e+03
5.736257868703323766e+04 3.128852430843655020e+06 1.408420664885773476e+03
5.736257868857274298e+04 3.087322716645749286e+06 1.399175720881259849e+03
5.736257869011224830e+04 3.063266206840401981e+06 1.393792444833609807e+03
5.736257869165175362e+04 3.065351176176837645e+06 1.394259834145172363e+03
5.736257869319125894e+04 2.775815822876492981e+06 1.327780437157366805e+03
5.736257869473076425e+04 2.687516064257255755e+06 1.306833401838499412e+03
5.736257869627026957e+04 2.679319156539675314e+06 1.304871822378465367e+03
5.736257869780977489e+04 2.675791422577446327e+06 1.304026701839691668e+03
5.736257869934928021e+04 2.668563239502383862e+06 1.302293371206729944e+03
5.736257870088879281e+04 2.667745075467261951e+06 1.302097028706785068e+03
5.736257870242829813e+04 2.669450562893340364e+06 1.302506277070608803e+03
5.736257870396780345e+04 2.694739221525616013e+06 1.308559518498684838e+03
5.736257870550730877e+04 2.742472920471553691e+06 1.319909684521907366e+03
5.736257870704681409e+04 2.760164756180283614e+06 1.324091753849663291e+03
5.736257870858631941e+04 2.768417617162400391e+06 1.326038087962219834e+03
5.736257871012582473e+04 2.748651780451519415e+06 1.321371773113910422e+03
5.736257871166533005e+04 2.757278943381769583e+06 1.323410495505308518e+03
5.736257871320483537e+04 2.748224395743010566e+06 1.321270694195319493e+03
5.736257871474434069e+04 2.746412641738438047e+06 1.320842118152856074e+03
5.736257871628384601e+04 2.736739401923251804e+06 1.318551525804749190e+03
5.736257871782335133e+04 2.741253766039441805e+06 1.319621007628573352e+03
5.736257871936285665e+04 2.736453080939844251e+06 1.318483665271361133e+03
5.736257872090236197e+04 2.739472809936994687e+06 1.319199191256052018e+03
5.736257872244186728e+04 2.722034864668211900e+06 1.315061896040499050e+03
5.736257872398137260e+04 2.707157312480887398e+06 1.311521757463655149e+03
5.736257872552087792e+04 2.704448124715080950e+06 1.310876072688385648e+03
5.736257872706038324e+04 2.637254646188068204e+06 1.294758724190550765e+03
5.736257872859988856e+04 2.595225197751172818e+06 1.284574539913695617e+03
5.736257873013939388e+04 2.599163354320451617e+06 1.285532223030711293e+03
5.736257873167889920e+04 2.606443417470331769e+06 1.287300716972905775e+03
5.736257873321840452e+04 2.614688378571658395e+06 1.289300677346943075e+03
5.736257873475790984e+04 2.608267983747447841e+06 1.287743565249756784e+03
5.736257873629741516e+04 2.609755306524709798e+06 1.288104447076378847e+03
5.736257873783692048e+04 2.597595937944266014e+06 1.285151143334964445e+03
5.736257873937642580e+04 2.593680084117207676e+06 1.284198603243771913e+03
5.736257874091593112e+04 2.594349549792582169e+06 1.284361502311698814e+03
5.736257874245543644e+04 2.601191134924690239e+06 1.286025061702893709e+03
5.736257874399494176e+04 2.604591083852993324e+06 1.286850973270844861e+03
5.736257874553444708e+04 2.609041148765461054e+06 1.287931177500728381e+03
5.736257874707395240e+04 2.640825891533659305e+06 1.295620385069846407e+03
5.736257874861345772e+04 2.646739605672612786e+06 1.297045972024655384e+03
5.736257875015296304e+04 2.655110253448918927e+06 1.299061164228064399e+03
5.736257875169246836e+04 2.643508090841357596e+06 1.296267162577162708e+03
5.736257875323197368e+04 2.622491397639544215e+06 1.291190583734529582e+03
5.736257875477147900e+04 2.609955365546248388e+06 1.288152981390954665e+03
5.736257875631098432e+04 2.596492123860987369e+06 1.284882709593804520e+03
5.736257875785048964e+04 2.586234556532199495e+06 1.282385510613959013e+03
5.736257875938999496e+04 2.584127439060589299e+06 1.281871931751712964e+03
5.736257876092950028e+04 2.571928776930572465e+06 1.278894634276650550e+03
5.736257876246900560e+04 2.564732834419746418e+06 1.277135083502266525e+03
5.736257876400851819e+04 2.566281729748489801e+06 1.277514023834105046e+03
5.736257876554802351e+04 2.542240643937582616e+06 1.271619598174308294e+03
5.736257876708752883e+04 2.526284720792037901e+06 1.267692372184601936e+03
5.736257876862703415e+04 2.499776453472335823e+06 1.261140865811670437e+03
5.736257877016653947e+04 2.463107208498430904e+06 1.252021567430656887e+03
5.736257877170604479e+04 2.458776049764106050e+06 1.250940058956689654e+03
5.736257877324555011e+04 2.443878279623000417e+06 1.247212862651911337e+03
5.736257877478505543e+04 2.438259127150474116e+06 1.245804139690122611e+03
5.736257877632456075e+04 2.432816671065186616e+06 1.244438194293208653e+03
5.736257877786406607e+04 2.427961743326785509e+06 1.243218440009333563e+03
5.736257877940357139e+04 2.425454318404153921e+06 1.242588004530301305e+03
5.736257878094307671e+04 2.424940750522776041e+06 1.242458839992993489e+03
5.736257878248258203e+04 2.416413785432770848e+06 1.240312305790554319e+03
5.736257878402208735e+04 2.413303897345157806e+06 1.239528513524688378e+03
5.736257878556159267e+04 2.410811203533458058e+06 1.238899916138673007e+03
5.736257878710109799e+04 2.402592757756909821e+06 1.236825158863640127e+03
5.736257878864060331e+04 2.403428728605650831e+06 1.237036359764146937e+03
5.736257879018010863e+04 2.397451905154738575e+06 1.235525572670072961e+03
5.736257879171961395e+04 2.393140944560661912e+06 1.234434725026161004e+03
5.736257879325911927e+04 2.391393371829519514e+06 1.233992243652061916e+03
5.736257879479862459e+04 2.384248482327186503e+06 1.232181521308647007e+03
5.736257879633812991e+04 2.390558070097589865e+06 1.233780691132339598e+03
5.736257879787763522e+04 2.406227520052130334e+06 1.237743188239216806e+03
5.736257879941714054e+04 2.462830863280048594e+06 1.251952590775717226e+03
5.736257880095664586e+04 2.522695475523010828e+06 1.266807275082473552e+03
5.736257880249615118e+04 2.545849268659766298e+06 1.272506107220061040e+03
5.736257880403565650e+04 2.627160439639605582e+06 1.292320113120102178e+03
5.736257880557516182e+04 2.810062667507823091e+06 1.335816292456559722e+03
5.736257880711466714e+04 3.207530912500106264e+06 1.425770956469715202e+03
5.736257880865417246e+04 3.420612857280150522e+06 1.471733343985959209e+03
5.736257881019367778e+04 3.561802263566419482e+06 1.501413472275046615e+03
5.736257881173318310e+04 3.390289087973779067e+06 1.465280410018373232e+03
5.736257881327268842e+04 3.349625273330495693e+06 1.456582231057196395e+03
5.736257881481219374e+04 3.152307567610133905e+06 1.413615304726266004e+03
5.736257881635169906e+04 2.478097740121782757e+06 1.255757575161748264e+03
5.736257881789120438e+04 2.359466889698673971e+06 1.225880420784046692e+03
5.736257881943070970e+04 2.346360696656725369e+06 1.222534840162215232e+03
5.736257882097021502e+04 2.344328039155161008e+06 1.222015149035385548e+03
5.736257882250972034e+04 2.335144283290549647e+06 1.219664370659647147e+03
5.736257882404922566e+04 2.343962667976634577e+06 1.221921710865878822e+03
5.736257882558873098e+04 2.343986127272890881e+06 1.221927710441807221e+03
5.736257882712823630e+04 2.345071324312013574e+06 1.222205210958866928e+03
5.736257882866774889e+04 2.330097638870037161e+06 1.218370643233730107e+03
5.736257883020725421e+04 2.346885570455176290e+06 1.222668999171273981e+03
5.736257883174675953e+04 2.322774973062795587e+06 1.216491002089307358e+03
5.736257883328626485e+04 2.326260678145148791e+06 1.217386103025953616e+03
5.736257883482577017e+04 2.326880563070876524e+06 1.217545215554353717e+03
5.736257883636527549e+04 2.325697143653396983e+06 1.217241436520862635e+03
5.736257883790478081e+04 2.347306121504235081e+06 1.222776482412115683e+03
5.736257883944428613e+04 2.459999712442939170e+06 1.251245707395968111e+03
5.736257884098379145e+04 3.310998752582777292e+06 1.448271459486872573e+03
5.736257884252329677e+04 4.247187673617184162e+06 1.637866995824367905e+03
5.736257884406280209e+04 4.625170745384388603e+06 1.708463554151870994e+03
5.736257884560230741e+04 4.612552716809060425e+06 1.706153993051524822e+03
5.736257884714181273e+04 4.405944766433817334e+06 1.667882333685783578e+03
5.736257884868131805e+04 4.636248658974022605e+06 1.710488647100226672e+03
5.736257885022082337e+04 4.612071935262700543e+06 1.706065930595646023e+03
5.736257885176032869e+04 4.562068855489664711e+06 1.696882151088000683e+03
5.736257885329983401e+04 4.524163361177149229e+06 1.689887008274730078e+03
5.736257885483933933e+04 4.469733004220893607e+06 1.679791394083818432e+03
5.736257885637884465e+04 4.346316176520911045e+06 1.656672451127732529e+03
5.736257885791834997e+04 4.735844139206826687e+06 1.728588611267662600e+03
5.736257885945785529e+04 4.492942759137527086e+06 1.684103685780942214e+03
5.736257886099736061e+04 4.360168585795599967e+06 1.659283389334760386e+03
5.736257886253686593e+04 4.276963820495215245e+06 1.643538374303900810e+03
5.736257886407637125e+04 2.733618965983661357e+06 1.317811767188238491e+03
5.736257886561587657e+04 2.271241851404435001e+06 1.203180018587315089e+03
5.736257886715538189e+04 2.227770156281490345e+06 1.191835704984513086e+03
5.736257886869488721e+04 2.211781451602014713e+06 1.187636058416575224e+03
5.736257887023439253e+04 2.201950517079080921e+06 1.185046443467269910e+03
5.736257887177389784e+04 2.186407439401880838e+06 1.180940578363778286e+03
5.736257887331340316e+04 2.172283770776633639e+06 1.177197246316604378e+03
5.736257887485290848e+04 2.163626518886590376e+06 1.174896835600521626e+03
5.736257887639241380e+04 2.159329336842248682e+06 1.173753311188686439e+03
5.736257887793191912e+04 2.146058382301670965e+06 1.170214719159925835e+03
5.736257887947142444e+04 2.138679509744341020e+06 1.168242566246502292e+03
5.736257888101092976e+04 2.133237553667706437e+06 1.166785957681320497e+03
5.736257888255043508e+04 2.131261983255318832e+06 1.166256721110139779e+03
5.736257888408994040e+04 2.127194921773023438e+06 1.165166437084479185e+03
5.736257888562944572e+04 2.121493546934901737e+06 1.163636312098549752e+03
5.736257888716895104e+04 2.116464930857883301e+06 1.162285069071343059e+03
5.736257888870845636e+04 2.109854083340243902e+06 1.160506269732159808e+03
5.736257889024796168e+04 2.106798735635634046e+06 1.159683236824724872e+03
5.736257889178747428e+04 2.103447867225977592e+06 1.158779926049910500e+03
5.736257889332697960e+04 2.102380518237927463e+06 1.158492047404169398e+03
5.736257889486648492e+04 2.102766249302940443e+06 1.158596092611371432e+03
5.736257889640599024e+04 2.098759564436209388e+06 1.157514893110507955e+03
5.736257889794549556e+04 2.091355189687029924e+06 1.155514168478428246e+03
5.736257889948500087e+04 2.087351800310779363e+06 1.154430974633926326e+03
5.736257890102450619e+04 2.084036536963948980e+06 1.153533196575836882e+03
5.736257890256401151e+04 2.079271126793622039e+06 1.152241491288182033e+03
5.736257890410351683e+04 2.072641697649971582e+06 1.150442115463108394e+03
5.736257890564302215e+04 2.070349821574633010e+06 1.149819393854593727e+03
5.736257890718252747e+04 2.061600031837237533e+06 1.147438895932272771e+03
5.736257890872203279e+04 2.063359900835104752e+06 1.147918088550720768e+03
5.736257891026153811e+04 2.059626745707054622e+06 1.146901354113294701e+03
5.736257891180104343e+04 2.055035230974386679e+06 1.145649605838971866e+03
5.736257891334054875e+04 2.049207980908371508e+06 1.144058996760102445e+03
5.736257891488005407e+04 2.053888393728499766e+06 1.145336739164649316e+03
5.736257891641955939e+04 2.037593900177260162e+06 1.140882197078553645e+03
5.736257891795906471e+04 2.028990524954355787e+06 1.138523200508655464e+03
5.736257891949857003e+04 2.029264657167588826e+06 1.138598441387367529e+03
5.736257892103807535e+04 2.029594158263076795e+06 1.138688872745502522e+03
5.736257892257758067e+04 2.027917122901583556e+06 1.138228536724277319e+03
5.736257892411708599e+04 2.030181091280335560e+06 1.138849938337009235e+03
5.736257892565659131e+04 2.027431799285223009e+06 1.138095283600307539e+03
5.736257892719609663e+04 2.019564082015749067e+06 1.135932899100929717e+03
5.736257892873560195e+04 2.012237374004644109e+06 1.133915498947299284e+03
5.736257893027510727e+04 2.005328759198073763e+06 1.132009926855235790e+03
5.736257893181461259e+04 1.994945482567533385e+06 1.129139905682510289e+03
5.736257893335411791e+04 1.994547744770616293e+06 1.129029822671498323e+03
5.736257893489362323e+04 1.983657141614515334e+06 1.126011418018961422e+03
5.736257893643312855e+04 1.983587101124743465e+06 1.125991979635274674e+03
5.736257893797263387e+04 1.976736596304560546e+06 1.124089130225157078e+03
5.736257893951213919e+04 1.971917163116112584e+06 1.122748514560393460e+03
5.736257894105164451e+04 1.967011697821563110e+06 1.121382321573903255e+03
5.736257894259114983e+04 1.956238108898215927e+06 1.118375973481809297e+03
5.736257894413065515e+04 1.949675021865219343e+06 1.116540589797684788e+03
5.736257894567016046e+04 1.944897695134989684e+06 1.115202698821773993e+03
5.736257894720966578e+04 1.943023105658422923e+06 1.114677281116159747e+03
5.736257894874917110e+04 1.937493509950779611e+06 1.113125978368682809e+03
5.736257895028867642e+04 1.928000119522909401e+06 1.110457596985052987e+03
5.736257895182818174e+04 1.928503609384843847e+06 1.110599277807043791e+03
5.736257895336768706e+04 1.926277804988287389e+06 1.109972805125278455e+03
5.736257895490719966e+04 1.923360277728532441e+06 1.109151104935812100e+03
5.736257895644670498e+04 1.922119865085877711e+06 1.108801567314311342e+03
5.736257895798621030e+04 1.913231896159126190e+06 1.106293783359309145e+03
5.736257895952571562e+04 1.908626826210943284e+06 1.104992201955217297e+03
5.736257896106522094e+04 1.906175112838379340e+06 1.104298621534948325e+03
5.736257896260472626e+04 1.903560071073005907e+06 1.103558355693358180e+03
5.736257896414423158e+04 1.898148489937894046e+06 1.102024866421435945e+03
5.736257896568373690e+04 1.889706853173850570e+06 1.099628475092227063e+03
5.736257896722324222e+04 1.887069631048966665e+06 1.098878755552951816e+03
5.736257896876274754e+04 1.877396338725345908e+06 1.096124405212903412e+03
5.736257897030225286e+04 1.875771550616034074e+06 1.095661087716006023e+03
5.736257897184175818e+04 1.870447151316000614e+06 1.094141430333620292e+03
5.736257897338126349e+04 1.861444780948553700e+06 1.091567216479519402e+03
5.736257897492076881e+04 1.856317348998365924e+06 1.090098318099784365e+03
5.736257897646027413e+04 1.854217007124362746e+06 1.089496043798565779e+03
5.736257897799977945e+04 1.850924623527881689e+06 1.088551280236684988e+03
5.736257897953928477e+04 1.855287580900754547e+06 1.089803073065483431e+03
5.736257898107879009e+04 1.876240900849492988e+06 1.095794945704228439e+03
5.736257898261829541e+04 1.882449950527204899e+06 1.097564220936298170e+03
5.736257898415780073e+04 1.885622132285552798e+06 1.098467037593058876e+03
5.736257898569730605e+04 1.875475517440269003e+06 1.095576651083879142e+03
5.736257898723681137e+04 1.873540808322215453e+06 1.095024659631638087e+03
5.736257898877631669e+04 1.861941215793596813e+06 1.091709329387176240e+03
5.736257899031582201e+04 1.867216813352022087e+06 1.093218417492594881e+03
5.736257899185532733e+04 1.900749785877583781e+06 1.102762266389945808e+03
5.736257899339483265e+04 1.930967641366736963e+06 1.111292389902050218e+03
5.736257899493433797e+04 1.942710771126880310e+06 1.114589714627898502e+03
5.736257899647384329e+04 1.938950201853618724e+06 1.113534856283588397e+03
5.736257899801334861e+04 1.928688028273190837e+06 1.110651168311069796e+03
5.736257899955285393e+04 1.898132200738808140e+06 1.102020247301180461e+03
5.736257900109235925e+04 1.854277026736982167e+06 1.089513259079766158e+03
5.736257900263186457e+04 1.815227777693779441e+06 1.078254775578857334e+03
5.736257900417136989e+04 1.790764002692099661e+06 1.071141214631647927e+03
5.736257900571087521e+04 1.784493359478994040e+06 1.069310221439209499e+03
5.736257900725038053e+04 1.781641446419757325e+06 1.068476440550912685e+03
5.736257900878988585e+04 1.776974477655247087e+06 1.067110607451040778e+03
5.736257901032939117e+04 1.775484290643188637e+06 1.066674121581653708e+03
5.736257901186889649e+04 1.770942614429290639e+06 1.065342730776488906e+03
5.736257901340840181e+04 1.763922946200828766e+06 1.063281637843670296e+03
5.736257901494790713e+04 1.756483054851235589e+06 1.061092790137611928e+03
5.736257901648741245e+04 1.743162384828937938e+06 1.057162471202078905e+03
5.736257901802692504e+04 1.737222530400800053e+06 1.055405174092158859e+03
5.736257901956643036e+04 1.731318995645910269e+06 1.053655718097089675e+03
5.736257902110593568e+04 1.727375738111239159e+06 1.052485551596564392e+03
5.736257902264544100e+04 1.716858045192421647e+06 1.049358031486519621e+03
5.736257902418494632e+04 1.710389132824357599e+06 1.047429810543514805e+03
5.736257902572445164e+04 1.712051379785953788e+06 1.047925623489673626e+03
5.736257902726395696e+04 1.703827789880966535e+06 1.045470405451825400e+03
5.736257902880346228e+04 1.699785902172271395e+06 1.044261551938818457e+03
5.736257903034296760e+04 1.695285073826919543e+06 1.042913788930717374e+03
5.736257903188247292e+04 1.689491359389646677e+06 1.041176305732381252e+03
5.736257903342197824e+04 1.687568952362550655e+06 1.040599152040109175e+03
5.736257903496148356e+04 1.693150358611457050e+06 1.042273943899664346e+03
5.736257903650098888e+04 1.699175712036435492e+06 1.044078933808537386e+03
5.736257903804049420e+04 1.698873375834885519e+06 1.043988438583877951e+03
5.736257903957999952e+04 1.696378762828840408e+06 1.043241451806831265e+03
5.736257904111950484e+04 1.698874580701706000e+06 1.043988799239994705e+03
5.736257904265901016e+04 1.720800348942559212e+06 1.050531397954910972e+03
5.736257904419851548e+04 1.731812739215059904e+06 1.053802145570700759e+03
5.736257904573802080e+04 1.718646414563051192e+06 1.049890474812447792e+03
5.736257904727752612e+04 1.693702396355072968e+06 1.042439445589968273e+03
5.736257904881703143e+04 1.673450854894153774e+06 1.036350705267693684e+03
5.736257905035653675e+04 1.664031314067172119e+06 1.033506444726873724e+03
5.736257905189604207e+04 1.629937598018212244e+06 1.023145639076560087e+03
5.736257905343554739e+04 1.614100293000083882e+06 1.018296952330238696e+03
5.736257905497505271e+04 1.574438710220077541e+06 1.006051784893575132e+03
5.736257905651455803e+04 1.526153373795422027e+06 9.909398864825952842e+02
5.736257905805406335e+04 1.492118480695072329e+06 9.801479737439750579e+02
5.736257905959356867e+04 1.459576200751999626e+06 9.697170337113810774e+02
5.736257906113307399e+04 1.432724379057859536e+06 9.610248367816318478e+02
5.736257906267257931e+04 1.409900830454485025e+06 9.535743384938864438e+02
5.736257906421208463e+04 1.390154271554423962e+06 9.470809995568039312e+02
5.736257906575158995e+04 1.368383132801373489e+06 9.398699154674854981e+02
5.736257906729109527e+04 1.347508257637443719e+06 9.329033503120257365e+02
5.736257906883060059e+04 1.326428466293368489e+06 9.258152037168947572e+02
5.736257907037010591e+04 1.304867880212252494e+06 9.185088051470479513e+02
5.736257907190961123e+04 1.284952619443559321e+06 9.117079505807902251e+02
5.736257907344911655e+04 1.264663621571964584e+06 9.047268999441090500e+02
5.736257907498862187e+04 1.242029970540519105e+06 8.968749810245708431e+02
5.736257907652812719e+04 1.217249080206218176e+06 8.881985561398342952e+02
5.736257907806763251e+04 1.191486530757308239e+06 8.790876416622620582e+02
5.736257907960713783e+04 1.168466170261573978e+06 8.708658659136226561e+02
5.736257908114665042e+04 1.145971266470805975e+06 8.627560730265847724e+02
5.736257908268615574e+04 1.124514809120986843e+06 8.549489784195409356e+02
5.736257908422566106e+04 1.103224477077374700e+06 8.471312166207541168e+02
5.736257908576516638e+04 1.083475581154704327e+06 8.398144070100787530e+02
5.736257908730467170e+04 1.062747347550773993e+06 8.320655576450894841e+02
5.736257908884417702e+04 1.042317880072039436e+06 8.243571283400323182e+02
5.736257909038368234e+04 1.021150038163844729e+06 8.162933136149057418e+02
5.736257909192318766e+04 1.003929827280021156e+06 8.096740961955082412e+02
5.736257909346269298e+04 9.784274296614654595e+05 7.997706818447497881e+02
5.736257909500219830e+04 9.590747722365182126e+05 7.921727921658404057e+02
5.736257909654170362e+04 9.423366951172242407e+05 7.855421277361673447e+02
5.736257909808120894e+04 9.230072883171618450e+05 7.778146020731586532e+02
5.736257909962071426e+04 9.059903112312703161e+05 7.709474330455636846e+02
5.736257910116021958e+04 8.876567974421943072e+05 7.634798611629329343e+02
5.736257910269972490e+04 8.689963757518740604e+05 7.558033704905802779e+02
5.736257910423923022e+04 8.498531060381436255e+05 7.478463687642266677e+02
5.736257910577873554e+04 8.314390066044771811e+05 7.401117342184206791e+02
5.736257910731824086e+04 8.071028349491916597e+05 7.297638466265951820e+02
5.736257910885774618e+04 7.896584540469248313e+05 7.222551722066987168e+02
5.736257911039725150e+04 7.685632536550357472e+05 7.130694450994218414e+02
5.736257911193675682e+04 7.465971259795629885e+05 7.033769997215055128e+02
5.736257911347626214e+04 7.264129657659952063e+05 6.943515706065242057e+02
5.736257911501576746e+04 7.044789870740124024e+05 6.844087718032679959e+02
5.736257911655527278e+04 6.831801212519987021e+05 6.746136492708245669e+02
5.736257911809477810e+04 6.606479771243367577e+05 6.640941090709286527e+02
5.736257911963428342e+04 6.420844758390577044e+05 6.553005397521133091e+02
5.736257912117378874e+04 6.149961631087064743e+05 6.422527554965736272e+02
5.736257912271329405e+04 5.927504609680869617e+05 6.313359154246290927e+02
5.736257912425279937e+04 5.696502287504439009e+05 6.197962511737445084e+02
5.736257912579230469e+04 5.446635486293907743e+05 6.070673091950918661e+02
5.736257912733181001e+04 5.207407510218435200e+05 5.946250662296806695e+02
5.736257912887131533e+04 5.005773925975272432e+05 5.839322481019989937e+02
5.736257913041082065e+04 4.792461342037257273e+05 5.724026850717320940e+02
5.736257913195032597e+04 4.599544796888262499e+05 5.617717951317210918e+02
5.736257913348983129e+04 4.383589308231525356e+05 5.496274481541749992e+02
5.736257913502933661e+04 4.182847256653597578e+05 5.380928856069831454e+02
5.736257913656884193e+04 3.965889925499329111e+05 5.253419080405712975e+02
5.736257913810834725e+04 3.750802476332545048e+05 5.123876996677263378e+02
5.736257913964785257e+04 3.543646117270775139e+05 4.995937172637616754e+02
5.736257914118735789e+04 3.347047865636863280e+05 4.871411413566954707e+02
5.736257914272686321e+04 3.137517505555980606e+05 4.735090749893277007e+02
5.736257914426637581e+04 2.926319311223366531e+05 4.593592896104969441e+02
5.736257914580588113e+04 2.749729033464258537e+05 4.471845978916493891e+02
5.736257914734538645e+04 2.535888519525327720e+05 4.319826761229355157e+02
5.736257914888489177e+04 2.332884140420162585e+05 4.170386777941108107e+02
5.736257915042439708e+04 2.118073056092852494e+05 4.006189785891368160e+02
5.736257915196390240e+04 1.918896464755519410e+05 3.847687994721244991e+02
5.736257915350340772e+04 1.707377811182749865e+05 3.671881169086519208e+02
5.736257915504291304e+04 1.503539760085305024e+05 3.494098381633401686e+02
5.736257915658241836e+04 1.292389592691856960e+05 3.299853777718658989e+02
5.736257915812192368e+04 1.083925160902588104e+05 3.096147970566195795e+02
5.736257915966142900e+04 8.785141640645056032e+04 2.881373548397215245e+02
5.736257916120093432e+04 6.711633858587316354e+04 2.646955073592499161e+02
5.736257916274043964e+04 4.672021404256079404e+04 2.394078816091911790e+02
5.736257916427994496e+04 2.599236272636233480e+04 2.106210500020747247e+02
5.736257916581945028e+04 5.705875445077072982e+03 1.779948655247481213e+02
5.736257916735895560e+04 7.421928324626372309e-01 1.676796465601007071e+02
5.736257916889846092e+04 1.464764025335438084e-04 1.676782636227717944e+02
5.736257917043796624e+04 -5.034625592574348209e-09 1.676782633497760457e+02
5.736257917197747156e+04 -3.391415147177149154e-13 1.676782633497854533e+02
5.736257917351697688e+04 -2.162861360444376424e-17 1.676782633497854533e+02
5.736257917505648220e+04 -1.272718749420633842e-24 1.676782633497854533e+02
