5.745938450659999944e+04 1.689052789767926151e+04 1.341914163423091395e+02
5.745938451066744165e+04 1.680696592248827437e+04 1.338893986197565198e+02
5.745938451473488385e+04 1.674285672890474962e+04 1.337668566305720503e+02
5.745938451880231878e+04 1.676519419690343057e+04 1.338418492873694845e+02
5.745938452286976099e+04 1.691231607664519834e+04 1.341179272180008297e+02
5.745938452693720319e+04 1.696542966280314067e+04 1.344585411631570935e+02
5.745938453100464540e+04 1.686153402457639095e+04 1.341667316364581097e+02
5.745938453507208760e+04 1.668671527826069359e+04 1.336441648421372577e+02
5.745938453913952981e+04 1.676938669569290505e+04 1.337788300000538584e+02
5.745938454320696474e+04 1.676015377877586434e+04 1.338489232754699003e+02
5.745938454727440694e+04 1.693083040971303126e+04 1.343485850548345013e+02
5.745938455134184915e+04 1.661084134205930968e+04 1.334798928481451981e+02
5.745938455540929135e+04 1.681532101293652886e+04 1.339586098715143407e+02
5.745938455947673356e+04 1.704640839910310024e+04 1.344513482750253388e+02
5.745938456354417576e+04 1.708594439230973148e+04 1.346178118040866423e+02
5.745938456761161069e+04 1.692084185657228954e+04 1.342199316930041562e+02
5.745938457167905290e+04 1.693931076222292904e+04 1.341574179077757378e+02
5.745938457574649510e+04 1.705067047518422987e+04 1.344237963555304418e+02
5.745938457981393731e+04 1.693305953879802109e+04 1.342323126028686318e+02
5.745938458388137951e+04 1.681408488394692540e+04 1.338396279143977665e+02
5.745938458794882172e+04 1.669310773321038141e+04 1.336929544418836997e+02
5.745938459201625665e+04 1.689476952831185554e+04 1.342183959230333130e+02
5.745938459608369885e+04 1.700991497446107678e+04 1.343014750071833134e+02
5.745938460015114106e+04 1.713843281748103618e+04 1.347298899464224746e+02
5.745938460421858326e+04 1.713502520283104604e+04 1.347495799611636755e+02
5.745938460828602547e+04 1.719066965909633291e+04 1.347394213415473132e+02
5.745938461235346767e+04 1.700002486879143544e+04 1.343219661343719338e+02
5.745938461642090260e+04 1.706986579403823271e+04 1.346826553563900006e+02
5.745938462048834481e+04 1.686854053913382813e+04 1.341163700104439442e+02
5.745938462455578701e+04 1.681578230389519376e+04 1.341066372078924473e+02
5.745938462862322922e+04 1.705265702886375948e+04 1.344956759234998458e+02
5.745938463269067142e+04 1.685542881362863409e+04 1.342253116011652310e+02
5.745938463675811363e+04 1.695062026632927882e+04 1.342540423820555873e+02
5.745938464082554856e+04 1.699684585070837420e+04 1.344601714536937322e+02
5.745938464489299076e+04 1.702970300090685487e+04 1.344310818998939396e+02
5.745938464896043297e+04 1.708768564960586809e+04 1.345863979782748743e+02
5.745938465302787517e+04 1.704652705610635894e+04 1.345233525112391249e+02
5.745938465709531738e+04 1.711632200235796699e+04 1.346609081795130862e+02
5.745938466116275958e+04 1.680014223873042647e+04 1.339967903066724944e+02
5.745938466523019451e+04 1.706731860817163397e+04 1.346121247997225794e+02
5.745938466929763672e+04 1.739848753812540235e+04 1.352931331171731415e+02
5.745938467336507892e+04 1.767420672283734166e+04 1.360305343100077380e+02
5.745938467743252113e+04 1.748072933854077564e+04 1.356626562948787011e+02
5.745938468149996334e+04 1.731026818382496276e+04 1.351680272635353788e+02
5.745938468556740554e+04 1.697905519786997684e+04 1.343210719515325309e+02
5.745938468963484047e+04 1.702729660139515181e+04 1.344690623597233241e+02
5.745938469370228268e+04 1.661160337379016710e+04 1.336862373392891925e+02
5.745938469776972488e+04 1.667874204898613243e+04 1.337741009905030865e+02
5.745938470183716709e+04 1.673453095662198757e+04 1.337164393064695957e+02
5.745938470590460929e+04 1.670883809234022920e+04 1.336994399870432346e+02
5.745938470997205150e+04 1.672791178392788061e+04 1.338119934502802266e+02
5.745938471403948643e+04 1.668902856203474948e+04 1.337833618378843425e+02
5.745938471810692863e+04 1.674063159023287153e+04 1.338704438377576480e+02
5.745938472217437084e+04 1.676431723939650692e+04 1.339703363538028782e+02
5.745938472624181304e+04 1.674109018683701288e+04 1.338958208357073545e+02
5.745938473030925525e+04 1.672426534537457337e+04 1.337400794729051370e+02
5.745938473437669745e+04 1.684670862828405370e+04 1.341537295127974119e+02
5.745938473844413238e+04 1.695763332091883785e+04 1.343005109582786929e+02
5.745938474251157459e+04 1.683666607621661387e+04 1.339554213988824927e+02
5.745938474657901679e+04 1.680916900508895924e+04 1.340710837191635392e+02
5.745938475064645900e+04 1.679512022561614140e+04 1.339707757753718909e+02
5.745938475471390120e+04 1.696744536623962267e+04 1.344079289143900553e+02
5.745938475878133613e+04 1.694591569812729722e+04 1.344000541431079796e+02
5.745938476284877834e+04 1.690541211148456205e+04 1.341396073422069719e+02
5.745938476691622054e+04 1.694830507394417509e+04 1.342518577659659513e+02
5.745938477098366275e+04 1.701426798296685593e+04 1.344088491033796799e+02
5.745938477505110495e+04 1.700750513114589558e+04 1.343015505717323776e+02
5.745938477911854716e+04 1.694175950474525234e+04 1.343745983995247855e+02
5.745938478318598209e+04 1.712997758025817893e+04 1.346400563402320927e+02
5.745938478725342429e+04 1.728569371734213564e+04 1.351891489405848574e+02
5.745938479132086650e+04 1.697014170696373913e+04 1.343771493574059264e+02
5.745938479538830870e+04 1.695475549123026576e+04 1.343447210134888508e+02
5.745938479945575091e+04 1.680783954042012920e+04 1.341401576180091695e+02
5.745938480352319311e+04 1.704892270392519276e+04 1.345614467980428799e+02
5.745938480759062804e+04 1.719315672358849406e+04 1.349229604125833930e+02
5.745938481165807025e+04 1.735549216200370574e+04 1.351106263452667235e+02
5.745938481572551245e+04 1.709136489491516841e+04 1.348356153446798942e+02
5.745938481979295466e+04 1.698928535694966558e+04 1.344945146333059256e+02
5.745938482386039686e+04 1.715072060072328532e+04 1.347008929565223525e+02
5.745938482792783907e+04 1.697751482902203134e+04 1.344037616020241330e+02
5.745938483199527400e+04 1.718559402134453558e+04 1.348119418367736273e+02
5.745938483606271620e+04 1.686099439637680189e+04 1.342132341141677898e+02
5.745938484013015841e+04 1.718806590652884552e+04 1.347960784375234766e+02
5.745938484419760061e+04 1.700238004696721327e+04 1.342788437671964346e+02
5.745938484826504282e+04 1.678639570703269783e+04 1.338847578518360422e+02
5.745938485233248502e+04 1.691999946625363373e+04 1.341644275235502164e+02
5.745938485639991995e+04 1.708566117204974944e+04 1.347115064216240796e+02
5.745938486046736216e+04 1.702339484018428266e+04 1.346702431126218755e+02
5.745938486453480436e+04 1.725520804203007719e+04 1.349641276254207582e+02
5.745938486860224657e+04 1.709591617041255449e+04 1.345711185599960515e+02
5.745938487266968878e+04 1.700869762886144963e+04 1.346055311055746699e+02
5.745938487673713098e+04 1.712599585506800213e+04 1.346584896403473692e+02
5.745938488080456591e+04 1.705942203421045633e+04 1.345335096040638803e+02
5.745938488487200812e+04 1.701728021594440361e+04 1.346219771675920924e+02
5.745938488893945032e+04 1.714722589583419904e+04 1.348377485033074095e+02
5.745938489300689253e+04 1.717110534038603873e+04 1.347521133384400684e+02
5.745938489707433473e+04 1.713427500932944531e+04 1.348640005644743383e+02
5.745938490114177694e+04 1.692057586509369867e+04 1.344720088207838842e+02
5.745938490520921187e+04 1.691260589641686965e+04 1.341793840018811750e+02
5.745938490927665407e+04 1.698043799948373635e+04 1.344171421611889627e+02
5.745938491334409628e+04 1.720893219898794632e+04 1.350086083086148392e+02
5.745938491741153848e+04 1.697556354532146361e+04 1.345540599394199432e+02
5.745938492147898069e+04 1.705123311283608200e+04 1.346602281583255944e+02
5.745938492554642289e+04 1.708216867750648453e+04 1.346221265414136496e+02
5.745938492961385782e+04 1.700526988911729131e+04 1.344063877590197649e+02
5.745938493368130003e+04 1.704973789204006607e+04 1.346135434255734538e+02
5.745938493774874223e+04 1.714299946919008289e+04 1.349808307637865710e+02
5.745938494181618444e+04 1.714276124389948382e+04 1.347204377660881107e+02
5.745938494588362664e+04 1.716602130366038909e+04 1.346215498182489512e+02
5.745938494995106885e+04 1.722634076494988039e+04 1.349072649546007483e+02
5.745938495401850378e+04 1.699738666481777909e+04 1.346415688541104601e+02
5.745938495808594598e+04 1.702855358397602686e+04 1.346704666366900085e+02
5.745938496215338819e+04 1.716761796930219134e+04 1.349348748689703257e+02
5.745938496622083039e+04 1.698126582578723901e+04 1.343683110410772201e+02
5.745938497028827260e+04 1.698061631199995827e+04 1.345143438587066953e+02
5.745938497435570753e+04 1.708113722108880393e+04 1.347098827953592206e+02
5.745938497842314973e+04 1.723765678936002587e+04 1.348982225258235701e+02
5.745938498249059194e+04 1.709824250089294583e+04 1.347532337621524050e+02
5.745938498655803414e+04 1.687129577279889781e+04 1.341960503170923289e+02
5.745938499062547635e+04 1.725814043215978745e+04 1.350449755137793488e+02
5.745938499469291855e+04 1.752749911488764337e+04 1.354890658444039673e+02
5.745938499876035348e+04 1.731295010391029064e+04 1.353030526207394075e+02
5.745938500282779569e+04 1.694677306905751902e+04 1.343626138948655750e+02
5.745938500689523789e+04 1.710400529368025309e+04 1.347270787537862589e+02
5.745938501096268010e+04 1.702468897756670049e+04 1.345685688238271780e+02
5.745938501503012230e+04 1.706186097536773013e+04 1.345506048276828324e+02
5.745938501909756451e+04 1.702673348188245291e+04 1.346614990137404391e+02
5.745938502316499944e+04 1.709687737786689468e+04 1.347587242440233126e+02
5.745938502723244164e+04 1.712280623233118968e+04 1.348376383904056013e+02
5.745938503129988385e+04 1.699302146727165382e+04 1.345197409521364023e+02
5.745938503536732605e+04 1.705246649789415824e+04 1.345677451131120677e+02
5.745938503943476826e+04 1.704791623664067811e+04 1.346046641925553615e+02
5.745938504350221046e+04 1.700625782027186506e+04 1.344845504992100302e+02
5.745938504756964539e+04 1.689669757937496615e+04 1.342885137766335504e+02
5.745938505163708760e+04 1.674426983936289616e+04 1.338915137912550222e+02
5.745938505570452980e+04 1.706335809580850037e+04 1.346315408383256909e+02
5.745938505977197201e+04 1.687723146083386746e+04 1.345834100235243795e+02
5.745938506383941422e+04 1.681399857858697942e+04 1.344581885133464993e+02
5.745938506790685642e+04 1.617430867075208880e+04 1.337561983127786505e+02
5.745938507197429135e+04 1.583050119295545846e+04 1.341651053842768704e+02
5.745938507604173356e+04 1.555647050087512980e+04 1.337469715202024929e+02
5.745938508010917576e+04 1.561307440220353783e+04 1.337565025568374608e+02
5.745938508417661797e+04 1.573652974893152714e+04 1.339478659916543677e+02
5.745938508824406017e+04 1.555703665281311260e+04 1.335312095021266998e+02
5.745938509231150238e+04 1.555466967693901097e+04 1.334720459216588324e+02
5.745938509637893731e+04 1.565094073706007475e+04 1.336065571614549867e+02
5.745938510044637951e+04 1.579152900794073867e+04 1.338454923610866842e+02
5.745938510451382172e+04 1.587586437254588964e+04 1.341224220129470552e+02
5.745938510858126392e+04 1.554445209794060247e+04 1.335412114521899696e+02
5.745938511264870613e+04 1.523726370938550463e+04 1.332075459268987458e+02
5.745938511671614833e+04 1.543262161396357988e+04 1.335163190902365216e+02
5.745938512078358326e+04 1.551271058936013651e+04 1.334891161715470105e+02
5.745938512485102547e+04 1.550904270277509568e+04 1.333808838479193639e+02
5.745938512891846767e+04 1.541898525242125470e+04 1.330920927865933834e+02
5.745938513298590988e+04 1.531631485882453126e+04 1.330258253145009917e+02
5.745938513705335208e+04 1.562625387375332139e+04 1.338673526212632510e+02
5.745938514112079429e+04 1.559866789259116558e+04 1.336430469668206058e+02
5.745938514518822922e+04 1.560335404702911183e+04 1.334740722800553669e+02
5.745938514925567142e+04 1.555649131296021369e+04 1.334292085258832969e+02
5.745938515332311363e+04 1.550012045744346688e+04 1.334396555337771701e+02
5.745938515739055583e+04 1.554538555569830896e+04 1.333344450720793759e+02
5.745938516145799804e+04 1.559087287276102688e+04 1.334477695049355930e+02
5.745938516552544024e+04 1.547998060778000581e+04 1.330768467945308089e+02
5.745938516959287517e+04 1.550928179742169232e+04 1.330917627827322747e+02
5.745938517366031738e+04 1.564021899820508588e+04 1.334774201657072297e+02
5.745938517772775958e+04 1.538320619021546008e+04 1.331120015184752674e+02
5.745938518179520179e+04 1.542910927079079374e+04 1.333118845044239436e+02
5.745938518586264399e+04 1.530477228974681384e+04 1.332883500249841404e+02
5.745938518993008620e+04 1.534001234220357037e+04 1.332990526851356776e+02
5.745938519399752113e+04 1.539556030973958332e+04 1.335126306030736316e+02
5.745938519806496333e+04 1.552838361449925651e+04 1.336581670420601426e+02
5.745938520213240554e+04 1.552806678057591125e+04 1.334792886013462976e+02
