5.730822993010000209e+04 9.994373929269678774e+04 2.797202656237355995e+02
5.730822993173529539e+04 1.001748318896183337e+05 2.800299822975306938e+02
5.730822993337058870e+04 1.001655518777154357e+05 2.799849388529816565e+02
5.730822993500588200e+04 1.002804116799647018e+05 2.800676275627209861e+02
5.730822993664117530e+04 9.993765226821490796e+04 2.797187688828641967e+02
5.730822993827647588e+04 1.005875823286978703e+05 2.804828115722266944e+02
5.730822993991176918e+04 1.002545671669942385e+05 2.800598531248692780e+02
5.730822994154706248e+04 1.001655328528634855e+05 2.799978937778137151e+02
5.730822994318235578e+04 1.000781247713273333e+05 2.799619561458483759e+02
5.730822994481764908e+04 1.006011838858928386e+05 2.804868753183178569e+02
5.730822994645294239e+04 9.987479676100576762e+04 2.796699128915590222e+02
5.730822994808823569e+04 1.005688872491929505e+05 2.804439646668749333e+02
5.730822994972352899e+04 9.968513551234557235e+04 2.794561557460267522e+02
5.730822995135882229e+04 1.005165062931923312e+05 2.803683771953633936e+02
5.730822995299412287e+04 1.002401494088352483e+05 2.801030931265589174e+02
5.730822995462941617e+04 1.005154732397550251e+05 2.803763636464363458e+02
5.730822995626470947e+04 1.004681226010576793e+05 2.803155481460555052e+02
5.730822995790000277e+04 1.004089961079881759e+05 2.803207412330517627e+02
5.730822995953529608e+04 1.004682623202053946e+05 2.803317042792889993e+02
5.730822996117058938e+04 1.001946340633803484e+05 2.800874015924976561e+02
5.730822996280588268e+04 1.004530657020877552e+05 2.802748433273433761e+02
5.730822996444117598e+04 1.004815911543525290e+05 2.803389800828240368e+02
5.730822996607646928e+04 1.000549030986563012e+05 2.798393691799147973e+02
5.730822996771176986e+04 1.004214114389763854e+05 2.802556252295108834e+02
5.730822996934706316e+04 1.002319513149007253e+05 2.800236788252114479e+02
5.730822997098235646e+04 9.977261682167883555e+04 2.795268725577636815e+02
5.730822997261764976e+04 1.003140289397246670e+05 2.801319247178990395e+02
5.730822997425294307e+04 1.002426438532648754e+05 2.800144090021440775e+02
5.730822997588823637e+04 1.005559054949409474e+05 2.803744929332867173e+02
5.730822997752352967e+04 1.003932726196237345e+05 2.802360645621027402e+02
5.730822997915882297e+04 1.002857244842700020e+05 2.801729356895816068e+02
5.730822998079412355e+04 1.007918045842357824e+05 2.806241669863107973e+02
5.730822998242941685e+04 1.005384115442101902e+05 2.804409636636329424e+02
5.730822998406471015e+04 1.003003484709119657e+05 2.801296122832398510e+02
5.730822998570000345e+04 1.001852280026624649e+05 2.799277197058457318e+02
5.730822998733529676e+04 1.005847986667071527e+05 2.804353203784761490e+02
5.730822998897059006e+04 1.003503965991387377e+05 2.801878355269362260e+02
5.730822999060588336e+04 1.001016521101406834e+05 2.799241088111674003e+02
5.730822999224117666e+04 1.003768884836225916e+05 2.802399311668130508e+02
5.730822999387646996e+04 1.002201929495879886e+05 2.800653440142397130e+02
5.730822999551177054e+04 1.002900598368031497e+05 2.800939626148073103e+02
5.730822999714706384e+04 1.000137027230454696e+05 2.798749567596219663e+02
5.730822999878235714e+04 1.005296922807412047e+05 2.803873736557523557e+02
5.730823000041765044e+04 1.008287842211417592e+05 2.807040020403541121e+02
5.730823000205294375e+04 1.003686829464800976e+05 2.802301843321159254e+02
5.730823000368823705e+04 1.006115686309130106e+05 2.804336881188838220e+02
5.730823000532353035e+04 1.003638936526782636e+05 2.802535149212477563e+02
5.730823000695882365e+04 1.004064489813032706e+05 2.802556393214243258e+02
5.730823000859411695e+04 1.002895925458057318e+05 2.801174766463869901e+02
5.730823001022941753e+04 1.003445241945272137e+05 2.802059188798104969e+02
5.730823001186471083e+04 1.006321867789298994e+05 2.805083095366389330e+02
5.730823001350000413e+04 1.003173185933811474e+05 2.801802180810810796e+02
5.730823001513529744e+04 1.007354302073718136e+05 2.806457812665167921e+02
5.730823001677059074e+04 1.002789352121542470e+05 2.801737899988077629e+02
5.730823001840588404e+04 1.002438140874881356e+05 2.801166298681793592e+02
5.730823002004117734e+04 1.000743408765186323e+05 2.799122798525251028e+02
5.730823002167647064e+04 1.003306226977745100e+05 2.801624533605054239e+02
5.730823002331176394e+04 1.009672805841186928e+05 2.808588864143411570e+02
5.730823002494706452e+04 1.004260958026509907e+05 2.802039757473711461e+02
5.730823002658235782e+04 1.003343652123282227e+05 2.801937881377717758e+02
5.730823002821765112e+04 1.003468034598558152e+05 2.801823493608333138e+02
5.730823002985294443e+04 1.002919876662722381e+05 2.801936137572253642e+02
5.730823003148823773e+04 1.004400711637003697e+05 2.802688419851297112e+02
5.730823003312353103e+04 1.004511022529121256e+05 2.802353836062708865e+02
5.730823003475882433e+04 1.003731162002883066e+05 2.802324286390175985e+02
5.730823003639411763e+04 1.003321140289747709e+05 2.800937232030440214e+02
5.730823003802941093e+04 1.006062172505716007e+05 2.804330536646420455e+02
5.730823003966471151e+04 1.005049348346836050e+05 2.804004789562569613e+02
5.730823004130000481e+04 1.002548415608227078e+05 2.801299421689862470e+02
5.730823004293529812e+04 1.004192497517344600e+05 2.802553365360969906e+02
5.730823004457059142e+04 1.004983119087019586e+05 2.803381843296355669e+02
5.730823004620588472e+04 1.005777562797062128e+05 2.804795507627997040e+02
5.730823004784117802e+04 1.004537177334672015e+05 2.802591965275257166e+02
5.730823004947647132e+04 1.006104895419513778e+05 2.804978214725620091e+02
5.730823005111176462e+04 1.004301794456412608e+05 2.802598356341312638e+02
5.730823005274705793e+04 1.004234829912229907e+05 2.802676014722366062e+02
5.730823005438235850e+04 1.005584986714056286e+05 2.804341472330777378e+02
5.730823005601765180e+04 1.007264940902080853e+05 2.805501783980560617e+02
5.730823005765294511e+04 1.004882356196995534e+05 2.802870979887020439e+02
5.730823005928823841e+04 1.003842890416378214e+05 2.802073743782484030e+02
5.730823006092353171e+04 1.006508164416641230e+05 2.805071058651296880e+02
5.730823006255882501e+04 1.007967828099511535e+05 2.807151144762605668e+02
5.730823006419411831e+04 1.001578270320925367e+05 2.799740044577907838e+02
5.730823006582941161e+04 1.005509122547372826e+05 2.803902592289897484e+02
5.730823006746470492e+04 1.009496840277462179e+05 2.808676633592031067e+02
5.730823006910000549e+04 1.004668564643687423e+05 2.803017530017430090e+02
5.730823007073529880e+04 1.007082490999182046e+05 2.806018382990708346e+02
5.730823007237059210e+04 1.005809868356583029e+05 2.804033180421297402e+02
5.730823007400588540e+04 1.007813003841328027e+05 2.805810361256549754e+02
5.730823007564117870e+04 1.008890233874409460e+05 2.807294944077457330e+02
5.730823007727647200e+04 1.002523946666523552e+05 2.800975182466542037e+02
5.730823007891176530e+04 1.006499602144084784e+05 2.804985757483357816e+02
5.730823008054705861e+04 1.005572129788413877e+05 2.803713401430808290e+02
5.730823008218235918e+04 1.008080712700021541e+05 2.807126915207986713e+02
5.730823008381765248e+04 1.007884287730009091e+05 2.806633674434768864e+02
5.730823008545294579e+04 1.008132319751018367e+05 2.806975240368651043e+02
5.730823008708823909e+04 1.007593140837820683e+05 2.806778339722325200e+02
5.730823008872353239e+04 1.006116303822377668e+05 2.805157823219196302e+02
5.730823009035882569e+04 1.005833600500912144e+05 2.804292971671661121e+02
5.730823009199411899e+04 1.010575112140112324e+05 2.809663877596302086e+02
5.730823009362941229e+04 1.009786427751760057e+05 2.808912333740187819e+02
5.730823009526470560e+04 1.010407936204874568e+05 2.809650889906679936e+02
5.730823009690000617e+04 1.025440392751902400e+05 2.826119904128935900e+02
5.730823009853529948e+04 1.042725661005119327e+05 2.844932508875528470e+02
5.730823010017059278e+04 1.053640743917156506e+05 2.857114253603600105e+02
5.730823010180588608e+04 1.062338569783129496e+05 2.866855134876331590e+02
5.730823010344117938e+04 1.064557917534748121e+05 2.869442521139485507e+02
5.730823010507647268e+04 1.072397775783221732e+05 2.877577945634623688e+02
5.730823010671176598e+04 1.074819189548676368e+05 2.880371844038811560e+02
5.730823010834705929e+04 1.074873952424886957e+05 2.880517468721891987e+02
5.730823010998235259e+04 1.074478420369158848e+05 2.879674497747479904e+02
5.730823011161765317e+04 1.071555689121454343e+05 2.877104261210326968e+02
5.730823011325294647e+04 1.068441936268566787e+05 2.873392380665040378e+02
5.730823011488823977e+04 1.067341819606816280e+05 2.872306941236367948e+02
5.730823011652353307e+04 1.077141857889331441e+05 2.883126689793180617e+02
5.730823011815882637e+04 1.085501039071748673e+05 2.892019648151588171e+02
5.730823011979411967e+04 1.078972366662895802e+05 2.884994342572828145e+02
5.730823012142941297e+04 1.073420246375230927e+05 2.879078656574100705e+02
5.730823012306470628e+04 1.076048795346296392e+05 2.881796012138387937e+02
5.730823012469999958e+04 1.069469042614174832e+05 2.874374768628260881e+02
5.730823012633530016e+04 1.069794092073393986e+05 2.875356281146196125e+02
5.730823012797059346e+04 1.065898056368452380e+05 2.870043200342104797e+02
5.730823012960588676e+04 1.061889072956905875e+05 2.866081208235083864e+02
5.730823013124118006e+04 1.061096601864758413e+05 2.865180001349411327e+02
5.730823013287647336e+04 1.060851138215289393e+05 2.864783467475101020e+02
5.730823013451176666e+04 1.060085364026885509e+05 2.864426619518578150e+02
5.730823013614705997e+04 1.064954400455533178e+05 2.869944131363922679e+02
5.730823013778235327e+04 1.069396500608772621e+05 2.874302130945181943e+02
5.730823013941764657e+04 1.072213052676131920e+05 2.878173021600643438e+02
5.730823014105294715e+04 1.068546041432945494e+05 2.874235379663164167e+02
5.730823014268824045e+04 1.070174171990408358e+05 2.875637745260974043e+02
5.730823014432353375e+04 1.073764434555900953e+05 2.879014518068467510e+02
5.730823014595882705e+04 1.076183181040484051e+05 2.882089135181289521e+02
5.730823014759412035e+04 1.070724540729335713e+05 2.876097645866189509e+02
5.730823014922941366e+04 1.064931354654208844e+05 2.869245985598170705e+02
5.730823015086470696e+04 1.072830815885152988e+05 2.878271229032946508e+02
5.730823015250000026e+04 1.066973113667444995e+05 2.871688020330930158e+02
5.730823015413529356e+04 1.064788655686552811e+05 2.869550281906780924e+02
5.730823015577059414e+04 1.064833136657274445e+05 2.869303593427664509e+02
5.730823015740588744e+04 1.071253063266751560e+05 2.876234893152974905e+02
5.730823015904118074e+04 1.068051091210416635e+05 2.872735739523402003e+02
5.730823016067647404e+04 1.069118241342835536e+05 2.873640665576514834e+02
5.730823016231176734e+04 1.065035283328459482e+05 2.869238201309864849e+02
5.730823016394706065e+04 1.068749243350643665e+05 2.873833248134337168e+02
5.730823016558235395e+04 1.071574758419093705e+05 2.876800266961967054e+02
5.730823016721764725e+04 1.068342791104527714e+05 2.872813487066287621e+02
5.730823016885294055e+04 1.072148112544058822e+05 2.876965517437601534e+02
5.730823017048824113e+04 1.075048294559508504e+05 2.880676507484088233e+02
5.730823017212353443e+04 1.069706914682850183e+05 2.874801874866387266e+02
5.730823017375882773e+04 1.071004113590282650e+05 2.876360875256250438e+02
5.730823017539412103e+04 1.067967603078039538e+05 2.872996145172098750e+02
5.730823017702941434e+04 1.071837271190284810e+05 2.877475855824959012e+02
5.730823017866470764e+04 1.076379963812787610e+05 2.881645224656237474e+02
5.730823018030000094e+04 1.068822634889469919e+05 2.873770784034160783e+02
5.730823018193529424e+04 1.064046244225138216e+05 2.868568340072144451e+02
5.730823018357059482e+04 1.063897321135180537e+05 2.868804612973510189e+02
5.730823018520588812e+04 1.064368802769978356e+05 2.869396841631514690e+02
5.730823018684118142e+04 1.075629931403999362e+05 2.881108787719776387e+02
5.730823018847647472e+04 1.079703243234450783e+05 2.885366228999230884e+02
5.730823019011176802e+04 1.076916791835046170e+05 2.882557061528706868e+02
5.730823019174706133e+04 1.080222553305316978e+05 2.886078434138777880e+02
5.730823019338235463e+04 1.084645567800439749e+05 2.890911484259952999e+02
5.730823019501764793e+04 1.078668306662359682e+05 2.884800386544653747e+02
5.730823019665294123e+04 1.063063259012281196e+05 2.867679824674244742e+02
5.730823019828824181e+04 1.062915453654317680e+05 2.867070212816733488e+02
5.730823019992353511e+04 1.064774546580497990e+05 2.869204273229730688e+02
5.730823020155882841e+04 1.069516342871787347e+05 2.874197423514279990e+02
5.730823020319412171e+04 1.084962400154262868e+05 2.891167100906573069e+02
5.730823020482941502e+04 1.087464213014102424e+05 2.893837111974892764e+02
5.730823020646470832e+04 1.087077012604114425e+05 2.894012505680015011e+02
5.730823020810000162e+04 1.077089523736825067e+05 2.883283058248488828e+02
5.730823020973529492e+04 1.071361270636102709e+05 2.876268961212495583e+02
5.730823021137058822e+04 1.074114977903433464e+05 2.879301126945362626e+02
5.730823021300588880e+04 1.074007838864189835e+05 2.879253589848526076e+02
5.730823021464118210e+04 1.072736073414226994e+05 2.878315513939968469e+02
5.730823021627647540e+04 1.074189134739092842e+05 2.880011114731382236e+02
5.730823021791176870e+04 1.085709848450108548e+05 2.892087009977676075e+02
5.730823021954706201e+04 1.097295117372304085e+05 2.903805723835873209e+02
5.730823022118235531e+04 1.077766761006739398e+05 2.883650831967133854e+02
5.730823022281764861e+04 1.060972662460243009e+05 2.865245823799499476e+02
5.730823022445294191e+04 1.062325621118832642e+05 2.866859387730398225e+02
5.730823022608823521e+04 1.067038992177761684e+05 2.872199477848281504e+02
5.730823022772353579e+04 1.067725589343371685e+05 2.872958803796565803e+02
5.730823022935882909e+04 1.066434167800309369e+05 2.872008743805108111e+02
5.730823023099412239e+04 1.066389286432777299e+05 2.871805279026412450e+02
5.730823023262941570e+04 1.062416413186113932e+05 2.866359185285981539e+02
5.730823023426470900e+04 1.061007058674578439e+05 2.865762925997148045e+02
5.730823023590000230e+04 1.064675126746698370e+05 2.869617784677464556e+02
5.730823023753529560e+04 1.065353392907217058e+05 2.870592134483628115e+02
5.730823023917058890e+04 1.078052895993975253e+05 2.883809523795875407e+02
5.730823024080588220e+04 1.080598841817281791e+05 2.886741997705236713e+02
5.730823024244118278e+04 1.067743179718922765e+05 2.872680557195392907e+02
5.730823024407647608e+04 1.071095595549933496e+05 2.876367480936723950e+02
5.730823024571176938e+04 1.070441358102007653e+05 2.875419988273263243e+02
5.730823024734706269e+04 1.079278798859743110e+05 2.885621015547753814e+02
5.730823024898235599e+04 1.072614096457363630e+05 2.878327286777667382e+02
5.730823025061764929e+04 1.068089061707692454e+05 2.873166810510778646e+02
5.730823025225294259e+04 1.064809760269061517e+05 2.869427746839133420e+02
5.730823025388823589e+04 1.070379690328582219e+05 2.875156609575133189e+02
5.730823025552352919e+04 1.073009083136834088e+05 2.878159500758696936e+02
5.730823025715882977e+04 1.076414217527125147e+05 2.881443229961823818e+02
5.730823025879412307e+04 1.073576615750862984e+05 2.878915580011820907e+02
5.730823026042941638e+04 1.066447657052213326e+05 2.871007046537066003e+02
5.730823026206470968e+04 1.062372868430570234e+05 2.867087438612632013e+02
5.730823026370000298e+04 1.067021948079530994e+05 2.872020170025200514e+02
5.730823026533529628e+04 1.075096333644473780e+05 2.881108793108572286e+02
5.730823026697058958e+04 1.076828818293341028e+05 2.882977079914389833e+02
5.730823026860588288e+04 1.070584344598778553e+05 2.876059648411488183e+02
5.730823027024117619e+04 1.069925733674413059e+05 2.875392645951759505e+02
5.730823027187647676e+04 1.068765249187966838e+05 2.873838284738494622e+02
5.730823027351177006e+04 1.070449785313589964e+05 2.875196411042909972e+02
5.730823027514706337e+04 1.063102138629098772e+05 2.866890815967010440e+02
5.730823027678235667e+04 1.062281162662328861e+05 2.866835098413583296e+02
5.730823027841764997e+04 1.063948887136809644e+05 2.869480750992310050e+02
5.730823028005294327e+04 1.066692518499860889e+05 2.871300336384812226e+02
5.730823028168823657e+04 1.073598327184940572e+05 2.879036918879556879e+02
5.730823028332352987e+04 1.075534123792833998e+05 2.880987406389995158e+02
5.730823028495883045e+04 1.076007958907688153e+05 2.882031114970566819e+02
5.730823028659412375e+04 1.073907270118018350e+05 2.879703570508270900e+02
5.730823028822941706e+04 1.061256955502093624e+05 2.865478598081245423e+02
5.730823028986471036e+04 1.065315981553894526e+05 2.869493091739033162e+02
5.730823029150000366e+04 1.059563348470921337e+05 2.864204928313234291e+02
5.730823029313529696e+04 1.061278930404061393e+05 2.865368917043657575e+02
5.730823029477059026e+04 1.058331407531198784e+05 2.862277351588301713e+02
5.730823029640588356e+04 1.069139997154971643e+05 2.873911190343022781e+02
5.730823029804117687e+04 1.063509370651877689e+05 2.867964413905871766e+02
5.730823029967647744e+04 1.065828331715562090e+05 2.870506865182431397e+02
5.730823030131177075e+04 1.076672756810015708e+05 2.882384557112694665e+02
5.730823030294706405e+04 1.069000652627038799e+05 2.875531978270144577e+02
5.730823030458235735e+04 1.068757801595255441e+05 2.874429249025070590e+02
5.730823030621765065e+04 1.070263768714678154e+05 2.875851074429769483e+02
5.730823030785294395e+04 1.074951002788164624e+05 2.880228825157856818e+02
5.730823030948823725e+04 1.078408058799410646e+05 2.883497429880413279e+02
5.730823031112353056e+04 1.072999745404021523e+05 2.878772040057159529e+02
5.730823031275882386e+04 1.070205270919384930e+05 2.875114181920023952e+02
5.730823031439412443e+04 1.070319666099566821e+05 2.875014387283781048e+02
5.730823031602941774e+04 1.073072759274305572e+05 2.878926006786375069e+02
5.730823031766471104e+04 1.065461630058862356e+05 2.870401124076862516e+02
5.730823031930000434e+04 1.057806683294299000e+05 2.861655240747616062e+02
5.730823032093529764e+04 1.057270593971035269e+05 2.861283018142033256e+02
5.730823032257059094e+04 1.066379249718698848e+05 2.871353686108228089e+02
5.730823032420588424e+04 1.072355424718826253e+05 2.877965868454369343e+02
5.730823032584117755e+04 1.074577387919860048e+05 2.880171415471242540e+02
5.730823032747647085e+04 1.073028624924762407e+05 2.878573421461882162e+02
5.730823032911177143e+04 1.077724546478395350e+05 2.883211875322270998e+02
5.730823033074706473e+04 1.079176948365068820e+05 2.885451975548076575e+02
5.730823033238235803e+04 1.075120424721349991e+05 2.880215579724058443e+02
5.730823033401765133e+04 1.075029194805463048e+05 2.880413238215122647e+02
5.730823033565294463e+04 1.077786831371299486e+05 2.883503374305932994e+02
5.730823033728823793e+04 1.072113993484696257e+05 2.877937701262841301e+02
5.730823033892353124e+04 1.071550563711933501e+05 2.877383447650475432e+02
5.730823034055882454e+04 1.073971720489562431e+05 2.879379251174469800e+02
5.730823034219411784e+04 1.071976327177210769e+05 2.877547463733084214e+02
5.730823034382941842e+04 1.073290775708417932e+05 2.879365554765798265e+02
5.730823034546471172e+04 1.068548655496012798e+05 2.873278481356085763e+02
5.730823034710000502e+04 1.069044791831752664e+05 2.873713633016886888e+02
5.730823034873529832e+04 1.067444140983790276e+05 2.872619118190781933e+02
5.730823035037059162e+04 1.071781538096409786e+05 2.877372827384868401e+02
5.730823035200588492e+04 1.065424261941918085e+05 2.869971652340462924e+02
5.730823035364117823e+04 1.063004345046286471e+05 2.868114085597502481e+02
5.730823035527647153e+04 1.062766934727277840e+05 2.867003923991928218e+02
5.730823035691176483e+04 1.067575029429115966e+05 2.872612788003700075e+02
5.730823035854706541e+04 1.071198011363440310e+05 2.876451350954792474e+02
5.730823036018235871e+04 1.068915465890899941e+05 2.874189823774470369e+02
5.730823036181765201e+04 1.062955435859664867e+05 2.868064445878234210e+02
5.730823036345294531e+04 1.064228402680219879e+05 2.868573527126025056e+02
5.730823036508823861e+04 1.069957470731936337e+05 2.875218697404480963e+02
5.730823036672353192e+04 1.076181154852125910e+05 2.881661503427968114e+02
5.730823036835882522e+04 1.078291391288664599e+05 2.884430082948250060e+02
5.730823036999411852e+04 1.080931018396887957e+05 2.886957544589350277e+02
5.730823037162941182e+04 1.068984282099505363e+05 2.874338878211185033e+02
5.730823037326471240e+04 1.064731923232660047e+05 2.869600518163763354e+02
5.730823037490000570e+04 1.060715076466240716e+05 2.864798692121854060e+02
5.730823037653529900e+04 1.064907419644631591e+05 2.869429127955302192e+02
5.730823037817059230e+04 1.068525546196480718e+05 2.873777924222508773e+02
5.730823037980588560e+04 1.071989275294821855e+05 2.882102383717997895e+02
5.730823038144117891e+04 1.081004605248250591e+05 2.886510820197873954e+02
5.730823038307647221e+04 1.085348811851934588e+05 2.883414547606070641e+02
5.730823038471176551e+04 1.083682400530825253e+05 2.881532242831165149e+02
5.730823038634706609e+04 1.082226351006982004e+05 2.880460394558210737e+02
5.730823038798235939e+04 1.119254737007834483e+05 2.916238763712843252e+02
5.730823038961765269e+04 1.074286004582660535e+05 2.871928493499614774e+02
5.730823039125294599e+04 9.955072965963857132e+04 2.792401518997747871e+02
5.730823039288823929e+04 9.871682916247006506e+04 2.784092062207133722e+02
5.730823039452353260e+04 9.786055080781376455e+04 2.774027421583670616e+02
5.730823039615882590e+04 9.761785020469198935e+04 2.771590076327347560e+02
5.730823039779411920e+04 9.768016616159629484e+04 2.772501495627162740e+02
5.730823039942941250e+04 9.776736811321678397e+04 2.773784085874996208e+02
5.730823040106471308e+04 9.570374649535778735e+04 2.750375407571263509e+02
5.730823040270000638e+04 9.186697733034817793e+04 2.706256702562102419e+02
5.730823040433529968e+04 9.384569105409937038e+04 2.728582610615846420e+02
5.730823040597059298e+04 9.732028949943809130e+04 2.768169294690750348e+02
5.730823040760588628e+04 9.930233685008443717e+04 2.790322141858815712e+02
5.730823040924117959e+04 9.923124595542406314e+04 2.790163416736737076e+02
5.730823041087647289e+04 9.777840015190077247e+04 2.773164035858418970e+02
5.730823041251176619e+04 9.521366307784686796e+04 2.744837774588143589e+02
5.730823041414705949e+04 1.011835920298713609e+05 2.811372987128138448e+02
5.730823041578236007e+04 1.096125226259532501e+05 2.903338926739472754e+02
5.730823041741765337e+04 1.116707324568300974e+05 2.923727553768121652e+02
5.730823041905294667e+04 1.062919225082569174e+05 2.869378027215721545e+02
5.730823042068823997e+04 1.065565239105373039e+05 2.871756186725563680e+02
5.730823042232353328e+04 1.059357349503196310e+05 2.864434402682356335e+02
5.730823042395882658e+04 1.064526326839995891e+05 2.869890929474062204e+02
5.730823042559411988e+04 1.066483566877163539e+05 2.872386433840324571e+02
5.730823042722941318e+04 1.068267898251362203e+05 2.874957325606320637e+02
5.730823042886470648e+04 1.070310200275103998e+05 2.876814946361668035e+02
5.730823043050000706e+04 1.078614364647155453e+05 2.886153459458847692e+02
5.730823043213530036e+04 1.078736904259858857e+05 2.886965512054493388e+02
5.730823043377059366e+04 1.074492275387386908e+05 2.881345254756305962e+02
5.730823043540588696e+04 1.077610035632872023e+05 2.885123230355994792e+02
5.730823043704118027e+04 1.075388630491649674e+05 2.882997822095600782e+02
5.730823043867647357e+04 1.074391762149515853e+05 2.881979525803479305e+02
5.730823044031176687e+04 1.074234382972671592e+05 2.881344948134561150e+02
5.730823044194706017e+04 1.068773251757135295e+05 2.875093393955410193e+02
5.730823044358235347e+04 1.065137112144656858e+05 2.873102743736799312e+02
5.730823044521765405e+04 1.064104074764983088e+05 2.869791754238918315e+02
5.730823044685294735e+04 1.067306017256675987e+05 2.872692426909360961e+02
5.730823044848824065e+04 1.073072360925529065e+05 2.879449699052026403e+02
5.730823045012353396e+04 1.074185171234297741e+05 2.880301029868936098e+02
5.730823045175882726e+04 1.070138693861180218e+05 2.875303658314746826e+02
5.730823045339412056e+04 1.068947584047762648e+05 2.874056361711251384e+02
5.730823045502941386e+04 1.065590750182016636e+05 2.870615946908325213e+02
5.730823045666470716e+04 1.071909357570036373e+05 2.877111885739956278e+02
5.730823045830000046e+04 1.074912017600563995e+05 2.880956821475987795e+02
5.730823045993530104e+04 1.072421127905523172e+05 2.878455746348347475e+02
5.730823046157059434e+04 1.065469464835339459e+05 2.870629862352230930e+02
5.730823046320588765e+04 1.064536977658199903e+05 2.869797141106412823e+02
5.730823046484118095e+04 1.067953405034026509e+05 2.873487941011287035e+02
5.730823046647647425e+04 1.067575834980381769e+05 2.873228655748202414e+02
5.730823046811176755e+04 1.072754583574115532e+05 2.878308967438521790e+02
5.730823046974706085e+04 1.071178532949550863e+05 2.877011687276334442e+02
5.730823047138235415e+04 1.063414765609455644e+05 2.868092632969402871e+02
5.730823047301764745e+04 1.065713950015810260e+05 2.871130769646858312e+02
5.730823047465294803e+04 1.067017874615049077e+05 2.873026193878220624e+02
5.730823047628824133e+04 1.056846706702975644e+05 2.861521218006820391e+02
5.730823047792353464e+04 1.046355427581003751e+05 2.849541212467726723e+02
5.730823047955882794e+04 1.033645230950498080e+05 2.835414801919523597e+02
5.730823048119412124e+04 1.018270327738483320e+05 2.818324222684788083e+02
5.730823048282941454e+04 1.009068708767085045e+05 2.808559213864912181e+02
5.730823048446470784e+04 1.005906866161004873e+05 2.805011982262930132e+02
5.730823048610000114e+04 1.010093881215765432e+05 2.808164794092537591e+02
5.730823048773530172e+04 1.007119144306463131e+05 2.804879437126679136e+02
5.730823048937059502e+04 1.002965466904145433e+05 2.802914932155979386e+02
5.730823049100588833e+04 1.003433115195612918e+05 2.802740612965509399e+02
5.730823049264118163e+04 1.003275350310542854e+05 2.803295269377242676e+02
5.730823049427647493e+04 1.005187893606672733e+05 2.805541924700415279e+02
5.730823049591176823e+04 1.000605288162213255e+05 2.800390132837104034e+02
5.730823049754706153e+04 1.001587918898472417e+05 2.801555182204862717e+02
5.730823049918235483e+04 1.000279945837656996e+05 2.800290812859165044e+02
5.730823050081764814e+04 1.004200783206407505e+05 2.804506449574685689e+02
5.730823050245294871e+04 1.003087519349178328e+05 2.802760870105478261e+02
5.730823050408824201e+04 9.991585581915035436e+04 2.798734446561322784e+02
5.730823050572353532e+04 1.000558120971348544e+05 2.800642543078498647e+02
5.730823050735882862e+04 1.001246478273705288e+05 2.801663444318728580e+02
5.730823050899412192e+04 9.991865565434284508e+04 2.799221479269487531e+02
5.730823051062941522e+04 1.004653431675068132e+05 2.805189286320673432e+02
5.730823051226470852e+04 1.003196510390002659e+05 2.803002585045688875e+02
5.730823051390000182e+04 9.736756644152640365e+04 2.772529206688315071e+02
5.730823051553529513e+04 1.008328028832100681e+05 2.808569582039729653e+02
5.730823051717059570e+04 1.007082017230843776e+05 2.806349861159889656e+02
5.730823051880588901e+04 1.014626462106155232e+05 2.814333162965311885e+02
5.730823052044118231e+04 1.012046141179498227e+05 2.811415880878889197e+02
5.730823052207647561e+04 1.010595141860805306e+05 2.809887569943607559e+02
5.730823052371176891e+04 1.013581989061388886e+05 2.813938667399362998e+02
5.730823052534706221e+04 1.015802095877969405e+05 2.815963066884381760e+02
5.730823052698235551e+04 1.017076416513157892e+05 2.817382068124835541e+02
5.730823052861764882e+04 1.018344621277623664e+05 2.818907546535601227e+02
5.730823053025294212e+04 1.013550346729200246e+05 2.814136298372160923e+02
5.730823053188824269e+04 1.017310035101269896e+05 2.817320491449374344e+02
5.730823053352353600e+04 1.015171119442208728e+05 2.815765010681730587e+02
5.730823053515882930e+04 1.017037404608224460e+05 2.817578938858252400e+02
5.730823053679412260e+04 1.016655828701314458e+05 2.816926801186169200e+02
5.730823053842941590e+04 1.014489462406075036e+05 2.814593698444163579e+02
5.730823054006470920e+04 1.034382177519933030e+05 2.834631741012192379e+02
5.730823054170000250e+04 1.022586036924124201e+05 2.822765480646200444e+02
5.730823054333529581e+04 1.001798109361482784e+05 2.801788385957431728e+02
5.730823054497058911e+04 1.001998501082501607e+05 2.802000053172996559e+02
5.730823054660588969e+04 1.003244973956032773e+05 2.803991627336434931e+02
5.730823054824118299e+04 1.003529695700143056e+05 2.803998127172761770e+02
5.730823054987647629e+04 1.006335089061516919e+05 2.806816510499290871e+02
5.730823055151176959e+04 1.006091651589671092e+05 2.806776253772946461e+02
5.730823055314706289e+04 1.010556830764226615e+05 2.807412643752738859e+02
5.730823055478235619e+04 1.012631663136383577e+05 2.801511958436013288e+02
5.730823055641764950e+04 1.018445313435062562e+05 2.799546377405110320e+02
5.730823055805294280e+04 1.026196944845868566e+05 2.800065361111614379e+02
5.730823055968823610e+04 1.033569154841405107e+05 2.800835959579074483e+02
5.730823056132353668e+04 1.041298399695365661e+05 2.801000968881443782e+02
5.730823056295882998e+04 1.047501978063274291e+05 2.800025476485905074e+02
5.730823056459412328e+04 1.049429437561910745e+05 2.794730934038033183e+02
5.730823056622941658e+04 1.061735882476934494e+05 2.800155073101519747e+02
5.730823056786470988e+04 1.060937468292294070e+05 2.794615542465973022e+02
5.730823056950000318e+04 1.068527326102452498e+05 2.790653900017237561e+02
5.730823057113529649e+04 1.075912278360634227e+05 2.790517733696195819e+02
5.730823057277058979e+04 1.082864365750129509e+05 2.790957094944172923e+02
5.730823057440588309e+04 1.091311058879223710e+05 2.792177255659659636e+02
5.730823057604118367e+04 1.100062217298526084e+05 2.794266363362997936e+02
5.730823057767647697e+04 1.101478184573037870e+05 2.786654717716739356e+02
5.730823057931177027e+04 1.095751035297644994e+05 2.773745705031314515e+02
5.730823058094706357e+04 1.024573056962384435e+05 2.692030641823129713e+02
5.730823058258235687e+04 9.530738140362227568e+04 2.607383547823646381e+02
5.730823058421765018e+04 8.850481792456205585e+04 2.524608098093100921e+02
5.730823058585294348e+04 8.031678709209522640e+04 2.420565258422038823e+02
5.730823058748823678e+04 7.354790362851051032e+04 2.332251614595210754e+02
5.730823058912353736e+04 6.571677689430538157e+04 2.224473819594886947e+02
5.730823059075883066e+04 5.879269786718242540e+04 2.125357182836791310e+02
5.730823059239412396e+04 5.087092521445127932e+04 2.005342769370083147e+02
5.730823059402941726e+04 4.395650766949786339e+04 1.894353685443528548e+02
5.730823059566471056e+04 3.645731985363899730e+04 1.766402363148635004e+02
5.730823059730000386e+04 2.878098569069463701e+04 1.625427805129192222e+02
5.730823059893529717e+04 2.161939241516475886e+04 1.481396449115838436e+02
5.730823060057059047e+04 1.371738484181000422e+04 1.303366101009740419e+02
5.730823060220588377e+04 6.889983157549333555e+03 1.128153921051110018e+02
5.730823060384118435e+04 -1.182947417629859046e+03 8.776479592806849439e+01
5.730823060547647765e+04 -7.925423179839948716e+03 5.868445814007887407e+01
5.730823060711177095e+04 -1.008807550590219398e+04 4.266006671825925167e+01
5.730823060874706425e+04 -9.320890093847761818e+03 4.264442433275930711e+01
5.730823061038235755e+04 -8.720352090645117642e+03 4.206300312038766975e+01
5.730823061201765086e+04 -8.064046433511618488e+03 4.138405142717357421e+01
5.730823061365294416e+04 -7.462872806072269668e+03 4.075992305854199316e+01
5.730823061528823746e+04 -6.784152490095076246e+03 4.004506510332339531e+01
5.730823061692353076e+04 -6.178995638832574514e+03 3.939666007149800464e+01
5.730823061855883134e+04 -5.568841463989359909e+03 3.873186223980941634e+01
5.730823062019412464e+04 -4.917494916612517954e+03 3.800938419137639102e+01
5.730823062182941794e+04 -4.304669104633750976e+03 3.731685583407073636e+01
5.730823062346471124e+04 -3.634860553459009225e+03 3.654495166069169443e+01
5.730823062510000454e+04 -3.064973889583236542e+03 3.587509038584189369e+01
