2.457368834215600044e+06 3.225464483875616861e+04 2.513720120619560703e+02
2.457368834226808976e+06 8.669942121809309174e+04 3.110158685858584704e+02
2.457368834238017909e+06 1.606325612481901480e+05 3.772274460945924943e+02
2.457368834249226842e+06 2.101346101768621302e+05 4.158255028103696986e+02
2.457368834260435775e+06 1.903199431616326037e+05 4.009108707528388891e+02
2.457368834271644708e+06 1.825087612378002959e+05 3.947939601715413005e+02
2.457368834282853641e+06 2.007759553420608281e+05 4.088253122481999640e+02
2.457368834294062573e+06 1.955183651966698817e+05 4.051018541815355434e+02
2.457368834305271506e+06 1.515290399674227810e+05 3.701110242122860541e+02
2.457368834316480439e+06 2.026174259370978107e+05 4.105703102631149477e+02
2.457368834327689372e+06 2.110217290393071598e+05 4.166509689585923297e+02
2.457368834338898305e+06 1.764244823154627811e+05 3.905847266383934766e+02
2.457368834350107238e+06 1.567527086684899114e+05 3.748106260552071376e+02
2.457368834361316171e+06 1.786690231987009465e+05 3.922923584662572125e+02
2.457368834372525103e+06 1.895015935556091717e+05 4.005855239430240431e+02
2.457368834383734036e+06 1.942308101488765678e+05 4.040556774502642270e+02
2.457368834394942969e+06 1.847045022623066325e+05 3.967001003015952847e+02
2.457368834406151902e+06 1.841103863199139596e+05 3.960828095342295683e+02
2.457368834417360835e+06 1.907398305724812672e+05 4.012883116749674173e+02
2.457368834428569768e+06 1.723162265239566914e+05 3.872268059552619661e+02
2.457368834439778700e+06 1.609810556292896799e+05 3.779799329713605971e+02
2.457368834450987633e+06 1.847267943630016816e+05 3.969914598465061317e+02
2.457368834462196566e+06 2.264605985695520358e+05 4.277803933615486471e+02
2.457368834473405499e+06 1.957953488401902723e+05 4.052246899893831369e+02
2.457368834484614432e+06 1.603392803660242062e+05 3.774410727293308128e+02
2.457368834495823365e+06 1.752358616540650837e+05 3.896871609376278229e+02
2.457368834507032298e+06 1.731885278464852017e+05 3.881335353395280094e+02
2.457368834518241230e+06 1.908741254290000943e+05 4.016351144244226248e+02
2.457368834529450163e+06 1.808431843587446492e+05 3.941852830565562726e+02
2.457368834540659096e+06 1.467922171362213558e+05 3.663866733514453813e+02
2.457368834551868029e+06 1.941663622204797284e+05 4.044659377172930590e+02
2.457368834563076962e+06 2.368887862932683493e+05 4.357915817088452854e+02
2.457368834574285895e+06 1.699319689552831987e+05 3.855411826572893119e+02
2.457368834585494827e+06 1.531872970383884094e+05 3.722494695025948204e+02
2.457368834596703760e+06 1.827449567782077356e+05 3.960860537416066904e+02
2.457368834607912693e+06 2.003364541070084088e+05 4.096866906233234431e+02
2.457368834619121626e+06 2.291876285183058353e+05 4.309538695293339856e+02
2.457368834630330559e+06 1.922443516529932967e+05 4.038346784096985402e+02
2.457368834641539492e+06 1.775172510540671065e+05 3.926988483682887932e+02
2.457368834652748425e+06 1.621216658321264840e+05 3.802681972885364985e+02
2.457368834663957357e+06 1.425890531080743531e+05 3.639477110410985006e+02
2.457368834675166290e+06 1.525928087881404208e+05 3.720469141262470316e+02
2.457368834686375223e+06 1.979801536642678839e+05 4.074761889090572140e+02
2.457368834697584156e+06 1.851313929208223126e+05 3.978441410357127666e+02
2.457368834708793089e+06 1.739681014954683487e+05 3.887743742987569249e+02
2.457368834720002022e+06 1.698567239063849556e+05 3.854538918227523254e+02
2.457368834731210954e+06 1.783162169468572829e+05 3.922391057049368897e+02
2.457368834742419887e+06 2.075136573258522549e+05 4.144250494593603662e+02
2.457368834753628820e+06 2.011399635634515435e+05 4.095973373364547570e+02
2.457368834764837753e+06 1.832495665009314544e+05 3.959826496161501836e+02
2.457368834776046686e+06 1.902688398127489490e+05 4.012510284182178566e+02
2.457368834787255619e+06 1.914879153143095318e+05 4.022111608449444589e+02
2.457368834798464552e+06 1.568875065213089983e+05 3.749875162945469356e+02
2.457368834809673484e+06 1.736683020649006357e+05 3.881674866490266140e+02
2.457368834820882417e+06 2.287991141493052128e+05 4.295351755802460616e+02
2.457368834832091350e+06 2.024138125351911003e+05 4.103147861043652256e+02
2.457368834843300283e+06 1.736092159916610108e+05 3.881303107198598923e+02
2.457368834854509216e+06 1.695912885187081120e+05 3.847540701908912979e+02
2.457368834865718149e+06 1.653826871665201033e+05 3.815507783996832814e+02
2.457368834876927081e+06 1.463996887643779628e+05 3.659588300184174727e+02
2.457368834888136014e+06 1.656894106271446217e+05 3.813623093893688178e+02
2.457368834899344947e+06 1.856385012534865818e+05 3.970694975549457126e+02
2.457368834910553880e+06 1.841160433458008047e+05 3.958417420794467603e+02
