2.457363083365200087e+06 2.376094323730468750e+04 3.003364137941090917e+02
2.457363083411565982e+06 2.079632525634765625e+04 2.969534488199444127e+02
2.457363083457931411e+06 2.153425573730468750e+04 2.979353360539655000e+02
2.457363083504297305e+06 2.628898864746093750e+04 3.022179063519974420e+02
2.457363083550663199e+06 2.222622015380859375e+04 2.978220341670465245e+02
2.457363083597028628e+06 1.946389099121093750e+04 2.947750317048951274e+02
2.457363083643394522e+06 2.353755004882812500e+04 2.985230463890794113e+02
2.457363083689760417e+06 2.790812280273437500e+04 3.035767504936680439e+02
2.457363083736125845e+06 2.336932495117187500e+04 2.987809405406310930e+02
2.457363083782491740e+06 2.371442639160156250e+04 2.990922990658464755e+02
2.457363083828857634e+06 2.528379870605468750e+04 3.006674431628285902e+02
2.457363083875223063e+06 2.077731317138671875e+04 2.961561539125945046e+02
2.457363083921588957e+06 2.459950537109375000e+04 2.996467427576498608e+02
2.457363083967954852e+06 2.597231555175781250e+04 3.012656195619906043e+02
2.457363084014320280e+06 2.192107580566406250e+04 2.973448948170150743e+02
2.457363084060686175e+06 2.459933312988281250e+04 2.997530263083513091e+02
