5.736348717200000101e+04 7.367845697237743298e+04 2.587511038637238698e+02
5.736348717455549195e+04 7.293349025133509713e+04 2.580433917339771597e+02
5.736348717711097561e+04 7.332274563323445909e+04 2.590294115213010286e+02
5.736348717966646655e+04 7.272904709286583238e+04 2.583221980101029658e+02
5.736348718222195021e+04 7.325968578998805606e+04 2.587542930272518902e+02
5.736348718477744114e+04 7.321241743625147501e+04 2.590718591703654283e+02
5.736348718733292480e+04 7.309834898455411894e+04 2.591373559666836854e+02
5.736348718988841574e+04 7.315748136285398505e+04 2.593892149849808675e+02
5.736348719244389940e+04 7.345347802845733531e+04 2.596346108974104254e+02
5.736348719499939034e+04 7.330418559209638624e+04 2.596229553278316757e+02
5.736348719755487400e+04 7.305834258551236417e+04 2.599628683606821937e+02
5.736348720011036494e+04 7.220765291642028023e+04 2.600472508891498364e+02
5.736348720266584860e+04 7.154823977754249063e+04 2.596543086344053677e+02
5.736348720522133954e+04 7.137635843019478489e+04 2.597739902751331442e+02
5.736348720777682320e+04 7.204786533422737557e+04 2.604928255757600368e+02
5.736348721033231413e+04 7.152456763641253929e+04 2.598887171656262467e+02
5.736348721288779780e+04 7.106539011139317881e+04 2.597328659732514780e+02
5.736348721544328873e+04 7.076714538606659335e+04 2.593630971874900411e+02
5.736348721799877239e+04 7.154550868373135745e+04 2.601706568852389410e+02
5.736348722055426333e+04 7.090208167007913289e+04 2.598456609096140824e+02
5.736348722310974699e+04 7.133979943085726700e+04 2.604111708865978585e+02
5.736348722566523793e+04 7.121076064664122532e+04 2.599415782543644582e+02
5.736348722822072159e+04 7.129954218958778074e+04 2.600455399442093380e+02
5.736348723077621253e+04 7.124116135317266162e+04 2.602920383655614955e+02
5.736348723333170346e+04 7.054467173223631107e+04 2.597395312714021998e+02
5.736348723588718713e+04 7.041256914983681054e+04 2.598280037461049119e+02
5.736348723844267806e+04 7.079623837879230268e+04 2.604491385054550960e+02
5.736348724099816172e+04 7.080917947452125372e+04 2.603806587434872313e+02
5.736348724355365266e+04 7.077668767770787235e+04 2.602210938502853423e+02
5.736348724610913632e+04 7.119162251909002953e+04 2.606934627592972902e+02
5.736348724866462726e+04 7.135641304839056102e+04 2.611222643187963968e+02
5.736348725122011092e+04 7.141307573739346117e+04 2.612045024363986840e+02
5.736348725377560186e+04 7.078767998611427902e+04 2.606170373850438864e+02
5.736348725633108552e+04 7.044891459593507170e+04 2.601076131387321198e+02
5.736348725888657646e+04 7.048892735226907826e+04 2.606039254778419831e+02
5.736348726144206012e+04 7.073339820885055815e+04 2.611138183568044724e+02
5.736348726399755105e+04 7.029550288914058183e+04 2.606457157052371940e+02
5.736348726655303471e+04 7.029634328760116477e+04 2.610585734895413452e+02
5.736348726910852565e+04 7.028968937572641880e+04 2.607331399105128753e+02
5.736348727166400931e+04 7.060590737178723793e+04 2.609227179357298496e+02
5.736348727421950025e+04 7.071782603172599920e+04 2.616770185855876889e+02
5.736348727677498391e+04 7.070149977821619541e+04 2.616877110243240736e+02
5.736348727933047485e+04 7.052897636020016216e+04 2.617973653966557777e+02
5.736348728188595851e+04 7.018182430076072342e+04 2.613613436642035595e+02
5.736348728444144945e+04 7.131495616018532019e+04 2.626283587053719089e+02
5.736348728699693311e+04 7.187502413314930163e+04 2.633269459499696836e+02
5.736348728955242404e+04 7.131666379726634477e+04 2.629664771813183961e+02
5.736348729210791498e+04 7.194518626630111248e+04 2.638250477606081859e+02
5.736348729466339864e+04 7.136087873176425637e+04 2.631106980927693826e+02
5.736348729721888958e+04 7.117332641147446702e+04 2.630565955327015786e+02
5.736348729977437324e+04 7.070154457834568166e+04 2.629176061494099486e+02
5.736348730232986418e+04 7.084989084004814504e+04 2.628348392473785680e+02
5.736348730488534784e+04 7.082097279195781448e+04 2.627261943279212915e+02
5.736348730744083878e+04 7.040275349461557926e+04 2.624900497219117028e+02
5.736348730999632244e+04 7.143791941092265188e+04 2.636741881521711548e+02
5.736348731255181337e+04 7.113521654851772473e+04 2.631643506626364228e+02
5.736348731510729704e+04 7.082300089376092365e+04 2.627451095400588201e+02
5.736348731766278797e+04 7.108049322510592174e+04 2.633987981361082689e+02
5.736348732021827163e+04 7.152104913483915152e+04 2.637660323389180803e+02
5.736348732277376257e+04 7.147418876774424280e+04 2.636120312696592123e+02
5.736348732532924623e+04 7.125017201623783330e+04 2.632781410616693165e+02
5.736348732788473717e+04 7.105793547064057202e+04 2.629798620468131389e+02
5.736348733044022083e+04 7.043181031455376069e+04 2.624015424083932544e+02
5.736348733299571177e+04 7.043849122392150457e+04 2.627319382541154482e+02
5.736348733555119543e+04 7.100945704037358519e+04 2.635394806128974210e+02
5.736348733810668637e+04 7.066615185955223569e+04 2.634287758423486139e+02
5.736348734066217003e+04 7.042916235813769163e+04 2.631485361263074196e+02
5.736348734321766096e+04 7.004375953249764279e+04 2.627005554380080525e+02
5.736348734577314463e+04 7.051302807022750494e+04 2.633791428930099414e+02
5.736348734832863556e+04 7.089726584858493879e+04 2.640979086315705899e+02
5.736348735088412650e+04 7.116159379240644921e+04 2.644530847648006784e+02
5.736348735343961016e+04 7.058895114341736189e+04 2.639006811758806066e+02
5.736348735599510110e+04 7.061224239110155031e+04 2.638943232916774377e+02
5.736348735855058476e+04 7.041612214168871287e+04 2.636882075353298092e+02
5.736348736110607570e+04 6.996181705905935087e+04 2.635008430440915959e+02
5.736348736366155936e+04 7.029002869334831485e+04 2.638757860184334731e+02
5.736348736621705029e+04 6.966574476190979476e+04 2.632756221680621138e+02
5.736348736877253396e+04 6.956611297875559831e+04 2.632359050095207067e+02
5.736348737132802489e+04 6.882059331139264395e+04 2.639585891771753836e+02
5.736348737388350855e+04 7.020705003741779365e+04 2.639238737509394355e+02
5.736348737643899949e+04 6.926597495274170069e+04 2.635165164725481759e+02
5.736348737899448315e+04 6.811669769995610113e+04 2.635615555183669017e+02
5.736348738154997409e+04 6.824948125259712106e+04 2.639237349763849352e+02
5.736348738410545775e+04 6.813658318508532830e+04 2.637609371632728426e+02
5.736348738666094869e+04 6.867900260169894318e+04 2.640074003929761943e+02
5.736348738921643235e+04 6.884246783348012832e+04 2.638764311920598402e+02
5.736348739177192328e+04 6.806919300960174587e+04 2.634174225014514832e+02
5.736348739432740695e+04 6.805593896791998122e+04 2.637641114596757461e+02
5.736348739688289788e+04 6.767710051147303602e+04 2.634688255870469789e+02
5.736348739943838154e+04 6.827486934771077358e+04 2.637204127218070653e+02
5.736348740199387248e+04 6.819751194804585248e+04 2.638140600854495119e+02
5.736348740454936342e+04 6.827310427858959883e+04 2.638265879376503449e+02
5.736348740710484708e+04 6.808564065508451313e+04 2.634793304047211109e+02
5.736348740966033802e+04 6.865140590665348282e+04 2.637037698324428447e+02
5.736348741221582168e+04 6.894998820365776191e+04 2.639016390318174672e+02
5.736348741477131261e+04 6.867255187586238026e+04 2.634211904969869806e+02
5.736348741732679628e+04 6.922535879228435806e+04 2.643596114705850368e+02
5.736348741988228721e+04 7.091491339426783088e+04 2.662151167935261356e+02
5.736348742243777087e+04 7.407826762962799694e+04 2.698875614549688748e+02
5.736348742499326181e+04 7.602457496785516560e+04 2.721447398494390768e+02
5.736348742754874547e+04 7.551106185579404701e+04 2.716902627894965576e+02
5.736348743010423641e+04 7.437732116000380483e+04 2.703643735941347472e+02
5.736348743265972007e+04 7.349256945928337518e+04 2.695984279713585465e+02
5.736348743521521101e+04 7.476693963583814912e+04 2.710443299184473744e+02
5.736348743777069467e+04 7.463480001812227420e+04 2.708634993055971449e+02
5.736348744032618561e+04 7.440250015902510495e+04 2.711289816524054004e+02
5.736348744288166927e+04 7.345087177596564288e+04 2.701763956529842972e+02
5.736348744543716020e+04 7.465124786396384297e+04 2.718258963486743482e+02
5.736348744799264387e+04 7.417111105834548653e+04 2.711370692114014105e+02
5.736348745054813480e+04 7.375840758037657361e+04 2.704833672699939484e+02
5.736348745310361846e+04 7.354371269855294668e+04 2.713714216473563852e+02
5.736348745565910940e+04 7.225565135135219316e+04 2.720875778859730190e+02
5.736348745821459306e+04 7.144016122139239451e+04 2.723003992734175540e+02
5.736348746077008400e+04 7.219289437394743436e+04 2.730113899128826915e+02
5.736348746332557494e+04 7.196818824419159500e+04 2.720542181715336483e+02
5.736348746588105860e+04 7.168210300106907380e+04 2.715968560119415542e+02
5.736348746843654953e+04 7.138454693913561641e+04 2.717216339737738622e+02
5.736348747099203320e+04 7.131631739143877348e+04 2.716616510256196761e+02
5.736348747354752413e+04 7.128069296105590183e+04 2.716103896165153060e+02
5.736348747610300779e+04 7.111838130785030080e+04 2.715121419140710941e+02
5.736348747865849873e+04 6.975562609829423309e+04 2.706933264590221029e+02
5.736348748121398239e+04 7.088732700106358971e+04 2.710946367144374562e+02
5.736348748376947333e+04 7.172546363595407456e+04 2.716637798051168602e+02
5.736348748632495699e+04 7.186570683407675824e+04 2.719627505108826995e+02
5.736348748888044793e+04 7.146886840421975648e+04 2.721674682013351116e+02
5.736348749143593159e+04 7.064380590433711768e+04 2.712113358506592249e+02
5.736348749399142253e+04 6.960293657995376270e+04 2.706132335454340136e+02
5.736348749654690619e+04 6.986892449079759535e+04 2.704910478294327731e+02
5.736348749910239712e+04 7.035222315654995327e+04 2.707788486063232654e+02
5.736348750165788078e+04 7.015508412290326669e+04 2.705176408723768304e+02
5.736348750421337172e+04 7.002191123917112418e+04 2.705822176005747224e+02
5.736348750676885538e+04 6.967460086925345240e+04 2.704199445415778769e+02
5.736348750932434632e+04 6.910436217432009289e+04 2.696065500847785756e+02
5.736348751187982998e+04 6.909088003614553600e+04 2.693047694205552034e+02
5.736348751443532092e+04 6.848261038297851337e+04 2.690734780203647460e+02
5.736348751699080458e+04 6.890227362093920237e+04 2.701517107956732389e+02
5.736348751954629552e+04 6.870642941917962162e+04 2.705034558291113740e+02
5.736348752210178645e+04 6.934668629039148800e+04 2.715795416272875400e+02
5.736348752465727011e+04 6.862550583729828941e+04 2.700575214382609488e+02
5.736348752721276105e+04 6.897661553201459174e+04 2.698666757989838629e+02
5.736348752976824471e+04 6.847233102125901496e+04 2.698286439907645331e+02
5.736348753232373565e+04 6.876848359150608303e+04 2.703407202682365664e+02
5.736348753487921931e+04 6.729946440069627715e+04 2.694281099125398100e+02
5.736348753743471025e+04 6.844729591622673615e+04 2.706815312462216525e+02
5.736348753999019391e+04 6.895021321069996338e+04 2.709010014406352411e+02
5.736348754254568485e+04 6.811750706534602796e+04 2.698372438032757827e+02
5.736348754510116851e+04 6.797866791346244281e+04 2.700009546036427537e+02
5.736348754765665944e+04 6.707096858471291489e+04 2.688603606332386562e+02
5.736348755021214311e+04 6.488522984704596456e+04 2.673423576011985574e+02
5.736348755276763404e+04 6.443284808304253966e+04 2.667944126713724131e+02
5.736348755532311770e+04 6.416589946790946851e+04 2.671991355840365259e+02
5.736348755787860864e+04 6.514578214606030087e+04 2.684057888119323252e+02
5.736348756043409230e+04 6.537228629539816757e+04 2.684284983274936849e+02
5.736348756298958324e+04 6.540623528090546461e+04 2.682703472506443063e+02
5.736348756554506690e+04 6.391395428380243538e+04 2.667886143404934387e+02
5.736348756810055784e+04 6.467335893917059002e+04 2.676300272198142807e+02
5.736348757065604150e+04 6.479614927315198292e+04 2.683038389122252170e+02
5.736348757321153244e+04 6.475415588500629383e+04 2.687802637773131096e+02
5.736348757576701610e+04 6.393862688272706873e+04 2.675309025216164969e+02
5.736348757832250703e+04 6.495834121720249095e+04 2.684428818769981149e+02
5.736348758087799797e+04 6.546078073186793335e+04 2.690875414991251660e+02
5.736348758343348163e+04 6.533515397333814326e+04 2.686120485990558677e+02
5.736348758598897257e+04 6.679038542300566041e+04 2.702561791794886972e+02
5.736348758854445623e+04 7.118469571998648462e+04 2.748962418693016048e+02
5.736348759109994717e+04 7.228757269976958924e+04 2.761985976316799452e+02
5.736348759365543083e+04 6.700522090383432806e+04 2.701485362240503605e+02
5.736348759621092177e+04 6.904446603920895723e+04 2.722843073208642863e+02
5.736348759876640543e+04 7.115973873711195483e+04 2.744387482227283499e+02
5.736348760132189636e+04 7.193774899306532461e+04 2.758746052618866429e+02
5.736348760387738002e+04 7.042344037539180135e+04 2.743389134165938117e+02
5.736348760643287096e+04 6.952018927663862996e+04 2.730383332803355074e+02
5.736348760898835462e+04 7.036558744472922990e+04 2.743111785225057133e+02
5.736348761154384556e+04 7.119558619989498402e+04 2.758567301660070257e+02
5.736348761409932922e+04 7.010761751063301926e+04 2.743069746069281791e+02
5.736348761665482016e+04 6.993435313175796182e+04 2.741675529537801026e+02
5.736348761921030382e+04 7.155141664949509141e+04 2.764486025914624179e+02
5.736348762176579476e+04 6.958581102354015457e+04 2.743541479643125172e+02
5.736348762432127842e+04 6.895191054428357165e+04 2.735841588129976003e+02
5.736348762687676935e+04 6.970632620540334028e+04 2.739926613838324556e+02
5.736348762943225302e+04 6.920479752475419082e+04 2.734862548851983206e+02
5.736348763198774395e+04 6.613724218385608401e+04 2.706326574206823921e+02
5.736348763454322761e+04 6.395144853539536416e+04 2.687874887159722448e+02
5.736348763709871855e+04 6.404529518664930947e+04 2.681649299689806867e+02
5.736348763965420949e+04 6.410153048384707654e+04 2.682880200591555422e+02
5.736348764220969315e+04 6.334317434176405368e+04 2.677738560582337186e+02
5.736348764476518409e+04 6.326562566955744114e+04 2.676535338262220876e+02
5.736348764732066775e+04 6.666220857513144438e+04 2.700440823075330172e+02
5.736348764987615868e+04 6.859111670823485474e+04 2.714931599116769689e+02
5.736348765243164235e+04 6.658197811160434503e+04 2.717682725662641019e+02
5.736348765498713328e+04 6.709834142264534603e+04 2.718609200956071845e+02
5.736348765754261694e+04 6.600822304756203084e+04 2.701325160714057461e+02
5.736348766009810788e+04 6.565028709823836107e+04 2.695924320884856229e+02
5.736348766265359154e+04 6.573974742061889265e+04 2.702269406183528986e+02
5.736348766520908248e+04 6.705238899246107030e+04 2.704779929138398415e+02
5.736348766776456614e+04 6.853605509892010014e+04 2.713416559274302244e+02
5.736348767032005708e+04 6.799593526966539503e+04 2.704633866556301882e+02
5.736348767287554074e+04 6.788603375507803867e+04 2.703819128398148450e+02
5.736348767543103168e+04 6.704922491824650206e+04 2.695267655748174889e+02
5.736348767798651534e+04 6.720632016051890969e+04 2.694868516755684027e+02
5.736348768054200627e+04 6.691560801750732935e+04 2.692718853434944890e+02
5.736348768309748993e+04 6.762213413046643836e+04 2.703401149790539080e+02
5.736348768565298087e+04 6.812891400983138010e+04 2.707179753846592121e+02
5.736348768820846453e+04 6.893839014527530526e+04 2.718004930497259011e+02
5.736348769076395547e+04 6.742743311653358978e+04 2.700242924068070351e+02
5.736348769331944641e+04 6.754369790468801511e+04 2.700328691559288359e+02
5.736348769587493007e+04 6.791098295051255263e+04 2.703024433375804279e+02
5.736348769843042101e+04 6.782964861801952065e+04 2.705236877676986182e+02
5.736348770098590467e+04 6.737633839204756077e+04 2.700214137857851142e+02
5.736348770354139560e+04 6.823001148139027646e+04 2.709400079326829314e+02
5.736348770609687926e+04 6.844453737337827624e+04 2.710870525732555620e+02
5.736348770865237020e+04 6.714593759106661309e+04 2.695570965020491485e+02
5.736348771120785386e+04 6.767794572930861614e+04 2.702269602572558256e+02
5.736348771376334480e+04 6.753310485889646225e+04 2.701530673896821781e+02
5.736348771631882846e+04 6.723648403837226215e+04 2.698667478435752400e+02
5.736348771887431940e+04 6.672637662499456201e+04 2.692202826695003068e+02
5.736348772142980306e+04 6.755566181146696908e+04 2.700405317121488906e+02
5.736348772398529400e+04 6.855124971829919377e+04 2.711561206810851559e+02
5.736348772654077766e+04 6.825713854873299715e+04 2.709974426752274894e+02
5.736348772909626859e+04 6.691706368061389367e+04 2.694645470600486874e+02
5.736348773165175226e+04 6.664633071171680058e+04 2.690385309836475471e+02
5.736348773420724319e+04 6.804519126800633967e+04 2.707059339060102729e+02
5.736348773676272685e+04 6.845963328725626343e+04 2.712132467372984479e+02
5.736348773931821779e+04 6.775356980851627304e+04 2.703385191579660045e+02
5.736348774187370145e+04 6.809817694424017100e+04 2.708129609616871107e+02
5.736348774442919239e+04 6.787722175578147289e+04 2.711309322940135758e+02
5.736348774698467605e+04 6.749435496041357692e+04 2.709983403577325021e+02
5.736348774954016699e+04 6.704090097089142364e+04 2.703574008309340684e+02
5.736348775209565792e+04 6.756019180198566755e+04 2.710054172017471501e+02
5.736348775465114159e+04 6.847501715729644638e+04 2.721172940211175160e+02
5.736348775720663252e+04 6.741112614416793804e+04 2.710053958601027375e+02
5.736348775976211618e+04 6.673097422094688227e+04 2.702091791378475136e+02
5.736348776231760712e+04 6.701873868426257104e+04 2.704618065501460933e+02
5.736348776487309078e+04 6.859792391678591957e+04 2.723352052969416377e+02
5.736348776742858172e+04 6.850722758291415812e+04 2.722186289901484315e+02
5.736348776998406538e+04 6.749852428348004469e+04 2.709719077866988641e+02
5.736348777253955632e+04 6.830297619894522359e+04 2.719800299686484095e+02
5.736348777509503998e+04 6.981903848733176710e+04 2.735618709574321201e+02
5.736348777765053092e+04 7.056337813003560586e+04 2.745849602993843632e+02
5.736348778020601458e+04 7.307447886887943605e+04 2.774628674522693927e+02
5.736348778276150551e+04 8.552988065084892150e+04 2.910655097407525886e+02
5.736348778531698918e+04 1.416881147599516553e+05 3.460886244397133851e+02
5.736348778787248011e+04 1.953806360676116310e+05 3.915412508311808892e+02
5.736348779042796377e+04 2.213198246259008883e+05 4.118145898937042375e+02
5.736348779298345471e+04 1.985886338491747156e+05 3.940553540052445101e+02
5.736348779553893837e+04 1.801854110499665258e+05 3.791769243915780976e+02
5.736348779809442931e+04 1.793607421256411471e+05 3.785250922766998087e+02
5.736348780064991297e+04 1.868255729390699416e+05 3.846513246513447939e+02
5.736348780320540391e+04 1.846842389127429924e+05 3.830492667955026604e+02
5.736348780576088757e+04 1.784003786195397552e+05 3.778507622056018249e+02
5.736348780831637850e+04 2.000103758509886684e+05 3.952120216716072605e+02
5.736348781087186944e+04 1.979969282021835679e+05 3.937478001642295453e+02
5.736348781342735310e+04 1.825918489234874141e+05 3.813384504629852927e+02
5.736348781598284404e+04 1.781243614704754145e+05 3.776030518006079433e+02
5.736348781853832770e+04 1.889899122571893095e+05 3.865850239820056231e+02
5.736348782109381864e+04 1.845887807197059155e+05 3.828345201487999248e+02
5.736348782364930230e+04 1.987528952680730727e+05 3.942000382831413958e+02
5.736348782620479324e+04 1.937176380879499484e+05 3.902433560303984450e+02
5.736348782876027690e+04 1.774234119511726021e+05 3.769777336872170963e+02
5.736348783131576783e+04 1.820861036587815324e+05 3.808322502749448972e+02
5.736348783387125150e+04 1.771101293306536681e+05 3.768345725698291062e+02
5.736348783642674243e+04 1.822540698943944008e+05 3.809134666749648659e+02
5.736348783898222609e+04 1.955305741259298811e+05 3.917721474907179413e+02
5.736348784153771703e+04 1.853687735991038207e+05 3.836763775358573980e+02
5.736348784409320069e+04 1.715500467986162985e+05 3.721320356785735157e+02
5.736348784664869163e+04 1.873007061853750783e+05 3.852151682985089565e+02
5.736348784920417529e+04 2.001178862225783523e+05 3.953705737590223066e+02
5.736348785175966623e+04 2.014259799971909961e+05 3.963586682713948335e+02
5.736348785431514989e+04 1.984582723410593462e+05 3.939220848316265347e+02
5.736348785687064083e+04 1.682933064852614771e+05 3.693185273840830405e+02
5.736348785942612449e+04 1.689214569142763794e+05 3.699366309630042906e+02
5.736348786198161542e+04 1.777107123190411949e+05 3.772756467906814919e+02
5.736348786453709909e+04 1.822602922032593342e+05 3.809652451223636263e+02
5.736348786709259002e+04 2.016646423463108076e+05 3.964591722869642467e+02
