2.457308726307043340e+06 9.848240990644395060e+04 2.759582745453679991e+02
2.457308726368561387e+06 9.821209124403417809e+04 2.756726392347780461e+02
2.457308726430079434e+06 9.816479176398910931e+04 2.757067106131369201e+02
2.457308726491597947e+06 9.793750814346672269e+04 2.754580412680355721e+02
2.457308726553115994e+06 9.841411339086957742e+04 2.759570010672606486e+02
2.457308726614634041e+06 9.860491266590487794e+04 2.761647885866602792e+02
2.457308726676152088e+06 9.835243279057611653e+04 2.758968552789061732e+02
2.457308726737670135e+06 9.809470206569586298e+04 2.756198567301851199e+02
2.457308726799188182e+06 9.953109975272364682e+04 2.771586614802503163e+02
2.457308726860706694e+06 9.749425720221435768e+04 2.748800161104711037e+02
2.457308726922224741e+06 9.797885501867739367e+04 2.755071912336335913e+02
2.457308726983742788e+06 9.772757321162043081e+04 2.751592648639767162e+02
2.457308727045260835e+06 9.837503892231362988e+04 2.758895492527753959e+02
2.457308727106778882e+06 9.817384293470463308e+04 2.757086862379277932e+02
2.457308727168297395e+06 9.790583401705019060e+04 2.753955181842867432e+02
2.457308727229815442e+06 9.736758008234106819e+04 2.747844731238690201e+02
2.457308727291333489e+06 9.862253448377623863e+04 2.761845472912041828e+02
