5.736834698629999912e+04 5.363619445477135741e+03 6.588694690094287409e+01
5.736834698907040001e+04 5.384360479426627535e+03 6.591142430345655612e+01
5.736834699184080091e+04 5.304769243302484028e+03 6.555053767919149266e+01
5.736834699461120181e+04 5.388425975232531528e+03 6.595279820516701363e+01
5.736834699738159543e+04 5.345511772504195505e+03 6.576637532232095396e+01
5.736834700015199633e+04 5.368250608080729762e+03 6.590782171082142327e+01
5.736834700292239722e+04 5.269658122091635050e+03 6.547506364327200856e+01
5.736834700569279812e+04 5.346648175074016763e+03 6.580333821868461541e+01
5.736834700846319902e+04 5.406707240090397136e+03 6.607557431364506328e+01
5.736834701123359991e+04 5.411230995122098648e+03 6.604144266870385138e+01
5.736834701400400081e+04 5.228152892178547518e+03 6.524753060243754987e+01
5.736834701677439443e+04 5.246271703426699787e+03 6.528850689166927168e+01
5.736834701954479533e+04 5.323387693670149929e+03 6.562498031182695968e+01
5.736834702231519623e+04 5.316757491197638046e+03 6.565788416641925096e+01
5.736834702508559712e+04 5.282322178359123427e+03 6.556276066910938027e+01
5.736834702785599802e+04 5.356069241080142092e+03 6.581867584766199286e+01
5.736834703062639892e+04 5.360654333953455534e+03 6.581023971177533838e+01
5.736834703339679982e+04 5.429975533544573409e+03 6.614090776886776268e+01
5.736834703616719344e+04 5.471224622670839381e+03 6.630402652717083356e+01
5.736834703893759433e+04 5.409228811576038424e+03 6.603725530088841822e+01
5.736834704170799523e+04 5.522241436043647809e+03 6.668081931747414615e+01
5.736834704447839613e+04 5.557951726460554710e+03 6.680841494169727923e+01
5.736834704724879703e+04 5.574880572114453571e+03 6.685823328524351439e+01
5.736834705001919792e+04 5.627309118898844645e+03 6.709409483452738243e+01
5.736834705278959882e+04 5.812180021225367454e+03 6.794750593500815228e+01
5.736834705555999972e+04 6.052061154727605754e+03 6.910568434041682906e+01
5.736834705833039334e+04 6.422231238941030824e+03 7.069250897453947857e+01
5.736834706110079424e+04 7.090947947711480992e+03 7.357141840293567725e+01
5.736834706387119513e+04 7.766792548635083222e+03 7.643672393851784364e+01
5.736834706664159603e+04 8.409935926557920538e+03 7.905275224576446647e+01
5.736834706941199693e+04 9.257566238252538824e+03 8.229234712528186435e+01
5.736834707218239782e+04 9.525134629257659981e+03 8.330445664769509051e+01
5.736834707495279872e+04 9.589741520117908294e+03 8.351865095936545913e+01
5.736834707772319234e+04 9.361592895489078728e+03 8.268830090814118705e+01
5.736834708049359324e+04 9.247630651646819388e+03 8.222263711674305853e+01
5.736834708326399414e+04 9.043973704788075338e+03 8.148273157344240758e+01
5.736834708603439503e+04 9.145830003193657831e+03 8.182642881546131264e+01
5.736834708880479593e+04 9.267292402695300552e+03 8.233326556807156749e+01
5.736834709157519683e+04 9.489747064867526205e+03 8.317835101790501540e+01
5.736834709434559772e+04 9.832505521700488316e+03 8.443476753679269109e+01
5.736834709711599135e+04 1.041940947409108412e+04 8.657411111395663283e+01
5.736834709988639224e+04 1.127263058060410003e+04 8.960606264661319642e+01
5.736834710265679314e+04 1.198980323237755874e+04 9.204771748138821863e+01
5.736834710542719404e+04 1.232860598002232291e+04 9.323058245594498317e+01
5.736834710819759493e+04 1.219390070564551024e+04 9.277476594328666692e+01
5.736834711096799583e+04 1.145528441288922477e+04 9.025155231391282484e+01
5.736834711373839673e+04 1.067861424947668274e+04 8.752078013243280452e+01
5.736834711650879035e+04 1.003795932600987362e+04 8.519084536665290841e+01
5.736834711927919125e+04 9.699099885945173810e+03 8.393190755467139752e+01
5.736834712204959214e+04 9.424873409111700312e+03 8.291904015576494658e+01
5.736834712481999304e+04 9.411250145315754708e+03 8.290443271930763558e+01
5.736834712759039394e+04 9.359535945936702774e+03 8.267074895658647904e+01
5.736834713036079484e+04 9.163557519951176801e+03 8.193219207524293779e+01
5.736834713313119573e+04 9.088919361702774040e+03 8.167204396458093640e+01
5.736834713590158935e+04 9.065339785626376397e+03 8.157913154383722087e+01
5.736834713867199025e+04 9.416454843721741781e+03 8.291424274694719543e+01
5.736834714144239115e+04 9.375219857361291361e+03 8.275037474512861024e+01
5.736834714421279205e+04 9.773832258490781896e+03 8.421284482294896634e+01
5.736834714698319294e+04 1.015340284659296231e+04 8.561660374611155078e+01
5.736834714975359384e+04 1.014460036906972346e+04 8.554949928549318372e+01
5.736834715252399474e+04 1.015543814661566103e+04 8.563658929131521802e+01
5.736834715529438836e+04 1.035400025656301295e+04 8.632540376032233098e+01
5.736834715806478926e+04 1.044289303680023113e+04 8.663625907126260017e+01
5.736834716083519015e+04 1.029861127964900152e+04 8.615061448037278069e+01
5.736834716360559105e+04 1.044624863953355089e+04 8.664428868029450825e+01
5.736834716637599195e+04 1.018990707862469571e+04 8.573847456033037417e+01
5.736834716914639284e+04 1.015358645117192100e+04 8.565581346491102011e+01
5.736834717191679374e+04 1.035052142478386304e+04 8.635800707669361032e+01
5.736834717468719464e+04 1.044621409463932832e+04 8.670634974317012222e+01
5.736834717745758826e+04 1.054125212670152541e+04 8.702763288022985932e+01
5.736834718022798916e+04 1.054354141678083033e+04 8.707056798248504492e+01
5.736834718299839005e+04 1.057821644195009685e+04 8.715643984151817847e+01
5.736834718576879095e+04 1.051085098568857757e+04 8.694790767985669788e+01
5.736834718853919185e+04 1.035243770266880165e+04 8.634893615042844317e+01
5.736834719130959274e+04 1.047196019780841198e+04 8.681483651551333480e+01
5.736834719407999364e+04 1.078610594917305934e+04 8.791021164239083419e+01
5.736834719685038726e+04 1.127227161834481376e+04 8.960077795013032187e+01
5.736834719962078816e+04 1.135975112383230589e+04 8.993738953285462401e+01
5.736834720239118906e+04 1.129448143527264983e+04 8.969612102020666100e+01
5.736834720516158995e+04 1.114151420168432014e+04 8.916556283547562600e+01
5.736834720793199085e+04 1.104375198038195776e+04 8.882481383078069825e+01
5.736834721070239175e+04 1.090228951324989248e+04 8.831265669705895505e+01
5.736834721347279265e+04 1.104477688940852022e+04 8.884331409349243813e+01
5.736834721624318627e+04 1.098728209635121857e+04 8.861432605743448221e+01
5.736834721901358716e+04 1.065596154678081075e+04 8.744240193156113605e+01
5.736834722178398806e+04 1.039265560896918760e+04 8.646608505295131408e+01
5.736834722455438896e+04 1.036455071317333386e+04 8.638162884657985785e+01
5.736834722732478986e+04 1.024110642998645017e+04 8.596226994895070561e+01
5.736834723009519075e+04 1.014641828807400998e+04 8.564423740971652421e+01
5.736834723286559165e+04 1.008973881942848311e+04 8.539961378889142907e+01
5.736834723563598527e+04 9.858437077486507405e+03 8.455725183070997275e+01
5.736834723840638617e+04 9.591517992038419834e+03 8.354775313995595809e+01
5.736834724117678707e+04 9.369261849856313347e+03 8.273077562630342641e+01
5.736834724394718796e+04 9.238170071598355207e+03 8.221495268165723758e+01
5.736834724671758886e+04 9.281184868021437069e+03 8.238430489553235248e+01
5.736834724948798976e+04 9.733574096102982367e+03 8.406734836924655951e+01
5.736834725225839065e+04 1.025200834014438624e+04 8.596895098201956387e+01
5.736834725502878428e+04 1.065939001451156946e+04 8.742183836190694990e+01
5.736834725779918517e+04 1.122183889214741430e+04 8.944176495218898992e+01
5.736834726056958607e+04 1.173682827393480329e+04 9.115248309620864120e+01
5.736834726333998697e+04 1.162569315655840546e+04 9.081998647385020718e+01
5.736834726611038786e+04 1.136004563244035126e+04 8.993201443871883782e+01
5.736834726888078876e+04 1.098130949164330013e+04 8.862981717744946764e+01
5.736834727165118966e+04 1.061709596448307639e+04 8.732220154423994529e+01
5.736834727442158328e+04 1.069486931948739038e+04 8.751691114228118806e+01
5.736834727719198418e+04 1.050857704517330421e+04 8.688662045531079059e+01
5.736834727996238507e+04 1.049170961919062756e+04 8.681920970850009667e+01
5.736834728273278597e+04 1.044880841741334370e+04 8.668234914381918088e+01
5.736834728550318687e+04 1.035514614597578839e+04 8.632360752877725929e+01
5.736834728827358776e+04 1.055177148608429525e+04 8.705315949425076383e+01
5.736834729104398866e+04 1.099565065932907055e+04 8.860820111199902271e+01
5.736834729381438956e+04 1.120248100843582506e+04 8.932229029001058507e+01
5.736834729658478318e+04 1.081859190084253169e+04 8.791279423473454813e+01
5.736834729935518408e+04 1.059370739257922469e+04 8.713800472395625718e+01
5.736834730212558497e+04 1.027092211088897602e+04 8.604214883631993871e+01
5.736834730489598587e+04 9.975034829779015126e+03 8.496301260372767672e+01
5.736834730766638677e+04 9.553542885669919997e+03 8.337153707774791656e+01
5.736834731043678767e+04 9.143631671966930298e+03 8.182081948918090575e+01
5.736834731320718856e+04 9.003537685181041525e+03 8.125218806633827739e+01
5.736834731597758218e+04 9.227093185180021464e+03 8.212425834856846052e+01
5.736834731874798308e+04 9.393978068629594418e+03 8.277453497977411701e+01
5.736834732151838398e+04 9.900862957042678318e+03 8.467713550494784158e+01
5.736834732428878488e+04 1.045328037005542865e+04 8.669511030725486478e+01
5.736834732705918577e+04 1.120399258120122977e+04 8.934530779503370468e+01
5.736834732982958667e+04 1.142569548506377396e+04 9.011466953224409338e+01
5.736834733259998757e+04 1.156493659958642093e+04 9.056158126187406765e+01
5.736834733537038119e+04 1.113076310271161856e+04 8.904533138514537427e+01
5.736834733814078209e+04 1.059205927951087870e+04 8.717743966506486686e+01
5.736834734091118298e+04 1.022426471972464424e+04 8.582139303002232111e+01
5.736834734368158388e+04 9.939049639410126474e+03 8.479553532964912677e+01
5.736834734645198478e+04 1.003282558559351673e+04 8.514215614540479748e+01
5.736834734922238567e+04 1.011435810361699077e+04 8.545636210354155082e+01
5.736834735199278657e+04 1.025041756560427348e+04 8.596756004319206568e+01
5.736834735476318019e+04 1.032914085779296511e+04 8.619482154517699257e+01
5.736834735753358109e+04 1.061575876388938559e+04 8.727067902887509376e+01
5.736834736030398199e+04 1.096484536813748491e+04 8.850490771763047348e+01
5.736834736307438288e+04 1.114149663353680444e+04 8.910636992401107648e+01
5.736834736584478378e+04 1.076227920240637468e+04 8.778576714056119101e+01
5.736834736861518468e+04 1.012462857993611942e+04 8.546341724033791820e+01
5.736834737138558557e+04 9.669108591789730781e+03 8.381007179552037201e+01
5.736834737415597920e+04 9.523616364378616709e+03 8.320207301517876886e+01
5.736834737692638009e+04 9.902957958243021494e+03 8.461165177852078045e+01
5.736834737969678099e+04 1.020874966447748193e+04 8.572689611265080600e+01
5.736834738246718189e+04 1.034316517357715384e+04 8.626384126181429224e+01
5.736834738523758278e+04 1.044773616292482075e+04 8.661675843988315648e+01
5.736834738800798368e+04 1.014861409131101027e+04 8.552268774237174398e+01
5.736834739077838458e+04 1.023493635457505479e+04 8.586609077765595543e+01
5.736834739354878548e+04 1.027835711937257111e+04 8.600622613080629719e+01
5.736834739631917910e+04 1.051819816752250517e+04 8.690777114746620668e+01
5.736834739908957999e+04 1.078171093920725616e+04 8.782958686571551254e+01
5.736834740185998089e+04 1.066707452071107946e+04 8.743010717179627989e+01
5.736834740463038179e+04 1.046725936389550407e+04 8.669783440597993263e+01
5.736834740740078269e+04 1.019998981147679842e+04 8.572526512234789209e+01
5.736834741017118358e+04 9.819065225628937696e+03 8.437463148966376991e+01
5.736834741294158448e+04 9.831900690077180116e+03 8.436483255001101611e+01
5.736834741571197810e+04 9.945644546190380424e+03 8.482265714149008318e+01
5.736834741848237900e+04 1.042757192290237435e+04 8.656276576191548600e+01
5.736834742125277990e+04 1.059234162219994687e+04 8.716254546986351670e+01
5.736834742402318079e+04 1.071574063086704155e+04 8.765714995929096176e+01
5.736834742679358169e+04 1.041333996462348659e+04 8.649046832162920850e+01
5.736834742956398259e+04 1.021400148588908633e+04 8.578395844821203298e+01
5.736834743233438348e+04 1.003510310465083603e+04 8.517105664541514898e+01
5.736834743510477711e+04 1.006704627590347263e+04 8.525087135639620328e+01
5.736834743787517800e+04 1.009369125899517348e+04 8.535359742772251934e+01
5.736834744064557890e+04 1.010356800785226187e+04 8.534292038878517417e+01
5.736834744341597980e+04 1.036107133038961183e+04 8.631182836165703520e+01
5.736834744618638069e+04 1.059336652986751687e+04 8.716331063258219558e+01
5.736834744895678159e+04 1.092726184928257135e+04 8.835311838368127724e+01
5.736834745172718249e+04 1.094069195127597231e+04 8.840331843542146828e+01
5.736834745449757611e+04 1.103420979409068241e+04 8.873200911903731480e+01
5.736834745726797701e+04 1.081668000760263385e+04 8.794912477171521914e+01
5.736834746003837790e+04 1.049196956894939467e+04 8.684135584703230393e+01
5.736834746280877880e+04 1.041945807658560261e+04 8.654259344349604532e+01
5.736834746557917970e+04 1.017639069939726141e+04 8.564919328737256876e+01
5.736834746834958059e+04 9.639771699729044485e+03 8.362739710251246095e+01
5.736834747111998149e+04 9.499241869328683606e+03 8.311943911980327471e+01
5.736834747389037511e+04 9.428096609249507310e+03 8.288478403166745068e+01
5.736834747666077601e+04 9.132305812396461988e+03 8.175584864401258756e+01
5.736834747943117691e+04 9.099172566094721333e+03 8.165137563248107710e+01
5.736834748220157780e+04 9.139368361452863610e+03 8.178597447855683811e+01
5.736834748497197870e+04 9.160401482598183065e+03 8.184477950034069238e+01
5.736834748774237960e+04 9.334882727426833299e+03 8.252610955302252194e+01
5.736834749051278050e+04 9.887669909275533428e+03 8.459342044005762773e+01
5.736834749328317412e+04 1.029588892243181544e+04 8.612197001156367548e+01
5.736834749605357501e+04 1.059400658290475440e+04 8.717292081078936405e+01
5.736834749882397591e+04 1.088825671065578899e+04 8.819530585353253116e+01
5.736834750159437681e+04 1.112273736675632244e+04 8.902752938037876618e+01
5.736834750436477771e+04 1.119135157214065657e+04 8.926653469557896869e+01
5.736834750713517860e+04 1.093707151697065456e+04 8.834830329741856758e+01
5.736834750990557950e+04 1.078147032036989003e+04 8.781120068293127190e+01
5.736834751267598040e+04 1.057637721018026969e+04 8.713546765944811057e+01
5.736834751544637402e+04 1.060204161810056576e+04 8.720252971072454784e+01
5.736834751821677492e+04 1.048040670781538211e+04 8.675642756969607206e+01
5.736834752098717581e+04 1.042304632628330910e+04 8.651045140302957748e+01
5.736834752375757671e+04 1.016710533551447224e+04 8.559193171018853263e+01
5.736834752652797761e+04 1.006523350249966643e+04 8.522756357589406662e+01
5.736834752929837850e+04 1.025818652647774616e+04 8.590884038429818759e+01
5.736834753206877940e+04 1.057866512695116762e+04 8.707261399457169659e+01
5.736834753483917302e+04 1.068365039532142691e+04 8.747443335544630827e+01
5.736834753760957392e+04 1.064620005458518062e+04 8.734006452184831915e+01
5.736834754037997482e+04 1.053163523982355582e+04 8.695700072628660848e+01
5.736834754315037571e+04 1.037570799405551406e+04 8.638861841657750062e+01
5.736834754592077661e+04 1.037536217951361505e+04 8.638428773220935852e+01
5.736834754869117751e+04 1.032687805009078693e+04 8.617881868790053090e+01
5.736834755146157840e+04 1.031686014535229333e+04 8.620308870012205205e+01
5.736834755423197203e+04 1.046043020910632004e+04 8.668369959896976695e+01
5.736834755700237292e+04 1.053079818243221962e+04 8.694304577340164997e+01
5.736834755977277382e+04 1.042731925674837476e+04 8.657743569025450370e+01
5.736834756254317472e+04 1.025016335316042750e+04 8.595601807756493429e+01
5.736834756531357561e+04 1.011947695268339885e+04 8.545680461894414748e+01
5.736834756808397651e+04 1.000445009266575653e+04 8.503281359746155488e+01
5.736834757085437741e+04 1.001154667978199359e+04 8.507787241131468647e+01
5.736834757362477103e+04 1.008724280550608455e+04 8.537678020166029569e+01
5.736834757639517193e+04 1.026890429699641027e+04 8.597417881843988141e+01
5.736834757916557282e+04 1.041424133562057796e+04 8.653591847590699615e+01
5.736834758193597372e+04 1.031705892853465775e+04 8.616999622052310315e+01
5.736834758470637462e+04 1.005280158317336281e+04 8.521378782602317870e+01
5.736834758747677552e+04 9.996595834236752125e+03 8.505976716014929195e+01
5.736834759024717641e+04 1.003405012657648149e+04 8.517750257267660174e+01
5.736834759301757003e+04 1.020619869440519142e+04 8.578596693537608076e+01
5.736834759578797093e+04 1.037358731198249006e+04 8.642682638716524934e+01
5.736834759855837183e+04 1.026712505440092355e+04 8.600197134105003727e+01
5.736834760132877273e+04 1.023184283882751151e+04 8.587270355500278640e+01
5.736834760409917362e+04 1.018823645959036367e+04 8.568284012656704363e+01
5.736834760686957452e+04 1.020378377208745042e+04 8.579822338365276835e+01
5.736834760963997542e+04 1.017315151234603036e+04 8.563734826091922514e+01
5.736834761241036904e+04 1.016918087879217819e+04 8.561440125341037799e+01
5.736834761518076994e+04 1.011490589367897883e+04 8.545920308686399380e+01
5.736834761795117083e+04 9.945293267110502711e+03 8.483479165814397049e+01
5.736834762072157173e+04 9.929370898196726557e+03 8.474864558096636813e+01
5.736834762349197263e+04 9.818843790380597056e+03 8.434642545734303098e+01
5.736834762626237352e+04 9.558845196091247999e+03 8.339810295325695222e+01
5.736834762903277442e+04 9.495895315097648563e+03 8.314817307039729144e+01
5.736834763180317532e+04 9.108840473667658443e+03 8.168801420867090712e+01
5.736834763457356894e+04 8.714432417215133682e+03 8.016609441376216694e+01
5.736834763734396984e+04 8.198916430546943957e+03 7.812546841385427854e+01
5.736834764011437073e+04 7.747120475495206847e+03 7.626077659247802387e+01
5.736834764288477163e+04 7.106364718230995095e+03 7.360019187500682847e+01
5.736834764565517253e+04 6.786476629806100391e+03 7.232350986220447453e+01
5.736834764842557342e+04 6.315857661601729887e+03 7.022349998854336661e+01
5.736834765119597432e+04 6.047541519372701259e+03 6.902085283697699936e+01
5.736834765396636794e+04 5.835527145370431754e+03 6.802949490819710832e+01
5.736834765673676884e+04 5.607381651688206148e+03 6.698238624196392266e+01
5.736834765950716974e+04 5.612175306233459196e+03 6.698342998286037187e+01
5.736834766227757063e+04 5.459550061775924405e+03 6.634042332132031561e+01
5.736834766504797153e+04 5.463831709597648114e+03 6.633235344702904968e+01
5.736834766781837243e+04 5.500676597759464130e+03 6.648674701502697815e+01
5.736834767058877333e+04 5.461310717904340891e+03 6.630441233634606135e+01
5.736834767335916695e+04 5.416884470381474785e+03 6.609775710702953688e+01
5.736834767612956784e+04 5.429596160296790913e+03 6.613800611690865594e+01
5.736834767889996874e+04 5.385393269429378051e+03 6.590914951028298674e+01
5.736834768167036964e+04 5.461508679742138156e+03 6.629015308590791733e+01
