5.745938794449999841e+04 6.497888823715137733e+03 7.037611002008472383e+01
5.745938794950307783e+04 6.423990593645519766e+03 7.011685182816877671e+01
5.745938795450615726e+04 6.522183380021802805e+03 7.051543314575549459e+01
5.745938795950924396e+04 6.697292625510317521e+03 7.127619146329865885e+01
5.745938796451232338e+04 7.012705540569521872e+03 7.263994679344527583e+01
5.745938796951540280e+04 7.706343298373845755e+03 7.559778369087987926e+01
5.745938797451848222e+04 9.012749082143940541e+03 8.082874485719828783e+01
5.745938797952156165e+04 1.026085085538500789e+04 8.553434385546441376e+01
5.745938798452464835e+04 1.107131093805677665e+04 8.843236445551852398e+01
5.745938798952772777e+04 1.137677442516412339e+04 8.950668576284280675e+01
5.745938799453080719e+04 1.173559654696095822e+04 9.071901981679084770e+01
5.745938799953388661e+04 1.222879639411634525e+04 9.243157788121398255e+01
5.745938800453696604e+04 1.229460102863138854e+04 9.265630350301633200e+01
5.745938800954005274e+04 1.237853919255339497e+04 9.291857758099824594e+01
5.745938801454313216e+04 1.166076477036113465e+04 9.048731689521609667e+01
5.745938801954621158e+04 1.090364854211944657e+04 8.783701943653498745e+01
5.745938802454929100e+04 1.132648025097821301e+04 8.933432828604691167e+01
5.745938802955237043e+04 1.259255495107997740e+04 9.365508411198703698e+01
5.745938803455545712e+04 1.299150938269867038e+04 9.497855666561839882e+01
5.745938803955853655e+04 1.272194601375248203e+04 9.407744677940691247e+01
5.745938804456161597e+04 1.244112347428867906e+04 9.317918748934954465e+01
5.745938804956469539e+04 1.216260755121074362e+04 9.223003760896035885e+01
5.745938805456777482e+04 1.250084266205274798e+04 9.334442703375400185e+01
5.745938805957086151e+04 1.269863152361677021e+04 9.401393782113991904e+01
5.745938806457394094e+04 1.280255357283517515e+04 9.432775041302946306e+01
5.745938806957702036e+04 1.250397622903661249e+04 9.337196897951213259e+01
5.745938807458009978e+04 1.217001772581816840e+04 9.222229107701484452e+01
5.745938807958317921e+04 1.144631201974583746e+04 8.974688590455298254e+01
5.745938808458626590e+04 1.073956605424083318e+04 8.724828341000949194e+01
5.745938808958934533e+04 1.074800693864601999e+04 8.727196855676275788e+01
5.745938809459242475e+04 1.164281912263356389e+04 9.040456372002748253e+01
5.745938809959550417e+04 1.231260505868942528e+04 9.267131392929960043e+01
5.745938810459858360e+04 1.235853985804312651e+04 9.287306164823409915e+01
5.745938810960167029e+04 1.256989927186295427e+04 9.354541463696000392e+01
5.745938811460474972e+04 1.238080884716365836e+04 9.293961178746204155e+01
5.745938811960782914e+04 1.186853521417615957e+04 9.123615851662353293e+01
5.745938812461090856e+04 1.170512910530939735e+04 9.063549364061587710e+01
5.745938812961398799e+04 1.176519839713311194e+04 9.085071996536763095e+01
5.745938813461707468e+04 1.209363789905375415e+04 9.197346437578457312e+01
5.745938813962015411e+04 1.229160085634078132e+04 9.262960764606422970e+01
5.745938814462323353e+04 1.203357975365095808e+04 9.178255767447892310e+01
5.745938814962631295e+04 1.200936409056997400e+04 9.169238773714843660e+01
5.745938815462939237e+04 1.158250518792221192e+04 9.019268164849026448e+01
5.745938815963247907e+04 1.130187470658718485e+04 8.921658352035909445e+01
5.745938816463555850e+04 1.176525525356026446e+04 9.086121888449572737e+01
5.745938816963863792e+04 1.183905051396865929e+04 9.108079950285004145e+01
5.745938817464171734e+04 1.206908789202046682e+04 9.186298031638075656e+01
5.745938817964479676e+04 1.206280141569070656e+04 9.186146950188017968e+01
5.745938818464788346e+04 1.210620599124405635e+04 9.198849120928670686e+01
5.745938818965096289e+04 1.174428889123314002e+04 9.073961696053082449e+01
5.745938819465404231e+04 1.152769455250621286e+04 9.001951419619165051e+01
5.745938819965712173e+04 1.144157545828324146e+04 8.973469734458171843e+01
5.745938820466020115e+04 1.141242565643242051e+04 8.963793097115528496e+01
5.745938820966328785e+04 1.175541546790591383e+04 9.076658796131482632e+01
5.745938821466636728e+04 1.214421301192705323e+04 9.209671632906331240e+01
5.745938821966944670e+04 1.231886080619280438e+04 9.272887165101455764e+01
5.745938822467252612e+04 1.257289744809737567e+04 9.360599489314348887e+01
5.745938822967560554e+04 1.279763693371092086e+04 9.431188346598625571e+01
5.745938823467869224e+04 1.289005644418006341e+04 9.458782293521899476e+01
5.745938823968177167e+04 1.267834296731243739e+04 9.390503952645387642e+01
5.745938824468485109e+04 1.218523815671420380e+04 9.231120626853049771e+01
5.745938824968793051e+04 1.227870434800494331e+04 9.262742427589643057e+01
5.745938825469100993e+04 1.249696924822889014e+04 9.331883230888576009e+01
5.745938825969409663e+04 1.276234926413888570e+04 9.419266460481581760e+01
5.745938826469717606e+04 1.296260903605811109e+04 9.485408075988797805e+01
5.745938826970025548e+04 1.300129176157235815e+04 9.497075166714077454e+01
5.745938827470333490e+04 1.263716391361220303e+04 9.376666343993366581e+01
5.745938827970641432e+04 1.245626070933255505e+04 9.317664444925317468e+01
5.745938828470950102e+04 1.184435622687610885e+04 9.109685739458574005e+01
5.745938828971258044e+04 1.149778735173038876e+04 8.994020530311512118e+01
5.745938829471565987e+04 1.167527661203080606e+04 9.051067976210859456e+01
5.745938829971873929e+04 1.202994810683587275e+04 9.172402641750259988e+01
5.745938830472182599e+04 1.191641554111750520e+04 9.137948360119931124e+01
5.745938830972490541e+04 1.179052379669251422e+04 9.093153057388730076e+01
5.745938831472798483e+04 1.189130280783290618e+04 9.125393483588391064e+01
5.745938831973106426e+04 1.221122769307649287e+04 9.235557187961306624e+01
5.745938832473414368e+04 1.247245021919169449e+04 9.323856070509195604e+01
5.745938832973723038e+04 1.188774232517131531e+04 9.127000594777726405e+01
5.745938833474030980e+04 1.179348917099494065e+04 9.097437693477610310e+01
5.745938833974338922e+04 1.218246319214927644e+04 9.225672179992196220e+01
5.745938834474646865e+04 1.269437972647695278e+04 9.397084588487879842e+01
5.745938834974954807e+04 1.241975133458229539e+04 9.306013690435224817e+01
5.745938835475263477e+04 1.185236222001879105e+04 9.113808338264786357e+01
5.745938835975571419e+04 1.159614190831517408e+04 9.024977836250512553e+01
5.745938836475879361e+04 1.174978493834532856e+04 9.076227514748832448e+01
5.745938836976187304e+04 1.205539474715878532e+04 9.189375579458848620e+01
5.745938837476495246e+04 1.183023385144457643e+04 9.104568994288797512e+01
5.745938837976803916e+04 1.151897219710640456e+04 9.005216297713954532e+01
5.745938838477111858e+04 1.153066394403783670e+04 9.020655060830416971e+01
5.745938838977419800e+04 1.171589209052639490e+04 9.042471423351975091e+01
5.745938839477727743e+04 1.274915428798792709e+04 9.375960695264636513e+01
5.745938839978035685e+04 1.279803909008110168e+04 9.398670462079988397e+01
5.745938840478344355e+04 9.166401028753278297e+03 8.138166541860223901e+01
5.745938840978652297e+04 7.430457146973858471e+03 7.468119902529460319e+01
5.745938841478960239e+04 1.075491105770825197e+04 8.736519425244492254e+01
5.745938841979268182e+04 1.251940192762808692e+04 9.318546860781493990e+01
5.745938842479576124e+04 1.248460242411134095e+04 9.283647507009867184e+01
5.745938842979884794e+04 1.203546814332397116e+04 9.147777372474568836e+01
5.745938843480192736e+04 1.228239507185911134e+04 9.269019056373393539e+01
5.745938843980500678e+04 1.223844322662879858e+04 9.247281387965603017e+01
5.745938844480808621e+04 1.164905710393100526e+04 9.046367156421321454e+01
5.745938844981116563e+04 1.128367713254673799e+04 8.917774119794124488e+01
5.745938845481425233e+04 1.148845852007287249e+04 8.987293440349100138e+01
5.745938845981733175e+04 1.192887457031329541e+04 9.139440060314420577e+01
5.745938846482041117e+04 1.194494909781260321e+04 9.144668950055415735e+01
5.745938846982349060e+04 1.168711271934542674e+04 9.053125206962394600e+01
5.745938847482657002e+04 1.180347880084842473e+04 9.097691483221389319e+01
5.745938847982965672e+04 1.193113257966757919e+04 9.138749077086943373e+01
5.745938848483273614e+04 1.157383495911564933e+04 9.018715721686611175e+01
5.745938848983581556e+04 1.156897881296671767e+04 9.013083762693395329e+01
5.745938849483889499e+04 1.215994602993653643e+04 9.218998935839573505e+01
5.745938849984197441e+04 1.238357361654399756e+04 9.293240242507104654e+01
5.745938850484506111e+04 1.241756401407634075e+04 9.306767940840502717e+01
5.745938850984814053e+04 1.209678039483155953e+04 9.198913974877470423e+01
5.745938851485121995e+04 1.170719014039748799e+04 9.063882580599606342e+01
5.745938851985429937e+04 1.118475266798565644e+04 8.882326234749029936e+01
5.745938852485737880e+04 1.114543326537402754e+04 8.871452743851256173e+01
5.745938852986046550e+04 1.163879449707164531e+04 9.039875494655855448e+01
5.745938853486354492e+04 1.221754036392797389e+04 9.242659897630491628e+01
5.745938853986662434e+04 1.208923569137725281e+04 9.197854734850700709e+01
5.745938854486970376e+04 1.219401177824738443e+04 9.236505217169660398e+01
5.745938854987278319e+04 1.258554947215950961e+04 9.366723338841643454e+01
5.745938855487586989e+04 1.261259901216660182e+04 9.370497604537925440e+01
5.745938855987894931e+04 1.229091545793949626e+04 9.265558800482860136e+01
5.745938856488202873e+04 1.193985551776195280e+04 9.142232072058349956e+01
5.745938856988510815e+04 1.179051031499581040e+04 9.091101989098015679e+01
5.745938857488818758e+04 1.181462522598180476e+04 9.103861477079249198e+01
5.745938857989127428e+04 1.212505617978640657e+04 9.207124394223851027e+01
5.745938858489435370e+04 1.227260783581814394e+04 9.255127653673298482e+01
5.745938858989743312e+04 1.244361507209713272e+04 9.314229232962739502e+01
5.745938859490051254e+04 1.189991763230841025e+04 9.132671856121899623e+01
5.745938859990359197e+04 1.154804885370980810e+04 9.007098567093794372e+01
5.745938860490667867e+04 1.115165285250629313e+04 8.867576840935694804e+01
5.745938860990975809e+04 9.883740928763239936e+03 8.412489586485818904e+01
5.745938861491283751e+04 8.616510162478851271e+03 7.924086958743122011e+01
5.745938861991591693e+04 7.515998346318832773e+03 7.475499226529692010e+01
5.745938862491899636e+04 6.890397732263523721e+03 7.211769634337913715e+01
5.745938862992208306e+04 6.637484615177385422e+03 7.099469467871017514e+01
5.745938863492516248e+04 6.516420516254298491e+03 7.045714096405018267e+01
5.745938863992824190e+04 6.493303256395658536e+03 7.042110031920779534e+01
