# zp=30.985433636000188
2.457368840557099786e+06 2.039402697986205482e+01 1.475200572717634030e-02
2.457368840576416347e+06 2.045733148914084865e+01 1.543367736232328230e-02
2.457368840595732909e+06 2.048829608901916544e+01 1.578918100153069853e-02
2.457368840615049005e+06 2.049824999562357419e+01 1.582423666491944089e-02
2.457368840634365566e+06 2.049373159760897067e+01 1.602214276542384894e-02
2.457368840653682128e+06 2.048689213122326791e+01 1.612595613982096762e-02
2.457368840672998689e+06 2.049287909102416450e+01 1.614955596172965718e-02
2.457368840692315251e+06 2.050217066635151042e+01 1.614268014771666829e-02
2.457368840711631812e+06 2.050961954574144386e+01 1.641183776180002440e-02
2.457368840730948374e+06 2.050773626479022838e+01 1.648111091395768404e-02
2.457368840750264470e+06 2.053160347505199113e+01 1.662307230176073361e-02
2.457368840769581031e+06 2.049824696937627166e+01 1.614043993572889316e-02
2.457368840788897593e+06 2.056573225872572053e+01 1.644892508155968922e-02
2.457368840808214154e+06 2.054319348990977900e+01 1.631131020872432155e-02
2.457368840827530716e+06 2.055450383520197022e+01 1.653630137444002390e-02
2.457368840846846811e+06 2.054425137297115000e+01 1.669918331094081068e-02
2.457368840866163373e+06 2.053932271467916593e+01 1.668694228716375433e-02
2.457368840885479935e+06 2.056670482902983821e+01 1.670712711483361007e-02
2.457368840904796496e+06 2.057998771502351332e+01 1.703747648393445779e-02
2.457368840924113058e+06 2.060171304923121482e+01 1.687013241210095008e-02
2.457368840943429619e+06 2.056021244637044632e+01 1.659853180187287683e-02
2.457368840962746181e+06 2.055027095598111231e+01 1.671696268964358717e-02
2.457368840982062276e+06 2.052734249780185039e+01 1.683221476338134931e-02
2.457368841001378838e+06 2.054704166712800628e+01 1.662405849391235257e-02
2.457368841020695399e+06 2.056150359471045519e+01 1.647152261049942071e-02
2.457368841040011961e+06 2.053552747743079010e+01 1.641861401973353576e-02
2.457368841059328523e+06 2.054082173068727712e+01 1.612007907804260259e-02
2.457368841078644618e+06 2.053030403737309939e+01 1.641529017470333418e-02
2.457368841097961180e+06 2.055316954587921430e+01 1.663410253638532288e-02
2.457368841117277741e+06 2.056468943015851281e+01 1.640605252744286799e-02
2.457368841136594303e+06 2.057987786744101655e+01 1.664075193263593946e-02
2.457368841155910864e+06 2.059710747012195853e+01 1.662212470938814746e-02
2.457368841175227426e+06 2.055305245069816067e+01 1.645192060621173541e-02
2.457368841194543988e+06 2.057049232567396757e+01 1.631009963655910208e-02
2.457368841213860083e+06 2.054220972229102671e+01 1.627130902420387618e-02
2.457368841233176645e+06 2.058243406770939998e+01 1.653668758917840528e-02
2.457368841252493206e+06 2.057817030885708220e+01 1.648097082424418089e-02
