2.457363082047000062e+06 3.906014147786458489e+04 2.187696928327994783e+02
2.457363082077241037e+06 3.844389757812499738e+04 2.179430715911963432e+02
2.457363082107482012e+06 3.889849259440103197e+04 2.184570568248847451e+02
2.457363082137722988e+06 3.869273354492188082e+04 2.184200261237377845e+02
2.457363082167964429e+06 3.877442652343750524e+04 2.182828906853107185e+02
2.457363082198205404e+06 3.931310619140622293e+04 2.190259587248645232e+02
2.457363082228446379e+06 3.835754164713543287e+04 2.180459232416448572e+02
2.457363082258687355e+06 3.850223551432293607e+04 2.180435345356806920e+02
2.457363082288928330e+06 3.906739980143227149e+04 2.186176155131283281e+02
2.457363082319169305e+06 3.913538006184901315e+04 2.187742942358429730e+02
2.457363082349410281e+06 3.931823430338539765e+04 2.190416906880908812e+02
2.457363082379651256e+06 3.949960376953123341e+04 2.191427298241752055e+02
2.457363082409892697e+06 3.935357141927086923e+04 2.192161300659727488e+02
2.457363082440133672e+06 3.962173355468746740e+04 2.194735356168421276e+02
2.457363082470374648e+06 3.948657541666671750e+04 2.192468714118780326e+02
2.457363082500615623e+06 3.865740466145830578e+04 2.183984165520388103e+02
2.457363082530856598e+06 3.901939536132817739e+04 2.188110575347236875e+02
2.457363082561097573e+06 3.943443534830720455e+04 2.194949649359406578e+02
2.457363082591338549e+06 3.918538500651047798e+04 2.188958234511129888e+02
2.457363082621579524e+06 3.813057156901046255e+04 2.175008111371919597e+02
2.457363082651820965e+06 3.640799020182283130e+04 2.151074097093325861e+02
2.457363082682061940e+06 3.540917395182295877e+04 2.137092451002636153e+02
2.457363082712302916e+06 3.590856710286462476e+04 2.144010412606348268e+02
2.457363082742543891e+06 3.537646115234366152e+04 2.138467830208167584e+02
