5.730822645170000033e+04 5.600183456233653123e+04 2.257114219148887742e+02
5.730822645375008142e+04 5.720892102998073096e+04 2.261895765752451553e+02
5.730822645580015524e+04 5.726052709500800120e+04 2.260563033594707747e+02
5.730822645785023633e+04 5.645063603193245945e+04 2.254533294801697991e+02
5.730822645990031742e+04 5.624307770322888973e+04 2.259258108049502027e+02
5.730822646195039852e+04 5.590459193800968933e+04 2.257528780136048852e+02
5.730822646400047233e+04 5.580577307649134309e+04 2.254182548925752201e+02
5.730822646605055343e+04 5.603612149948030856e+04 2.256324760738583848e+02
5.730822646810063452e+04 5.613857362116480363e+04 2.259317012791625245e+02
5.730822647015071561e+04 5.636587102117540780e+04 2.263421568586307444e+02
5.730822647220078943e+04 5.550712007859391451e+04 2.258369057307043590e+02
5.730822647425087052e+04 5.556466839748137863e+04 2.256521547633401212e+02
5.730822647630095162e+04 5.607278777556767454e+04 2.257896732267325035e+02
5.730822647835103271e+04 5.642541608337243088e+04 2.261068277118831418e+02
5.730822648040110653e+04 5.629011724425345892e+04 2.260212030823880127e+02
5.730822648245118762e+04 5.592214956412278116e+04 2.258841694223084744e+02
5.730822648450126871e+04 5.591577387631562306e+04 2.256298213096491168e+02
5.730822648655134981e+04 5.608361867061400699e+04 2.254891713152520651e+02
5.730822648860142363e+04 5.626381706226860115e+04 2.254574037583515462e+02
5.730822649065150472e+04 5.617646776971833606e+04 2.254253156442970294e+02
5.730822649270158581e+04 5.646919607141461893e+04 2.260240430168447858e+02
5.730822649475166691e+04 5.642399908767623128e+04 2.258401390556425952e+02
5.730822649680174072e+04 5.654112183758662286e+04 2.259254693306014019e+02
5.730822649885182182e+04 5.639170045088982442e+04 2.255755530704778380e+02
5.730822650090190291e+04 5.622070362140192447e+04 2.250663121013380703e+02
5.730822650295198400e+04 5.643357764296328969e+04 2.255696369968120223e+02
5.730822650500205782e+04 5.622142431597146060e+04 2.257049654086971771e+02
5.730822650705213891e+04 5.605294807259619120e+04 2.254463206987706485e+02
5.730822650910222001e+04 5.620908731740689109e+04 2.258484833559427898e+02
5.730822651115229382e+04 5.596289748314289318e+04 2.257963559739035588e+02
5.730822651320237492e+04 5.530552564323749539e+04 2.254398414921838310e+02
5.730822651525245601e+04 5.581390642851273151e+04 2.259292656180189169e+02
5.730822651730253710e+04 5.623115234539275843e+04 2.261292691263705876e+02
5.730822651935261092e+04 5.632936728427496564e+04 2.260280819931382723e+02
5.730822652140269201e+04 5.678083120000959025e+04 2.264045371265092399e+02
5.730822652345277311e+04 5.626355183403291448e+04 2.256657667312088051e+02
5.730822652550285420e+04 5.595402291793042968e+04 2.254632464091033057e+02
5.730822652755292802e+04 5.633400934063260502e+04 2.260653297017047407e+02
5.730822652960300911e+04 5.594849611058049777e+04 2.257559077271119463e+02
5.730822653165309021e+04 5.586524272163082787e+04 2.262378608727921687e+02
5.730822653370317130e+04 5.593719403571699513e+04 2.265630208226970126e+02
5.730822653575324512e+04 5.600992888455901993e+04 2.259372841670962089e+02
5.730822653780332621e+04 5.632800718781680189e+04 2.255978903810784288e+02
5.730822653985340730e+04 5.680354788125735649e+04 2.260408422068691721e+02
5.730822654190348840e+04 5.650760978783046448e+04 2.259124406782857193e+02
5.730822654395356221e+04 5.610877644492121181e+04 2.259310847009797385e+02
5.730822654600364331e+04 5.638977859574486502e+04 2.263189449253611656e+02
5.730822654805372440e+04 5.637865673785092804e+04 2.258913304580689783e+02
5.730822655010380549e+04 5.630312485917653976e+04 2.252046668234271749e+02
5.730822655215387931e+04 5.698162599911473808e+04 2.259210806308447275e+02
5.730822655420396040e+04 5.702810873838645784e+04 2.263997669128318080e+02
5.730822655625404150e+04 5.627996286711459834e+04 2.254791227815856018e+02
5.730822655830412259e+04 5.639138248788868077e+04 2.256941840256813805e+02
5.730822656035419641e+04 5.615808796683204127e+04 2.256551829155187932e+02
5.730822656240427750e+04 5.588296602385265578e+04 2.254811434608419916e+02
5.730822656445435859e+04 5.585077049694172456e+04 2.256827210503015237e+02
5.730822656650443241e+04 5.611104541105849785e+04 2.258913520868345302e+02
5.730822656855451351e+04 5.612510942640706344e+04 2.262981764432744853e+02
5.730822657060459460e+04 5.586055359113862505e+04 2.257085778537765748e+02
5.730822657265467569e+04 5.620693263351893984e+04 2.257191467480407425e+02
5.730822657470474951e+04 5.625189916862249811e+04 2.257323016702416965e+02
5.730822657675483060e+04 5.707110639031057508e+04 2.269143778670351139e+02
5.730822657880491170e+04 5.648243561637663515e+04 2.262580017229377347e+02
5.730822658085499279e+04 5.604017820082286926e+04 2.260718319727451444e+02
5.730822658290506661e+04 5.696948997000700911e+04 2.270978696851637153e+02
5.730822658495514770e+04 5.754275069809949491e+04 2.274956698228211280e+02
5.730822658700522879e+04 5.858789034930987691e+04 2.287112321368912831e+02
5.730822658905530989e+04 5.966699855299806222e+04 2.299821253623340453e+02
5.730822659110538370e+04 6.058695172079132317e+04 2.311883237266955291e+02
5.730822659315546480e+04 6.077267912831342983e+04 2.315684525039317236e+02
5.730822659520554589e+04 6.071287767583198729e+04 2.316275723757771630e+02
5.730822659725562698e+04 6.139151789210857532e+04 2.324253830346543737e+02
5.730822659930570080e+04 6.205276151681192277e+04 2.333561069542923576e+02
5.730822660135578190e+04 6.156900207736526500e+04 2.330528056762459528e+02
5.730822660340586299e+04 6.093332300754654716e+04 2.327958779941409091e+02
5.730822660545594408e+04 6.052943257202530367e+04 2.324905149734177314e+02
5.730822660750601790e+04 5.990409419601649279e+04 2.314836091444742010e+02
5.730822660955609899e+04 5.998058787403655879e+04 2.313105213742231570e+02
5.730822661160618009e+04 6.084209128982394759e+04 2.320937179324215549e+02
5.730822661365625390e+04 6.090229174893435265e+04 2.318024941356401314e+02
5.730822661570633500e+04 6.127857072011402488e+04 2.320804661519561591e+02
5.730822661775641609e+04 6.111371261368675914e+04 2.318617028908395525e+02
5.730822661980649718e+04 6.072169288521485578e+04 2.316227646256013202e+02
5.730822662185657100e+04 6.055977899877280288e+04 2.316752332086945216e+02
5.730822662390665209e+04 6.017057990236982005e+04 2.313072515786167571e+02
5.730822662595673319e+04 6.080916646930825664e+04 2.319560429282452390e+02
5.730822662800681428e+04 6.042355175538235926e+04 2.316489585205626440e+02
5.730822663005688810e+04 6.012765513480595837e+04 2.312344961599375779e+02
5.730822663210696919e+04 6.037744223686869373e+04 2.316161368933295535e+02
5.730822663415705028e+04 6.071507099389980431e+04 2.320720781689516059e+02
5.730822663620713138e+04 6.167843789119264693e+04 2.332585317562786997e+02
5.730822663825720520e+04 6.220769728527725965e+04 2.335733807653482756e+02
5.730822664030728629e+04 6.293779459645367751e+04 2.343488009648928028e+02
5.730822664235736738e+04 6.361981286007296876e+04 2.352914503367301791e+02
5.730822664440744848e+04 6.423856230486389541e+04 2.360353017540270741e+02
5.730822664645752229e+04 6.423953669850892766e+04 2.362871390521251271e+02
5.730822664850760339e+04 6.425363540328165982e+04 2.362996361551321911e+02
5.730822665055768448e+04 6.440809505099245871e+04 2.365034177695889639e+02
5.730822665260776557e+04 6.489484501215163618e+04 2.371352441252969641e+02
5.730822665465783939e+04 6.453950815260305535e+04 2.368363002450669512e+02
5.730822665670792048e+04 6.443589145699669461e+04 2.366805132144500874e+02
5.730822665875800158e+04 6.437209214882989181e+04 2.364229853641815282e+02
5.730822666080808267e+04 6.427992524940246221e+04 2.361745106097611426e+02
5.730822666285815649e+04 6.471145859812099661e+04 2.365149796147011045e+02
5.730822666490823758e+04 6.461494277430087095e+04 2.365040001770604192e+02
5.730822666695831867e+04 6.442135744791206525e+04 2.364427954374923502e+02
5.730822666900839249e+04 6.459208381454023765e+04 2.366768801131737803e+02
5.730822667105847358e+04 6.421909105135698337e+04 2.359546730567925010e+02
5.730822667310855468e+04 6.388407028545119101e+04 2.352258901126249100e+02
5.730822667515863577e+04 6.431423499666910357e+04 2.357699693391888900e+02
5.730822667720870959e+04 6.449814450654944812e+04 2.362867824313098311e+02
5.730822667925879068e+04 6.464931789782176929e+04 2.364800461288753866e+02
5.730822668130887178e+04 6.440956868945817405e+04 2.360419777466335063e+02
5.730822668335895287e+04 6.367464014582247910e+04 2.351351509111286475e+02
5.730822668540902669e+04 6.435674437037712778e+04 2.353656813419934224e+02
5.730822668745910778e+04 6.524216668227040645e+04 2.356323566891039150e+02
5.730822668950918887e+04 6.589504699910240015e+04 2.357036127878692469e+02
5.730822669155926997e+04 6.615198902150515642e+04 2.353933481824116143e+02
5.730822669360934378e+04 6.627915198280244658e+04 2.350577864540185260e+02
5.730822669565942488e+04 6.609948699890817807e+04 2.346485745939358480e+02
5.730822669770950597e+04 6.641299544349341886e+04 2.348090569674088215e+02
5.730822669975958706e+04 6.625607772050073254e+04 2.346798257174721698e+02
5.730822670180966088e+04 6.661210732936780551e+04 2.347391485394802828e+02
5.730822670385974197e+04 6.720747225261502899e+04 2.348006036997265653e+02
5.730822670590982307e+04 6.767297740702345618e+04 2.345573262376138075e+02
5.730822670795990416e+04 6.820674287511009607e+04 2.344086070270600146e+02
5.730822671000997798e+04 6.819284160122129833e+04 2.335995894852641186e+02
5.730822671206005907e+04 6.870832260833359032e+04 2.337246224149218108e+02
5.730822671411014016e+04 6.828782339262757159e+04 2.332264902020797877e+02
5.730822671616022126e+04 6.908142144665480009e+04 2.343001705879684664e+02
5.730822671821029508e+04 6.939236017817250104e+04 2.345905838821873317e+02
5.730822672026037617e+04 6.942187572314495628e+04 2.347210797358493437e+02
5.730822672231045726e+04 6.899405503178562503e+04 2.341062678560776931e+02
5.730822672436053108e+04 6.867792786191005143e+04 2.336635488894180810e+02
5.730822672641061217e+04 6.849681379019077576e+04 2.334663304875848837e+02
5.730822672846069327e+04 6.777506169250028324e+04 2.325137242160801918e+02
5.730822673051077436e+04 6.843473744529498799e+04 2.334049704017373017e+02
5.730822673256084818e+04 6.837983235475933179e+04 2.333005077520313932e+02
5.730822673461092927e+04 6.836376583533812664e+04 2.333444082032741846e+02
5.730822673666101036e+04 6.444015827407269535e+04 2.286726877935210211e+02
5.730822673871109146e+04 5.794857934720593767e+04 2.204292757343078790e+02
5.730822674076116527e+04 5.026110181559836928e+04 2.101922860767752468e+02
5.730822674281124637e+04 4.404625670099569106e+04 2.017293427024872017e+02
5.730822674486132746e+04 3.985998938640260894e+04 1.959349770771047758e+02
5.730822674691140855e+04 3.830106633355977829e+04 1.936696048920568956e+02
5.730822674896148237e+04 3.836113172788215161e+04 1.938761555564543073e+02
5.730822675101156346e+04 3.939077368036376720e+04 1.954794763308782422e+02
5.730822675306164456e+04 3.936683454395620356e+04 1.954319406740414706e+02
5.730822675511172565e+04 3.945837017997642397e+04 1.955921740351572851e+02
5.730822675716179947e+04 3.986897550063642848e+04 1.963209694310066595e+02
5.730822675921188056e+04 4.046979770451607328e+04 1.971042908478896720e+02
5.730822676126196166e+04 4.272521768193790922e+04 2.006590723264516214e+02
5.730822676331204275e+04 4.313221424076554831e+04 2.009058135616003824e+02
5.730822676536211657e+04 4.340851439996290719e+04 2.011622980898291075e+02
5.730822676741219766e+04 4.342198281977736769e+04 2.011705166402914529e+02
5.730822676946227875e+04 4.586686686479718628e+04 2.044873966361208488e+02
5.730822677151235985e+04 5.095781522620780015e+04 2.113012872932509367e+02
5.730822677356243366e+04 5.578704060840643797e+04 2.174281512133430567e+02
5.730822677561251476e+04 6.061334689170754427e+04 2.235924885807274620e+02
5.730822677766259585e+04 6.524790862875488529e+04 2.290883593999596997e+02
5.730822677971266967e+04 6.829679756403161446e+04 2.326994688595446235e+02
5.730822678176275076e+04 6.791413369653199334e+04 2.321588277913207321e+02
5.730822678381283185e+04 6.803354058161959983e+04 2.322677630865631784e+02
5.730822678586291295e+04 6.893858733934546763e+04 2.335166989637471886e+02
5.730822678791298677e+04 6.970858388192165876e+04 2.344995646399806333e+02
5.730822678996306786e+04 6.977925714642343519e+04 2.345733801204934252e+02
5.730822679201314895e+04 6.927648360536531254e+04 2.338907274315980942e+02
5.730822679406323005e+04 6.943268986587478139e+04 2.341536435070479740e+02
5.730822679611330386e+04 6.910270106741481868e+04 2.337587345561832137e+02
5.730822679816338496e+04 6.649230527889174118e+04 2.306831799088119794e+02
5.730822680021346605e+04 6.476808858813384722e+04 2.283720139915399159e+02
5.730822680226354714e+04 6.393461158417605475e+04 2.271643753451199643e+02
5.730822680431362096e+04 6.535908084947463067e+04 2.297800345266503825e+02
5.730822680636370205e+04 6.493858457333130355e+04 2.300375906655535516e+02
5.730822680841378315e+04 6.445727684776850219e+04 2.303384524612184237e+02
5.730822681046386424e+04 6.342274564423922129e+04 2.297160405556449518e+02
5.730822681251393806e+04 6.315343146307682036e+04 2.301300272379325236e+02
5.730822681456401915e+04 6.534507671178893361e+04 2.332527290539748321e+02
5.730822681661410024e+04 6.487021887225436512e+04 2.326281978520619873e+02
5.730822681866418134e+04 6.411324547982733930e+04 2.315862962907496581e+02
5.730822682071425515e+04 6.320713826184395293e+04 2.303411113092546998e+02
5.730822682276433625e+04 6.234392636040413345e+04 2.292151239616511020e+02
5.730822682481441734e+04 6.244105349406052846e+04 2.294305034400262855e+02
5.730822682686449116e+04 6.256870797431981191e+04 2.294949986686994805e+02
5.730822682891457225e+04 6.324025542375829536e+04 2.304442705160109028e+02
5.730822683096465335e+04 6.524097980113416997e+04 2.328433324927076455e+02
5.730822683301473444e+04 6.595227085016065394e+04 2.335425080783666090e+02
5.730822683506480826e+04 6.579843514218892960e+04 2.334381921249189418e+02
5.730822683711488935e+04 6.640350208028507768e+04 2.341887234995455742e+02
5.730822683916497044e+04 6.690548626698080625e+04 2.348035924405474475e+02
5.730822684121505154e+04 6.685050979936290241e+04 2.347961139920976734e+02
5.730822684326512535e+04 6.703878325854198192e+04 2.349951262971634662e+02
5.730822684531520645e+04 6.668695721011428395e+04 2.345558951522228881e+02
5.730822684736528754e+04 6.727970914169667230e+04 2.353488281378049578e+02
5.730822684941536863e+04 6.693009323777566897e+04 2.348705981235836191e+02
5.730822685146544245e+04 6.719250326386680536e+04 2.351614179605304855e+02
5.730822685351552354e+04 6.684825153508185758e+04 2.348038536818426110e+02
5.730822685556560464e+04 6.652878412574579124e+04 2.343340311465504442e+02
5.730822685761568573e+04 6.622429910004851990e+04 2.339105085520275509e+02
5.730822685966575955e+04 6.606811886738990142e+04 2.337077288528755616e+02
5.730822686171584064e+04 6.662468378834650503e+04 2.345125340304029180e+02
5.730822686376592173e+04 6.679225012549423263e+04 2.347844833142155494e+02
5.730822686581600283e+04 6.662982405659343931e+04 2.350469930675074011e+02
5.730822686786607665e+04 6.696013388057032716e+04 2.354243823346561157e+02
5.730822686991615774e+04 6.623697857135075901e+04 2.345523146373728309e+02
5.730822687196623883e+04 6.526854852166095225e+04 2.331551781241657295e+02
5.730822687401631993e+04 6.487045128451039636e+04 2.327266111615813315e+02
5.730822687606639374e+04 6.525981756550964201e+04 2.331418356947112329e+02
5.730822687811647484e+04 6.621404467932945408e+04 2.345303217202560120e+02
5.730822688016655593e+04 6.715933355495722208e+04 2.357426544322349571e+02
5.730822688221662975e+04 6.693248400025596493e+04 2.353788357918843985e+02
5.730822688426671084e+04 6.648817091074475320e+04 2.348512365941977862e+02
5.730822688631679193e+04 6.594256086423833040e+04 2.341442828750765841e+02
5.730822688836687303e+04 6.625686639789454057e+04 2.344843071452582421e+02
5.730822689041694684e+04 6.664501111087833124e+04 2.349867252626528966e+02
5.730822689246702794e+04 6.640919984329573344e+04 2.346656114982110921e+02
5.730822689451710903e+04 6.707481065437172947e+04 2.355796517906060217e+02
5.730822689656719012e+04 6.665462828695401549e+04 2.350820639645509971e+02
5.730822689861726394e+04 6.618119637293297274e+04 2.344298060069329210e+02
5.730822690066734503e+04 6.679662899044920050e+04 2.352763170821904453e+02
5.730822690271742613e+04 6.654368796529487008e+04 2.349301121323608186e+02
5.730822690476750722e+04 6.640261019383602252e+04 2.347720443673452451e+02
5.730822690681758104e+04 6.578947873191129474e+04 2.339833371498818337e+02
5.730822690886766213e+04 6.597165927584063320e+04 2.341946786614267637e+02
5.730822691091774323e+04 6.669440855543318321e+04 2.350700171366241591e+02
5.730822691296782432e+04 6.690061791052643093e+04 2.354379922154171254e+02
5.730822691501789814e+04 6.631473482561975834e+04 2.343170932281219052e+02
5.730822691706797923e+04 6.557720688318836619e+04 2.331176652584310318e+02
5.730822691911806032e+04 6.473840458382746147e+04 2.320605198361452324e+02
5.730822692116814142e+04 6.519681843110649788e+04 2.326471115671548660e+02
5.730822692321821523e+04 6.637350718847410462e+04 2.342800873948444007e+02
5.730822692526829633e+04 6.586254965281272598e+04 2.336459201325481274e+02
5.730822692731837742e+04 6.603204429058267851e+04 2.340064022262143340e+02
5.730822692936845851e+04 6.679344655618839897e+04 2.352750581442841451e+02
5.730822693141853233e+04 6.649131042697801604e+04 2.355346717089312278e+02
5.730822693346861342e+04 6.563757322010664211e+04 2.350990397642947869e+02
5.730822693551869452e+04 6.602682301128427207e+04 2.357936012426721959e+02
5.730822693756876834e+04 6.592755721316771815e+04 2.360315931875154547e+02
5.730822693961884943e+04 6.425088353080403613e+04 2.353679087641284582e+02
5.730822694166893052e+04 6.402063491333921411e+04 2.350670520976225077e+02
5.730822694371901162e+04 6.388420271791706182e+04 2.350499432311624446e+02
5.730822694576908543e+04 6.368534576509060571e+04 2.350458285769815348e+02
5.730822694781916653e+04 6.322062325349814637e+04 2.346738709760044799e+02
5.730822694986924762e+04 6.131497664441828965e+04 2.322766753855561603e+02
5.730822695191932871e+04 6.015506752832459460e+04 2.303987442511852066e+02
5.730822695396940253e+04 5.963650919556296139e+04 2.297545600068912108e+02
5.730822695601948362e+04 6.031914628845718835e+04 2.309224230158146156e+02
5.730822695806956472e+04 5.976670966418475291e+04 2.301791634850751223e+02
5.730822696011964581e+04 5.994442301471032988e+04 2.302031148477828140e+02
5.730822696216971963e+04 5.930100328710525355e+04 2.292999333184336024e+02
5.730822696421980072e+04 5.956086977019313781e+04 2.297026300358640469e+02
5.730822696626988181e+04 6.053948626128229080e+04 2.307500384856302844e+02
5.730822696831996291e+04 6.008095821777181118e+04 2.299300421613986032e+02
5.730822697037003672e+04 6.030243466863404319e+04 2.303254078017529594e+02
5.730822697242011782e+04 6.095799604656882002e+04 2.312894631349425367e+02
5.730822697447019891e+04 6.137589323244510160e+04 2.322652619845021604e+02
5.730822697652028000e+04 6.156876065814642789e+04 2.322687703728522592e+02
5.730822697857035382e+04 6.116512203036560095e+04 2.315219401101610117e+02
5.730822698062043492e+04 6.071086356764027732e+04 2.309939229076589129e+02
5.730822698267051601e+04 6.250778478850057581e+04 2.332710938414301154e+02
5.730822698472059710e+04 6.354798544024788134e+04 2.344897493920833824e+02
5.730822698677067092e+04 6.365915196904863114e+04 2.347427888836785144e+02
5.730822698882075201e+04 6.449916935766526149e+04 2.357707062900372250e+02
5.730822699087083311e+04 6.466617436296759115e+04 2.356121794513204577e+02
5.730822699292090692e+04 6.361076866620675719e+04 2.342481555601370360e+02
5.730822699497098802e+04 6.366175426960973709e+04 2.342117648726689367e+02
5.730822699702106911e+04 6.468692329678915121e+04 2.351527111327283421e+02
5.730822699907115020e+04 6.522241113651505293e+04 2.352691532459141115e+02
5.730822700112122402e+04 6.580644020400886075e+04 2.351573535091413873e+02
5.730822700317130511e+04 6.672467276799214596e+04 2.355827126920173100e+02
5.730822700522138621e+04 6.643568368131766329e+04 2.345671399661636087e+02
5.730822700727146730e+04 6.672626835290419695e+04 2.339934745925033042e+02
5.730822700932154112e+04 6.648670701270915742e+04 2.325641192738108600e+02
5.730822701137162221e+04 6.753892564247954579e+04 2.332622734849271637e+02
5.730822701342170330e+04 6.744860164489039744e+04 2.325677773827368355e+02
5.730822701547178440e+04 6.849921771364932647e+04 2.333650644063727668e+02
5.730822701752185822e+04 7.087762222426725202e+04 2.332936871194551998e+02
5.730822701957193931e+04 7.186363077223223809e+04 2.325569963985199138e+02
5.730822702162202040e+04 7.242640250884040142e+04 2.324444945682265882e+02
5.730822702367210150e+04 7.313113484292170324e+04 2.324959793586095316e+02
5.730822702572217531e+04 7.423406836570198357e+04 2.330778119682140925e+02
5.730822702777225641e+04 7.451028618095902493e+04 2.326297705609783577e+02
5.730822702982233750e+04 7.252678607249974448e+04 2.294957255654171320e+02
5.730822703187241859e+04 6.742854219348453626e+04 2.223652906596034882e+02
5.730822703392249241e+04 6.095467889783666033e+04 2.131501250038351429e+02
5.730822703597257350e+04 5.474396597334459511e+04 2.038488613131821410e+02
5.730822703802265460e+04 4.979404139490431407e+04 1.960675384456209827e+02
5.730822704007272841e+04 4.576812760183552018e+04 1.894567210394928338e+02
5.730822704212280951e+04 4.097550710675114533e+04 1.814279033132963832e+02
5.730822704417289060e+04 3.430107703039654007e+04 1.696621918668593310e+02
5.730822704622297169e+04 2.893730550695984130e+04 1.593900800577285679e+02
5.730822704827304551e+04 2.379897431880754448e+04 1.488946093574357690e+02
5.730822705032312660e+04 1.969248970822780393e+04 1.401943621835663976e+02
5.730822705237320770e+04 1.483003124929596743e+04 1.289550879072103839e+02
5.730822705442328879e+04 1.004093313025617863e+04 1.167253498581104054e+02
5.730822705647336261e+04 5.777907685472626326e+03 1.046629438802205243e+02
5.730822705852344370e+04 1.094841934895275699e+03 8.952366139351811114e+01
5.730822706057352480e+04 -3.401450052377794236e+03 7.224015786036470388e+01
5.730822706262360589e+04 -7.575243560960202558e+03 5.063089965624294564e+01
5.730822706467367971e+04 -7.965750662233208459e+03 4.462288539074094018e+01
5.730822706672376080e+04 -7.485023720083747321e+03 4.397176555605456372e+01
5.730822706877384189e+04 -6.946412358470027357e+03 4.328972801133821235e+01
5.730822707082392299e+04 -6.450096029800451106e+03 4.264526264228859276e+01
5.730822707287399680e+04 -5.939864346866923370e+03 4.197154893007542142e+01
5.730822707492407790e+04 -5.431069751184033521e+03 4.128883314725970166e+01
5.730822707697415899e+04 -4.957169977208628552e+03 4.064262581921170892e+01
5.730822707902424008e+04 -4.390266255103490039e+03 3.985583556015635054e+01
5.730822708107431390e+04 -3.900875250980358942e+03 3.916391285511050313e+01
5.730822708312439499e+04 -3.415401849205140024e+03 3.846523364227792285e+01
5.730822708517447609e+04 -2.888070713412020268e+03 3.769164250672326943e+01
5.730822708722455718e+04 -2.386732197469261337e+03 3.694116359632629809e+01
5.730822708927463100e+04 -1.853643233903804230e+03 3.612605721150596594e+01
5.730822709132471209e+04 -1.362127528108696879e+03 3.535787158202083447e+01
5.730822709337479318e+04 -8.604127306615152975e+02 3.455613834060877565e+01
5.730822709542486700e+04 -3.131240429804403789e+02 3.365980871529963281e+01
5.730822709747494810e+04 -1.388653069750473534e+01 3.315948470031985806e+01
5.730822709952502919e+04 -1.587463429678964477e+00 3.313875908921323798e+01
5.730822710157511028e+04 -3.951104053623342299e-03 3.313608971233197309e+01
5.730822710362518410e+04 2.002153829245447922e-02 nan
5.730822710567526519e+04 2.891165278772379540e-03 nan
5.730822710772534629e+04 -1.889638705645311351e-04 3.313608337011705629e+01
5.730822710977542738e+04 -4.931420220802361609e-05 3.313608313469566014e+01
5.730822711182550120e+04 -3.911331533122882743e-07 3.313608305222115291e+01
5.730822711387558229e+04 5.334220562799467333e-07 nan
5.730822711592566338e+04 8.179061416826896830e-08 nan
5.730822711797574448e+04 -4.271960563906658035e-09 3.313608305156898126e+01
5.730822712002581829e+04 -1.000790388467555576e-09 3.313608305156346745e+01
5.730822712207589939e+04 -8.425514199420321392e-12 3.313608305156179767e+01
5.730822712412598048e+04 8.373308445023498375e-12 nan
5.730822712617606157e+04 8.500887515575387358e-13 nan
5.730822712822613539e+04 -4.305441717789738287e-14 3.313608305156178346e+01
5.730822713027621649e+04 -9.369052380223355144e-16 3.313608305156178346e+01
5.730822713232629758e+04 5.143904809064942409e-16 nan
5.730822713437637867e+04 -8.730473996308063728e-17 3.313608305156178346e+01
5.730822713642645249e+04 -3.931100316331491488e-17 3.313608305156178346e+01
5.730822713847653358e+04 7.966152888665764599e-18 nan
5.730822714052661468e+04 0.000000000000000000e+00 3.313608305156178346e+01
5.730822714257669577e+04 0.000000000000000000e+00 3.313608305156178346e+01
5.730822714462676959e+04 0.000000000000000000e+00 3.313608305156178346e+01
5.730822714667685068e+04 0.000000000000000000e+00 3.313608305156178346e+01
