5.736750170349999826e+04 -3.138198027014719555e+05 5.151997939415033443e+02
5.736750170632689697e+04 -3.299843214868718060e+05 5.174270898263954450e+02
5.736750170915379567e+04 -3.475212479071315029e+05 5.174448572802434683e+02
5.736750171198068711e+04 -3.611105641374505358e+05 5.155323606528368146e+02
5.736750171480758581e+04 -3.628903458822727553e+05 5.146216518025713640e+02
5.736750171763448452e+04 -3.561744824356218451e+05 5.104740239963679755e+02
5.736750172046138323e+04 -3.474897264757223311e+05 5.018460574753513583e+02
5.736750172328827466e+04 -3.411568941340253805e+05 4.912481474601723903e+02
5.736750172611517337e+04 -3.376045957020793576e+05 4.830076744868902665e+02
5.736750172894207208e+04 -3.375075132655876223e+05 4.784068080716148756e+02
5.736750173176897079e+04 -3.446313966837341432e+05 4.756221308277679327e+02
5.736750173459586222e+04 -3.536161319662018213e+05 4.709985052189221619e+02
5.736750173742276093e+04 -3.612540051542556612e+05 4.651474762260169200e+02
5.736750174024965963e+04 -3.622441550852698274e+05 4.596771609828078908e+02
5.736750174307655834e+04 -3.578648978728465736e+05 4.543757988805752461e+02
5.736750174590345705e+04 -3.448849493097766535e+05 4.494395298569162378e+02
5.736750174873034848e+04 -3.315418919475251460e+05 4.450164155637559702e+02
5.736750175155724719e+04 -3.253862177775882883e+05 4.444293206783870573e+02
5.736750175438414590e+04 -3.299727380511868978e+05 4.476778734771103814e+02
5.736750175721104461e+04 -3.331939124698034138e+05 4.517469083011548605e+02
5.736750176003793604e+04 -3.348830176081482787e+05 4.568730537826111799e+02
5.736750176286483475e+04 -3.380345740538378013e+05 4.631872434889207852e+02
5.736750176569173345e+04 -3.428881797216247069e+05 4.684548249315482167e+02
5.736750176851863216e+04 -3.379777512651981087e+05 4.713061429832922045e+02
5.736750177134552359e+04 -3.197791606495581218e+05 4.741377230543379255e+02
5.736750177417242230e+04 -2.956649097802763572e+05 4.813226681331638019e+02
5.736750177699932101e+04 -2.758655794059113832e+05 4.884384639874148206e+02
5.736750177982621972e+04 -2.639258532615398290e+05 4.921980059470816968e+02
5.736750178265311843e+04 -2.625057406073001330e+05 4.925857515549390655e+02
5.736750178548000986e+04 -2.555634685069083935e+05 4.909736019395398898e+02
5.736750178830690857e+04 -2.501848686940184270e+05 4.933724721932066473e+02
5.736750179113380727e+04 -2.615119674741170602e+05 4.930794404525294112e+02
5.736750179396070598e+04 -2.775260146450549946e+05 4.909899225732016816e+02
5.736750179678759741e+04 -2.874021694092497346e+05 4.890305211012792483e+02
5.736750179961449612e+04 -2.825360011979369447e+05 4.896585278771950129e+02
5.736750180244139483e+04 -2.637647409435567679e+05 4.933372045022523480e+02
5.736750180526829354e+04 -2.391709258578386507e+05 4.960772317690656905e+02
5.736750180809518497e+04 -2.210966610827901168e+05 4.940956069344098296e+02
5.736750181092208368e+04 -2.213436979857452388e+05 4.867672736667802837e+02
5.736750181374898239e+04 -2.202658220157330215e+05 4.779249197301990648e+02
5.736750181657588109e+04 -2.074633963893097825e+05 4.669140391856444694e+02
5.736750181940277980e+04 -1.679852128562404832e+05 4.496003769600441160e+02
5.736750182222967123e+04 -6.424796305925637716e+04 4.201655190136348779e+02
5.736750182505656994e+04 3.898344229336769786e+04 3.888318227300770218e+02
5.736750182788346865e+04 8.823973066211261903e+04 3.646659268558283884e+02
5.736750183071036736e+04 1.067170965201811632e+05 3.480524036177691869e+02
5.736750183353725879e+04 1.165602935671567393e+05 3.403746398215805584e+02
5.736750183636415750e+04 1.257805275916365208e+05 3.402000190863628291e+02
5.736750183919105621e+04 1.319179682034604484e+05 3.413811485591128303e+02
5.736750184201795491e+04 1.358857988172589976e+05 3.425474448228908955e+02
5.736750184484484635e+04 1.364916732545562554e+05 3.420273858073698534e+02
5.736750184767174505e+04 1.341890097438080120e+05 3.386597251081385593e+02
5.736750185049864376e+04 1.338837973630924243e+05 3.372141929321835505e+02
5.736750185332554247e+04 1.324756592877699877e+05 3.349377836807823314e+02
5.736750185615243390e+04 1.297171011727990845e+05 3.313684079250683681e+02
5.736750185897933261e+04 1.267641169974295044e+05 3.278281020265127381e+02
5.736750186180623132e+04 1.285260732595931913e+05 3.287131785237150439e+02
5.736750186463313003e+04 1.304756694660233625e+05 3.299935214584415348e+02
5.736750186746002873e+04 1.254221023852068029e+05 3.241714583936494591e+02
5.736750187028692017e+04 1.112331655418457522e+05 3.092350845734291056e+02
5.736750187311381887e+04 9.807410100738597976e+04 2.948830819094981734e+02
5.736750187594071758e+04 8.862017486797003949e+04 2.845093041729957690e+02
5.736750187876761629e+04 8.378115853039696231e+04 2.791707915795516328e+02
5.736750188159450772e+04 8.124232895840471610e+04 2.763463340584163461e+02
5.736750188442140643e+04 8.077582568002860353e+04 2.757895745556608631e+02
5.736750188724830514e+04 8.160441705379696214e+04 2.768109469598787769e+02
5.736750189007520385e+04 8.399698918390297331e+04 2.793596638789167628e+02
5.736750189290209528e+04 8.688071167256229091e+04 2.826765141020962346e+02
5.736750189572899399e+04 9.090364035558691830e+04 2.868383200470617567e+02
5.736750189855589269e+04 9.559557010405804613e+04 2.914684500910248630e+02
5.736750190138279140e+04 9.705212146007432602e+04 2.930407564637679343e+02
5.736750190420969011e+04 9.582381093088789203e+04 2.916103163106363354e+02
5.736750190703658154e+04 9.223405022757437837e+04 2.877599200740973515e+02
5.736750190986348025e+04 8.848438013280185987e+04 2.838517984229181934e+02
5.736750191269037896e+04 8.780290476041301736e+04 2.830617677528190370e+02
5.736750191551727767e+04 9.009931107663594594e+04 2.854374090715293164e+02
5.736750191834416910e+04 9.516085940722622036e+04 2.905638080692017979e+02
5.736750192117106781e+04 9.753893346242955886e+04 2.927453795134042025e+02
5.736750192399796651e+04 9.755369335046786000e+04 2.926921005244099661e+02
5.736750192682486522e+04 9.328756286164125777e+04 2.884484399060514193e+02
5.736750192965175665e+04 8.719806239994127827e+04 2.817750433895548667e+02
5.736750193247865536e+04 8.109973939376691123e+04 2.747574624036138289e+02
5.736750193530555407e+04 8.026777434179000556e+04 2.734661524244798443e+02
5.736750193813245278e+04 8.427534222883397888e+04 2.774584831365992272e+02
5.736750194095935149e+04 9.061235783487529261e+04 2.842220117516977211e+02
5.736750194378624292e+04 9.329555875251846737e+04 2.870308642394290928e+02
5.736750194661314163e+04 9.255888858937573968e+04 2.861894194562376015e+02
5.736750194944004033e+04 9.356897700477048056e+04 2.871126596084882294e+02
5.736750195226693904e+04 9.571971080598927801e+04 2.888115892783400795e+02
5.736750195509383047e+04 9.877947391531898757e+04 2.920001708423843638e+02
5.736750195792072918e+04 1.022141847428189067e+05 2.955997502723509456e+02
5.736750196074762789e+04 1.036688636401919503e+05 2.971068264040567897e+02
5.736750196357452660e+04 9.782567119628681394e+04 2.909157849151272330e+02
5.736750196640141803e+04 8.938226274256801116e+04 2.816269688360982286e+02
5.736750196922831674e+04 8.362572383824471035e+04 2.752869116033216983e+02
5.736750197205521545e+04 8.230948931232609903e+04 2.736015354545374407e+02
5.736750197488211415e+04 8.509877123355574440e+04 2.765805892633045460e+02
5.736750197770901286e+04 9.081512694301267038e+04 2.828219065533903063e+02
5.736750198053590429e+04 9.682857010111960699e+04 2.892598742961043854e+02
5.736750198336280300e+04 9.620929949120593665e+04 2.887486246359141546e+02
5.736750198618970171e+04 9.119718445997245726e+04 2.830707961753219024e+02
5.736750198901660042e+04 8.513554188778861135e+04 2.762513067602447450e+02
5.736750199184349185e+04 8.069413726605848933e+04 2.708121806058340439e+02
5.736750199467039056e+04 8.106174003783187072e+04 2.711389657351558640e+02
5.736750199749728927e+04 8.525131405955929949e+04 2.758499104265421238e+02
5.736750200032418797e+04 8.491124602927801607e+04 2.753945535772585345e+02
5.736750200315107941e+04 7.751834332279942464e+04 2.667807038268924771e+02
5.736750200597797811e+04 6.250186160602131713e+04 2.485660136624608754e+02
5.736750200880487682e+04 4.981391894005353970e+04 2.321387741399142897e+02
5.736750201163177553e+04 4.305479410104671842e+04 2.228151357699765356e+02
5.736750201445867424e+04 4.050848064268917369e+04 2.191806795623446362e+02
5.736750201728556567e+04 4.025943347485338745e+04 2.186656605345338846e+02
5.736750202011246438e+04 4.051631569579392090e+04 2.191115916115365394e+02
5.736750202293936309e+04 3.991169204098883347e+04 2.184520728187918621e+02
5.736750202576626180e+04 3.939952256860891066e+04 2.178554560008668091e+02
5.736750202859315323e+04 3.873154448033131484e+04 2.167485107300618665e+02
5.736750203142005194e+04 3.909096484121992398e+04 2.173424960074880232e+02
5.736750203424695064e+04 3.911664890201162052e+04 2.173296233511869389e+02
5.736750203707384935e+04 3.879332473014211428e+04 2.166769062757476263e+02
5.736750203990074078e+04 3.908394484828437271e+04 2.171552945758122064e+02
5.736750204272763949e+04 3.885353512480607606e+04 2.167468972321386502e+02
5.736750204555453820e+04 3.928349148209473788e+04 2.172035687786001290e+02
5.736750204838143691e+04 3.955310445212330524e+04 2.179900907994471027e+02
5.736750205120832834e+04 3.983811190094386984e+04 2.183664611094005465e+02
5.736750205403522705e+04 4.019234855332427833e+04 2.186491187227257171e+02
5.736750205686212576e+04 4.005422501490815921e+04 2.185159101073654710e+02
5.736750205968902446e+04 3.947535473407693644e+04 2.177098180163160066e+02
5.736750206251592317e+04 3.898405921625752671e+04 2.170232355657643666e+02
5.736750206534281460e+04 3.836620628071694227e+04 2.162344701611332027e+02
5.736750206816971331e+04 3.873473810696611326e+04 2.166658100262405355e+02
5.736750207099661202e+04 3.873086535252495378e+04 2.167361019526303494e+02
5.736750207382351073e+04 3.890714124832100060e+04 2.167964550207908587e+02
5.736750207665040216e+04 3.939637829920781223e+04 2.172137701329355650e+02
5.736750207947730087e+04 3.972329340401080844e+04 2.178039131813463030e+02
5.736750208230419958e+04 3.975482572706838255e+04 2.180694341145186286e+02
5.736750208513109828e+04 3.971643841752436128e+04 2.180415666990408567e+02
5.736750208795798972e+04 3.971779062213275756e+04 2.181091578011273668e+02
5.736750209078488842e+04 3.962852333654804534e+04 2.178862921209122021e+02
5.736750209361178713e+04 3.992779591584905575e+04 2.182225720907646291e+02
5.736750209643868584e+04 3.962175049067796499e+04 2.175709976976530129e+02
5.736750209926558455e+04 3.954014881867754593e+04 2.174081266393778833e+02
5.736750210209247598e+04 3.904776931834179413e+04 2.168322381155487051e+02
5.736750210491937469e+04 3.889350244261168700e+04 2.165393029759753176e+02
5.736750210774627340e+04 3.879803575017261755e+04 2.164703443844967978e+02
5.736750211057317210e+04 3.916984499316752772e+04 2.169418460257539607e+02
5.736750211340006354e+04 4.328284024722570030e+04 2.219813553760665457e+02
5.736750211622696224e+04 4.178215812424738397e+04 2.198454997802265325e+02
5.736750211905386095e+04 3.881030538345329842e+04 2.154307602871888605e+02
5.736750212188075966e+04 3.894202325470992946e+04 2.156906155606811808e+02
5.736750212470765109e+04 3.937532884899905912e+04 2.163428528972642937e+02
5.736750212753454980e+04 4.001109217355768487e+04 2.172844872793091326e+02
5.736750213036144851e+04 4.067161520225310960e+04 2.181341617422142463e+02
5.736750213318834722e+04 4.090173065443231462e+04 2.184445725001550613e+02
5.736750213601524592e+04 4.105362991662519926e+04 2.186015413243686965e+02
5.736750213884213736e+04 4.131928568613302195e+04 2.188300270333968456e+02
5.736750214166903606e+04 4.134771332285356038e+04 2.190065138112713043e+02
5.736750214449593477e+04 4.162715701477259427e+04 2.192693500269506046e+02
5.736750214732283348e+04 4.187066018245977466e+04 2.196182815728274420e+02
5.736750215014972491e+04 4.083876821190172632e+04 2.184263481558449769e+02
5.736750215297662362e+04 4.114610291969413811e+04 2.185969492925302688e+02
5.736750215580352233e+04 4.130514873883474502e+04 2.187816478206187298e+02
5.736750215863042104e+04 4.161799547288398026e+04 2.191711827048360703e+02
5.736750216145731247e+04 4.189898583684850018e+04 2.196104343508500278e+02
5.736750216428421118e+04 4.263626983709090564e+04 2.207060257240881072e+02
5.736750216711110988e+04 4.247303672431610903e+04 2.204445855025839478e+02
5.736750216993800859e+04 4.167786413143168465e+04 2.193839520126583977e+02
5.736750217276490730e+04 4.077544529305525793e+04 2.182173048802954156e+02
5.736750217559179873e+04 4.051515084118279628e+04 2.176350998139929800e+02
5.736750217841869744e+04 4.053419981861518318e+04 2.177973335386691076e+02
5.736750218124559615e+04 4.115784957415366080e+04 2.185879098830312728e+02
5.736750218407249486e+04 4.179840820208522200e+04 2.195811517283424905e+02
5.736750218689938629e+04 4.161948533466488880e+04 2.193462624541240871e+02
5.736750218972628500e+04 4.175459976553112210e+04 2.198928020020989322e+02
5.736750219255318370e+04 4.162526629605193011e+04 2.195460936084990067e+02
5.736750219538008241e+04 4.221766230840281059e+04 2.205303880355363901e+02
5.736750219820697384e+04 4.208176794642207096e+04 2.202969832528042105e+02
5.736750220103387255e+04 4.289715073823079001e+04 2.212429078052283273e+02
5.736750220386077126e+04 4.305525852226255665e+04 2.214513837245752654e+02
5.736750220668766997e+04 4.308075860860115063e+04 2.216243791670935082e+02
5.736750220951456868e+04 4.173171035589335952e+04 2.199691288552123183e+02
5.736750221234146011e+04 4.118177983857393701e+04 2.190502458004395407e+02
5.736750221516835882e+04 4.052785569879067771e+04 2.182080157744431688e+02
5.736750221799525752e+04 4.124791005191611475e+04 2.191590125862952618e+02
5.736750222082215623e+04 4.172351162343029864e+04 2.199447571336547185e+02
5.736750222364904766e+04 4.170417272585818864e+04 2.199975615795988233e+02
5.736750222647594637e+04 4.187409292771776381e+04 2.200285429688622969e+02
5.736750222930284508e+04 4.086588357563879254e+04 2.185837597061436668e+02
5.736750223212974379e+04 3.991152755084037926e+04 2.172954806442855897e+02
5.736750223495663522e+04 3.970112053668874432e+04 2.170240316458145742e+02
5.736750223778353393e+04 3.984392997934092273e+04 2.168316105578000474e+02
5.736750224061043264e+04 3.934973934469500091e+04 2.164317772195000771e+02
5.736750224343733134e+04 3.953994382580537058e+04 2.166247110691794830e+02
5.736750224626423005e+04 3.949018882973089057e+04 2.165623107406760255e+02
5.736750224909112148e+04 3.833115378268802306e+04 2.150417681915778587e+02
5.736750225191802019e+04 3.693126631690876093e+04 2.130174151045180508e+02
5.736750225474491890e+04 3.675776251323422184e+04 2.128188394983858132e+02
5.736750225757181761e+04 3.625343426212425402e+04 2.119844218412622467e+02
5.736750226039870904e+04 3.628357886826165486e+04 2.118731260759431336e+02
5.736750226322560775e+04 3.613042485482867778e+04 2.118185324800473381e+02
5.736750226605250646e+04 3.595097246947683743e+04 2.115453697352323843e+02
5.736750226887940516e+04 3.615254497206826636e+04 2.118834015003497484e+02
5.736750227170629660e+04 3.641937104007885500e+04 2.121582059303298706e+02
5.736750227453319530e+04 3.632834764648553391e+04 2.121017945232123623e+02
5.736750227736009401e+04 3.634763401162316586e+04 2.121313961006974580e+02
5.736750228018699272e+04 3.633839778207409108e+04 2.122140939998828344e+02
5.736750228301389143e+04 3.623619447874707112e+04 2.121899787681795715e+02
5.736750228584078286e+04 3.590996904777384771e+04 2.118073680931018714e+02
5.736750228866768157e+04 3.579212231977717602e+04 2.119435693445951756e+02
5.736750229149458028e+04 3.574894409656588687e+04 2.127338882338861765e+02
5.736750229432147898e+04 3.551221850256458129e+04 2.132039589504772721e+02
5.736750229714837042e+04 3.536483293698207854e+04 2.134937378713243561e+02
5.736750229997526912e+04 3.475239600038055505e+04 2.125255040718195403e+02
5.736750230280216783e+04 3.521100100918073440e+04 2.129472275152087377e+02
5.736750230562906654e+04 3.503958887154785043e+04 2.126023822560804888e+02
5.736750230845595797e+04 3.555272882752696023e+04 2.133314262878007241e+02
5.736750231128285668e+04 3.579419849234602589e+04 2.139044585642157301e+02
5.736750231410975539e+04 3.567999778931493347e+04 2.136969963272274526e+02
5.736750231693665410e+04 3.581290162595117727e+04 2.142296079058679936e+02
5.736750231976354553e+04 3.545543724939475942e+04 2.138574142304524059e+02
5.736750232259044424e+04 3.595900991027412238e+04 2.147321947976653291e+02
5.736750232541734295e+04 3.705272733384642197e+04 2.164490467527172370e+02
5.736750232824424165e+04 3.862729029907171207e+04 2.188819852425849035e+02
5.736750233107114036e+04 3.985609990630269749e+04 2.205353105696081002e+02
5.736750233389803179e+04 4.004731277582823532e+04 2.209744748837627242e+02
5.736750233672493050e+04 3.965238900144152285e+04 2.201359408972473943e+02
5.736750233955182921e+04 3.915317438198692980e+04 2.192850047362100838e+02
5.736750234237872792e+04 3.903031222377302765e+04 2.192086839878131457e+02
5.736750234520561935e+04 3.939630169130427385e+04 2.197889710851970051e+02
5.736750234803251806e+04 3.937620921849572915e+04 2.201392416056550019e+02
5.736750235085941677e+04 3.889677194420940941e+04 2.202181798374026016e+02
5.736750235368631547e+04 3.949879003498291422e+04 2.215554925752437896e+02
5.736750235651320691e+04 3.939404511872013973e+04 2.214668801955763513e+02
5.736750235934010561e+04 3.949498755541918945e+04 2.217451810921437527e+02
5.736750236216700432e+04 3.928379461909098609e+04 2.211403966599570765e+02
5.736750236499390303e+04 3.906488792995693075e+04 2.211149830528380278e+02
5.736750236782080174e+04 3.857979843790279847e+04 2.205283934009797235e+02
5.736750237064769317e+04 3.818031739545364690e+04 2.201502099267077313e+02
5.736750237347459188e+04 3.764533781330933562e+04 2.195293220784694483e+02
5.736750237630149059e+04 3.711329069990718563e+04 2.188488605059424970e+02
5.736750237912838929e+04 3.748406379831544473e+04 2.193115340577227528e+02
5.736750238195528073e+04 3.741547634391832253e+04 2.193972511951234310e+02
5.736750238478217943e+04 3.736410114973668533e+04 2.194347530487482345e+02
5.736750238760907814e+04 3.798785603248565167e+04 2.202766393890210850e+02
5.736750239043597685e+04 3.861522803842271242e+04 2.210578421264326323e+02
5.736750239326286828e+04 3.934496251789205417e+04 2.217502974621229725e+02
5.736750239608976699e+04 3.929708841617453436e+04 2.213821299739362587e+02
5.736750239891666570e+04 3.917799298836263188e+04 2.210992064175819678e+02
