5.733953942059999827e+04 1.238913988567922388e+04 9.354598780448463913e+01
5.733954374694505532e+04 1.242620951235324537e+04 9.366192953668733878e+01
5.733954807329010509e+04 1.252702720597661391e+04 9.399708920907525567e+01
5.733955239963516215e+04 1.254707601139946564e+04 9.407661813382041771e+01
5.733955672598021920e+04 1.250628186467687192e+04 9.392057690321230723e+01
5.733956105232526897e+04 1.242294473478639702e+04 9.367371411246540447e+01
5.733956537867032603e+04 1.250003516824977669e+04 9.396837605151237938e+01
5.733956970501538308e+04 1.258576570013093806e+04 9.421004467847174624e+01
5.733957403136043285e+04 1.244507166133404280e+04 9.371611161625875752e+01
5.733957835770548991e+04 1.252725827623515579e+04 9.400089767981371836e+01
5.733958268405053968e+04 1.249073071124674971e+04 9.388314605076197950e+01
5.733958701039559674e+04 1.245039024576836164e+04 9.375759318760522376e+01
5.733959133674065379e+04 1.236747528172667444e+04 9.350520786270965345e+01
5.733959566308570356e+04 1.254432556494499659e+04 9.406781718217177968e+01
5.733959998943076062e+04 1.263952112896503786e+04 9.437106708412218836e+01
5.733960431577581767e+04 1.262910392332586889e+04 9.436608317120737865e+01
5.733960864212086744e+04 1.250545426698864321e+04 9.397481899152352014e+01
5.733961296846592450e+04 1.244436920515988822e+04 9.373041509267032723e+01
5.733961729481098155e+04 1.248052992188706958e+04 9.383999045649161985e+01
5.733962162115603132e+04 1.252563402921697889e+04 9.397920527484728836e+01
5.733962594750108838e+04 1.272952958506974028e+04 9.468491977455136066e+01
5.733963027384614543e+04 1.257706054230873451e+04 9.422487642641794992e+01
5.733963460019119520e+04 1.260765628782926069e+04 9.435415998672624482e+01
5.733963892653625226e+04 1.289000615816499521e+04 9.524049341585458706e+01
5.733964325288130931e+04 1.325539658596264599e+04 9.643322858626930838e+01
5.733964757922635908e+04 1.333241278520926062e+04 9.666579410497409697e+01
5.733965190557141614e+04 1.374487064672782617e+04 9.798847992347999991e+01
5.733965623191646591e+04 1.427506406944318951e+04 9.966843400989496615e+01
5.733966055826152297e+04 1.478540045338734126e+04 1.012532844349051970e+02
5.733966488460658002e+04 1.560388343467285995e+04 1.037387664238957257e+02
5.733966921095162979e+04 1.601050541007132051e+04 1.049534836019889212e+02
5.733967353729668685e+04 1.657725217790620445e+04 1.066408934300346090e+02
5.733967786364174390e+04 1.673298222314428858e+04 1.071027912762668421e+02
5.733968218998679367e+04 1.681508087104284277e+04 1.073441431005566926e+02
5.733968651633185073e+04 1.696364429230781025e+04 1.077933870257053854e+02
5.733969084267690778e+04 1.715901261984646044e+04 1.083387574930788730e+02
5.733969516902195755e+04 1.722410454620285964e+04 1.084973313795579486e+02
5.733969949536701461e+04 1.760397373486803917e+04 1.096027607537680240e+02
5.733970382171207166e+04 1.795357463211057984e+04 1.106211525865030012e+02
5.733970814805712143e+04 1.817818061592364393e+04 1.112400076158840108e+02
5.733971247440217849e+04 1.853813651407119323e+04 1.122503292387903713e+02
5.733971680074723554e+04 1.885660824093105475e+04 1.131407519164902169e+02
5.733972112709228531e+04 1.920106037583541183e+04 1.140880980373720917e+02
5.733972545343734237e+04 1.960032945024092987e+04 1.151983589997698942e+02
5.733972977978239214e+04 1.970411244187668126e+04 1.154945230136691947e+02
5.733973410612744919e+04 1.930599704855061282e+04 1.144239114858044388e+02
5.733973843247250625e+04 1.890342313140922124e+04 1.133228620646806917e+02
5.733974275881755602e+04 1.851664733597827581e+04 1.122661831518588684e+02
5.733974708516261308e+04 1.794685678102834936e+04 1.106736262892821259e+02
5.733975141150767013e+04 1.764411209294720902e+04 1.098109229796194057e+02
5.733975573785271990e+04 1.717809372558884206e+04 1.084664514059064686e+02
5.733976006419777696e+04 1.698535212826959832e+04 1.079135893182252062e+02
5.733976439054283401e+04 1.683050059227177553e+04 1.074989138522553702e+02
5.733976871688788378e+04 1.672858418252581032e+04 1.072424447176003213e+02
5.733977304323294084e+04 1.683032233901412474e+04 1.075107584858846792e+02
5.733977736957799789e+04 1.676578022112850886e+04 1.073074775678274904e+02
5.733978169592304766e+04 1.715889906522658566e+04 1.084896058365221307e+02
5.733978602226810472e+04 1.722006049429628911e+04 1.086750454299955209e+02
5.733979034861315449e+04 1.751304409356171891e+04 1.095260873443099996e+02
5.733979467495821154e+04 1.749194338539935779e+04 1.094488243272872694e+02
5.733979900130326860e+04 1.752274145715255872e+04 1.095338021191252551e+02
5.733980332764831837e+04 1.754071877146850238e+04 1.096064873281078889e+02
5.733980765399337542e+04 1.752064849335587860e+04 1.095334635645952943e+02
5.733981198033843248e+04 1.727684529229997133e+04 1.088233055422264073e+02
5.733981630668348225e+04 1.719353942191980968e+04 1.085821628263298351e+02
5.733982063302853931e+04 1.706972691045566171e+04 1.082130948319829002e+02
5.733982495937359636e+04 1.735941148201354008e+04 1.090258639383426384e+02
5.733982928571864613e+04 1.787440060151762736e+04 1.104763825267157671e+02
5.733983361206370319e+04 1.793437270259193247e+04 1.106508692986663931e+02
5.733983793840876024e+04 1.784958553477004898e+04 1.104043018644594270e+02
5.733984226475381001e+04 1.778551346193219069e+04 1.102382831562184009e+02
5.733984659109886707e+04 1.779142831692588516e+04 1.102661465871741910e+02
5.733985091744392412e+04 1.787668560277241340e+04 1.105153738178680953e+02
5.733985524378897389e+04 1.783195030851730189e+04 1.103721647597066067e+02
5.733985957013403095e+04 1.798199361906441845e+04 1.107794586643223056e+02
5.733986389647908072e+04 1.802139633319824861e+04 1.109080621091140699e+02
5.733986822282413777e+04 1.801614294750167028e+04 1.109067602640359667e+02
5.733987254916919483e+04 1.844320283385615767e+04 1.121142730164769432e+02
5.733987687551424460e+04 1.853335725639525117e+04 1.123280904803071394e+02
5.733988120185930165e+04 1.860898185305112565e+04 1.125410656146246993e+02
5.733988552820435871e+04 1.852420479970123415e+04 1.123399789017693564e+02
5.733988985454940848e+04 1.846892163895058911e+04 1.121669827636447536e+02
5.733989418089446553e+04 1.849339628867699503e+04 1.122388455138524677e+02
5.733989850723952259e+04 1.819160263301212399e+04 1.113997263294718607e+02
5.733990283358457236e+04 1.794832140041534876e+04 1.106961306594636198e+02
5.733990715992962942e+04 1.780218145773343349e+04 1.103058283325645164e+02
5.733991148627468647e+04 1.761781582019645430e+04 1.097826735056437855e+02
5.733991581261973624e+04 1.766513481499777117e+04 1.099195762281914739e+02
5.733992013896479330e+04 1.756566635688942915e+04 1.096516202799094231e+02
5.733992446530985035e+04 1.749797850476331587e+04 1.094432213860393119e+02
5.733992879165490012e+04 1.787199277040217930e+04 1.105051021836968204e+02
5.733993311799995718e+04 1.810712232351207786e+04 1.111831003911648281e+02
5.733993744434500695e+04 1.827134376730225631e+04 1.116445895351220656e+02
5.733994177069006400e+04 1.838660280217196487e+04 1.119560666976772154e+02
5.733994609703512106e+04 1.842949554101389367e+04 1.120806824819547671e+02
5.733995042338017083e+04 1.838218386405792626e+04 1.119469894605183811e+02
5.733995474972522788e+04 1.841260034906755391e+04 1.120368431372577049e+02
5.733995907607028494e+04 1.843068009408299258e+04 1.120825743546191831e+02
5.733996340241533471e+04 1.821155679217599027e+04 1.114926331831209012e+02
5.733996772876039176e+04 1.813322343959369027e+04 1.112578650289164131e+02
5.733997205510544882e+04 1.785894047890008369e+04 1.104770470870526111e+02
5.733997638145049859e+04 1.759013456850076545e+04 1.097214405728321793e+02
5.733998070779555565e+04 1.742278009802116503e+04 1.092384458187432585e+02
5.733998503414061270e+04 1.753725811775978218e+04 1.095360750363737310e+02
5.733998936048566247e+04 1.731755714133687070e+04 1.089172561034818045e+02
5.733999368683071953e+04 1.746046636853615200e+04 1.093424447199914482e+02
5.733999801317577658e+04 1.765566251513364114e+04 1.098922935454936010e+02
5.734000233952082635e+04 1.786896495831434731e+04 1.104886197274111197e+02
5.734000666586588341e+04 1.803682907643636281e+04 1.109649410393919169e+02
5.734001099221093318e+04 1.848514734942125870e+04 1.122216954359065397e+02
5.734001531855599023e+04 1.863510174612140327e+04 1.126437032365825672e+02
5.734001964490104729e+04 1.880452583371649962e+04 1.130818947089321398e+02
5.734002397124609706e+04 1.894602329498976178e+04 1.134814802566172176e+02
5.734002829759115411e+04 1.876348698597502153e+04 1.130004626964019963e+02
5.734003262393621117e+04 1.876571714431502915e+04 1.130073619685173441e+02
5.734003695028126094e+04 1.865683924423125063e+04 1.127144576014955959e+02
5.734004127662631799e+04 1.862716643758294231e+04 1.126417512694446970e+02
5.734004560297137505e+04 1.832451946946119278e+04 1.117819516973980853e+02
5.734004992931642482e+04 1.820881500569833952e+04 1.114520465468917365e+02
5.734005425566148187e+04 1.803500227338852710e+04 1.109838074251988758e+02
5.734005858200653893e+04 1.790732966803720410e+04 1.105920908260342230e+02
5.734006290835158870e+04 1.763484612452888177e+04 1.098340484058291935e+02
5.734006723469664576e+04 1.765410550082422196e+04 1.098874163816608700e+02
5.734007156104170281e+04 1.773978369491663034e+04 1.101141288759391159e+02
5.734007588738675258e+04 1.766218764448004003e+04 1.098991757537323792e+02
5.734008021373180964e+04 1.773463184727650878e+04 1.101032114431284725e+02
5.734008454007685941e+04 1.807031674235496757e+04 1.110712103475009229e+02
5.734008886642191646e+04 1.803337937728007819e+04 1.109740775566578463e+02
5.734009319276697352e+04 1.859364772293301939e+04 1.125675989338875809e+02
5.734009751911202329e+04 1.860221790400543978e+04 1.125664392975529751e+02
5.734010184545708034e+04 1.857852125070483453e+04 1.124713488943578170e+02
5.734010617180213740e+04 1.868268769747107945e+04 1.127825177805546133e+02
5.734011049814718717e+04 1.845574452013379778e+04 1.121334491212373763e+02
5.734011482449224422e+04 1.797722974219178286e+04 1.107972586032251030e+02
5.734011915083730128e+04 1.787596067802013931e+04 1.105204277457692399e+02
5.734012347718235105e+04 1.795548527499356715e+04 1.107228535377644647e+02
5.734012780352740810e+04 1.782901592709024044e+04 1.103584477419522187e+02
5.734013212987246516e+04 1.750037153915707677e+04 1.094441347866802801e+02
5.734013645621751493e+04 1.735768454026960535e+04 1.090316914103901240e+02
5.734014078256257199e+04 1.699044344063894096e+04 1.079359646149011809e+02
5.734014510890762176e+04 1.705149384518344596e+04 1.081260003002767007e+02
5.734014943525267881e+04 1.685196339992284993e+04 1.075486434581284669e+02
5.734015376159773587e+04 1.683796168495069651e+04 1.075158506917435943e+02
5.734015808794278564e+04 1.723147188965432724e+04 1.086492230870446889e+02
5.734016241428784269e+04 1.757363272558236349e+04 1.096366373698107566e+02
5.734016674063289975e+04 1.800277040513914471e+04 1.108183717474876033e+02
5.734017106697794952e+04 1.836619336559227668e+04 1.118374276144274404e+02
5.734017539332300657e+04 1.850238890502616778e+04 1.122534472424657253e+02
5.734017971966806363e+04 1.840704164997709086e+04 1.119654225775468461e+02
5.734018404601311340e+04 1.825602378450541437e+04 1.115440945470149359e+02
5.734018837235817045e+04 1.790098925407738352e+04 1.105467428380968187e+02
5.734019269870322751e+04 1.767769193071077461e+04 1.098871004559200628e+02
5.734019702504827728e+04 1.752563857642050061e+04 1.094481762075598823e+02
5.734020135139333433e+04 1.756259551038618883e+04 1.095448429899500411e+02
5.734020567773839139e+04 1.764310205850046623e+04 1.097860978663869673e+02
5.734021000408344116e+04 1.773966572959308178e+04 1.100482464466882533e+02
5.734021433042849822e+04 1.774767076639576408e+04 1.100767771035339990e+02
5.734021865677354799e+04 1.803853066704216690e+04 1.109046787414735888e+02
5.734022298311860504e+04 1.803399859960885806e+04 1.108801849165145228e+02
5.734022730946366210e+04 1.798432814882858656e+04 1.107414129451402118e+02
5.734023163580871187e+04 1.791357206210113873e+04 1.105618492725108126e+02
5.734023596215376892e+04 1.803550926575730773e+04 1.109396374519370738e+02
5.734024028849882598e+04 1.786695840856454015e+04 1.104656215687284231e+02
5.734024461484387575e+04 1.770471492454513645e+04 1.099748227064374362e+02
5.734024894118893280e+04 1.781241722132301220e+04 1.102627578145893494e+02
5.734025326753398986e+04 1.747951494933646973e+04 1.093248711310002506e+02
5.734025759387903963e+04 1.760408375159351635e+04 1.096684591027692477e+02
5.734026192022409668e+04 1.757119488313352849e+04 1.095999438020713228e+02
5.734026624656915374e+04 1.785981852508346856e+04 1.104234016949087192e+02
5.734027057291420351e+04 1.783026767373070834e+04 1.103221340110236923e+02
5.734027489925926056e+04 1.748730165482115262e+04 1.093598465967033491e+02
5.734027922560431762e+04 1.745769374868043815e+04 1.092495790425169417e+02
5.734028355194936739e+04 1.718337147719954373e+04 1.084601559783527875e+02
5.734028787829442444e+04 1.688604402516968548e+04 1.076129019510601665e+02
5.734029220463947422e+04 1.681722329452272243e+04 1.074069647297722412e+02
5.734029653098453127e+04 1.684043225206293937e+04 1.074799619508056452e+02
5.734030085732958833e+04 1.695476830628875905e+04 1.078319089321229711e+02
5.734030518367463810e+04 1.721462121068593115e+04 1.085732212420093816e+02
5.734030951001969515e+04 1.737927391972417536e+04 1.090445607503091594e+02
5.734031383636475221e+04 1.753657997278279436e+04 1.094860502552482728e+02
5.734031816270980198e+04 1.742030825636698137e+04 1.091579020914264504e+02
5.734032248905485903e+04 1.765253886729113947e+04 1.098274788884663025e+02
5.734032681539991609e+04 1.749967821915364766e+04 1.094090529733024084e+02
5.734033114174496586e+04 1.753944954529943425e+04 1.095028153716759221e+02
5.734033546809002291e+04 1.734527393872200992e+04 1.089514008319668505e+02
5.734033979443507997e+04 1.704644692703360852e+04 1.080919712769073300e+02
5.734034412078012974e+04 1.710377860329396935e+04 1.082743864996398599e+02
5.734034844712518679e+04 1.693699050748018999e+04 1.077886412904052804e+02
5.734035277347024385e+04 1.707265825655692606e+04 1.081575708524293162e+02
5.734035709981529362e+04 1.738025112599167551e+04 1.090380419556542932e+02
5.734036142616035067e+04 1.751942523139622062e+04 1.094468514746103978e+02
5.734036575250540045e+04 1.783821642630914721e+04 1.103347517178252133e+02
5.734037007885045750e+04 1.788267423557189250e+04 1.104803298163144092e+02
5.734037440519551456e+04 1.755293980837861454e+04 1.095529487599307998e+02
5.734037873154056433e+04 1.760760480518600525e+04 1.096993688471179951e+02
5.734038305788562138e+04 1.738078318205144387e+04 1.090654831228368664e+02
5.734038738423067844e+04 1.717212123486934433e+04 1.084536401219283164e+02
5.734039171057572821e+04 1.707448757377424045e+04 1.081650942058231095e+02
5.734039603692078526e+04 1.709146895561434940e+04 1.082253427641617094e+02
5.734040036326584232e+04 1.709896693572018194e+04 1.082444050964454902e+02
5.734040468961089209e+04 1.733900042613398546e+04 1.089592280840987257e+02
5.734040901595594914e+04 1.736351372719898791e+04 1.090081884468274325e+02
5.734041334230100620e+04 1.765081434685411659e+04 1.098078520117048669e+02
5.734041766864605597e+04 1.761647018181841850e+04 1.097218781326027681e+02
5.734042199499111302e+04 1.758565858787659090e+04 1.096528440650772609e+02
5.734042632133617008e+04 1.744122568141780357e+04 1.092336207017858669e+02
5.734043064768121985e+04 1.698279717284519575e+04 1.078788236133637071e+02
5.734043497402627690e+04 1.702565672859283586e+04 1.079999512139753648e+02
5.734043930037132668e+04 1.701596883595064719e+04 1.080265264808825378e+02
5.734044362671638373e+04 1.702862709984352477e+04 1.080919646975279704e+02
5.734044795306144078e+04 1.710249340250333262e+04 1.082686481875354332e+02
5.734045227940649056e+04 1.731774771668721223e+04 1.088828020793936844e+02
5.734045660575154761e+04 1.754156950236323246e+04 1.095161451557779344e+02
5.734046093209660467e+04 1.781487635880911694e+04 1.102854333700715301e+02
5.734046525844165444e+04 1.797914237989828689e+04 1.107560618434988129e+02
5.734046958478671149e+04 1.806245448992233287e+04 1.109723679101425518e+02
5.734047391113176855e+04 1.806560920839504615e+04 1.109857622257530636e+02
5.734047823747681832e+04 1.827281428508895624e+04 1.115748907367918576e+02
5.734048256382187537e+04 1.820669192981128072e+04 1.114020257869962620e+02
5.734048689016693243e+04 1.813763630854057192e+04 1.112073247149889710e+02
5.734049121651198220e+04 1.797188797447526667e+04 1.107399547442222030e+02
5.734049554285703925e+04 1.791554866254263106e+04 1.105739064122768838e+02
5.734049986920209631e+04 1.766456507915547627e+04 1.098496196790805470e+02
5.734050419554714608e+04 1.726900938736259559e+04 1.087052178179468456e+02
5.734050852189220313e+04 1.705659183098603899e+04 1.081191228702104041e+02
5.734051284823725291e+04 1.728409992651047287e+04 1.087563504419204179e+02
5.734051717458230996e+04 1.725099832556855472e+04 1.086679306485737300e+02
5.734052150092736701e+04 1.731065043003097526e+04 1.088338923916862342e+02
5.734052582727241679e+04 1.741997844534026444e+04 1.091331800677810122e+02
5.734053015361747384e+04 1.737541247983744688e+04 1.090278556338544291e+02
5.734053447996253090e+04 1.731980092783713553e+04 1.088705159614705593e+02
5.734053880630758067e+04 1.739826330153987510e+04 1.091102949003622626e+02
5.734054313265263772e+04 1.740530620811666449e+04 1.091335063689259783e+02
5.734054745899769478e+04 1.728871569313723012e+04 1.088007523987272549e+02
5.734055178534274455e+04 1.746531316004081964e+04 1.093193623681593891e+02
5.734055611168780160e+04 1.765804891700544249e+04 1.098779676124574110e+02
5.734056043803285866e+04 1.778569944922651121e+04 1.102084328539366709e+02
5.734056476437790843e+04 1.794410580306130942e+04 1.106741428499279039e+02
5.734056909072296548e+04 1.822994423061645284e+04 1.114819390773886454e+02
5.734057341706801526e+04 1.813879119098402589e+04 1.111972899159792973e+02
5.734057774341307231e+04 1.789957576366704234e+04 1.105430073085613714e+02
5.734058206975812936e+04 1.758986927234144969e+04 1.096501656215042004e+02
5.734058639610317914e+04 1.732542668561771643e+04 1.088920813904138782e+02
5.734059072244823619e+04 1.696614603297069334e+04 1.078411675071449736e+02
5.734059504879329324e+04 1.713424919730698821e+04 1.083189151568818289e+02
5.734059937513834302e+04 1.701378359185034424e+04 1.079601543343985668e+02
5.734060370148340007e+04 1.713645468419954341e+04 1.083458919608519011e+02
5.734060802782845712e+04 1.757104656238218377e+04 1.095939055009920935e+02
5.734061235417350690e+04 1.782493203078338411e+04 1.103149728593524799e+02
5.734061668051856395e+04 1.825150497718947372e+04 1.115351648548517005e+02
5.734062100686362101e+04 1.838401247154153316e+04 1.118906524333693824e+02
5.734062533320867078e+04 1.845002077672863379e+04 1.120962805367947510e+02
5.734062965955372783e+04 1.853670729359518009e+04 1.123368137474887902e+02
5.734063398589878489e+04 1.843669028828560477e+04 1.120441941598917595e+02
5.734063831224383466e+04 1.815110984576030751e+04 1.112671847275233006e+02
5.734064263858889171e+04 1.820696186611736266e+04 1.114032489744816559e+02
5.734064696493394149e+04 1.813803456281282342e+04 1.112033239919552443e+02
5.734065129127899854e+04 1.793637554095900123e+04 1.106505339024364076e+02
5.734065561762405559e+04 1.789553418447824151e+04 1.105309413946225732e+02
5.734065994396910537e+04 1.754195756111626179e+04 1.095182420745835685e+02
5.734066427031416242e+04 1.722726634383686905e+04 1.086101026824278364e+02
5.734066859665921947e+04 1.703286312900646953e+04 1.080538656338761854e+02
5.734067292300426925e+04 1.693589159507771910e+04 1.077635179376798504e+02
5.734067724934932630e+04 1.692574566771681566e+04 1.077138897919399199e+02
5.734068157569438335e+04 1.699710432457580828e+04 1.079069467533698798e+02
5.734068590203943313e+04 1.734674118823711615e+04 1.089826353419895639e+02
5.734069022838449018e+04 1.731268037304013706e+04 1.088949128392440144e+02
5.734069455472954724e+04 1.740274330962245949e+04 1.091592288857372210e+02
5.734069888107459701e+04 1.758240006036921841e+04 1.096661137657332716e+02
5.734070320741965406e+04 1.776635243398837702e+04 1.101826740471727391e+02
5.734070753376471112e+04 1.768203523172308633e+04 1.099590866428778639e+02
5.734071186010976089e+04 1.745188358775526285e+04 1.092905059138708026e+02
5.734071618645481794e+04 1.741370897913892986e+04 1.091741073326427909e+02
5.734072051279986772e+04 1.679171494734374210e+04 1.073743154816887539e+02
5.734072483914492477e+04 1.657715521105118023e+04 1.067654217734798436e+02
5.734072916548998182e+04 1.633205538728360989e+04 1.060290483790965084e+02
5.734073349183503160e+04 1.622986926426699392e+04 1.057097639860685945e+02
5.734073781818008865e+04 1.644705534453071232e+04 1.063143165556378733e+02
5.734074214452514570e+04 1.662609721164779694e+04 1.068491421093548581e+02
5.734074647087019548e+04 1.658772463501988750e+04 1.067601839656696967e+02
5.734075079721525253e+04 1.690387583545983216e+04 1.076607266324343328e+02
5.734075512356030958e+04 1.689709331616288182e+04 1.076369555068373955e+02
5.734075944990535936e+04 1.689583906572335400e+04 1.076387818235645142e+02
5.734076377625041641e+04 1.690311679050635576e+04 1.076825380113224639e+02
5.734076810259547347e+04 1.686474917104469932e+04 1.075847848644112332e+02
5.734077242894052324e+04 1.692057382725961361e+04 1.077290369653296267e+02
5.734077675528558029e+04 1.679145490305244311e+04 1.073528261594424009e+02
5.734078108163063735e+04 1.694633505113045612e+04 1.077894943753649528e+02
5.734078540797568712e+04 1.713177006489312407e+04 1.083383087071114659e+02
5.734078973432074417e+04 1.719617558437288608e+04 1.085221418090081045e+02
5.734079406066579395e+04 1.724177281937609587e+04 1.086496723428646902e+02
5.734079838701085100e+04 1.744752229545448063e+04 1.092223344308850272e+02
5.734080271335590805e+04 1.752067643060811315e+04 1.094437306452963696e+02
5.734080703970095783e+04 1.761761429971618782e+04 1.097225016414685257e+02
5.734081136604601488e+04 1.775815535115246530e+04 1.100962739469740228e+02
5.734081569239107193e+04 1.807647962831157201e+04 1.109835338543742296e+02
5.734082001873612171e+04 1.849016322302834305e+04 1.121650916772062345e+02
5.734082434508117876e+04 1.869538633761608071e+04 1.127371883644536013e+02
5.734082867142623581e+04 1.885486550790839101e+04 1.131725546258626309e+02
5.734083299777128559e+04 1.841785186202638215e+04 1.119634392471202915e+02
5.734083732411634264e+04 1.797510592532296141e+04 1.107183696467970435e+02
5.734084165046139969e+04 1.733089606524930423e+04 1.089047034273833958e+02
5.734084597680644947e+04 1.657566923748742920e+04 1.067083047685397190e+02
5.734085030315150652e+04 1.615933855408577620e+04 1.054688373460330268e+02
5.734085462949656358e+04 1.578177686596134299e+04 1.043720887508203816e+02
5.734085895584161335e+04 1.584067493296426073e+04 1.045663292103039765e+02
5.734086328218667040e+04 1.590611063448393907e+04 1.047501524181874260e+02
5.734086760853172018e+04 1.628393240164816598e+04 1.058533467086054713e+02
5.734087193487677723e+04 1.667343428320076782e+04 1.070127313380989591e+02
5.734087626122183428e+04 1.700533170208427327e+04 1.079872119543952778e+02
5.734088058756688406e+04 1.750767214024571513e+04 1.094198024287349398e+02
5.734088491391194111e+04 1.802614857001809651e+04 1.108950898310577173e+02
5.734088924025699816e+04 1.850517717850249028e+04 1.122496067185005302e+02
5.734089356660204794e+04 1.889908086743027525e+04 1.133447770105921677e+02
5.734089789294710499e+04 1.895576707927721509e+04 1.135143931589680477e+02
5.734090221929216204e+04 1.890129633765327890e+04 1.133700695477736815e+02
5.734090654563721182e+04 1.886976510580244212e+04 1.132546993478451611e+02
5.734091087198226887e+04 1.862284982957461034e+04 1.125700985061411075e+02
5.734091519832732592e+04 1.801070309745808481e+04 1.108335618037789061e+02
5.734091952467237570e+04 1.764631197975569739e+04 1.097940498101962703e+02
5.734092385101743275e+04 1.688425436915592945e+04 1.076129940143242862e+02
5.734092817736248253e+04 1.663574285268470703e+04 1.068500551400290988e+02
5.734093250370753958e+04 1.622734290831883482e+04 1.056483365760439597e+02
5.734093683005259663e+04 1.576616770885413098e+04 1.042885917662756157e+02
5.734094115639764641e+04 1.557432986172839264e+04 1.037199234175463260e+02
5.734094548274270346e+04 1.540021152143699510e+04 1.031964939663953089e+02
5.734094980908776051e+04 1.541470297552597367e+04 1.032494107935509078e+02
5.734095413543281029e+04 1.555475290886241601e+04 1.036620378919339913e+02
5.734095846177786734e+04 1.597090442841359800e+04 1.049516917974150090e+02
5.734096278812292439e+04 1.614484928421065706e+04 1.054771306597781404e+02
5.734096711446797417e+04 1.641215478273723056e+04 1.062664978716396149e+02
5.734097144081303122e+04 1.665006307873378682e+04 1.069460706138366817e+02
5.734097576715808827e+04 1.692394955626026058e+04 1.077520490530622368e+02
5.734098009350313805e+04 1.687556325996355008e+04 1.076216921489781271e+02
5.734098441984819510e+04 1.665548339722238597e+04 1.069878869325513335e+02
5.734098874619325215e+04 1.639689138561329673e+04 1.062344778080494052e+02
5.734099307253830193e+04 1.599245799085501130e+04 1.049737108456106967e+02
5.734099739888335898e+04 1.572785137640292487e+04 1.041509868705186079e+02
5.734100172522840876e+04 1.543389790040568005e+04 1.032766595431964589e+02
5.734100605157346581e+04 1.508673199527545512e+04 1.022367988438608535e+02
5.734101037791852286e+04 1.463706694328969934e+04 1.008233040403042509e+02
5.734101470426357264e+04 1.395685176227859483e+04 9.868860940182270269e+01
5.734101903060862969e+04 1.370252626076647539e+04 9.787518825117275867e+01
5.734102335695368674e+04 1.342334222273831256e+04 9.698147649824340988e+01
5.734102768329873652e+04 1.309849223764745147e+04 9.593925440067765464e+01
5.734103200964379357e+04 1.267103055209460399e+04 9.452932114257006901e+01
5.734103633598885062e+04 1.268636385749368492e+04 9.458002790612705724e+01
5.734104066233390040e+04 1.254299069569144376e+04 9.413257270421777889e+01
5.734104498867895745e+04 1.238786455721226957e+04 9.363181699581873829e+01
5.734104931502401450e+04 1.231377244121519652e+04 9.336899789741336519e+01
5.734105364136906428e+04 1.238009460508407574e+04 9.358036293004666106e+01
5.734105796771412133e+04 1.244575992972351560e+04 9.379384890320854140e+01
5.734106229405917838e+04 1.227024594948721278e+04 9.323606456202531945e+01
5.734106662040422816e+04 1.218314215292843073e+04 9.293557566585829477e+01
5.734107094674928521e+04 1.222626717244871725e+04 9.306139415754458355e+01
5.734107527309433499e+04 1.229512264018347742e+04 9.328407479108088296e+01
5.734107959943939204e+04 1.213977643855795031e+04 9.275424344549880118e+01
5.734108392578444909e+04 1.228381384239588624e+04 9.322218488931041236e+01
5.734108825212949887e+04 1.233665438962608278e+04 9.337181359411675885e+01
5.734109257847455592e+04 1.239354787122068774e+04 9.355426359920102186e+01
5.734109690481961297e+04 1.237832081966971964e+04 9.351208873203096061e+01
5.734110123116466275e+04 1.229819317501336627e+04 9.320712427574422065e+01
5.734110555750971980e+04 1.220032890986374332e+04 9.288637713330552970e+01
