5.737343542509999679e+04 4.239946532349325935e+03 6.552445505587191121e+01
5.737343543613174552e+04 4.793451385116984966e+03 6.816884234520647112e+01
5.737343544716348697e+04 5.269085425347750970e+03 7.031242073199882725e+01
5.737343545819523570e+04 5.778353617578837657e+03 7.244717817190999654e+01
5.737343546922698442e+04 6.250492140933369228e+03 7.457320368548491274e+01
5.737343548025872587e+04 6.451746359666925855e+03 7.540146790391392528e+01
5.737343549129047460e+04 6.880011672530063151e+03 7.726473892855277370e+01
5.737343550232221605e+04 7.320384052877814611e+03 7.885289804242546552e+01
5.737343551335396478e+04 7.287786636674983129e+03 7.872507755934007889e+01
5.737343552438571351e+04 7.370460868432194729e+03 7.922787776978616137e+01
5.737343553541745496e+04 7.495075151840364924e+03 7.963591988313187642e+01
5.737343554644920368e+04 7.349004404673035424e+03 7.912450998459327423e+01
5.737343555748095241e+04 7.174313828338539679e+03 7.843329595078971295e+01
5.737343556851269386e+04 7.043579208971759726e+03 7.793302873171461442e+01
5.737343557954444259e+04 6.999536671139723694e+03 7.775704257817059784e+01
5.737343559057619132e+04 6.825765504979372054e+03 7.700181532929160255e+01
5.737343560160793277e+04 7.155827084034392101e+03 7.839635224880683495e+01
5.737343561263968149e+04 7.285970672887045112e+03 7.875550929757882557e+01
5.737343562367142295e+04 7.529573264173351163e+03 7.980259265905986865e+01
5.737343563470317167e+04 7.864003522719725879e+03 8.118181364371955056e+01
5.737343564573492040e+04 8.098710435936393878e+03 8.204281038448080210e+01
5.737343565676666185e+04 8.204873293564851338e+03 8.242305831877187927e+01
5.737343566779841058e+04 8.226953425613710351e+03 8.256899711552946997e+01
5.737343567883015930e+04 8.240745045848314476e+03 8.249118515628677528e+01
5.737343568986190076e+04 8.131847499732642973e+03 8.201319857917739853e+01
5.737343570089364948e+04 7.842579695204122800e+03 8.100177204083695415e+01
5.737343571192539821e+04 7.495731657738335343e+03 7.973105832867541665e+01
5.737343572295713966e+04 7.248430375232344886e+03 7.874052802863855050e+01
5.737343573398888839e+04 7.329598463208340036e+03 7.907183155365075322e+01
5.737343574502062984e+04 7.500320628323568599e+03 7.966364259799587444e+01
5.737343575605237857e+04 7.641918279340125991e+03 8.026336353677429258e+01
5.737343576708412729e+04 8.258913671228590829e+03 8.266134229680079670e+01
5.737343577811586874e+04 8.613939017423168480e+03 8.400465946128973371e+01
5.737343578914761747e+04 9.250122727534508158e+03 8.620912765756034446e+01
5.737343580017936620e+04 9.377678957560074195e+03 8.678739962033280619e+01
5.737343581121110765e+04 9.209660552038447349e+03 8.612353229805076182e+01
5.737343582224285637e+04 8.817075130941049792e+03 8.466822173986844291e+01
5.737343583327459783e+04 8.157918690008667909e+03 8.227877733801278737e+01
5.737343584430634655e+04 7.516292237019687491e+03 7.975888618037615174e+01
5.737343585533809528e+04 7.457993064192876773e+03 7.949019502850045171e+01
5.737343586636983673e+04 7.443088087067611923e+03 7.941797558741464513e+01
5.737343587740158546e+04 7.567715178307080350e+03 7.979282334229966978e+01
5.737343588843333418e+04 7.439206215032470936e+03 7.926655912745614785e+01
5.737343589946507564e+04 7.591274072246826108e+03 8.001493759672116823e+01
5.737343591049682436e+04 7.402940992172925689e+03 7.936874388786603163e+01
5.737343592152857309e+04 7.247092986960221424e+03 7.877501759839300632e+01
5.737343593256031454e+04 7.371123500605463050e+03 7.921707924362407027e+01
5.737343594359206327e+04 7.745658349013030602e+03 8.062512078745447752e+01
5.737343595462380472e+04 7.481067906839472016e+03 7.968693991005780219e+01
5.737343596565555345e+04 7.583453754411856607e+03 8.009253786735344249e+01
5.737343597668730217e+04 7.483219541935235611e+03 7.970314276820069210e+01
5.737343598771904362e+04 7.390260046966863229e+03 7.929101385775561539e+01
5.737343599875079235e+04 7.490744536729516767e+03 7.963069785538044698e+01
5.737343600978254108e+04 7.641608178114004659e+03 8.012625081605993671e+01
5.737343602081428253e+04 7.601492842975370877e+03 8.006999567036345411e+01
5.737343603184603126e+04 7.293354603653041522e+03 7.887181305234356898e+01
5.737343604287777998e+04 7.125968238429240955e+03 7.819591942200985102e+01
5.737343605390952143e+04 6.719465093500332841e+03 7.668463881402252014e+01
5.737343606494127016e+04 5.856393546185657215e+03 7.293306843961153163e+01
5.737343607597301161e+04 5.038383208703104174e+03 6.920995453742098391e+01
5.737343608700476034e+04 4.247532813200106830e+03 6.560756316933955645e+01
5.737343609803650907e+04 3.797242855997298648e+03 6.340855866658048967e+01
5.737343610906825052e+04 3.486110894991184068e+03 6.181206391888774476e+01
5.737343612009999924e+04 3.272146325988494937e+03 6.080643328880172760e+01
