5.733222573749999719e+04 5.157294603349963836e+03 6.511657347867767953e+01
5.733222574253538914e+04 5.299035711408978386e+03 6.580968853443778244e+01
5.733222574757078110e+04 5.447553205204049846e+03 6.652872059244801051e+01
5.733222575260617305e+04 5.575241965722804707e+03 6.707945977051534214e+01
5.733222575764157227e+04 5.879296466909374431e+03 6.850401484897538751e+01
5.733222576267696422e+04 6.329557585549793657e+03 7.057524911041019777e+01
5.733222576771235617e+04 7.052635859340992283e+03 7.370362572383942279e+01
5.733222577274774812e+04 8.525628728371804755e+03 7.975532383623313137e+01
5.733222577778314007e+04 1.186028998361821868e+04 9.184587400501757770e+01
5.733222578281853930e+04 1.833756580150886657e+04 1.117967577087555782e+02
5.733222578785393125e+04 2.917772182203479315e+04 1.388418708003780466e+02
5.733222579288932320e+04 4.501035307269714394e+04 1.708071621362756787e+02
5.733222579792471515e+04 6.598569825306165149e+04 2.056485412148486205e+02
5.733222580296010710e+04 8.963812784533516970e+04 2.389080727219057678e+02
5.733222580799549905e+04 1.137909665605094924e+05 2.686509693553655893e+02
5.733222581303089100e+04 1.377706405727330421e+05 2.952326370520621026e+02
5.733222581806629023e+04 1.551266067772177048e+05 3.130742657320733997e+02
5.733222582310168218e+04 1.610401508283621515e+05 3.189204686022602004e+02
5.733222582813707413e+04 1.585121004003620765e+05 3.164465070285605748e+02
5.733222583317246608e+04 1.523876127797902154e+05 3.103326079140325078e+02
5.733222583820785803e+04 1.472179882388278493e+05 3.050822514160884680e+02
5.733222584324325726e+04 1.424724928987439780e+05 3.001906997341290548e+02
5.733222584827864921e+04 1.361991946051937412e+05 2.935951330936124464e+02
5.733222585331404116e+04 1.318385103590894432e+05 2.888874033703855275e+02
5.733222585834943311e+04 1.319001371460157679e+05 2.889884079403977353e+02
5.733222586338482506e+04 1.315685977533559490e+05 2.886200525640472279e+02
5.733222586842021701e+04 1.311067594164017064e+05 2.881207910359067910e+02
5.733222587345560896e+04 1.358829402587903023e+05 2.932445605651013238e+02
5.733222587849100819e+04 1.413012388880492654e+05 2.989744384940443638e+02
5.733222588352640014e+04 1.406724859149107069e+05 2.983224570613456876e+02
5.733222588856179209e+04 1.382514323643991956e+05 2.957942781186523007e+02
5.733222589359718404e+04 1.399858524879142351e+05 2.976085238219795883e+02
5.733222589863257599e+04 1.454438943754333013e+05 3.032878710173748686e+02
5.733222590366797522e+04 1.476590672665988677e+05 3.055626299178098861e+02
5.733222590870336717e+04 1.421372634879557299e+05 2.998589122300220424e+02
5.733222591373875912e+04 1.341497002000112552e+05 2.914245268267795836e+02
5.733222591877415107e+04 1.315031205145152344e+05 2.885766962574859917e+02
5.733222592380954302e+04 1.353220367223837529e+05 2.926797679139335742e+02
5.733222592884493497e+04 1.350831964294409263e+05 2.924321573275949504e+02
5.733222593388032692e+04 1.248865274543701817e+05 2.813161822012868925e+02
5.733222593891572615e+04 1.151472401052288042e+05 2.702680133818027457e+02
5.733222594395111810e+04 1.177730752399276389e+05 2.732984482540517206e+02
5.733222594898651005e+04 1.324675287850335008e+05 2.896066998300159412e+02
5.733222595402190200e+04 1.458101730674767750e+05 3.036636436401568062e+02
5.733222595905729395e+04 1.480000323275616392e+05 3.059121041323792838e+02
5.733222596409269318e+04 1.435064044847323967e+05 3.012754847932800430e+02
5.733222596912808513e+04 1.451002973249984207e+05 3.029311118617990246e+02
5.733222597416347708e+04 1.497702870906699391e+05 3.077280384538083808e+02
5.733222597919886903e+04 1.453936983430970868e+05 3.032536206527967124e+02
5.733222598423426098e+04 1.343280582917822467e+05 2.916178803014386745e+02
5.733222598926965293e+04 1.287070776929015119e+05 2.855328734675687201e+02
5.733222599430504488e+04 1.332868046942125366e+05 2.905207421573928173e+02
5.733222599934044410e+04 1.427188618159804028e+05 3.004896359973857898e+02
5.733222600437583606e+04 1.449180440608104109e+05 3.027699385869987623e+02
5.733222600941122801e+04 1.367723042647988477e+05 2.942259392762892389e+02
5.733222601444661996e+04 1.320908942831603636e+05 2.891983652646882206e+02
5.733222601948201191e+04 1.298281429924134864e+05 2.867500273605804182e+02
5.733222602451741113e+04 1.235826041731695295e+05 2.798558897990392325e+02
5.733222602955280308e+04 1.189876571927776822e+05 2.746833968074857353e+02
5.733222603458819503e+04 1.217574938002616982e+05 2.778266225022098865e+02
5.733222603962358698e+04 1.268634468533064937e+05 2.835043469175841437e+02
5.733222604465897894e+04 1.324168897328786552e+05 2.895682115710168318e+02
5.733222604969437089e+04 1.410183875040106068e+05 2.986922320258991022e+02
5.733222605472976284e+04 1.467805026597146061e+05 3.046665577070044151e+02
5.733222605976516206e+04 1.474777863114058855e+05 3.053789495250921391e+02
5.733222606480055401e+04 1.456965943184057833e+05 3.035444538078348273e+02
5.733222606983594596e+04 1.418503726075262530e+05 2.995452610182882722e+02
5.733222607487133791e+04 1.364885369093468762e+05 2.939070311614798356e+02
5.733222607990672986e+04 1.343503197348761605e+05 2.916359889232405749e+02
5.733222608494212909e+04 1.343931061596790969e+05 2.916842611645632246e+02
5.733222608997752104e+04 1.335904715427093906e+05 2.908078180062026377e+02
5.733222609501291299e+04 1.350949569542823301e+05 2.924172643961513813e+02
5.733222610004830494e+04 1.384025937469563505e+05 2.959241049583015979e+02
5.733222610508369689e+04 1.417736376439843734e+05 2.994598706580424050e+02
5.733222611011908884e+04 1.371748104858380102e+05 2.946218240456448711e+02
5.733222611515448079e+04 1.290042134063144040e+05 2.858389329965645516e+02
5.733222612018988002e+04 1.262677571110119316e+05 2.828340326251721422e+02
5.733222612522527197e+04 1.277603227522274683e+05 2.844977396653975461e+02
5.733222613026066392e+04 1.275342772399326641e+05 2.842353772657280047e+02
5.733222613529605587e+04 1.260011439908575994e+05 2.825324182190047395e+02
5.733222614033144782e+04 1.283707975533976714e+05 2.851482202039476306e+02
5.733222614536684705e+04 1.303961841187489481e+05 2.873644991655662011e+02
5.733222615040223900e+04 1.304349174779397144e+05 2.874016999780258175e+02
5.733222615543763095e+04 1.332714997903955518e+05 2.904492674758965336e+02
5.733222616047302290e+04 1.406019566327126522e+05 2.982416497886469529e+02
5.733222616550841485e+04 1.413102509300690435e+05 2.989774607577131178e+02
5.733222617054380680e+04 1.412355398976989673e+05 2.989121424368398152e+02
5.733222617557919875e+04 1.470259568594121665e+05 3.048980516535003176e+02
5.733222618061459798e+04 1.489086670333130751e+05 3.068200418041359967e+02
5.733222618564998993e+04 1.433627491053725244e+05 3.011269559322367968e+02
5.733222619068538188e+04 1.403702469259077334e+05 2.980047882083750892e+02
5.733222619572077383e+04 1.372886078152199916e+05 2.947637780590436023e+02
5.733222620075616578e+04 1.314888069822415418e+05 2.885395018975532935e+02
5.733222620579156501e+04 1.308330629915248865e+05 2.878192526812599112e+02
5.733222621082695696e+04 1.359893724062460242e+05 2.933759774259867754e+02
5.733222621586234891e+04 1.391296271833142964e+05 2.966912706308150973e+02
5.733222622089774086e+04 1.396577094426958938e+05 2.972360586863990761e+02
5.733222622593313281e+04 1.448707668255334720e+05 3.026829951081811032e+02
5.733222623096852476e+04 1.528443273784925404e+05 3.108063393202676252e+02
5.733222623600391671e+04 1.527855639792317234e+05 3.107537329654874156e+02
5.733222624103931594e+04 1.421349288606227783e+05 2.998368752298282516e+02
5.733222624607470789e+04 1.344543510273001157e+05 2.917134152718016367e+02
5.733222625111009984e+04 1.313881430396678334e+05 2.884240056549489850e+02
5.733222625614549179e+04 1.294907182300148124e+05 2.863601135251588516e+02
5.733222626118088374e+04 1.300714330143362749e+05 2.869870567827479135e+02
5.733222626621628297e+04 1.333584145142875495e+05 2.905397296986172933e+02
5.733222627125167492e+04 1.316908911856193154e+05 2.887426031912506801e+02
5.733222627628706687e+04 1.307219866378784791e+05 2.876862829033672142e+02
5.733222628132245882e+04 1.343559923228226544e+05 2.916327810719117224e+02
5.733222628635785077e+04 1.347096274148468510e+05 2.919961212419447065e+02
5.733222629139324272e+04 1.342193595892603043e+05 2.914657624389976718e+02
5.733222629642863467e+04 1.353174698980855756e+05 2.926432565220266042e+02
5.733222630146403390e+04 1.386142090370888473e+05 2.961373656932536278e+02
5.733222630649942585e+04 1.419318511970787949e+05 2.996223297929395812e+02
5.733222631153481780e+04 1.434528424857438949e+05 3.012069893378790653e+02
5.733222631657020975e+04 1.470583711561296368e+05 3.048978829411113338e+02
5.733222632160560170e+04 1.517365918395687768e+05 3.096846474235109099e+02
5.733222632664100092e+04 1.515212987611793214e+05 3.094473515938016703e+02
5.733222633167639287e+04 1.497077007943696517e+05 3.076084485647210727e+02
5.733222633671178482e+04 1.473747862683571002e+05 3.052265304623984434e+02
5.733222634174717678e+04 1.465210295753934188e+05 3.043580664418163337e+02
5.733222634678256873e+04 1.443278335189858044e+05 3.021036576686611284e+02
5.733222635181796068e+04 1.390318768835838709e+05 2.965706587721099368e+02
5.733222635685335263e+04 1.369782937813953031e+05 2.943977250162252517e+02
5.733222636188875185e+04 1.354532550803796039e+05 2.927706188932655778e+02
5.733222636692414380e+04 1.294545940485693864e+05 2.862763967343153126e+02
5.733222637195953575e+04 1.268501479413198249e+05 2.834156305106461105e+02
5.733222637699492770e+04 1.245862906845694379e+05 2.809073230169155977e+02
5.733222638203031966e+04 1.136405407664605591e+05 2.684505054615513586e+02
5.733222638706571888e+04 9.189754629003748414e+04 2.418059725914111198e+02
5.733222639210111083e+04 6.680919693806189753e+04 2.068431422576927901e+02
5.733222639713650278e+04 4.453330672000934283e+04 1.698913811922465129e+02
5.733222640217189473e+04 2.586108420136378845e+04 1.311301535691111440e+02
5.733222640720728668e+04 1.480292760308065226e+04 1.013803512421599606e+02
5.733222641224267863e+04 9.788556950871585286e+03 8.448309540780478244e+01
5.733222641727807058e+04 7.600577073191602722e+03 7.599130192960413410e+01
5.733222642231346981e+04 6.630293289378204463e+03 7.186907194999581350e+01
5.733222642734886176e+04 5.934584992306673485e+03 6.877018122660088295e+01
5.733222643238425371e+04 5.618951169503258825e+03 6.725216706248210130e+01
