5.748242083950000233e+04 6.242609583508143260e+03 7.021306666996497370e+01
5.748242084260567935e+04 6.379344772445000672e+03 7.080657437159821654e+01
5.748242084571135638e+04 6.337990533445324218e+03 7.065563310985660905e+01
5.748242084881702613e+04 6.334911503450044620e+03 7.066567605259632501e+01
5.748242085192270315e+04 6.401675822109868932e+03 7.093159250465186005e+01
5.748242085502838017e+04 6.260817486933822693e+03 7.029642212848412441e+01
5.748242085813405720e+04 6.386478181263813894e+03 7.088573713134401544e+01
5.748242086123972695e+04 6.265732174742812276e+03 7.033640557012367367e+01
5.748242086434540397e+04 6.274118447713696696e+03 7.033530198560217173e+01
5.748242086745108099e+04 6.289836473644407306e+03 7.044771623890952128e+01
5.748242087055675802e+04 6.400798013130016443e+03 7.088939487915482118e+01
5.748242087366243504e+04 6.283829864417533827e+03 7.043318544940606785e+01
5.748242087676810479e+04 6.234281408987791110e+03 7.018648826729651091e+01
5.748242087987378181e+04 6.282243559433781229e+03 7.040660907294821413e+01
5.748242088297945884e+04 6.346400042982503692e+03 7.068520634136865510e+01
5.748242088608513586e+04 6.445967348169880097e+03 7.112420781759361432e+01
5.748242088919080561e+04 6.393220078321313849e+03 7.089783949261297380e+01
5.748242089229648263e+04 6.385980646378651727e+03 7.083025244397424558e+01
5.748242089540215966e+04 6.297424062714825595e+03 7.047313055037813001e+01
5.748242089850783668e+04 6.245474600922214449e+03 7.026697645117367585e+01
5.748242090161351371e+04 6.274974059755727467e+03 7.034185274268729415e+01
5.748242090471918345e+04 6.339058710184292067e+03 7.063403194850336320e+01
5.748242090782486048e+04 6.324932392400525714e+03 7.061285189278362395e+01
5.748242091093053750e+04 6.338208699045414505e+03 7.067310523401803835e+01
5.748242091403621453e+04 6.273759708747792502e+03 7.034238106988931349e+01
5.748242091714189155e+04 6.136768576034067337e+03 6.976845438212382078e+01
5.748242092024756130e+04 6.368894743492657653e+03 7.080524235221545837e+01
5.748242092335323832e+04 6.296891833691819556e+03 7.046339877711943700e+01
5.748242092645891535e+04 6.247873367817305734e+03 7.026234575465473142e+01
5.748242092956459237e+04 6.253932500336441080e+03 7.029500376142398466e+01
5.748242093267026212e+04 6.305561199828249300e+03 7.048059692055983305e+01
5.748242093577593914e+04 6.320606224814469897e+03 7.054602060882719172e+01
5.748242093888161617e+04 6.251467865916370101e+03 7.028962405377264133e+01
5.748242094198729319e+04 6.426003657221095636e+03 7.101594807107935026e+01
5.748242094509297021e+04 6.389142813879396272e+03 7.085972612257218373e+01
5.748242094819863996e+04 6.340333476182632694e+03 7.065330180232736268e+01
5.748242095130431699e+04 6.279900401521772437e+03 7.038147166551603107e+01
5.748242095440999401e+04 6.297254329277137913e+03 7.041313962801623916e+01
5.748242095751567103e+04 6.370029118610704245e+03 7.079499686578748197e+01
5.748242096062134078e+04 6.258800471243534048e+03 7.032792410418070972e+01
5.748242096372701781e+04 6.273162993251155058e+03 7.037189741533632059e+01
5.748242096683269483e+04 6.218071094618968345e+03 7.012891713737761279e+01
5.748242096993837185e+04 6.301442458091129083e+03 7.046487237033188933e+01
5.748242097304404888e+04 6.310818751727634663e+03 7.052001846866511414e+01
5.748242097614971863e+04 6.164364582266885918e+03 6.988676149152490780e+01
5.748242097925539565e+04 6.281256996729142884e+03 7.035182621118549662e+01
5.748242098236107267e+04 6.334335318852500677e+03 7.058497314901104858e+01
5.748242098546674970e+04 6.348562112695987707e+03 7.060493987908333224e+01
5.748242098857242672e+04 6.362178640067043489e+03 7.060790458693071514e+01
5.748242099167809647e+04 6.272394187107592188e+03 7.028240789910373110e+01
5.748242099478377349e+04 6.445012109969305129e+03 7.104355141240704086e+01
5.748242099788945052e+04 6.228470049482415561e+03 7.012223219416726749e+01
5.748242100099512754e+04 6.289533309170714347e+03 7.041530223184797421e+01
5.748242100410079729e+04 6.230567054209490379e+03 7.011012115537293710e+01
5.748242100720647431e+04 6.267515961825431987e+03 7.029839785383143180e+01
5.748242101031215134e+04 6.379709803304951492e+03 7.074733230233046299e+01
5.748242101341782836e+04 6.323523503652102590e+03 7.052812346794817699e+01
5.748242101652350539e+04 6.335196415507040001e+03 7.058029960965968996e+01
5.748242101962917513e+04 6.366968361848390487e+03 7.073512985577428935e+01
5.748242102273485216e+04 6.301241325887172025e+03 7.042777101698069941e+01
5.748242102584052918e+04 6.432187886187338336e+03 7.098938285189321107e+01
5.748242102894620621e+04 6.408533045761765607e+03 7.088366987093759519e+01
5.748242103205187595e+04 6.284348346549468260e+03 7.030131718603259117e+01
5.748242103515755298e+04 6.266730323668403798e+03 7.024915968720294757e+01
5.748242103826323000e+04 6.326043171745696782e+03 7.052693794528146043e+01
5.748242104136890703e+04 6.379312484478546139e+03 7.076143378668415096e+01
5.748242104447458405e+04 6.462022941726769204e+03 7.116351826566111072e+01
5.748242104758025380e+04 6.519968484577994786e+03 7.137312313154197341e+01
5.748242105068593082e+04 6.616719167436386670e+03 7.180361149146598621e+01
5.748242105379160785e+04 6.984257966325569214e+03 7.337184525971404980e+01
5.748242105689728487e+04 7.900409918419324640e+03 7.713775223169569983e+01
5.748242106000295462e+04 9.721754366118004327e+03 8.425747210259562792e+01
5.748242106310863164e+04 1.119215718070177536e+04 8.950387072840563008e+01
5.748242106621430867e+04 1.232267823326707185e+04 9.339909525811475532e+01
5.748242106931998569e+04 1.257292970623251313e+04 9.423875253591799606e+01
5.748242107242566271e+04 1.221599886983820215e+04 9.300264269798400107e+01
5.748242107553133246e+04 1.193719816555519719e+04 9.208966229124524716e+01
5.748242107863700949e+04 1.209560799887719259e+04 9.263210948563018121e+01
5.748242108174268651e+04 1.235946693303653228e+04 9.351790941470562757e+01
5.748242108484836353e+04 1.226445793639369731e+04 9.318991216576303316e+01
5.748242108795403328e+04 1.252601803303292763e+04 9.406620749313948693e+01
5.748242109105971031e+04 1.237453614707254019e+04 9.357590018214291661e+01
5.748242109416538733e+04 1.191254187637075120e+04 9.201707530175437455e+01
5.748242109727106435e+04 1.186451130165784525e+04 9.185350708199800351e+01
5.748242110037674138e+04 1.259282497046509889e+04 9.429612262458228145e+01
5.748242110348241113e+04 1.335499039809906026e+04 9.678882833911140438e+01
5.748242110658808815e+04 1.318038407324631407e+04 9.626050302462056152e+01
5.748242110969376517e+04 1.278002581943402220e+04 9.493144935239428150e+01
5.748242111279944220e+04 1.252055177969678880e+04 9.408327973424019319e+01
5.748242111590511922e+04 1.244934803679429751e+04 9.377686087507542823e+01
5.748242111901078897e+04 1.246365715138752785e+04 9.387243252818731776e+01
5.748242112211646599e+04 1.237969313288317244e+04 9.361523027808385677e+01
5.748242112522214302e+04 1.320985901889613888e+04 9.636738100500178916e+01
5.748242112832782004e+04 1.368906709097688872e+04 9.787189462131902928e+01
5.748242113143348979e+04 1.320560358662808721e+04 9.631421815008914677e+01
5.748242113453916681e+04 1.253982804758021302e+04 9.410449946398551901e+01
5.748242113764484384e+04 1.281844466541046131e+04 9.502933808975579666e+01
5.748242114075052086e+04 1.279919383431691676e+04 9.499025319259560263e+01
5.748242114385619789e+04 1.233704795226363967e+04 9.347990324885333280e+01
5.748242114696186763e+04 1.207633045957434661e+04 9.260225312241342976e+01
5.748242115006754466e+04 1.202003936079835876e+04 9.238684641969653910e+01
5.748242115317322168e+04 1.209476704461470399e+04 9.263051803026735342e+01
5.748242115627889871e+04 1.221244410087054348e+04 9.299573543557663413e+01
5.748242115938456845e+04 1.232050557723695238e+04 9.342051692205474467e+01
5.748242116249024548e+04 1.235786280791487115e+04 9.356400448126211700e+01
5.748242116559592250e+04 1.202785682902044937e+04 9.247475100853213803e+01
5.748242116870159953e+04 1.196445595557171328e+04 9.229549695048240210e+01
5.748242117180727655e+04 1.255040879738492549e+04 9.423654497961769039e+01
5.748242117491294630e+04 1.248363646040093045e+04 9.399950278043637297e+01
5.748242117801862332e+04 1.158343862921229993e+04 9.090347944777420253e+01
5.748242118112430035e+04 1.150354997417857339e+04 9.070293625916637836e+01
5.748242118422997737e+04 1.247923726534689013e+04 9.398547508552161389e+01
5.748242118733565439e+04 1.297176885868784484e+04 9.561455106871049736e+01
5.748242119044132414e+04 1.268519217061214113e+04 9.467127952290577753e+01
5.748242119354700117e+04 1.270296807000107219e+04 9.473805086981701606e+01
5.748242119665267819e+04 1.292300510573621796e+04 9.541707041363071085e+01
5.748242119975835521e+04 1.204164289712297432e+04 9.250291286375421862e+01
5.748242120286402496e+04 1.158797968023617977e+04 9.100042174566907249e+01
5.748242120596970199e+04 1.178238804205487395e+04 9.165334429929916382e+01
5.748242120907537901e+04 1.204917369848990165e+04 9.252243949632882902e+01
5.748242121218105603e+04 1.206901137603678035e+04 9.264990457136768498e+01
5.748242121528673306e+04 1.180216999530437897e+04 9.174371006939232132e+01
5.748242121839240281e+04 1.204923556712597201e+04 9.257130873933277826e+01
5.748242122149807983e+04 1.270285901980858580e+04 9.469520491770741444e+01
5.748242122460375685e+04 1.317620069262133984e+04 9.625060999302502296e+01
5.748242122770943388e+04 1.360105729011516087e+04 9.763767601285354658e+01
5.748242123081510363e+04 1.301052714542972535e+04 9.569000302352324638e+01
5.748242123392078065e+04 1.215077894710076907e+04 9.289383494709701949e+01
5.748242123702645767e+04 1.202531436305984062e+04 9.247025273284772595e+01
5.748242124013213470e+04 1.271922027819739196e+04 9.478146310649260897e+01
5.748242124323781172e+04 1.304719729016042766e+04 9.583320487261644871e+01
5.748242124634348147e+04 1.295902633137677185e+04 9.554712346248581412e+01
5.748242124944915849e+04 1.185832466835595551e+04 9.190444377080407889e+01
5.748242125255483552e+04 1.098581764793794900e+04 8.888336321363554760e+01
5.748242125566051254e+04 1.083389982277317176e+04 8.836115181926712125e+01
5.748242125876618229e+04 1.128346989779673822e+04 8.993390590946657426e+01
5.748242126187185931e+04 1.167700294962299813e+04 9.124938530048200391e+01
5.748242126497753634e+04 1.171526418039688542e+04 9.139705166282467985e+01
5.748242126808321336e+04 1.163302364255080465e+04 9.111961170537790622e+01
5.748242127118889039e+04 1.135289148330481112e+04 9.015340214409270914e+01
5.748242127429456013e+04 1.134119356322595195e+04 9.010785140110021985e+01
5.748242127740023716e+04 1.157944049580276806e+04 9.093332808948539991e+01
5.748242128050591418e+04 1.190611127636025230e+04 9.205044444500012446e+01
5.748242128361159121e+04 1.197174909003421817e+04 9.228686344144256282e+01
5.748242128671726095e+04 1.168760034317045393e+04 9.130448869554247437e+01
5.748242128982293798e+04 1.149631971147520562e+04 9.069531103795581828e+01
5.748242129292861500e+04 1.150939102612132228e+04 9.070373456469422990e+01
5.748242129603429203e+04 1.141869842525718741e+04 9.041756724078500440e+01
5.748242129913996905e+04 1.142801824524280164e+04 9.035032457982751453e+01
5.748242130224563880e+04 1.187403178508296878e+04 9.194650218232447969e+01
5.748242130535131582e+04 1.228926143795751159e+04 9.335513200337776141e+01
5.748242130845699285e+04 1.243193176033448071e+04 9.383623578045865088e+01
5.748242131156266987e+04 1.234741871296505087e+04 9.354842304229933347e+01
5.748242131466834689e+04 1.243467664304804748e+04 9.379124616057998765e+01
5.748242131777401664e+04 1.285793851130485018e+04 9.528253990071924306e+01
5.748242132087969367e+04 1.304431695888697141e+04 9.588344102255669554e+01
5.748242132398537069e+04 1.281346908432185955e+04 9.513491217247019449e+01
5.748242132709104771e+04 1.303884909118673568e+04 9.581261445442729041e+01
5.748242133019671746e+04 1.276687828361625725e+04 9.493218215343395627e+01
5.748242133330239449e+04 1.203838651116495384e+04 9.253547163334204129e+01
5.748242133640807151e+04 1.164345542015510182e+04 9.113023577569335032e+01
5.748242133951374853e+04 1.156024233232428924e+04 9.088027613489374801e+01
5.748242134261942556e+04 1.163589580277659115e+04 9.110038659004638362e+01
5.748242134572509531e+04 1.146763908861800883e+04 9.051569840844386761e+01
5.748242134883077233e+04 1.132041855985232905e+04 8.997659802671900309e+01
5.748242135193644935e+04 1.205743494850835305e+04 9.251040451390610997e+01
5.748242135504212638e+04 1.271078360386303393e+04 9.473272628311723054e+01
5.748242135814779613e+04 1.313644215721735782e+04 9.608809745260460033e+01
5.748242136125347315e+04 1.372076054321365154e+04 9.795151060445274993e+01
5.748242136435915018e+04 1.419128131927156210e+04 9.945295441062194186e+01
5.748242136746482720e+04 1.389541765194945583e+04 9.854662386001876939e+01
5.748242137057050422e+04 1.296652045390475723e+04 9.552707871416626517e+01
5.748242137367617397e+04 1.214323952390762497e+04 9.289640066497355519e+01
5.748242137678185100e+04 1.165769606167213533e+04 9.133870589558820541e+01
5.748242137988752802e+04 1.167385565541681171e+04 9.124166957256994692e+01
5.748242138299320504e+04 1.248705502495601468e+04 9.401371156061922818e+01
5.748242138609888207e+04 1.299958037731337208e+04 9.561081666821981173e+01
5.748242138920455182e+04 1.250585507925457568e+04 9.398556216351221337e+01
5.748242139231022884e+04 1.270621261565790155e+04 9.468298147472363269e+01
5.748242139541590586e+04 1.320475009211658835e+04 9.631590388181723483e+01
5.748242139852158289e+04 1.290786559928680981e+04 9.533606094436387934e+01
5.748242140162725264e+04 1.307062160504705935e+04 9.592208621910239685e+01
5.748242140473292966e+04 1.274706383559285132e+04 9.482648955422112635e+01
5.748242140783860668e+04 1.237787560920016949e+04 9.359381225873673316e+01
5.748242141094428371e+04 1.233340802556448944e+04 9.343878813606714573e+01
5.748242141404996073e+04 1.245538659770542836e+04 9.382848114560705710e+01
5.748242141715563048e+04 1.286582277900493682e+04 9.518678634075341449e+01
5.748242142026130750e+04 1.210353210750960716e+04 9.268459840903850022e+01
5.748242142336698453e+04 1.194626471961873904e+04 9.213275530008624514e+01
5.748242142647266155e+04 1.220113927122749737e+04 9.301972653984388728e+01
5.748242142957833130e+04 1.305806003108372352e+04 9.584919710700235385e+01
5.748242143268400832e+04 1.274273651393562977e+04 9.482823263290252669e+01
5.748242143578968535e+04 1.249350841164032136e+04 9.398867519699781781e+01
5.748242143889536237e+04 1.211443290693807467e+04 9.274685892114639785e+01
5.748242144200103940e+04 1.179725501434165926e+04 9.167131742564863828e+01
5.748242144510670914e+04 1.189894232496315635e+04 9.201169445590650753e+01
5.748242144821238617e+04 1.256418482230566588e+04 9.422233395937934120e+01
5.748242145131806319e+04 1.333851139092425910e+04 9.677812611138291743e+01
5.748242145442374022e+04 1.297198722585555697e+04 9.556606177027174454e+01
5.748242145752940996e+04 1.278164842731843237e+04 9.493152576848569879e+01
5.748242146063508699e+04 1.274884642284886468e+04 9.481624667217973013e+01
5.748242146374076401e+04 1.227013060818109625e+04 9.322560668159675856e+01
5.748242146684644104e+04 1.166179051430882828e+04 9.116868432647299869e+01
5.748242146995211806e+04 1.189531294984141459e+04 9.203506770008294779e+01
5.748242147305778781e+04 1.218298581107192877e+04 9.295886762554161464e+01
5.748242147616346483e+04 1.238587945922952167e+04 9.363088793166653545e+01
5.748242147926914186e+04 1.218166262729968548e+04 9.298032290582352744e+01
5.748242148237481888e+04 1.216703546955865568e+04 9.290883024591353490e+01
5.748242148548048863e+04 1.186594740047253799e+04 9.189499792492551933e+01
5.748242148858616565e+04 1.225652796275360561e+04 9.320707818787704468e+01
5.748242149169184268e+04 1.256131404285141252e+04 9.423847429186434965e+01
5.748242149479751970e+04 1.215542942419294377e+04 9.284738848361605790e+01
5.748242149790319672e+04 1.237373495951657787e+04 9.356513234226441966e+01
5.748242150100886647e+04 1.280354412447239156e+04 9.502150784774963199e+01
5.748242150411454350e+04 1.221631262538574265e+04 9.307307116622583010e+01
5.748242150722022052e+04 1.212280692256657858e+04 9.276677336140011221e+01
5.748242151032589754e+04 1.225761744676507624e+04 9.321247212484627198e+01
5.748242151343157457e+04 1.280121700168818461e+04 9.499690684794498452e+01
5.748242151653724432e+04 1.366993771725026272e+04 9.781143065684936744e+01
5.748242151964292134e+04 1.421265074202855794e+04 9.956970871227690623e+01
5.748242152274859836e+04 1.321912318433197470e+04 9.637888137004992473e+01
5.748242152585427539e+04 1.261379543875536547e+04 9.441547431797337708e+01
5.748242152895994514e+04 1.258999978585238568e+04 9.434654050841268713e+01
5.748242153206562216e+04 1.262393855495233765e+04 9.449057214706493824e+01
5.748242153517129918e+04 1.278391446814793380e+04 9.497768666939791160e+01
