5.745938450659999944e+04 5.502282655439469636e+03 6.287426476346033866e+01
5.745938451164009166e+04 6.467711037750366813e+03 6.752067422445263389e+01
5.745938451668017660e+04 8.368030489774759189e+03 7.583881129632399620e+01
5.745938452172026882e+04 1.204387847812303698e+04 8.978127989670821307e+01
5.745938452676036104e+04 1.984918914099875110e+04 1.137725786022063517e+02
5.745938453180044598e+04 3.590878297720051341e+04 1.516192707896484535e+02
5.745938453684053820e+04 6.273324684286137926e+04 1.994034779342870252e+02
5.745938454188063042e+04 9.219386160181932792e+04 2.412097959035749852e+02
5.745938454692071537e+04 1.104337335651713511e+05 2.637995029093192443e+02
5.745938455196080758e+04 1.130704361278919678e+05 2.669155904542777193e+02
5.745938455700089980e+04 1.085958922942050995e+05 2.616178568926313801e+02
5.745938456204098475e+04 1.053893658072638354e+05 2.577811866040284485e+02
5.745938456708107697e+04 1.016637632239974337e+05 2.532273874388419586e+02
5.745938457212116919e+04 1.005064279395505437e+05 2.518121682421800074e+02
5.745938457716126140e+04 1.000922869479946530e+05 2.512923778665379757e+02
5.745938458220134635e+04 9.626464963056959095e+04 2.464908818715690018e+02
5.745938458724143857e+04 9.323627919382417167e+04 2.426280475357750390e+02
5.745938459228153079e+04 9.627272600618904107e+04 2.465067223760280228e+02
5.745938459732161573e+04 1.054326245088731957e+05 2.578672525431503004e+02
5.745938460236170795e+04 1.116479550615241606e+05 2.653019216881547777e+02
5.745938460740180017e+04 1.121453633203526988e+05 2.658927035865001471e+02
5.745938461244188511e+04 1.101098296353825281e+05 2.634939349400940500e+02
5.745938461748197733e+04 1.050187714742935932e+05 2.573864567139918904e+02
5.745938462252206955e+04 1.026301930810956983e+05 2.544701099786299494e+02
5.745938462756215449e+04 1.035230788888116658e+05 2.555567661709604010e+02
5.745938463260224671e+04 1.068032708803459827e+05 2.595417505166496994e+02
5.745938463764233893e+04 1.065935565049545694e+05 2.592805312369006856e+02
5.745938464268242387e+04 1.064647748226698022e+05 2.591251687079012527e+02
5.745938464772251609e+04 1.096353220190656284e+05 2.629200495219759546e+02
5.745938465276260831e+04 1.075187497731593030e+05 2.603953049418091155e+02
5.745938465780269325e+04 1.004811510925209441e+05 2.518096088926257039e+02
5.745938466284278547e+04 9.766064195694842783e+04 2.482889068209319987e+02
5.745938466788287769e+04 9.974797908042361087e+04 2.509136329821900517e+02
5.745938467292296264e+04 9.838511864647040784e+04 2.492139039076862161e+02
5.745938467796305486e+04 9.354825010684512381e+04 2.430613302660462409e+02
5.745938468300314707e+04 9.475058512664461159e+04 2.446052140300923554e+02
5.745938468804323929e+04 9.525912357321428135e+04 2.452494510408515680e+02
5.745938469308332424e+04 9.023015707465333981e+04 2.387589747300499994e+02
5.745938469812341646e+04 8.940163493873747939e+04 2.376718785202933191e+02
5.745938470316350868e+04 9.356707499066967284e+04 2.430805081453302137e+02
5.745938470820359362e+04 9.900854837251412391e+04 2.499813799772576317e+02
5.745938471324368584e+04 1.048668594713934290e+05 2.572066262076242538e+02
5.745938471828377806e+04 1.072014532268563926e+05 2.600336549726210364e+02
5.745938472332386300e+04 1.084206536025099340e+05 2.614871403778304852e+02
5.745938472836395522e+04 1.124682581370291155e+05 2.662724654362176011e+02
5.745938473340404744e+04 1.137990634717443172e+05 2.678305327037482471e+02
5.745938473844413238e+04 1.124416136319152429e+05 2.662373085562823576e+02
5.745938474348422460e+04 1.111900179871121945e+05 2.647675968702808973e+02
5.745938474852431682e+04 1.059023098061894416e+05 2.584431921651317907e+02
5.745938475356440176e+04 1.061614030804628856e+05 2.587500465047158968e+02
5.745938475860449398e+04 1.141585838117498788e+05 2.682351676913384608e+02
5.745938476364458620e+04 1.177054387900107249e+05 2.723315363888490310e+02
5.745938476868467114e+04 1.105636819534462120e+05 2.640089403197779347e+02
5.745938477372476336e+04 1.024782398925588641e+05 2.542593797904686141e+02
5.745938477876485558e+04 1.051453952294894989e+05 2.575134343472230967e+02
5.745938478380494053e+04 1.097475740744751092e+05 2.630476382966240863e+02
5.745938478884503274e+04 1.053919224987616617e+05 2.578232963802984159e+02
5.745938479388512496e+04 1.036079920712624880e+05 2.556468166597141760e+02
5.745938479892521718e+04 1.043011607932362240e+05 2.564870404631601559e+02
5.745938480396530213e+04 1.010613337063273793e+05 2.525005932367654680e+02
5.745938480900539435e+04 1.007330897654505388e+05 2.521030586132907274e+02
5.745938481404548656e+04 1.080429799889200658e+05 2.609996256350625572e+02
5.745938481908557151e+04 1.124578758804389508e+05 2.662401838982941626e+02
5.745938482412566373e+04 1.069445218790400104e+05 2.596997094193695830e+02
5.745938482916575595e+04 1.006677668778750958e+05 2.520353457989075991e+02
5.745938483420584089e+04 1.005834614512884291e+05 2.519238483940060291e+02
5.745938483924593311e+04 1.029895977373424685e+05 2.548842870226372668e+02
5.745938484428602533e+04 1.059948582350174111e+05 2.585609140948157574e+02
5.745938484932611027e+04 1.101756657740162482e+05 2.635597168926643690e+02
5.745938485436620249e+04 1.218797681957118330e+05 2.770827346661302499e+02
5.745938485940629471e+04 1.261960117121343064e+05 2.819184744636139612e+02
5.745938486444637965e+04 1.197589733977457508e+05 2.746923498188659778e+02
5.745938486948647187e+04 1.096494507498139574e+05 2.629409772974507291e+02
5.745938487452656409e+04 1.022782423269578867e+05 2.540288762113419523e+02
5.745938487956664903e+04 1.009581363126439246e+05 2.524137989141277387e+02
5.745938488460674125e+04 1.011393807597208506e+05 2.526379155863093047e+02
5.745938488964683347e+04 1.029097848713487037e+05 2.548166779631018528e+02
5.745938489468691841e+04 1.078164183829782123e+05 2.607618412739297469e+02
5.745938489972701063e+04 1.152189447790794366e+05 2.694834830624154733e+02
5.745938490476710285e+04 1.133622542072540091e+05 2.673217919756147012e+02
5.745938490980718780e+04 1.002849278389734973e+05 2.515772652478616180e+02
5.745938491484728002e+04 9.665693040576932253e+04 2.470483532631362493e+02
5.745938491988737223e+04 1.024973380221504485e+05 2.543147004552816099e+02
5.745938492492746445e+04 1.067998430522617127e+05 2.595489751767008215e+02
5.745938492996754940e+04 1.084440655734673346e+05 2.615183369536281930e+02
5.745938493500764162e+04 1.125672801972559828e+05 2.664070244895351607e+02
5.745938494004773383e+04 1.132980567701727850e+05 2.672641856813730215e+02
5.745938494508781878e+04 1.056319142441130825e+05 2.581491493502883827e+02
5.745938495012791100e+04 9.790082225908829423e+04 2.486317355705504895e+02
5.745938495516800322e+04 9.896629464558944164e+04 2.499594617225484114e+02
5.745938496020808816e+04 1.063824261125753401e+05 2.590667446242854908e+02
5.745938496524818038e+04 1.170102212193797604e+05 2.715879503311596750e+02
5.745938497028827260e+04 1.183184493726958026e+05 2.730883696814950667e+02
5.745938497532835754e+04 1.100414366536291636e+05 2.634403581972584902e+02
5.745938498036844976e+04 1.087584164737231913e+05 2.619096090581008980e+02
5.745938498540854198e+04 1.109675273892771656e+05 2.645304846697347330e+02
5.745938499044862692e+04 1.109044190902716800e+05 2.644542756713480571e+02
5.745938499548871914e+04 1.076659587138086208e+05 2.606031717995976464e+02
5.745938500052881136e+04 1.040391551114887407e+05 2.562102404493017502e+02
5.745938500556889630e+04 1.086382104057149409e+05 2.617630400113523592e+02
5.745938501060898852e+04 1.129454862459682336e+05 2.668647834756147290e+02
5.745938501564908074e+04 1.101244192313870299e+05 2.635428850622880077e+02
5.745938502068916569e+04 1.048361028901180835e+05 2.571982239184859509e+02
5.745938502572925790e+04 1.035320718347936199e+05 2.556019242588968723e+02
5.745938503076935012e+04 1.077946859879248223e+05 2.607651404710341581e+02
5.745938503580944234e+04 1.069106209318408219e+05 2.596993336535417143e+02
5.745938504084952729e+04 9.931766382608261483e+04 2.503942793039185517e+02
5.745938504588961951e+04 9.475095865703641903e+04 2.446361619423096556e+02
5.745938505092971172e+04 1.042681987369123963e+05 2.565061534491839552e+02
5.745938505596979667e+04 1.215779155798947904e+05 2.767845331360526870e+02
5.745938506100988889e+04 1.320036191473664658e+05 2.883117674179383130e+02
5.745938506604998111e+04 1.256684759834294236e+05 2.813642666455553467e+02
5.745938507109006605e+04 1.141471318968037667e+05 2.682539857806905275e+02
5.745938507613015827e+04 1.074986401715483953e+05 2.603879453525877921e+02
5.745938508117025049e+04 1.019643674084270897e+05 2.536554050927040578e+02
5.745938508621033543e+04 9.945771195186385012e+04 2.505438586173663396e+02
5.745938509125042765e+04 1.051649676783807663e+05 2.575605104392873841e+02
5.745938509629051987e+04 1.087143048400880944e+05 2.618284786243335702e+02
5.745938510133060481e+04 1.095851282874316821e+05 2.628658941906172117e+02
5.745938510637069703e+04 1.125445808692556311e+05 2.663551124599896411e+02
5.745938511141078925e+04 1.160190677269356383e+05 2.703991452911289457e+02
5.745938511645087419e+04 1.174251085102014185e+05 2.720247372062649447e+02
5.745938512149096641e+04 1.162119631759022886e+05 2.706346137618253920e+02
5.745938512653105863e+04 1.114295450856942334e+05 2.650525882753507290e+02
5.745938513157114357e+04 1.102074271446662460e+05 2.636034289640460315e+02
5.745938513661123579e+04 1.109861517804217438e+05 2.645102479538676903e+02
5.745938514165132801e+04 1.105582277710005874e+05 2.639863644089006698e+02
5.745938514669142023e+04 1.106593156567608094e+05 2.641148894379758758e+02
5.745938515173150518e+04 1.051844814901825303e+05 2.575427346192868754e+02
5.745938515677159739e+04 1.009658872968590440e+05 2.523757721778127916e+02
5.745938516181168961e+04 9.757479585234187834e+04 2.481318703562730548e+02
5.745938516685177456e+04 9.729251094967495010e+04 2.477661508754785018e+02
5.745938517189186678e+04 9.267655861716120853e+04 2.418606751842017673e+02
5.745938517693195899e+04 8.068297892904480977e+04 2.258163563816809756e+02
5.745938518197204394e+04 6.160975416776475322e+04 1.976444521547757347e+02
5.745938518701213616e+04 4.005514683902930119e+04 1.599557831106264416e+02
5.745938519205222838e+04 2.320287030777612381e+04 1.226498718076939980e+02
5.745938519709231332e+04 1.293870853046344928e+04 9.286736768200843528e+01
5.745938520213240554e+04 8.332171933263118262e+03 7.575037368860478182e+01
