2.457432994173299987e+06 3.811416147409705445e+04 2.097738930728300772e+02
2.457432994208120741e+06 3.842945069108151074e+04 2.102568873533911926e+02
2.457432994242941029e+06 3.854815577708835917e+04 2.105189724059902687e+02
2.457432994277761783e+06 3.832892957873033447e+04 2.098721558587832021e+02
2.457432994312582538e+06 3.872435686305111449e+04 2.107801199355472477e+02
2.457432994347402826e+06 3.839066413186033606e+04 2.100461969889058196e+02
2.457432994382223580e+06 3.833231047751463484e+04 2.100731733282069058e+02
2.457432994417044334e+06 3.810499741790255212e+04 2.097164154678576722e+02
2.457432994451864623e+06 3.865461541723417031e+04 2.103175327644988215e+02
2.457432994486685377e+06 3.881835033450616174e+04 2.104578535298643374e+02
2.457432994521506131e+06 3.841154478630697122e+04 2.100867628746145783e+02
2.457432994556326419e+06 3.814365702478683670e+04 2.097767880981761834e+02
2.457432994591147173e+06 3.826736465584646066e+04 2.098777260281053145e+02
2.457432994625967462e+06 3.793325837211209728e+04 2.094274137967040303e+02
2.457432994660788216e+06 3.809450742707704194e+04 2.098902091888990924e+02
2.457432994695608970e+06 3.822492219342716999e+04 2.098853750147188464e+02
2.457432994730429258e+06 3.902241716795299726e+04 2.100727226288723557e+02
2.457432994765250012e+06 3.895017251343070529e+04 2.096967689450105752e+02
2.457432994800070766e+06 3.915351673476595170e+04 2.103356414238878074e+02
2.457432994834891055e+06 3.851878296036370739e+04 2.094468721433696317e+02
2.457432994869711809e+06 3.834340301370804082e+04 2.096084401368261751e+02
