5.736257978239999647e+04 -1.610969953128827037e+05 1.026386121653793452e+03
5.736257979120522941e+04 -1.515486537590048974e+05 1.028405496779402256e+03
5.736257980001046235e+04 -1.440888932414459996e+05 1.031820890290159468e+03
5.736257980881569529e+04 -1.362754286171824206e+05 1.035075834352509673e+03
5.736257981762092822e+04 -4.749225865643925499e+04 1.061691054006174681e+03
5.736257982642616116e+04 2.972150291472153040e+05 1.157931589101543068e+03
5.736257983523139410e+04 6.302615542362775886e+05 1.244492406909292413e+03
5.736257984403662704e+04 1.805643318535609636e+06 1.511361817973087682e+03
5.736257985284185997e+04 3.718740381180593744e+06 1.865941559154426841e+03
5.736257986164709291e+04 4.149456731132915244e+06 1.936496786526895903e+03
5.736257987045232585e+04 5.212986735991990194e+06 2.100931749109463908e+03
5.736257987925755879e+04 6.415179970159316435e+06 2.272435091926753557e+03
5.736257988806279172e+04 7.772855639304546639e+06 2.451951999107286156e+03
5.736257989686802466e+04 1.002938843348089978e+07 2.724991917942020336e+03
5.736257990567326488e+04 1.183875199361109547e+07 2.924820626031422307e+03
5.736257991447849781e+04 1.347323019197020866e+07 3.094848161527855154e+03
5.736257992328373075e+04 1.571228400951048732e+07 3.312871832582265597e+03
5.736257993208896369e+04 1.744633462812342122e+07 3.472718792554884658e+03
5.736257994089419662e+04 1.968293286855662614e+07 3.668460972378848510e+03
5.736257994969942956e+04 2.136133722186141834e+07 3.809126703660073417e+03
5.736257995850466250e+04 2.426011485639797524e+07 4.039802231584372748e+03
5.736257996730989544e+04 2.738461507801515236e+07 4.274539997431992560e+03
5.736257997611512837e+04 2.948929250287539884e+07 4.425817486659997485e+03
5.736257998492036131e+04 2.913681249129174277e+07 4.401099729551359815e+03
5.736257999372559425e+04 2.874166313864726573e+07 4.373294907759706803e+03
5.736258000253082719e+04 2.882874281965484470e+07 4.378884204181119458e+03
5.736258001133606012e+04 2.963519728441001102e+07 4.436276960188336488e+03
5.736258002014129306e+04 3.103245453274408355e+07 4.533521329771157070e+03
5.736258002894652600e+04 3.235880619092365354e+07 4.623951176158273483e+03
5.736258003775175894e+04 3.361042552726308256e+07 4.707947124733302189e+03
5.736258004655699187e+04 3.533819307617263496e+07 4.821409055230272315e+03
5.736258005536222481e+04 3.744031317353611439e+07 4.955445863271179405e+03
5.736258006416745775e+04 3.906555777023346722e+07 5.057109799494969593e+03
5.736258007297269069e+04 3.932780193597989529e+07 5.073148648051975215e+03
5.736258008177792362e+04 3.995964663798395544e+07 5.111813431511083763e+03
5.736258009058315656e+04 4.017899007609733939e+07 5.125345405753513660e+03
5.736258009938838950e+04 4.022846801762078702e+07 5.128216239880621288e+03
5.736258010819362244e+04 4.066713046136210114e+07 5.154927690373338010e+03
5.736258011699885537e+04 4.158682292860790342e+07 5.210410961904564829e+03
5.736258012580408831e+04 4.261083819499059021e+07 5.271163423540909207e+03
5.736258013460932852e+04 4.271975854642605036e+07 5.277728348818442100e+03
5.736258014341456146e+04 4.262260998827151209e+07 5.271996612402344908e+03
5.736258015221979440e+04 4.252966299389359355e+07 5.266277736207425733e+03
5.736258016102502734e+04 4.174542248545047641e+07 5.219681199556453976e+03
5.736258016983026027e+04 4.015048492894696444e+07 5.123420992809751624e+03
5.736258017863549321e+04 3.832327660030581802e+07 5.010546331350039509e+03
5.736258018744072615e+04 3.637067944119033217e+07 4.887195848061806828e+03
5.736258019624595909e+04 3.522458068530855328e+07 4.813223673193147079e+03
5.736258020505119202e+04 3.414252168763364106e+07 4.742627361137871048e+03
5.736258021385642496e+04 3.273720331392823532e+07 4.649125746026372326e+03
5.736258022266165790e+04 3.170284615613339469e+07 4.579234765972925743e+03
5.736258023146689084e+04 2.963973369308440760e+07 4.435449318207102806e+03
5.736258024027212377e+04 2.795828886982161552e+07 4.315030811517508482e+03
5.736258024907735671e+04 2.658635917627588660e+07 4.213470224593729654e+03
5.736258025788258965e+04 2.600565451449922100e+07 4.169775671451768176e+03
5.736258026668782259e+04 2.603918217850677297e+07 4.171076991991177238e+03
5.736258027549305552e+04 2.594835417896017432e+07 4.163980144187802580e+03
5.736258028429828846e+04 2.536607232221610844e+07 4.119080631226113837e+03
5.736258029310352140e+04 2.449734151801048592e+07 4.052099620973984656e+03
5.736258030190875434e+04 2.188273390919094533e+07 3.844203743856045548e+03
5.736258031071398727e+04 1.940811729298217595e+07 3.636710615364586829e+03
5.736258031951922021e+04 1.710654704886151850e+07 3.432653738751473611e+03
5.736258032832445315e+04 1.456418905682553910e+07 3.191668127230802384e+03
5.736258033712968609e+04 1.218279715722978860e+07 2.948822925473331452e+03
5.736258034593491902e+04 1.033134173051851243e+07 2.744165161496118344e+03
5.736258035474015196e+04 9.857437897039439529e+06 2.688571276203637353e+03
5.736258036354539217e+04 9.327069485973395407e+06 2.625447601907011176e+03
5.736258037235062511e+04 6.184836269726696424e+06 2.219235402051757774e+03
5.736258038115585805e+04 2.786918809869204182e+06 1.672473018589438425e+03
5.736258038996109099e+04 3.514534618190350011e+05 1.128636985419261009e+03
5.736258039876632392e+04 5.058032054924475960e+04 1.038070130717178472e+03
5.736258040757155686e+04 3.173519276610482484e+04 1.030367427064963522e+03
5.736258041637678980e+04 1.808331799750332721e+04 1.021319701394478557e+03
5.736258042518202274e+04 6.342837757228757255e+03 1.015380899306061224e+03
5.736258043398725567e+04 -7.197809632247779518e+03 1.008761942830974704e+03
5.736258044279248861e+04 -1.628189148417126853e+04 1.002517996912779950e+03
5.736258045159772155e+04 -2.594490949480852578e+04 9.970183334490794778e+02
5.736258046040295449e+04 -3.484691764974629041e+04 9.919593094390384067e+02
5.736258046920818742e+04 -4.115320427998679224e+04 9.872231709045205434e+02
5.736258047801342036e+04 -4.747994572460709605e+04 9.817062533497257846e+02
